10	0.315404	0.788999	0.795592	0.301545	0.776127	0.780370
20	0.444523	0.841444	0.847576	0.417550	0.824170	0.829094
30	0.524520	0.872421	0.877011	0.488123	0.851907	0.856602
40	0.579500	0.893777	0.896913	0.537691	0.873205	0.875723
50	0.618715	0.907347	0.909788	0.572604	0.890045	0.891603
60	0.650188	0.919860	0.921634	0.597789	0.895988	0.897449
70	0.673531	0.928758	0.929931	0.615814	0.901932	0.903075
80	0.693429	0.935098	0.936031	0.631465	0.908370	0.909175
90	0.711152	0.942328	0.942899	0.645567	0.910352	0.911096
100	0.726624	0.948168	0.948557	0.657668	0.913323	0.913592
110	0.740560	0.952172	0.952388	0.669383	0.914314	0.914545
120	0.752906	0.955286	0.955422	0.679604	0.917286	0.917414
130	0.763890	0.957900	0.957983	0.689383	0.920258	0.920482
140	0.774256	0.959457	0.959513	0.697832	0.921743	0.921938
150	0.784082	0.960903	0.960952	0.706168	0.923229	0.923404
160	0.793487	0.963628	0.963649	0.713747	0.926201	0.926229
170	0.801740	0.965352	0.965390	0.720616	0.928182	0.928289
180	0.809630	0.967021	0.967040	0.727135	0.930163	0.930299
190	0.816571	0.968467	0.968468	0.733015	0.930163	0.930171
200	0.823122	0.969968	0.969964	0.738059	0.931649	0.931635
210	0.828992	0.971303	0.971290	0.742972	0.931649	0.931588
220	0.834879	0.972137	0.972117	0.747257	0.935116	0.935057
230	0.840372	0.973361	0.973327	0.751616	0.935612	0.935626
240	0.845553	0.974751	0.974707	0.756048	0.936602	0.936641
250	0.850238	0.976030	0.975983	0.759448	0.937098	0.937153
260	0.854536	0.977587	0.977514	0.762944	0.938088	0.938029
270	0.858819	0.978922	0.978837	0.766229	0.939574	0.939415
280	0.862853	0.979923	0.979826	0.769478	0.941555	0.941305
290	0.866624	0.980702	0.980593	0.772554	0.943041	0.942702
300	0.870471	0.981480	0.981368	0.775595	0.942546	0.942111
310	0.874218	0.982315	0.982200	0.778584	0.943041	0.942630
320	0.877953	0.983371	0.983269	0.780976	0.943041	0.942543
330	0.881346	0.983705	0.983602	0.783250	0.942546	0.942136
340	0.884630	0.984484	0.984381	0.785636	0.944527	0.944142
350	0.887657	0.984873	0.984783	0.787845	0.944527	0.944195
