10	0.315410	0.781963	0.784566	0.308873	0.769003	0.770691
20	0.444839	0.842995	0.848275	0.424198	0.827246	0.832589
30	0.525418	0.876321	0.880116	0.494735	0.859822	0.863249
40	0.580314	0.894069	0.896838	0.538855	0.875123	0.878309
50	0.620522	0.908590	0.910863	0.570359	0.889437	0.891981
60	0.650608	0.919161	0.920885	0.594559	0.898815	0.900945
70	0.674514	0.930010	0.931200	0.614609	0.905726	0.907674
80	0.695136	0.936853	0.937732	0.630770	0.907700	0.909605
90	0.712550	0.942250	0.942923	0.645867	0.911155	0.913010
100	0.728284	0.948036	0.948409	0.659074	0.914116	0.915618
110	0.741971	0.951152	0.951429	0.670959	0.916091	0.917602
120	0.754435	0.954991	0.955185	0.680976	0.918559	0.919689
130	0.766065	0.957884	0.958000	0.691244	0.920533	0.921783
140	0.776735	0.959942	0.960015	0.700195	0.923001	0.924318
150	0.786491	0.962001	0.962009	0.708392	0.923495	0.924901
160	0.795302	0.964504	0.964498	0.715134	0.923495	0.924797
170	0.803254	0.965784	0.965756	0.721568	0.926950	0.928084
180	0.810516	0.967064	0.967033	0.727594	0.927443	0.928545
190	0.817890	0.969567	0.969525	0.733917	0.930405	0.931386
200	0.824438	0.970958	0.970904	0.739339	0.930898	0.931813
210	0.830443	0.972182	0.972120	0.744534	0.930405	0.931218
220	0.836025	0.973462	0.973413	0.748957	0.930405	0.931189
230	0.841461	0.974964	0.974904	0.753061	0.932873	0.933567
240	0.846355	0.976132	0.976053	0.756948	0.933860	0.934590
250	0.851097	0.976855	0.976774	0.761127	0.934353	0.935140
260	0.855833	0.978302	0.978204	0.765097	0.934353	0.935084
270	0.860118	0.979526	0.979417	0.768840	0.937315	0.938083
280	0.864314	0.980583	0.980470	0.772183	0.937315	0.938123
290	0.868006	0.981251	0.981140	0.774908	0.938796	0.939689
300	0.871888	0.982197	0.982088	0.777984	0.938796	0.939609
310	0.875575	0.982864	0.982764	0.781102	0.939289	0.940079
320	0.879089	0.983198	0.983101	0.783928	0.940770	0.941520
330	0.882625	0.983810	0.983722	0.786509	0.940276	0.941012
340	0.885875	0.984589	0.984501	0.788889	0.942251	0.942978
350	0.889240	0.985535	0.985443	0.791718	0.943238	0.943962
