10	0.314027	0.783186	0.778828	0.321055	0.794474	0.784570
20	0.443366	0.844400	0.851201	0.438702	0.831798	0.837619
30	0.522462	0.874171	0.878358	0.504142	0.850218	0.854344
40	0.578430	0.892568	0.895732	0.549577	0.865730	0.868323
50	0.618142	0.908402	0.910821	0.581415	0.881241	0.883194
60	0.648659	0.919106	0.920958	0.607655	0.894813	0.896163
70	0.672599	0.927468	0.928743	0.627210	0.900630	0.901571
80	0.693074	0.934549	0.935553	0.643502	0.907901	0.908539
90	0.710030	0.940960	0.941647	0.658210	0.914203	0.914450
100	0.725666	0.945587	0.946182	0.670777	0.917596	0.917413
110	0.739567	0.950438	0.950802	0.681907	0.919050	0.918944
120	0.752515	0.954953	0.955178	0.692476	0.921474	0.921476
130	0.764031	0.957629	0.957830	0.702380	0.926806	0.926627
140	0.774665	0.959469	0.959622	0.711307	0.928260	0.928139
150	0.784592	0.961699	0.961793	0.719303	0.928745	0.928567
160	0.793286	0.963651	0.963718	0.725976	0.931653	0.931439
170	0.801293	0.965546	0.965601	0.732055	0.932138	0.931914
180	0.808788	0.967051	0.967078	0.737684	0.932138	0.931999
190	0.815628	0.968557	0.968561	0.742962	0.934077	0.933776
200	0.822328	0.970396	0.970382	0.748407	0.933592	0.933386
210	0.828554	0.971957	0.971937	0.753888	0.936500	0.936318
220	0.834568	0.973128	0.973114	0.759237	0.938439	0.938335
230	0.840127	0.974020	0.973991	0.763332	0.938924	0.938714
240	0.845131	0.975804	0.975759	0.767246	0.938924	0.938594
250	0.849745	0.976863	0.976803	0.770839	0.941348	0.940802
260	0.854272	0.977700	0.977639	0.774362	0.941832	0.941251
270	0.858400	0.978369	0.978308	0.777674	0.942317	0.941719
280	0.862515	0.979651	0.979579	0.780680	0.942802	0.942396
290	0.866756	0.980710	0.980633	0.784345	0.944741	0.944534
300	0.870759	0.981770	0.981698	0.787432	0.944741	0.944546
310	0.874654	0.983052	0.982976	0.790368	0.945225	0.945036
320	0.878313	0.983498	0.983425	0.792936	0.946195	0.946130
330	0.881563	0.984167	0.984094	0.795784	0.948134	0.947990
340	0.884660	0.984892	0.984821	0.798046	0.949103	0.948930
350	0.887678	0.985226	0.985162	0.800402	0.949588	0.949303
