10	0.316732	0.787970	0.792351	0.304417	0.768570	0.771929
20	0.447759	0.835137	0.828893	0.419080	0.810005	0.800905
30	0.526841	0.874591	0.878838	0.481537	0.842345	0.848269
40	0.581276	0.896732	0.899693	0.524427	0.860536	0.864679
50	0.620500	0.910382	0.912842	0.553266	0.869631	0.872855
60	0.651381	0.919982	0.921845	0.576934	0.878221	0.880512
70	0.675650	0.929249	0.930521	0.596445	0.887822	0.889321
80	0.695911	0.936297	0.937203	0.613347	0.890854	0.892023
90	0.713610	0.940902	0.941565	0.628415	0.896918	0.897423
100	0.728798	0.946285	0.946721	0.641147	0.902981	0.903369
110	0.742340	0.949337	0.949654	0.652426	0.909550	0.909703
120	0.754557	0.953943	0.954146	0.662615	0.909550	0.909686
130	0.765658	0.956884	0.957025	0.672077	0.913087	0.913163
140	0.776198	0.959547	0.959643	0.680418	0.916625	0.916832
150	0.785835	0.962266	0.962313	0.688197	0.917635	0.917781
160	0.794744	0.964153	0.964185	0.695375	0.919151	0.919242
170	0.802889	0.966428	0.966428	0.702359	0.920667	0.920557
180	0.810822	0.968259	0.968241	0.708759	0.922183	0.921971
190	0.817976	0.970201	0.970165	0.714363	0.923194	0.922893
200	0.824889	0.971589	0.971554	0.719698	0.924709	0.924560
210	0.830864	0.972865	0.972821	0.724360	0.925215	0.925197
220	0.836547	0.973975	0.973919	0.729217	0.925720	0.925686
230	0.841676	0.975196	0.975142	0.733177	0.927236	0.927314
240	0.846292	0.976361	0.976303	0.737124	0.929257	0.929209
250	0.850919	0.977249	0.977188	0.741067	0.930268	0.930282
260	0.855288	0.978359	0.978295	0.744589	0.929763	0.929788
270	0.859647	0.979468	0.979392	0.748381	0.929763	0.929991
280	0.863782	0.980301	0.980222	0.751926	0.931278	0.931434
290	0.867927	0.981022	0.980940	0.755070	0.929763	0.929631
300	0.871854	0.982021	0.981942	0.758572	0.929763	0.929594
310	0.875431	0.982853	0.982764	0.761064	0.930773	0.930664
320	0.879000	0.983519	0.983423	0.763644	0.932794	0.932633
330	0.882168	0.984740	0.984640	0.766135	0.932289	0.932140
340	0.885296	0.985572	0.985479	0.768785	0.932794	0.932516
350	0.888174	0.986016	0.985925	0.771020	0.933300	0.932958
