10	0.317582	0.790850	0.796412	0.298542	0.775264	0.780393
20	0.446922	0.839154	0.840675	0.411906	0.813474	0.823729
30	0.526322	0.875576	0.879645	0.480528	0.845148	0.851026
40	0.581292	0.896563	0.899411	0.527181	0.860231	0.864804
50	0.621266	0.909444	0.911568	0.560162	0.872800	0.876328
60	0.651124	0.918716	0.920520	0.585381	0.880342	0.883569
70	0.674380	0.927711	0.928974	0.605360	0.888386	0.890511
80	0.695016	0.934707	0.935591	0.623611	0.896933	0.898176
90	0.712306	0.940259	0.940921	0.638997	0.903972	0.905049
100	0.727637	0.944312	0.944844	0.652443	0.902966	0.903942
110	0.741947	0.948698	0.949095	0.665670	0.907994	0.908797
120	0.754378	0.952529	0.952830	0.676200	0.911011	0.911420
130	0.766115	0.956360	0.956533	0.685830	0.912519	0.912619
140	0.776432	0.959136	0.959241	0.694508	0.916038	0.916112
150	0.785587	0.961079	0.961167	0.702210	0.918049	0.918527
160	0.794327	0.963078	0.963152	0.710339	0.920563	0.920814
170	0.802363	0.965021	0.965073	0.716968	0.923077	0.923322
180	0.809452	0.966576	0.966612	0.722849	0.922071	0.922250
190	0.816301	0.968852	0.968887	0.728108	0.924082	0.924105
200	0.822753	0.970629	0.970653	0.734045	0.925088	0.925102
210	0.828688	0.971962	0.971981	0.738984	0.926596	0.926588
220	0.834296	0.973627	0.973618	0.744176	0.927099	0.926999
230	0.839777	0.974682	0.974668	0.749196	0.928607	0.928401
240	0.844874	0.975626	0.975620	0.754557	0.930116	0.929879
250	0.849531	0.976514	0.976503	0.758841	0.930618	0.930402
260	0.853765	0.977736	0.977709	0.762485	0.932127	0.932007
270	0.858073	0.978791	0.978762	0.765979	0.932629	0.932425
280	0.862025	0.979401	0.979366	0.769622	0.934138	0.933755
290	0.866230	0.980290	0.980249	0.772910	0.935143	0.934692
300	0.870409	0.980790	0.980738	0.776430	0.935143	0.934676
310	0.874457	0.982289	0.982226	0.779651	0.935143	0.934982
320	0.877904	0.982899	0.982828	0.782441	0.936149	0.935944
330	0.881262	0.983732	0.983654	0.784672	0.936149	0.935928
340	0.884660	0.984509	0.984429	0.787416	0.935646	0.935384
350	0.887971	0.984954	0.984873	0.790043	0.936652	0.936387
