10	0.315687	0.786582	0.789586	0.309035	0.773118	0.772028
20	0.446366	0.843016	0.849314	0.425122	0.819606	0.821753
30	0.526681	0.877976	0.882233	0.491293	0.851440	0.853511
40	0.581394	0.896121	0.899158	0.535220	0.868115	0.870005
50	0.620883	0.910493	0.912893	0.566685	0.875695	0.877430
60	0.651274	0.918539	0.920436	0.590934	0.880748	0.882430
70	0.674813	0.927973	0.929240	0.610404	0.890349	0.891864
80	0.694981	0.934632	0.935627	0.626836	0.892875	0.893838
90	0.712012	0.940458	0.941229	0.640378	0.899444	0.900304
100	0.727413	0.945009	0.945584	0.652243	0.902981	0.903684
110	0.740980	0.949059	0.949461	0.663029	0.906013	0.906275
120	0.753723	0.953721	0.954029	0.673921	0.911572	0.912196
130	0.765214	0.957383	0.957612	0.682116	0.915614	0.916024
140	0.775838	0.959325	0.959513	0.690330	0.916625	0.916747
150	0.785476	0.962044	0.962193	0.697977	0.918140	0.918214
160	0.794173	0.964042	0.964158	0.705338	0.921172	0.921228
170	0.802392	0.965818	0.965902	0.712344	0.923699	0.923546
180	0.810216	0.967649	0.967713	0.719132	0.923194	0.923096
190	0.817123	0.969480	0.969525	0.725018	0.926225	0.925992
200	0.823661	0.971034	0.971068	0.729932	0.928752	0.928358
210	0.829987	0.972588	0.972613	0.735662	0.929257	0.928916
220	0.835723	0.973475	0.973491	0.740400	0.930773	0.930466
230	0.840972	0.974974	0.974982	0.745213	0.933300	0.932995
240	0.845861	0.976083	0.976073	0.749622	0.933805	0.933423
250	0.850284	0.977027	0.977019	0.753295	0.934310	0.933725
260	0.854737	0.978359	0.978340	0.756762	0.935321	0.934769
270	0.859010	0.979413	0.979392	0.760125	0.935826	0.935185
280	0.863062	0.980467	0.980435	0.763300	0.936331	0.935685
290	0.867194	0.981300	0.981258	0.766639	0.938353	0.937580
300	0.870957	0.982298	0.982254	0.769529	0.939363	0.938653
310	0.874632	0.983075	0.983028	0.772509	0.938353	0.937601
320	0.878087	0.983519	0.983468	0.774985	0.938858	0.938133
330	0.881551	0.984185	0.984130	0.777022	0.939869	0.939067
340	0.884639	0.984851	0.984790	0.778921	0.940374	0.939569
350	0.887646	0.985683	0.985624	0.781344	0.939869	0.939043
