10	0.318900	0.794429	0.800634	0.299804	0.761951	0.769029
20	0.447729	0.845460	0.851063	0.411198	0.808293	0.819624
30	0.526267	0.876880	0.880987	0.481897	0.839512	0.847415
40	0.581903	0.897047	0.900002	0.530826	0.861951	0.866865
50	0.621687	0.910139	0.912442	0.563494	0.877561	0.881780
60	0.651011	0.921393	0.922919	0.589051	0.890732	0.894066
70	0.675278	0.930808	0.932033	0.609896	0.896585	0.900144
80	0.694828	0.937437	0.938266	0.626294	0.902439	0.905543
90	0.712917	0.941783	0.942382	0.641340	0.905366	0.908245
100	0.728657	0.946685	0.947099	0.653567	0.910732	0.913065
110	0.743083	0.950919	0.951185	0.665388	0.917073	0.919162
120	0.755825	0.954875	0.955078	0.676262	0.918537	0.920481
130	0.767459	0.957827	0.957954	0.685540	0.921463	0.923235
140	0.778063	0.960390	0.960460	0.694070	0.924390	0.926192
150	0.787467	0.962507	0.962536	0.701965	0.925854	0.927544
160	0.796054	0.964513	0.964515	0.708836	0.926829	0.928353
170	0.803937	0.966184	0.966164	0.715709	0.927317	0.928880
180	0.811241	0.967409	0.967380	0.721475	0.926829	0.928339
190	0.818021	0.969025	0.968998	0.727726	0.927317	0.928890
200	0.824078	0.970251	0.970214	0.732522	0.928780	0.930060
210	0.829800	0.971866	0.971816	0.737183	0.929756	0.930997
220	0.835658	0.973482	0.973439	0.741869	0.930732	0.932095
230	0.840977	0.974596	0.974539	0.746315	0.931707	0.933073
240	0.845704	0.976045	0.975980	0.750044	0.933659	0.935049
250	0.850565	0.976992	0.976918	0.754445	0.935610	0.936715
260	0.855004	0.977827	0.977757	0.758171	0.936585	0.937798
270	0.859220	0.978719	0.978649	0.761510	0.937073	0.938326
280	0.863127	0.979443	0.979377	0.764840	0.937073	0.938336
290	0.867371	0.980446	0.980376	0.768615	0.937073	0.938370
300	0.871305	0.981504	0.981430	0.772069	0.937561	0.938843
310	0.875339	0.982228	0.982147	0.775381	0.938049	0.939306
320	0.878980	0.983120	0.983036	0.778267	0.938537	0.939739
330	0.882285	0.983565	0.983477	0.780966	0.939024	0.940205
340	0.885717	0.984123	0.984030	0.783662	0.939024	0.940178
350	0.888969	0.984847	0.984754	0.785824	0.939024	0.940273
