10	0.316734	0.782181	0.787859	0.300281	0.764940	0.774398
20	0.444560	0.842486	0.849223	0.418130	0.814741	0.822378
30	0.523720	0.875889	0.880423	0.487986	0.843127	0.847112
40	0.578515	0.896065	0.899259	0.534619	0.860060	0.863480
50	0.618908	0.909627	0.912175	0.569801	0.874004	0.876528
60	0.649592	0.921243	0.923153	0.595829	0.879980	0.881694
70	0.672948	0.927801	0.929283	0.616843	0.890936	0.892344
80	0.692639	0.935027	0.936004	0.634081	0.896912	0.897692
90	0.710098	0.940418	0.941087	0.649195	0.902390	0.902888
100	0.725868	0.945365	0.945890	0.662815	0.907869	0.907864
110	0.739271	0.949311	0.949734	0.673812	0.913845	0.913770
120	0.751936	0.953424	0.953741	0.684704	0.915837	0.915682
130	0.763433	0.956147	0.956407	0.694467	0.919821	0.919648
140	0.773878	0.958926	0.959100	0.702976	0.920817	0.920562
150	0.783859	0.961872	0.961991	0.711673	0.923307	0.922992
160	0.793051	0.963817	0.963897	0.719857	0.924303	0.923880
170	0.801568	0.965596	0.965630	0.726790	0.925797	0.925400
180	0.809172	0.968097	0.968125	0.733501	0.926793	0.926578
190	0.815898	0.969820	0.969818	0.739496	0.927789	0.927667
200	0.822041	0.970709	0.970704	0.744769	0.930777	0.930610
210	0.827950	0.972099	0.972081	0.749540	0.930279	0.930186
220	0.833675	0.973099	0.973065	0.753771	0.932271	0.932314
230	0.839205	0.974767	0.974706	0.758106	0.933267	0.933114
240	0.844267	0.976100	0.976040	0.762426	0.933765	0.933667
250	0.848943	0.977157	0.977084	0.765984	0.934263	0.934114
260	0.853255	0.978046	0.977980	0.769310	0.934761	0.934604
270	0.857777	0.979380	0.979321	0.772818	0.936255	0.936164
280	0.861971	0.979936	0.979876	0.775718	0.935757	0.935725
290	0.866022	0.981214	0.981157	0.778767	0.934761	0.934791
300	0.870041	0.982048	0.981991	0.781897	0.936255	0.936328
310	0.873949	0.983270	0.983223	0.785031	0.936255	0.936328
320	0.877630	0.983659	0.983610	0.787742	0.935757	0.935833
330	0.880913	0.984160	0.984110	0.790248	0.935757	0.935823
340	0.884336	0.985438	0.985383	0.792786	0.938247	0.938337
350	0.887480	0.986049	0.985988	0.795480	0.939741	0.939989
