10	0.316907	0.782787	0.776303	0.291505	0.752212	0.744947
20	0.448361	0.841971	0.848225	0.400305	0.802707	0.811987
30	0.527744	0.877537	0.881514	0.467256	0.838105	0.844696
40	0.583337	0.895459	0.898651	0.511713	0.851640	0.856783
50	0.622031	0.911168	0.913378	0.543795	0.870901	0.874640
60	0.651894	0.922120	0.923770	0.571885	0.883394	0.885582
70	0.675580	0.929642	0.930956	0.591199	0.885997	0.887964
80	0.696540	0.937884	0.938723	0.609394	0.889120	0.890871
90	0.714069	0.942751	0.943387	0.625244	0.895367	0.896647
100	0.729585	0.948227	0.948651	0.639437	0.901093	0.902021
110	0.742786	0.952376	0.952699	0.651125	0.903175	0.904043
120	0.755493	0.955197	0.955383	0.662151	0.905778	0.906249
130	0.766599	0.958184	0.958326	0.671730	0.910463	0.910693
140	0.777219	0.960728	0.960818	0.680799	0.914107	0.914267
150	0.786950	0.962996	0.963046	0.689348	0.917751	0.917858
160	0.796010	0.964655	0.964706	0.696936	0.919833	0.919898
170	0.804141	0.967310	0.967338	0.703737	0.922957	0.923023
180	0.811580	0.968416	0.968432	0.710137	0.923477	0.923779
190	0.818601	0.969799	0.969793	0.715754	0.923998	0.923975
200	0.825191	0.970961	0.970926	0.721334	0.924518	0.924542
210	0.831053	0.972454	0.972407	0.725898	0.925560	0.925474
220	0.836535	0.974280	0.974213	0.730453	0.925560	0.925640
230	0.841671	0.975165	0.975087	0.734795	0.925560	0.925684
240	0.846568	0.976381	0.976291	0.739023	0.927642	0.927805
250	0.851338	0.977266	0.977170	0.742836	0.928683	0.928745
260	0.855924	0.978594	0.978497	0.746412	0.928683	0.928659
270	0.860131	0.979479	0.979383	0.749971	0.929724	0.929745
280	0.864206	0.980309	0.980215	0.753308	0.930765	0.930745
290	0.867974	0.981304	0.981215	0.756315	0.930765	0.930709
300	0.871557	0.982023	0.981934	0.759132	0.932327	0.932258
310	0.875054	0.982798	0.982699	0.761979	0.932847	0.932607
320	0.878689	0.983517	0.983423	0.764769	0.932847	0.932687
330	0.882343	0.983959	0.983865	0.767447	0.933889	0.933900
340	0.885430	0.984844	0.984748	0.770036	0.933889	0.933952
350	0.888419	0.985176	0.985080	0.772624	0.935450	0.935383
