10	0.315189	0.783575	0.790483	0.305511	0.771617	0.785130
20	0.445377	0.843130	0.848804	0.417985	0.818413	0.830792
30	0.524919	0.875180	0.878788	0.484412	0.841811	0.852179
40	0.580095	0.894921	0.897293	0.530984	0.867243	0.875268
50	0.620007	0.908229	0.910166	0.562869	0.880468	0.887570
60	0.650130	0.920040	0.921404	0.587128	0.885554	0.891796
70	0.674666	0.927858	0.928779	0.607807	0.892675	0.898130
80	0.694157	0.934291	0.934931	0.624773	0.900305	0.905206
90	0.711346	0.939891	0.940337	0.639648	0.906918	0.911263
100	0.726760	0.945325	0.945577	0.652750	0.910987	0.914764
110	0.741039	0.949207	0.949355	0.665371	0.913021	0.916636
120	0.753476	0.953144	0.953186	0.676657	0.918616	0.921854
130	0.764922	0.956138	0.956116	0.686533	0.921160	0.924011
140	0.775830	0.959244	0.959166	0.696040	0.924212	0.926865
150	0.785558	0.961739	0.961641	0.704388	0.925738	0.928483
160	0.794277	0.963791	0.963668	0.712103	0.928281	0.930939
170	0.802286	0.965121	0.964976	0.719623	0.929807	0.932370
180	0.809956	0.966452	0.966308	0.725905	0.929298	0.931642
190	0.817430	0.968448	0.968300	0.732417	0.932350	0.934603
200	0.824042	0.970389	0.970229	0.737886	0.931333	0.933528
210	0.830335	0.971609	0.971442	0.743230	0.933367	0.935360
220	0.836091	0.973106	0.972953	0.747695	0.934893	0.936844
230	0.841079	0.974104	0.973957	0.752147	0.935402	0.937509
240	0.846144	0.975823	0.975661	0.756527	0.936928	0.938847
250	0.850661	0.977432	0.977273	0.761262	0.936928	0.938798
260	0.855022	0.978596	0.978435	0.765109	0.936928	0.938703
270	0.859177	0.979150	0.978994	0.768412	0.936928	0.938524
280	0.863258	0.980093	0.979925	0.772003	0.936928	0.938636
290	0.867237	0.981147	0.980988	0.775756	0.938454	0.940232
300	0.870991	0.982089	0.981941	0.778996	0.939471	0.941155
310	0.874741	0.983198	0.983044	0.781987	0.940488	0.941998
320	0.878545	0.984030	0.983876	0.784988	0.940488	0.941998
330	0.881860	0.984363	0.984209	0.787651	0.940997	0.942512
340	0.884970	0.985195	0.985048	0.790083	0.940997	0.942512
350	0.888068	0.985805	0.985654	0.792548	0.942523	0.944020
