10	0.426847	0.822350	0.779342	0.419674	0.810185	0.761002
20	0.534491	0.833811	0.775109	0.517653	0.824074	0.767029
30	0.622091	0.981375	0.981688	0.593113	0.972222	0.966251
40	0.686036	0.988061	0.988247	0.654451	0.981481	0.977336
50	0.729120	0.990449	0.990586	0.694459	0.981481	0.977336
60	0.767072	0.993314	0.993396	0.731821	0.981481	0.978481
70	0.791072	0.995224	0.995275	0.754081	0.981481	0.978481
80	0.810224	0.996180	0.996221	0.772570	0.981481	0.977336
90	0.825139	0.996180	0.996225	0.783959	0.981481	0.977336
100	0.842945	0.996657	0.996691	0.801045	0.981481	0.977336
110	0.855835	0.998090	0.998109	0.813897	0.986111	0.982715
120	0.870983	0.998090	0.998109	0.826451	0.981481	0.976536
130	0.879727	0.999045	0.999047	0.832451	0.981481	0.976536
140	0.892532	0.999522	0.999528	0.846393	0.981481	0.976536
150	0.898209	0.999522	0.999528	0.851389	0.981481	0.977400
160	0.903511	1.000000	1.000000	0.856474	0.981481	0.977400
170	0.907778	1.000000	1.000000	0.860821	0.981481	0.977400
180	0.912909	1.000000	1.000000	0.864222	0.981481	0.977400
190	0.917642	1.000000	1.000000	0.868392	0.981481	0.977400
200	0.922963	1.000000	1.000000	0.873711	0.981481	0.977400
210	0.926567	1.000000	1.000000	0.877072	0.981481	0.977400
220	0.930577	1.000000	1.000000	0.880840	0.981481	0.977400
230	0.934411	1.000000	1.000000	0.883909	0.981481	0.977400
240	0.937009	1.000000	1.000000	0.886434	0.986111	0.982715
250	0.939507	1.000000	1.000000	0.889205	0.986111	0.982715
260	0.942229	1.000000	1.000000	0.891700	0.986111	0.982715
270	0.944758	1.000000	1.000000	0.893629	0.986111	0.982715
280	0.947666	1.000000	1.000000	0.896341	0.986111	0.982715
290	0.949459	1.000000	1.000000	0.898190	0.986111	0.982715
300	0.950655	1.000000	1.000000	0.899220	0.986111	0.982715
310	0.952399	1.000000	1.000000	0.901041	0.986111	0.982715
320	0.953888	1.000000	1.000000	0.901444	0.986111	0.982715
330	0.956172	1.000000	1.000000	0.903929	0.986111	0.982715
340	0.957579	1.000000	1.000000	0.905097	0.986111	0.982715
350	0.959268	1.000000	1.000000	0.906500	0.986111	0.982715
360	0.960020	1.000000	1.000000	0.906813	0.986111	0.982715
370	0.961235	1.000000	1.000000	0.907680	0.986111	0.982715
380	0.962154	1.000000	1.000000	0.908300	0.986111	0.982715
390	0.963404	1.000000	1.000000	0.909350	0.986111	0.982715
400	0.964843	1.000000	1.000000	0.910517	0.986111	0.982715
410	0.965882	1.000000	1.000000	0.911235	0.986111	0.982715
420	0.966962	1.000000	1.000000	0.912225	0.986111	0.982715
430	0.967885	1.000000	1.000000	0.913121	0.986111	0.982715
440	0.968757	1.000000	1.000000	0.913901	0.986111	0.982715
450	0.969227	1.000000	1.000000	0.913932	0.986111	0.982715
460	0.969806	1.000000	1.000000	0.914590	0.986111	0.982715
470	0.970398	1.000000	1.000000	0.914774	0.986111	0.982715
480	0.971132	1.000000	1.000000	0.915398	0.986111	0.982715
490	0.971544	1.000000	1.000000	0.915762	0.986111	0.982715
500	0.972117	1.000000	1.000000	0.916511	0.986111	0.982715
510	0.972722	1.000000	1.000000	0.917619	0.986111	0.982715
520	0.973405	1.000000	1.000000	0.918280	0.986111	0.982715
530	0.973752	1.000000	1.000000	0.918472	0.986111	0.982715
540	0.974273	1.000000	1.000000	0.918710	0.986111	0.982715
550	0.974648	1.000000	1.000000	0.919193	0.986111	0.982715
560	0.975125	1.000000	1.000000	0.919504	0.986111	0.982715
570	0.975432	1.000000	1.000000	0.919665	0.986111	0.982715
580	0.975964	1.000000	1.000000	0.920150	0.986111	0.982715
590	0.976381	1.000000	1.000000	0.920369	0.986111	0.982715
600	0.976805	1.000000	1.000000	0.920683	0.986111	0.982715
610	0.977160	1.000000	1.000000	0.921174	0.986111	0.982715
620	0.977458	1.000000	1.000000	0.921177	0.986111	0.982715
630	0.977799	1.000000	1.000000	0.921657	0.986111	0.982715
640	0.978241	1.000000	1.000000	0.922226	0.986111	0.982715
650	0.978786	1.000000	1.000000	0.922810	0.986111	0.982715
660	0.979128	1.000000	1.000000	0.923046	0.986111	0.982715
670	0.979520	1.000000	1.000000	0.923320	0.986111	0.982715
680	0.979845	1.000000	1.000000	0.923430	0.986111	0.982715
690	0.980111	1.000000	1.000000	0.923149	0.986111	0.982715
700	0.980347	1.000000	1.000000	0.923362	0.986111	0.982715
710	0.980634	1.000000	1.000000	0.923584	0.986111	0.982715
720	0.980985	1.000000	1.000000	0.923791	0.986111	0.982715
730	0.981272	1.000000	1.000000	0.924022	0.986111	0.982715
740	0.981469	1.000000	1.000000	0.924275	0.986111	0.982715
750	0.981719	1.000000	1.000000	0.924417	0.986111	0.982715
760	0.982004	1.000000	1.000000	0.924833	0.986111	0.982715
770	0.982273	1.000000	1.000000	0.925135	0.986111	0.982715
780	0.982477	1.000000	1.000000	0.925271	0.986111	0.982715
790	0.982694	1.000000	1.000000	0.925408	0.986111	0.982715
800	0.982946	1.000000	1.000000	0.925739	0.986111	0.982715
810	0.983126	1.000000	1.000000	0.926059	0.986111	0.982715
820	0.983353	1.000000	1.000000	0.926129	0.986111	0.982715
830	0.983429	1.000000	1.000000	0.926142	0.986111	0.982715
840	0.983651	1.000000	1.000000	0.926319	0.986111	0.982715
850	0.983841	1.000000	1.000000	0.926524	0.986111	0.982715
860	0.984064	1.000000	1.000000	0.926844	0.986111	0.982715
870	0.984233	1.000000	1.000000	0.926733	0.986111	0.982715
880	0.984416	1.000000	1.000000	0.926946	0.986111	0.982715
890	0.984616	1.000000	1.000000	0.926980	0.986111	0.982715
900	0.984804	1.000000	1.000000	0.926989	0.986111	0.982715
910	0.985030	1.000000	1.000000	0.927078	0.986111	0.982715
920	0.985221	1.000000	1.000000	0.927078	0.986111	0.982715
930	0.985403	1.000000	1.000000	0.927296	0.986111	0.982715
940	0.985603	1.000000	1.000000	0.927547	0.986111	0.982715
950	0.985719	1.000000	1.000000	0.927524	0.986111	0.982715
960	0.985869	1.000000	1.000000	0.927511	0.986111	0.982715
970	0.986047	1.000000	1.000000	0.927621	0.986111	0.982715
980	0.986144	1.000000	1.000000	0.927670	0.986111	0.982715
990	0.986299	1.000000	1.000000	0.927834	0.986111	0.982715
1000	0.986438	1.000000	1.000000	0.927920	0.986111	0.982715
1010	0.986579	1.000000	1.000000	0.928090	0.986111	0.982715
1020	0.986683	1.000000	1.000000	0.928166	0.986111	0.982715
1030	0.986779	1.000000	1.000000	0.928452	0.986111	0.982715
1040	0.986886	1.000000	1.000000	0.928654	0.986111	0.982715
1050	0.987016	1.000000	1.000000	0.928794	0.986111	0.982715
1060	0.987130	1.000000	1.000000	0.928748	0.986111	0.982715
1070	0.987243	1.000000	1.000000	0.928864	0.986111	0.982715
1080	0.987376	1.000000	1.000000	0.928967	0.986111	0.982715
1090	0.987500	1.000000	1.000000	0.928743	0.986111	0.982715
1100	0.987597	1.000000	1.000000	0.928774	0.986111	0.982715
1110	0.987692	1.000000	1.000000	0.928660	0.986111	0.982715
1120	0.987855	1.000000	1.000000	0.928728	0.986111	0.982715
1130	0.987917	1.000000	1.000000	0.928638	0.986111	0.982715
1140	0.988042	1.000000	1.000000	0.928846	0.986111	0.982715
1150	0.988092	1.000000	1.000000	0.928871	0.986111	0.982715
1160	0.988176	1.000000	1.000000	0.928885	0.986111	0.982715
1170	0.988238	1.000000	1.000000	0.928819	0.986111	0.982715
1180	0.988361	1.000000	1.000000	0.928937	0.986111	0.982715
1190	0.988445	1.000000	1.000000	0.929044	0.986111	0.982715
1200	0.988587	1.000000	1.000000	0.929026	0.986111	0.982715
1210	0.988648	1.000000	1.000000	0.928909	0.986111	0.982715
1220	0.988734	1.000000	1.000000	0.928950	0.986111	0.982715
1230	0.988815	1.000000	1.000000	0.928941	0.986111	0.982715
1240	0.988885	1.000000	1.000000	0.928944	0.986111	0.982715
1250	0.989003	1.000000	1.000000	0.928985	0.986111	0.982715
1260	0.989054	1.000000	1.000000	0.928897	0.986111	0.982715
1270	0.989177	1.000000	1.000000	0.929084	0.986111	0.982715
1280	0.989263	1.000000	1.000000	0.929179	0.986111	0.982715
1290	0.989370	1.000000	1.000000	0.929403	0.986111	0.982715
1300	0.989452	1.000000	1.000000	0.929574	0.986111	0.982715
1310	0.989506	1.000000	1.000000	0.929640	0.986111	0.982715
1320	0.989620	1.000000	1.000000	0.929801	0.986111	0.982715
1330	0.989729	1.000000	1.000000	0.929908	0.986111	0.982715
1340	0.989817	1.000000	1.000000	0.929999	0.986111	0.982715
1350	0.989877	1.000000	1.000000	0.930080	0.986111	0.982715
1360	0.989940	1.000000	1.000000	0.929999	0.986111	0.982715
1370	0.989999	1.000000	1.000000	0.929994	0.986111	0.982715
1380	0.990085	1.000000	1.000000	0.930011	0.986111	0.982715
1390	0.990146	1.000000	1.000000	0.930021	0.986111	0.982715
1400	0.990224	1.000000	1.000000	0.929949	0.986111	0.982715
1410	0.990293	1.000000	1.000000	0.929967	0.986111	0.982715
1420	0.990370	1.000000	1.000000	0.929933	0.986111	0.982715
1430	0.990441	1.000000	1.000000	0.929982	0.986111	0.982715
1440	0.990504	1.000000	1.000000	0.929918	0.986111	0.982715
1450	0.990577	1.000000	1.000000	0.929971	0.986111	0.982715
1460	0.990657	1.000000	1.000000	0.930015	0.986111	0.982715
1470	0.990734	1.000000	1.000000	0.929934	0.986111	0.982715
1480	0.990824	1.000000	1.000000	0.929956	0.986111	0.982715
1490	0.990881	1.000000	1.000000	0.930163	0.986111	0.982715
1500	0.990941	1.000000	1.000000	0.930221	0.986111	0.982715
1510	0.990995	1.000000	1.000000	0.930162	0.986111	0.982715
1520	0.991040	1.000000	1.000000	0.930132	0.986111	0.982715
1530	0.991104	1.000000	1.000000	0.930157	0.986111	0.982715
1540	0.991146	1.000000	1.000000	0.930185	0.986111	0.982715
1550	0.991191	1.000000	1.000000	0.930211	0.986111	0.982715
1560	0.991242	1.000000	1.000000	0.930265	0.986111	0.982715
1570	0.991293	1.000000	1.000000	0.930233	0.986111	0.982715
1580	0.991361	1.000000	1.000000	0.930282	0.986111	0.982715
1590	0.991400	1.000000	1.000000	0.930239	0.986111	0.982715
1600	0.991460	1.000000	1.000000	0.930257	0.986111	0.982715
1610	0.991514	1.000000	1.000000	0.930323	0.986111	0.982715
1620	0.991584	1.000000	1.000000	0.930471	0.986111	0.982715
1630	0.991639	1.000000	1.000000	0.930416	0.986111	0.982715
1640	0.991694	1.000000	1.000000	0.930615	0.986111	0.982715
1650	0.991740	1.000000	1.000000	0.930682	0.986111	0.982715
1660	0.991788	1.000000	1.000000	0.930751	0.986111	0.982715
1670	0.991838	1.000000	1.000000	0.930770	0.986111	0.982715
1680	0.991865	1.000000	1.000000	0.930755	0.986111	0.982715
1690	0.991927	1.000000	1.000000	0.930756	0.986111	0.982715
1700	0.991980	1.000000	1.000000	0.930786	0.986111	0.982715
1710	0.992022	1.000000	1.000000	0.930792	0.986111	0.982715
1720	0.992077	1.000000	1.000000	0.930809	0.986111	0.982715
1730	0.992130	1.000000	1.000000	0.930766	0.986111	0.982715
1740	0.992174	1.000000	1.000000	0.930780	0.986111	0.982715
1750	0.992203	1.000000	1.000000	0.930806	0.986111	0.982715
1760	0.992232	1.000000	1.000000	0.930749	0.986111	0.982715
1770	0.992283	1.000000	1.000000	0.930718	0.986111	0.982715
1780	0.992318	1.000000	1.000000	0.930731	0.986111	0.982715
1790	0.992346	1.000000	1.000000	0.930763	0.986111	0.982715
1800	0.992370	1.000000	1.000000	0.930747	0.986111	0.982715
1810	0.992402	1.000000	1.000000	0.930674	0.986111	0.982715
1820	0.992438	1.000000	1.000000	0.930664	0.986111	0.982715
1830	0.992471	1.000000	1.000000	0.930637	0.986111	0.982715
1840	0.992516	1.000000	1.000000	0.930652	0.986111	0.982715
1850	0.992553	1.000000	1.000000	0.930554	0.986111	0.982715
1860	0.992588	1.000000	1.000000	0.930657	0.986111	0.982715
1870	0.992618	1.000000	1.000000	0.930624	0.986111	0.982715
1880	0.992652	1.000000	1.000000	0.930540	0.986111	0.982715
1890	0.992697	1.000000	1.000000	0.930582	0.986111	0.982715
1900	0.992737	1.000000	1.000000	0.930624	0.986111	0.982715
1910	0.992759	1.000000	1.000000	0.930627	0.986111	0.982715
1920	0.992784	1.000000	1.000000	0.930591	0.986111	0.982715
1930	0.992822	1.000000	1.000000	0.930554	0.986111	0.982715
1940	0.992857	1.000000	1.000000	0.930631	0.986111	0.982715
1950	0.992882	1.000000	1.000000	0.930700	0.986111	0.982715
1960	0.992918	1.000000	1.000000	0.930736	0.986111	0.982715
1970	0.992950	1.000000	1.000000	0.930737	0.986111	0.982715
1980	0.992986	1.000000	1.000000	0.930737	0.986111	0.982715
1990	0.993034	1.000000	1.000000	0.930815	0.986111	0.982715
2000	0.993075	1.000000	1.000000	0.930787	0.986111	0.982715
2010	0.993112	1.000000	1.000000	0.930828	0.986111	0.982715
2020	0.993145	1.000000	1.000000	0.930819	0.986111	0.982715
2030	0.993183	1.000000	1.000000	0.930810	0.986111	0.982715
2040	0.993214	1.000000	1.000000	0.930704	0.986111	0.982715
2050	0.993238	1.000000	1.000000	0.930748	0.986111	0.982715
2060	0.993262	1.000000	1.000000	0.930734	0.986111	0.982715
2070	0.993297	1.000000	1.000000	0.930798	0.986111	0.982715
2080	0.993327	1.000000	1.000000	0.930850	0.986111	0.982715
2090	0.993343	1.000000	1.000000	0.930786	0.986111	0.982715
2100	0.993370	1.000000	1.000000	0.930767	0.986111	0.982715
2110	0.993401	1.000000	1.000000	0.930777	0.986111	0.982715
2120	0.993433	1.000000	1.000000	0.930875	0.986111	0.982715
2130	0.993486	1.000000	1.000000	0.930933	0.986111	0.982715
2140	0.993504	1.000000	1.000000	0.930952	0.986111	0.982715
2150	0.993540	1.000000	1.000000	0.930979	0.986111	0.982715
2160	0.993564	1.000000	1.000000	0.930880	0.986111	0.982715
2170	0.993593	1.000000	1.000000	0.930894	0.986111	0.982715
2180	0.993621	1.000000	1.000000	0.930854	0.986111	0.982715
2190	0.993650	1.000000	1.000000	0.930777	0.986111	0.982715
2200	0.993673	1.000000	1.000000	0.930764	0.986111	0.982715
2210	0.993704	1.000000	1.000000	0.930725	0.986111	0.982715
2220	0.993723	1.000000	1.000000	0.930618	0.986111	0.982715
2230	0.993737	1.000000	1.000000	0.930606	0.986111	0.982715
2240	0.993757	1.000000	1.000000	0.930555	0.986111	0.982715
2250	0.993783	1.000000	1.000000	0.930530	0.986111	0.982715
2260	0.993804	1.000000	1.000000	0.930556	0.986111	0.982715
2270	0.993828	1.000000	1.000000	0.930484	0.986111	0.982715
2280	0.993851	1.000000	1.000000	0.930443	0.986111	0.982715
2290	0.993875	1.000000	1.000000	0.930362	0.986111	0.982715
2300	0.993913	1.000000	1.000000	0.930372	0.986111	0.982715
2310	0.993932	1.000000	1.000000	0.930356	0.986111	0.982715
2320	0.993959	1.000000	1.000000	0.930373	0.986111	0.982715
2330	0.993985	1.000000	1.000000	0.930320	0.986111	0.982715
2340	0.994016	1.000000	1.000000	0.930369	0.986111	0.982715
2350	0.994046	1.000000	1.000000	0.930391	0.986111	0.982715
2360	0.994069	1.000000	1.000000	0.930460	0.986111	0.982715
2370	0.994094	1.000000	1.000000	0.930484	0.986111	0.982715
2380	0.994111	1.000000	1.000000	0.930498	0.986111	0.982715
2390	0.994128	1.000000	1.000000	0.930450	0.986111	0.982715
2400	0.994151	1.000000	1.000000	0.930482	0.986111	0.982715
2410	0.994177	1.000000	1.000000	0.930477	0.986111	0.982715
2420	0.994200	1.000000	1.000000	0.930386	0.986111	0.982715
2430	0.994220	1.000000	1.000000	0.930363	0.986111	0.982715
2440	0.994236	1.000000	1.000000	0.930323	0.986111	0.982715
2450	0.994271	1.000000	1.000000	0.930365	0.986111	0.982715
2460	0.994289	1.000000	1.000000	0.930400	0.986111	0.982715
2470	0.994306	1.000000	1.000000	0.930474	0.986111	0.982715
2480	0.994328	1.000000	1.000000	0.930513	0.986111	0.982715
2490	0.994358	1.000000	1.000000	0.930511	0.986111	0.982715
2500	0.994381	1.000000	1.000000	0.930561	0.986111	0.982715
