10	0.434976	0.831901	0.785087	0.411996	0.796296	0.770615
20	0.554519	0.846705	0.796197	0.519080	0.800926	0.775822
30	0.631325	0.984718	0.984968	0.594035	0.967593	0.967509
40	0.689313	0.991404	0.991482	0.655349	0.981481	0.981618
50	0.734758	0.992837	0.992880	0.700174	0.976852	0.976604
60	0.768017	0.993314	0.993346	0.731884	0.976852	0.976604
70	0.792845	0.993314	0.993346	0.757638	0.976852	0.976604
80	0.820694	0.994747	0.994759	0.787649	0.976852	0.976604
90	0.836075	0.995224	0.995248	0.802910	0.976852	0.976604
100	0.850634	0.996180	0.996187	0.817572	0.976852	0.976604
110	0.862857	0.997135	0.997137	0.829004	0.981481	0.981514
120	0.874323	0.998090	0.998082	0.840601	0.981481	0.981514
130	0.882590	0.999045	0.999037	0.848694	0.981481	0.981514
140	0.890084	0.999045	0.999037	0.857062	0.981481	0.981514
150	0.897310	0.999045	0.999037	0.864507	0.981481	0.981514
160	0.903451	0.999045	0.999037	0.871524	0.981481	0.981514
170	0.911586	0.999045	0.999037	0.878490	0.981481	0.981514
180	0.915773	0.999045	0.999037	0.883082	0.981481	0.981514
190	0.920065	0.999045	0.999037	0.887923	0.981481	0.981514
200	0.924851	0.999045	0.999037	0.892982	0.981481	0.981514
210	0.929587	0.999045	0.999037	0.897219	0.986111	0.985672
220	0.934112	0.999522	0.999519	0.902420	0.986111	0.985672
230	0.936680	1.000000	1.000000	0.905024	0.986111	0.985672
240	0.939660	1.000000	1.000000	0.908181	0.990741	0.990455
250	0.942675	1.000000	1.000000	0.911222	0.990741	0.990455
260	0.945425	1.000000	1.000000	0.914474	0.990741	0.990455
270	0.947662	1.000000	1.000000	0.917527	0.990741	0.990455
280	0.949926	1.000000	1.000000	0.919782	0.990741	0.990455
290	0.951958	1.000000	1.000000	0.921562	0.990741	0.990455
300	0.953536	1.000000	1.000000	0.923102	0.990741	0.990455
310	0.954972	1.000000	1.000000	0.924463	0.990741	0.990455
320	0.956759	1.000000	1.000000	0.926673	0.990741	0.990455
330	0.957893	1.000000	1.000000	0.927992	0.990741	0.990455
340	0.959212	1.000000	1.000000	0.929626	0.990741	0.990455
350	0.960144	1.000000	1.000000	0.930797	0.990741	0.990455
360	0.961327	1.000000	1.000000	0.932436	0.990741	0.990455
370	0.962096	1.000000	1.000000	0.933659	0.990741	0.990455
380	0.963134	1.000000	1.000000	0.934325	0.990741	0.990455
390	0.964389	1.000000	1.000000	0.935693	0.990741	0.990455
400	0.965095	1.000000	1.000000	0.936463	0.990741	0.990455
410	0.965955	1.000000	1.000000	0.937435	0.990741	0.990455
420	0.967007	1.000000	1.000000	0.938285	0.990741	0.990455
430	0.967600	1.000000	1.000000	0.939022	0.990741	0.990455
440	0.968183	1.000000	1.000000	0.939916	0.990741	0.990455
450	0.969020	1.000000	1.000000	0.940909	0.990741	0.990455
460	0.969352	1.000000	1.000000	0.941381	0.990741	0.990455
470	0.970093	1.000000	1.000000	0.942118	0.990741	0.990455
480	0.970723	1.000000	1.000000	0.942776	0.990741	0.990455
490	0.971533	1.000000	1.000000	0.943519	0.990741	0.990455
500	0.972047	1.000000	1.000000	0.944205	0.990741	0.990455
510	0.972509	1.000000	1.000000	0.944702	0.990741	0.990455
520	0.973321	1.000000	1.000000	0.945474	0.990741	0.990455
530	0.973973	1.000000	1.000000	0.946193	0.990741	0.990455
540	0.974404	1.000000	1.000000	0.946701	0.990741	0.990455
550	0.974838	1.000000	1.000000	0.947389	0.990741	0.990455
560	0.975288	1.000000	1.000000	0.947826	0.990741	0.990455
570	0.975874	1.000000	1.000000	0.948854	0.990741	0.990455
580	0.976285	1.000000	1.000000	0.949274	0.990741	0.990455
590	0.976537	1.000000	1.000000	0.949471	0.990741	0.990455
600	0.976853	1.000000	1.000000	0.949820	0.990741	0.990455
610	0.977274	1.000000	1.000000	0.950178	0.990741	0.990455
620	0.977798	1.000000	1.000000	0.950876	0.990741	0.990455
630	0.978214	1.000000	1.000000	0.951298	0.990741	0.990455
640	0.978654	1.000000	1.000000	0.951876	0.990741	0.990455
650	0.978852	1.000000	1.000000	0.952241	0.990741	0.990455
660	0.979147	1.000000	1.000000	0.952584	0.990741	0.990455
670	0.979465	1.000000	1.000000	0.952819	0.990741	0.990455
680	0.979820	1.000000	1.000000	0.953117	0.990741	0.990455
690	0.980112	1.000000	1.000000	0.953469	0.990741	0.990455
700	0.980385	1.000000	1.000000	0.953776	0.990741	0.990455
710	0.980758	1.000000	1.000000	0.954141	0.990741	0.990455
720	0.981223	1.000000	1.000000	0.954604	0.990741	0.990455
730	0.981482	1.000000	1.000000	0.954853	0.990741	0.990455
740	0.981716	1.000000	1.000000	0.955260	0.990741	0.990455
750	0.982038	1.000000	1.000000	0.955675	0.990741	0.990455
760	0.982290	1.000000	1.000000	0.955946	0.990741	0.990455
770	0.982552	1.000000	1.000000	0.956253	0.990741	0.990455
780	0.982817	1.000000	1.000000	0.956487	0.990741	0.990455
790	0.983067	1.000000	1.000000	0.956661	0.990741	0.990455
800	0.983275	1.000000	1.000000	0.957123	0.990741	0.990455
810	0.983440	1.000000	1.000000	0.957451	0.990741	0.990455
820	0.983622	1.000000	1.000000	0.957631	0.990741	0.990455
830	0.983801	1.000000	1.000000	0.957922	0.990741	0.990455
840	0.983991	1.000000	1.000000	0.958064	0.990741	0.990455
850	0.984243	1.000000	1.000000	0.958409	0.990741	0.990455
860	0.984370	1.000000	1.000000	0.958520	0.990741	0.990455
870	0.984576	1.000000	1.000000	0.958734	0.990741	0.990455
880	0.984773	1.000000	1.000000	0.959111	0.990741	0.990455
890	0.984939	1.000000	1.000000	0.959346	0.990741	0.990455
900	0.985065	1.000000	1.000000	0.959480	0.990741	0.990455
910	0.985277	1.000000	1.000000	0.959845	0.990741	0.990455
920	0.985410	1.000000	1.000000	0.960015	0.990741	0.990455
930	0.985585	1.000000	1.000000	0.960395	0.990741	0.990455
940	0.985734	1.000000	1.000000	0.960543	0.990741	0.990455
950	0.985852	1.000000	1.000000	0.960580	0.990741	0.990455
960	0.986069	1.000000	1.000000	0.960761	0.990741	0.990455
970	0.986172	1.000000	1.000000	0.960841	0.990741	0.990455
980	0.986330	1.000000	1.000000	0.961058	0.990741	0.990455
990	0.986469	1.000000	1.000000	0.961367	0.990741	0.990455
1000	0.986594	1.000000	1.000000	0.961541	0.990741	0.990455
1010	0.986726	1.000000	1.000000	0.961677	0.990741	0.990455
1020	0.986815	1.000000	1.000000	0.961826	0.990741	0.990455
1030	0.986899	1.000000	1.000000	0.961955	0.990741	0.990455
1040	0.987042	1.000000	1.000000	0.962069	0.990741	0.990455
1050	0.987171	1.000000	1.000000	0.962184	0.990741	0.990455
1060	0.987276	1.000000	1.000000	0.962250	0.990741	0.990455
1070	0.987361	1.000000	1.000000	0.962296	0.990741	0.990455
1080	0.987506	1.000000	1.000000	0.962569	0.990741	0.990455
1090	0.987611	1.000000	1.000000	0.962643	0.990741	0.990455
1100	0.987783	1.000000	1.000000	0.962891	0.990741	0.990455
1110	0.987908	1.000000	1.000000	0.962973	0.990741	0.990455
1120	0.988074	1.000000	1.000000	0.963035	0.990741	0.990455
1130	0.988186	1.000000	1.000000	0.963035	0.990741	0.990455
1140	0.988252	1.000000	1.000000	0.963136	0.990741	0.990455
1150	0.988325	1.000000	1.000000	0.963153	0.990741	0.990455
1160	0.988446	1.000000	1.000000	0.963313	0.990741	0.990455
1170	0.988551	1.000000	1.000000	0.963540	0.990741	0.990455
1180	0.988693	1.000000	1.000000	0.963800	0.990741	0.990455
1190	0.988777	1.000000	1.000000	0.963808	0.990741	0.990455
1200	0.988852	1.000000	1.000000	0.963911	0.990741	0.990455
1210	0.988959	1.000000	1.000000	0.964058	0.990741	0.990455
1220	0.989060	1.000000	1.000000	0.964046	0.990741	0.990455
1230	0.989137	1.000000	1.000000	0.964151	0.990741	0.990455
1240	0.989224	1.000000	1.000000	0.964325	0.990741	0.990455
1250	0.989364	1.000000	1.000000	0.964496	0.990741	0.990455
1260	0.989460	1.000000	1.000000	0.964708	0.990741	0.990455
1270	0.989557	1.000000	1.000000	0.964859	0.990741	0.990455
1280	0.989627	1.000000	1.000000	0.964997	0.990741	0.990455
1290	0.989724	1.000000	1.000000	0.965157	0.990741	0.990455
1300	0.989829	1.000000	1.000000	0.965376	0.990741	0.990455
1310	0.989960	1.000000	1.000000	0.965690	0.990741	0.990455
1320	0.990066	1.000000	1.000000	0.965750	0.990741	0.990455
1330	0.990147	1.000000	1.000000	0.965804	0.990741	0.990455
1340	0.990195	1.000000	1.000000	0.965770	0.990741	0.990455
1350	0.990275	1.000000	1.000000	0.965807	0.990741	0.990455
1360	0.990339	1.000000	1.000000	0.965894	0.990741	0.990455
1370	0.990418	1.000000	1.000000	0.965964	0.990741	0.990455
1380	0.990524	1.000000	1.000000	0.966064	0.990741	0.990455
1390	0.990590	1.000000	1.000000	0.966050	0.990741	0.990455
1400	0.990678	1.000000	1.000000	0.966149	0.990741	0.990455
1410	0.990734	1.000000	1.000000	0.966138	0.990741	0.990455
1420	0.990807	1.000000	1.000000	0.966162	0.990741	0.990455
1430	0.990869	1.000000	1.000000	0.966082	0.990741	0.990455
1440	0.990933	1.000000	1.000000	0.966153	0.990741	0.990455
1450	0.990994	1.000000	1.000000	0.966220	0.990741	0.990455
1460	0.991050	1.000000	1.000000	0.966278	0.990741	0.990455
1470	0.991106	1.000000	1.000000	0.966482	0.990741	0.990455
1480	0.991164	1.000000	1.000000	0.966548	0.990741	0.990455
1490	0.991207	1.000000	1.000000	0.966640	0.990741	0.990455
1500	0.991252	1.000000	1.000000	0.966709	0.990741	0.990455
1510	0.991338	1.000000	1.000000	0.966822	0.990741	0.990455
1520	0.991405	1.000000	1.000000	0.966970	0.990741	0.990455
1530	0.991453	1.000000	1.000000	0.967092	0.990741	0.990455
1540	0.991536	1.000000	1.000000	0.967155	0.990741	0.990455
1550	0.991614	1.000000	1.000000	0.967329	0.990741	0.990455
1560	0.991660	1.000000	1.000000	0.967393	0.990741	0.990455
1570	0.991698	1.000000	1.000000	0.967436	0.990741	0.990455
1580	0.991759	1.000000	1.000000	0.967479	0.990741	0.990455
1590	0.991825	1.000000	1.000000	0.967526	0.990741	0.990455
1600	0.991862	1.000000	1.000000	0.967591	0.990741	0.990455
1610	0.991895	1.000000	1.000000	0.967576	0.990741	0.990455
1620	0.991967	1.000000	1.000000	0.967564	0.990741	0.990455
1630	0.992010	1.000000	1.000000	0.967546	0.990741	0.990455
1640	0.992053	1.000000	1.000000	0.967549	0.990741	0.990455
1650	0.992103	1.000000	1.000000	0.967541	0.990741	0.990455
1660	0.992163	1.000000	1.000000	0.967682	0.990741	0.990455
1670	0.992220	1.000000	1.000000	0.967795	0.990741	0.990455
1680	0.992261	1.000000	1.000000	0.967823	0.990741	0.990455
1690	0.992308	1.000000	1.000000	0.967858	0.990741	0.990455
1700	0.992343	1.000000	1.000000	0.967892	0.990741	0.990455
1710	0.992400	1.000000	1.000000	0.967943	0.990741	0.990455
1720	0.992433	1.000000	1.000000	0.967984	0.990741	0.990455
1730	0.992496	1.000000	1.000000	0.968057	0.990741	0.990455
1740	0.992568	1.000000	1.000000	0.968125	0.990741	0.990455
1750	0.992595	1.000000	1.000000	0.968196	0.990741	0.990455
1760	0.992625	1.000000	1.000000	0.968258	0.990741	0.990455
1770	0.992661	1.000000	1.000000	0.968257	0.990741	0.990455
1780	0.992701	1.000000	1.000000	0.968213	0.990741	0.990455
1790	0.992759	1.000000	1.000000	0.968273	0.990741	0.990455
1800	0.992802	1.000000	1.000000	0.968316	0.990741	0.990455
1810	0.992831	1.000000	1.000000	0.968370	0.990741	0.990455
1820	0.992876	1.000000	1.000000	0.968471	0.990741	0.990455
1830	0.992924	1.000000	1.000000	0.968547	0.990741	0.990455
1840	0.992974	1.000000	1.000000	0.968704	0.990741	0.990455
1850	0.992998	1.000000	1.000000	0.968764	0.990741	0.990455
1860	0.993040	1.000000	1.000000	0.968803	0.990741	0.990455
1870	0.993086	1.000000	1.000000	0.968906	0.990741	0.990455
1880	0.993118	1.000000	1.000000	0.968970	0.990741	0.990455
1890	0.993157	1.000000	1.000000	0.969003	0.990741	0.990455
1900	0.993191	1.000000	1.000000	0.969043	0.990741	0.990455
1910	0.993223	1.000000	1.000000	0.969100	0.990741	0.990455
1920	0.993269	1.000000	1.000000	0.969180	0.990741	0.990455
1930	0.993314	1.000000	1.000000	0.969301	0.990741	0.990455
1940	0.993351	1.000000	1.000000	0.969389	0.990741	0.990455
1950	0.993369	1.000000	1.000000	0.969472	0.990741	0.990455
1960	0.993401	1.000000	1.000000	0.969552	0.990741	0.990455
1970	0.993423	1.000000	1.000000	0.969592	0.990741	0.990455
1980	0.993457	1.000000	1.000000	0.969600	0.990741	0.990455
1990	0.993492	1.000000	1.000000	0.969584	0.990741	0.990455
2000	0.993527	1.000000	1.000000	0.969635	0.990741	0.990455
2010	0.993560	1.000000	1.000000	0.969594	0.990741	0.990455
2020	0.993599	1.000000	1.000000	0.969610	0.990741	0.990455
2030	0.993638	1.000000	1.000000	0.969627	0.990741	0.990455
2040	0.993673	1.000000	1.000000	0.969683	0.990741	0.990455
2050	0.993715	1.000000	1.000000	0.969737	0.990741	0.990455
2060	0.993734	1.000000	1.000000	0.969823	0.990741	0.990455
2070	0.993759	1.000000	1.000000	0.969886	0.990741	0.990455
2080	0.993792	1.000000	1.000000	0.969886	0.990741	0.990455
2090	0.993821	1.000000	1.000000	0.969790	0.990741	0.990455
2100	0.993846	1.000000	1.000000	0.969796	0.990741	0.990455
2110	0.993877	1.000000	1.000000	0.969866	0.990741	0.990455
2120	0.993912	1.000000	1.000000	0.969891	0.990741	0.990455
2130	0.993951	1.000000	1.000000	0.970028	0.990741	0.990455
2140	0.993982	1.000000	1.000000	0.970029	0.990741	0.990455
2150	0.994009	1.000000	1.000000	0.969999	0.990741	0.990455
2160	0.994060	1.000000	1.000000	0.970088	0.990741	0.990455
2170	0.994086	1.000000	1.000000	0.970164	0.990741	0.990455
2180	0.994123	1.000000	1.000000	0.970156	0.990741	0.990455
2190	0.994153	1.000000	1.000000	0.970197	0.990741	0.990455
2200	0.994180	1.000000	1.000000	0.970217	0.990741	0.990455
2210	0.994200	1.000000	1.000000	0.970228	0.990741	0.990455
2220	0.994225	1.000000	1.000000	0.970279	0.990741	0.990455
2230	0.994247	1.000000	1.000000	0.970288	0.990741	0.990455
2240	0.994271	1.000000	1.000000	0.970254	0.990741	0.990455
2250	0.994283	1.000000	1.000000	0.970233	0.990741	0.990455
2260	0.994304	1.000000	1.000000	0.970207	0.990741	0.990455
2270	0.994340	1.000000	1.000000	0.970254	0.990741	0.990455
2280	0.994364	1.000000	1.000000	0.970306	0.990741	0.990455
2290	0.994383	1.000000	1.000000	0.970323	0.990741	0.990455
2300	0.994399	1.000000	1.000000	0.970349	0.990741	0.990455
2310	0.994419	1.000000	1.000000	0.970348	0.990741	0.990455
2320	0.994436	1.000000	1.000000	0.970414	0.990741	0.990455
2330	0.994470	1.000000	1.000000	0.970467	0.990741	0.990455
2340	0.994505	1.000000	1.000000	0.970537	0.990741	0.990455
2350	0.994525	1.000000	1.000000	0.970539	0.990741	0.990455
2360	0.994540	1.000000	1.000000	0.970564	0.990741	0.990455
2370	0.994561	1.000000	1.000000	0.970612	0.990741	0.990455
2380	0.994583	1.000000	1.000000	0.970623	0.990741	0.990455
2390	0.994605	1.000000	1.000000	0.970697	0.990741	0.990455
2400	0.994633	1.000000	1.000000	0.970707	0.990741	0.990455
2410	0.994650	1.000000	1.000000	0.970720	0.990741	0.990455
2420	0.994667	1.000000	1.000000	0.970717	0.990741	0.990455
2430	0.994683	1.000000	1.000000	0.970791	0.990741	0.990455
2440	0.994699	1.000000	1.000000	0.970817	0.990741	0.990455
2450	0.994734	1.000000	1.000000	0.970892	0.990741	0.990455
2460	0.994758	1.000000	1.000000	0.970939	0.990741	0.990455
2470	0.994779	1.000000	1.000000	0.970975	0.990741	0.990455
2480	0.994802	1.000000	1.000000	0.970988	0.990741	0.990455
2490	0.994821	1.000000	1.000000	0.971021	0.990741	0.990455
2500	0.994836	1.000000	1.000000	0.971047	0.990741	0.990455
