10	0.434980	0.811900	0.764343	0.463712	0.867257	0.780744
20	0.538211	0.828215	0.775569	0.576743	0.876106	0.788021
30	0.606466	0.976488	0.977062	0.632536	0.964602	0.961598
40	0.672577	0.987044	0.987207	0.689640	0.973451	0.972306
50	0.722567	0.990403	0.990545	0.730920	0.977876	0.976436
60	0.755587	0.994722	0.994760	0.756080	0.973451	0.972306
70	0.784928	0.994722	0.994762	0.783462	0.982301	0.980729
80	0.809000	0.998081	0.998095	0.801551	0.982301	0.980729
90	0.825747	0.998081	0.998105	0.815755	0.982301	0.980729
100	0.837101	0.998081	0.998105	0.823192	0.982301	0.980729
110	0.852464	0.999040	0.999054	0.835151	0.982301	0.980729
120	0.866595	0.998560	0.998574	0.846356	0.982301	0.980729
130	0.875600	0.999040	0.999054	0.853240	0.982301	0.980729
140	0.883472	0.999520	0.999526	0.859063	0.982301	0.980729
150	0.893076	0.999520	0.999526	0.865565	0.982301	0.980729
160	0.900084	0.999520	0.999526	0.870586	0.982301	0.980729
170	0.905776	1.000000	1.000000	0.874622	0.982301	0.980729
180	0.912181	1.000000	1.000000	0.881816	0.982301	0.980729
190	0.918523	1.000000	1.000000	0.885987	0.982301	0.980729
200	0.922622	1.000000	1.000000	0.891774	0.982301	0.980729
210	0.924780	1.000000	1.000000	0.893299	0.982301	0.980729
220	0.927523	1.000000	1.000000	0.895145	0.982301	0.980729
230	0.931190	1.000000	1.000000	0.898228	0.982301	0.980729
240	0.933703	1.000000	1.000000	0.900311	0.982301	0.980729
250	0.936609	1.000000	1.000000	0.902375	0.982301	0.980729
260	0.939170	1.000000	1.000000	0.905539	0.982301	0.980729
270	0.942383	1.000000	1.000000	0.908527	0.982301	0.980729
280	0.944010	1.000000	1.000000	0.909878	0.982301	0.980729
290	0.945801	1.000000	1.000000	0.911604	0.982301	0.980729
300	0.948009	1.000000	1.000000	0.913563	0.982301	0.980729
310	0.950122	1.000000	1.000000	0.916515	0.982301	0.980729
320	0.951614	1.000000	1.000000	0.919603	0.982301	0.980729
330	0.953403	1.000000	1.000000	0.921190	0.982301	0.980729
340	0.954909	1.000000	1.000000	0.922098	0.982301	0.980729
350	0.956200	1.000000	1.000000	0.922996	0.982301	0.980729
360	0.957845	1.000000	1.000000	0.924331	0.982301	0.980729
370	0.959210	1.000000	1.000000	0.925353	0.986726	0.985897
380	0.960184	1.000000	1.000000	0.925923	0.986726	0.985897
390	0.961373	1.000000	1.000000	0.926865	0.986726	0.985897
400	0.962444	1.000000	1.000000	0.927878	0.986726	0.985897
410	0.963310	1.000000	1.000000	0.928393	0.986726	0.985897
420	0.964152	1.000000	1.000000	0.928971	0.986726	0.985897
430	0.965344	1.000000	1.000000	0.930064	0.986726	0.985897
440	0.966430	1.000000	1.000000	0.931481	0.986726	0.985897
450	0.967214	1.000000	1.000000	0.932139	0.986726	0.985897
460	0.967539	1.000000	1.000000	0.932598	0.986726	0.985897
470	0.968372	1.000000	1.000000	0.933008	0.986726	0.985897
480	0.969419	1.000000	1.000000	0.934825	0.986726	0.985897
490	0.969947	1.000000	1.000000	0.935208	0.986726	0.985897
500	0.971063	1.000000	1.000000	0.935931	0.986726	0.985897
510	0.971654	1.000000	1.000000	0.936310	0.986726	0.985897
520	0.972203	1.000000	1.000000	0.936876	0.986726	0.985897
530	0.972618	1.000000	1.000000	0.936879	0.986726	0.985897
540	0.973154	1.000000	1.000000	0.937390	0.986726	0.985897
550	0.973679	1.000000	1.000000	0.937982	0.986726	0.985897
560	0.974121	1.000000	1.000000	0.938194	0.986726	0.985897
570	0.974669	1.000000	1.000000	0.938716	0.986726	0.985897
580	0.975030	1.000000	1.000000	0.939075	0.986726	0.985897
590	0.975487	1.000000	1.000000	0.939568	0.986726	0.985897
600	0.975886	1.000000	1.000000	0.940051	0.986726	0.985897
610	0.976167	1.000000	1.000000	0.940449	0.986726	0.985897
620	0.976513	1.000000	1.000000	0.940726	0.986726	0.985897
630	0.976905	1.000000	1.000000	0.941144	0.986726	0.985897
640	0.977245	1.000000	1.000000	0.940717	0.986726	0.985897
650	0.977605	1.000000	1.000000	0.940990	0.986726	0.985897
660	0.978065	1.000000	1.000000	0.941306	0.986726	0.985897
670	0.978423	1.000000	1.000000	0.941590	0.986726	0.985897
680	0.978699	1.000000	1.000000	0.941765	0.986726	0.985897
690	0.978888	1.000000	1.000000	0.942074	0.986726	0.985897
700	0.979226	1.000000	1.000000	0.942266	0.986726	0.985897
710	0.979569	1.000000	1.000000	0.942860	0.986726	0.985897
720	0.979919	1.000000	1.000000	0.943177	0.986726	0.985897
730	0.980225	1.000000	1.000000	0.943286	0.986726	0.985897
740	0.980413	1.000000	1.000000	0.943367	0.986726	0.985897
750	0.980565	1.000000	1.000000	0.943480	0.986726	0.985897
760	0.980744	1.000000	1.000000	0.943627	0.986726	0.985897
770	0.980901	1.000000	1.000000	0.943447	0.986726	0.985897
780	0.981143	1.000000	1.000000	0.943676	0.986726	0.985897
790	0.981408	1.000000	1.000000	0.943694	0.986726	0.985897
800	0.981622	1.000000	1.000000	0.943825	0.986726	0.985897
810	0.981983	1.000000	1.000000	0.943906	0.986726	0.985897
820	0.982280	1.000000	1.000000	0.944114	0.986726	0.985897
830	0.982598	1.000000	1.000000	0.944314	0.986726	0.985897
840	0.982876	1.000000	1.000000	0.944475	0.986726	0.985897
850	0.983199	1.000000	1.000000	0.944933	0.986726	0.985897
860	0.983455	1.000000	1.000000	0.945257	0.986726	0.985897
870	0.983615	1.000000	1.000000	0.945484	0.986726	0.985897
880	0.983859	1.000000	1.000000	0.945754	0.986726	0.985897
890	0.984023	1.000000	1.000000	0.946097	0.986726	0.985897
900	0.984276	1.000000	1.000000	0.946290	0.986726	0.985897
910	0.984347	1.000000	1.000000	0.946444	0.986726	0.985897
920	0.984508	1.000000	1.000000	0.946627	0.986726	0.985897
930	0.984705	1.000000	1.000000	0.946619	0.986726	0.985897
940	0.984852	1.000000	1.000000	0.946867	0.986726	0.985897
950	0.984988	1.000000	1.000000	0.946929	0.986726	0.985897
960	0.985156	1.000000	1.000000	0.947140	0.986726	0.985897
970	0.985348	1.000000	1.000000	0.947280	0.986726	0.985897
980	0.985481	1.000000	1.000000	0.947392	0.986726	0.985897
990	0.985635	1.000000	1.000000	0.947415	0.986726	0.985897
1000	0.985749	1.000000	1.000000	0.947387	0.986726	0.985897
1010	0.985848	1.000000	1.000000	0.947430	0.986726	0.985897
1020	0.985973	1.000000	1.000000	0.947445	0.986726	0.985897
1030	0.986089	1.000000	1.000000	0.947455	0.986726	0.985897
1040	0.986152	1.000000	1.000000	0.947558	0.986726	0.985897
1050	0.986242	1.000000	1.000000	0.947844	0.986726	0.985897
1060	0.986363	1.000000	1.000000	0.947926	0.986726	0.985897
1070	0.986477	1.000000	1.000000	0.948094	0.986726	0.985897
1080	0.986717	1.000000	1.000000	0.948398	0.986726	0.985897
1090	0.986815	1.000000	1.000000	0.948405	0.986726	0.985897
1100	0.987009	1.000000	1.000000	0.948512	0.986726	0.985897
1110	0.987076	1.000000	1.000000	0.948451	0.986726	0.985897
1120	0.987197	1.000000	1.000000	0.948644	0.986726	0.985897
1130	0.987327	1.000000	1.000000	0.948840	0.986726	0.985897
1140	0.987460	1.000000	1.000000	0.949075	0.986726	0.985897
1150	0.987561	1.000000	1.000000	0.949185	0.986726	0.985897
1160	0.987677	1.000000	1.000000	0.949181	0.986726	0.985897
1170	0.987754	1.000000	1.000000	0.949233	0.986726	0.985897
1180	0.987858	1.000000	1.000000	0.949213	0.986726	0.985897
1190	0.987975	1.000000	1.000000	0.949163	0.986726	0.985897
1200	0.988118	1.000000	1.000000	0.949239	0.986726	0.985897
1210	0.988261	1.000000	1.000000	0.949355	0.986726	0.985897
1220	0.988373	1.000000	1.000000	0.949577	0.986726	0.985897
1230	0.988473	1.000000	1.000000	0.949742	0.986726	0.985897
1240	0.988569	1.000000	1.000000	0.949839	0.986726	0.985897
1250	0.988701	1.000000	1.000000	0.950048	0.986726	0.985897
1260	0.988775	1.000000	1.000000	0.950072	0.986726	0.985897
1270	0.988892	1.000000	1.000000	0.950234	0.986726	0.985897
1280	0.989031	1.000000	1.000000	0.950704	0.986726	0.985897
1290	0.989153	1.000000	1.000000	0.950815	0.986726	0.985897
1300	0.989215	1.000000	1.000000	0.950913	0.986726	0.985897
1310	0.989286	1.000000	1.000000	0.950825	0.986726	0.985897
1320	0.989408	1.000000	1.000000	0.951080	0.986726	0.985897
1330	0.989493	1.000000	1.000000	0.951168	0.986726	0.985897
1340	0.989604	1.000000	1.000000	0.951268	0.986726	0.985897
1350	0.989695	1.000000	1.000000	0.951443	0.986726	0.985897
1360	0.989743	1.000000	1.000000	0.951434	0.986726	0.985897
1370	0.989809	1.000000	1.000000	0.951395	0.986726	0.985897
1380	0.989873	1.000000	1.000000	0.951361	0.986726	0.985897
1390	0.989921	1.000000	1.000000	0.951324	0.986726	0.985897
1400	0.989987	1.000000	1.000000	0.951316	0.986726	0.985897
1410	0.990068	1.000000	1.000000	0.951505	0.986726	0.985897
1420	0.990129	1.000000	1.000000	0.951532	0.986726	0.985897
1430	0.990179	1.000000	1.000000	0.951500	0.986726	0.985897
1440	0.990239	1.000000	1.000000	0.951466	0.986726	0.985897
1450	0.990294	1.000000	1.000000	0.951415	0.986726	0.985897
1460	0.990343	1.000000	1.000000	0.951455	0.986726	0.985897
1470	0.990388	1.000000	1.000000	0.951367	0.986726	0.985897
1480	0.990449	1.000000	1.000000	0.951389	0.986726	0.985897
1490	0.990498	1.000000	1.000000	0.951434	0.986726	0.985897
1500	0.990567	1.000000	1.000000	0.951481	0.986726	0.985897
1510	0.990641	1.000000	1.000000	0.951504	0.986726	0.985897
1520	0.990732	1.000000	1.000000	0.951625	0.986726	0.985897
1530	0.990800	1.000000	1.000000	0.951753	0.986726	0.985897
1540	0.990879	1.000000	1.000000	0.951798	0.986726	0.985897
1550	0.990966	1.000000	1.000000	0.951944	0.986726	0.985897
1560	0.991007	1.000000	1.000000	0.951919	0.986726	0.985897
1570	0.991074	1.000000	1.000000	0.951881	0.986726	0.985897
1580	0.991135	1.000000	1.000000	0.952043	0.986726	0.985897
1590	0.991183	1.000000	1.000000	0.952118	0.986726	0.985897
1600	0.991246	1.000000	1.000000	0.952129	0.986726	0.985897
1610	0.991294	1.000000	1.000000	0.952171	0.986726	0.985897
1620	0.991342	1.000000	1.000000	0.952227	0.986726	0.985897
1630	0.991388	1.000000	1.000000	0.952439	0.991150	0.990658
1640	0.991419	1.000000	1.000000	0.952385	0.991150	0.990658
1650	0.991504	1.000000	1.000000	0.952455	0.986726	0.985897
1660	0.991570	1.000000	1.000000	0.952567	0.991150	0.990658
1670	0.991603	1.000000	1.000000	0.952562	0.991150	0.990658
1680	0.991647	1.000000	1.000000	0.952572	0.991150	0.990658
1690	0.991692	1.000000	1.000000	0.952608	0.991150	0.990658
1700	0.991721	1.000000	1.000000	0.952626	0.991150	0.990658
1710	0.991781	1.000000	1.000000	0.952657	0.991150	0.990658
1720	0.991838	1.000000	1.000000	0.952653	0.991150	0.990658
1730	0.991887	1.000000	1.000000	0.952686	0.991150	0.990658
1740	0.991924	1.000000	1.000000	0.952631	0.991150	0.990658
1750	0.991973	1.000000	1.000000	0.952809	0.991150	0.990658
1760	0.992021	1.000000	1.000000	0.952856	0.991150	0.990658
1770	0.992065	1.000000	1.000000	0.952834	0.991150	0.990658
1780	0.992103	1.000000	1.000000	0.952922	0.991150	0.990658
1790	0.992154	1.000000	1.000000	0.953004	0.991150	0.990658
1800	0.992192	1.000000	1.000000	0.952989	0.991150	0.990658
1810	0.992244	1.000000	1.000000	0.953000	0.991150	0.990658
1820	0.992275	1.000000	1.000000	0.953136	0.991150	0.990658
1830	0.992320	1.000000	1.000000	0.953140	0.991150	0.990658
1840	0.992385	1.000000	1.000000	0.953137	0.991150	0.990658
1850	0.992415	1.000000	1.000000	0.953074	0.991150	0.990658
1860	0.992469	1.000000	1.000000	0.953135	0.991150	0.990658
1870	0.992521	1.000000	1.000000	0.953106	0.991150	0.990658
1880	0.992588	1.000000	1.000000	0.953258	0.991150	0.990658
1890	0.992636	1.000000	1.000000	0.953365	0.991150	0.990658
1900	0.992679	1.000000	1.000000	0.953465	0.991150	0.990658
1910	0.992720	1.000000	1.000000	0.953483	0.991150	0.990658
1920	0.992766	1.000000	1.000000	0.953523	0.991150	0.990658
1930	0.992802	1.000000	1.000000	0.953539	0.991150	0.990658
1940	0.992835	1.000000	1.000000	0.953523	0.991150	0.990658
1950	0.992877	1.000000	1.000000	0.953485	0.991150	0.990658
1960	0.992912	1.000000	1.000000	0.953519	0.991150	0.990658
1970	0.992958	1.000000	1.000000	0.953533	0.991150	0.990658
1980	0.992979	1.000000	1.000000	0.953533	0.991150	0.990658
1990	0.993023	1.000000	1.000000	0.953563	0.991150	0.990658
2000	0.993061	1.000000	1.000000	0.953742	0.991150	0.990658
2010	0.993108	1.000000	1.000000	0.953763	0.991150	0.990658
2020	0.993132	1.000000	1.000000	0.953704	0.991150	0.990658
2030	0.993161	1.000000	1.000000	0.953706	0.991150	0.990658
2040	0.993194	1.000000	1.000000	0.953734	0.991150	0.990658
2050	0.993241	1.000000	1.000000	0.953732	0.991150	0.990658
2060	0.993271	1.000000	1.000000	0.953807	0.991150	0.990658
2070	0.993327	1.000000	1.000000	0.953833	0.991150	0.990658
2080	0.993361	1.000000	1.000000	0.953790	0.991150	0.990658
2090	0.993398	1.000000	1.000000	0.953762	0.991150	0.990658
2100	0.993439	1.000000	1.000000	0.953882	0.991150	0.990658
2110	0.993465	1.000000	1.000000	0.953846	0.991150	0.990658
2120	0.993497	1.000000	1.000000	0.953924	0.991150	0.990658
2130	0.993535	1.000000	1.000000	0.953969	0.991150	0.990658
2140	0.993559	1.000000	1.000000	0.953901	0.991150	0.990658
2150	0.993588	1.000000	1.000000	0.953928	0.991150	0.990658
2160	0.993608	1.000000	1.000000	0.953986	0.991150	0.990658
2170	0.993626	1.000000	1.000000	0.953993	0.991150	0.990658
2180	0.993665	1.000000	1.000000	0.953990	0.991150	0.990658
2190	0.993691	1.000000	1.000000	0.953951	0.991150	0.990658
2200	0.993719	1.000000	1.000000	0.954022	0.991150	0.990658
2210	0.993737	1.000000	1.000000	0.954017	0.991150	0.990658
2220	0.993770	1.000000	1.000000	0.954155	0.991150	0.990658
2230	0.993806	1.000000	1.000000	0.954200	0.991150	0.990658
2240	0.993828	1.000000	1.000000	0.954174	0.991150	0.990658
2250	0.993846	1.000000	1.000000	0.954084	0.991150	0.990658
2260	0.993882	1.000000	1.000000	0.954109	0.991150	0.990658
2270	0.993910	1.000000	1.000000	0.954113	0.991150	0.990658
2280	0.993931	1.000000	1.000000	0.954152	0.991150	0.990658
2290	0.993951	1.000000	1.000000	0.954203	0.991150	0.990658
2300	0.993978	1.000000	1.000000	0.954297	0.991150	0.990658
2310	0.994009	1.000000	1.000000	0.954298	0.991150	0.990658
2320	0.994031	1.000000	1.000000	0.954364	0.991150	0.990658
2330	0.994071	1.000000	1.000000	0.954364	0.991150	0.990658
2340	0.994085	1.000000	1.000000	0.954313	0.991150	0.990658
2350	0.994100	1.000000	1.000000	0.954296	0.991150	0.990658
2360	0.994117	1.000000	1.000000	0.954285	0.991150	0.990658
2370	0.994138	1.000000	1.000000	0.954291	0.991150	0.990658
2380	0.994176	1.000000	1.000000	0.954378	0.991150	0.990658
2390	0.994196	1.000000	1.000000	0.954380	0.991150	0.990658
2400	0.994231	1.000000	1.000000	0.954415	0.991150	0.990658
2410	0.994261	1.000000	1.000000	0.954425	0.991150	0.990658
2420	0.994282	1.000000	1.000000	0.954436	0.991150	0.990658
2430	0.994308	1.000000	1.000000	0.954423	0.991150	0.990658
2440	0.994335	1.000000	1.000000	0.954458	0.991150	0.990658
2450	0.994363	1.000000	1.000000	0.954498	0.991150	0.990658
2460	0.994384	1.000000	1.000000	0.954576	0.991150	0.990658
2470	0.994397	1.000000	1.000000	0.954565	0.991150	0.990658
2480	0.994424	1.000000	1.000000	0.954589	0.991150	0.990658
2490	0.994449	1.000000	1.000000	0.954492	0.991150	0.990658
2500	0.994484	1.000000	1.000000	0.954506	0.991150	0.990658
