10	0.436146	0.827869	0.788162	0.425271	0.809322	0.764712
20	0.550221	0.837030	0.783439	0.532332	0.822034	0.765532
30	0.620145	0.983124	0.983453	0.600147	0.966102	0.966263
40	0.670705	0.984089	0.984364	0.647212	0.970339	0.970426
50	0.721088	0.989875	0.989977	0.693503	0.974576	0.975331
60	0.755643	0.994214	0.994274	0.724648	0.974576	0.975531
70	0.786539	0.995661	0.995697	0.751518	0.974576	0.975531
80	0.806800	0.996143	0.996172	0.772282	0.974576	0.975531
90	0.822492	0.996625	0.996644	0.786054	0.974576	0.975531
100	0.840574	0.997107	0.997133	0.802624	0.974576	0.975531
110	0.854777	0.997107	0.997133	0.814283	0.974576	0.975531
120	0.869360	0.997589	0.997604	0.827645	0.974576	0.975531
130	0.878514	0.998554	0.998556	0.835309	0.974576	0.975531
140	0.889274	0.999036	0.999037	0.848831	0.974576	0.975531
150	0.896257	0.999036	0.999037	0.854941	0.974576	0.975531
160	0.903994	0.999036	0.999037	0.862625	0.974576	0.975531
170	0.908732	0.999036	0.999037	0.867001	0.974576	0.975531
180	0.914205	0.999518	0.999517	0.872922	0.974576	0.975531
190	0.919501	0.999518	0.999517	0.877933	0.974576	0.975531
200	0.923947	0.999518	0.999517	0.882335	0.974576	0.975531
210	0.927562	0.999518	0.999517	0.885546	0.974576	0.975531
220	0.931351	0.999518	0.999517	0.890806	0.974576	0.975531
230	0.935246	0.999518	0.999517	0.894650	0.974576	0.975531
240	0.938356	1.000000	1.000000	0.897150	0.974576	0.975531
250	0.940614	1.000000	1.000000	0.898944	0.974576	0.975531
260	0.943378	1.000000	1.000000	0.901108	0.974576	0.975531
270	0.945768	1.000000	1.000000	0.903378	0.974576	0.975531
280	0.947882	1.000000	1.000000	0.904830	0.974576	0.975531
290	0.949713	1.000000	1.000000	0.906778	0.974576	0.975531
300	0.951318	1.000000	1.000000	0.908423	0.974576	0.975531
310	0.953746	1.000000	1.000000	0.911107	0.974576	0.975531
320	0.956084	1.000000	1.000000	0.913493	0.974576	0.975531
330	0.957708	1.000000	1.000000	0.916064	0.983051	0.983351
340	0.958630	1.000000	1.000000	0.916793	0.983051	0.983351
350	0.959889	1.000000	1.000000	0.917791	0.983051	0.983351
360	0.960780	1.000000	1.000000	0.919032	0.983051	0.983351
370	0.961373	1.000000	1.000000	0.919560	0.983051	0.983351
380	0.962393	1.000000	1.000000	0.921003	0.983051	0.983351
390	0.963677	1.000000	1.000000	0.922082	0.983051	0.983351
400	0.964777	1.000000	1.000000	0.923158	0.983051	0.983351
410	0.965578	1.000000	1.000000	0.924123	0.983051	0.983351
420	0.966139	1.000000	1.000000	0.924639	0.983051	0.983351
430	0.966862	1.000000	1.000000	0.925071	0.983051	0.983351
440	0.967955	1.000000	1.000000	0.926347	0.983051	0.983351
450	0.969082	1.000000	1.000000	0.927782	0.983051	0.983351
460	0.969787	1.000000	1.000000	0.928762	0.983051	0.983351
470	0.970700	1.000000	1.000000	0.929173	0.983051	0.983351
480	0.971516	1.000000	1.000000	0.930106	0.983051	0.983351
490	0.972599	1.000000	1.000000	0.930980	0.983051	0.983351
500	0.973096	1.000000	1.000000	0.931461	0.983051	0.983351
510	0.973740	1.000000	1.000000	0.932260	0.983051	0.983351
520	0.974260	1.000000	1.000000	0.932917	0.983051	0.983351
530	0.974681	1.000000	1.000000	0.933447	0.983051	0.983351
540	0.975109	1.000000	1.000000	0.933559	0.983051	0.983351
550	0.975524	1.000000	1.000000	0.933876	0.983051	0.983351
560	0.975904	1.000000	1.000000	0.934985	0.983051	0.983351
570	0.976452	1.000000	1.000000	0.935095	0.983051	0.983351
580	0.976740	1.000000	1.000000	0.935213	0.983051	0.983351
590	0.977185	1.000000	1.000000	0.935335	0.983051	0.983351
600	0.977555	1.000000	1.000000	0.935594	0.983051	0.983351
610	0.977849	1.000000	1.000000	0.935800	0.983051	0.983351
620	0.978347	1.000000	1.000000	0.936605	0.983051	0.983351
630	0.978585	1.000000	1.000000	0.936858	0.983051	0.983351
640	0.979023	1.000000	1.000000	0.937237	0.983051	0.983351
650	0.979333	1.000000	1.000000	0.937540	0.983051	0.983351
660	0.979707	1.000000	1.000000	0.937837	0.983051	0.983351
670	0.979982	1.000000	1.000000	0.938074	0.983051	0.983351
680	0.980409	1.000000	1.000000	0.938630	0.983051	0.983351
690	0.980843	1.000000	1.000000	0.939304	0.983051	0.983351
700	0.981241	1.000000	1.000000	0.939657	0.983051	0.983351
710	0.981528	1.000000	1.000000	0.940108	0.983051	0.983351
720	0.981904	1.000000	1.000000	0.940473	0.983051	0.983351
730	0.982261	1.000000	1.000000	0.940730	0.983051	0.983351
740	0.982537	1.000000	1.000000	0.941216	0.983051	0.983351
750	0.982797	1.000000	1.000000	0.941522	0.983051	0.983351
760	0.983127	1.000000	1.000000	0.942174	0.983051	0.983351
770	0.983280	1.000000	1.000000	0.942312	0.983051	0.983351
780	0.983584	1.000000	1.000000	0.942602	0.983051	0.983351
790	0.983807	1.000000	1.000000	0.942929	0.983051	0.983351
800	0.983985	1.000000	1.000000	0.943166	0.983051	0.983351
810	0.984298	1.000000	1.000000	0.943476	0.983051	0.983351
820	0.984457	1.000000	1.000000	0.943370	0.983051	0.983351
830	0.984586	1.000000	1.000000	0.943429	0.983051	0.983351
840	0.984761	1.000000	1.000000	0.943572	0.983051	0.983351
850	0.984981	1.000000	1.000000	0.944108	0.983051	0.983351
860	0.985148	1.000000	1.000000	0.944337	0.983051	0.983351
870	0.985302	1.000000	1.000000	0.944515	0.983051	0.983351
880	0.985444	1.000000	1.000000	0.944505	0.983051	0.983351
890	0.985655	1.000000	1.000000	0.944702	0.983051	0.983351
900	0.985805	1.000000	1.000000	0.945059	0.983051	0.983351
910	0.986027	1.000000	1.000000	0.945270	0.983051	0.983351
920	0.986159	1.000000	1.000000	0.945415	0.983051	0.983351
930	0.986315	1.000000	1.000000	0.945471	0.983051	0.983351
940	0.986445	1.000000	1.000000	0.945837	0.983051	0.983351
950	0.986598	1.000000	1.000000	0.946146	0.983051	0.983351
960	0.986775	1.000000	1.000000	0.946535	0.983051	0.983351
970	0.986930	1.000000	1.000000	0.946782	0.983051	0.983351
980	0.987021	1.000000	1.000000	0.946896	0.983051	0.983351
990	0.987105	1.000000	1.000000	0.946965	0.983051	0.983351
1000	0.987192	1.000000	1.000000	0.947100	0.983051	0.983351
1010	0.987344	1.000000	1.000000	0.947221	0.983051	0.983351
1020	0.987489	1.000000	1.000000	0.947428	0.983051	0.983351
1030	0.987598	1.000000	1.000000	0.947478	0.983051	0.983351
1040	0.987694	1.000000	1.000000	0.947840	0.983051	0.983351
1050	0.987790	1.000000	1.000000	0.947854	0.983051	0.983351
1060	0.987899	1.000000	1.000000	0.947983	0.983051	0.983351
1070	0.988007	1.000000	1.000000	0.948112	0.983051	0.983351
1080	0.988127	1.000000	1.000000	0.948291	0.983051	0.983351
1090	0.988186	1.000000	1.000000	0.948368	0.983051	0.983351
1100	0.988310	1.000000	1.000000	0.948350	0.983051	0.983351
1110	0.988463	1.000000	1.000000	0.948641	0.983051	0.983351
1120	0.988590	1.000000	1.000000	0.948818	0.983051	0.983351
1130	0.988759	1.000000	1.000000	0.949026	0.983051	0.983351
1140	0.988835	1.000000	1.000000	0.949041	0.983051	0.983351
1150	0.988997	1.000000	1.000000	0.949387	0.983051	0.983351
1160	0.989097	1.000000	1.000000	0.949421	0.983051	0.983351
1170	0.989165	1.000000	1.000000	0.949373	0.983051	0.983351
1180	0.989271	1.000000	1.000000	0.949478	0.983051	0.983351
1190	0.989397	1.000000	1.000000	0.949604	0.983051	0.983351
1200	0.989500	1.000000	1.000000	0.949740	0.983051	0.983351
1210	0.989623	1.000000	1.000000	0.949900	0.983051	0.983351
1220	0.989730	1.000000	1.000000	0.949864	0.983051	0.983351
1230	0.989803	1.000000	1.000000	0.950035	0.983051	0.983351
1240	0.989894	1.000000	1.000000	0.950228	0.983051	0.983351
1250	0.989967	1.000000	1.000000	0.950200	0.983051	0.983351
1260	0.990082	1.000000	1.000000	0.950357	0.983051	0.983351
1270	0.990161	1.000000	1.000000	0.950433	0.983051	0.983351
1280	0.990232	1.000000	1.000000	0.950604	0.983051	0.983351
1290	0.990318	1.000000	1.000000	0.950625	0.983051	0.983351
1300	0.990427	1.000000	1.000000	0.950717	0.983051	0.983351
1310	0.990540	1.000000	1.000000	0.950790	0.983051	0.983351
1320	0.990660	1.000000	1.000000	0.950889	0.983051	0.983351
1330	0.990714	1.000000	1.000000	0.950862	0.983051	0.983351
1340	0.990796	1.000000	1.000000	0.951043	0.983051	0.983351
1350	0.990862	1.000000	1.000000	0.951082	0.983051	0.983351
1360	0.990929	1.000000	1.000000	0.951234	0.983051	0.983351
1370	0.990991	1.000000	1.000000	0.951356	0.983051	0.983351
1380	0.991058	1.000000	1.000000	0.951321	0.983051	0.983351
1390	0.991116	1.000000	1.000000	0.951354	0.983051	0.983351
1400	0.991169	1.000000	1.000000	0.951391	0.983051	0.983351
1410	0.991235	1.000000	1.000000	0.951393	0.983051	0.983351
1420	0.991289	1.000000	1.000000	0.951354	0.983051	0.983351
1430	0.991356	1.000000	1.000000	0.951499	0.983051	0.983351
1440	0.991398	1.000000	1.000000	0.951582	0.983051	0.983351
1450	0.991467	1.000000	1.000000	0.951639	0.983051	0.983351
1460	0.991517	1.000000	1.000000	0.951707	0.983051	0.983351
1470	0.991584	1.000000	1.000000	0.951802	0.983051	0.983351
1480	0.991644	1.000000	1.000000	0.951854	0.983051	0.983351
1490	0.991706	1.000000	1.000000	0.952020	0.983051	0.983351
1500	0.991743	1.000000	1.000000	0.952108	0.983051	0.983351
1510	0.991815	1.000000	1.000000	0.952145	0.983051	0.983351
1520	0.991875	1.000000	1.000000	0.952138	0.983051	0.983351
1530	0.991915	1.000000	1.000000	0.952176	0.983051	0.983351
1540	0.992012	1.000000	1.000000	0.952300	0.983051	0.983351
1550	0.992057	1.000000	1.000000	0.952530	0.983051	0.983351
1560	0.992105	1.000000	1.000000	0.952527	0.983051	0.983351
1570	0.992145	1.000000	1.000000	0.952498	0.983051	0.983351
1580	0.992192	1.000000	1.000000	0.952552	0.983051	0.983351
1590	0.992258	1.000000	1.000000	0.952692	0.983051	0.983351
1600	0.992335	1.000000	1.000000	0.952760	0.983051	0.983351
1610	0.992369	1.000000	1.000000	0.952800	0.983051	0.983351
1620	0.992425	1.000000	1.000000	0.952815	0.983051	0.983351
1630	0.992455	1.000000	1.000000	0.952940	0.983051	0.983351
1640	0.992498	1.000000	1.000000	0.952970	0.983051	0.983351
1650	0.992546	1.000000	1.000000	0.953189	0.983051	0.983351
1660	0.992591	1.000000	1.000000	0.953310	0.983051	0.983351
1670	0.992625	1.000000	1.000000	0.953319	0.983051	0.983351
1680	0.992683	1.000000	1.000000	0.953423	0.983051	0.983351
1690	0.992745	1.000000	1.000000	0.953443	0.983051	0.983351
1700	0.992795	1.000000	1.000000	0.953476	0.983051	0.983351
1710	0.992829	1.000000	1.000000	0.953497	0.983051	0.983351
1720	0.992867	1.000000	1.000000	0.953441	0.983051	0.983351
1730	0.992924	1.000000	1.000000	0.953466	0.983051	0.983351
1740	0.992968	1.000000	1.000000	0.953475	0.983051	0.983351
1750	0.993004	1.000000	1.000000	0.953491	0.983051	0.983351
1760	0.993047	1.000000	1.000000	0.953498	0.983051	0.983351
1770	0.993101	1.000000	1.000000	0.953501	0.983051	0.983351
1780	0.993161	1.000000	1.000000	0.953526	0.983051	0.983351
1790	0.993192	1.000000	1.000000	0.953516	0.983051	0.983351
1800	0.993222	1.000000	1.000000	0.953557	0.983051	0.983351
1810	0.993267	1.000000	1.000000	0.953608	0.983051	0.983351
1820	0.993295	1.000000	1.000000	0.953698	0.983051	0.983351
1830	0.993334	1.000000	1.000000	0.953729	0.983051	0.983351
1840	0.993375	1.000000	1.000000	0.953764	0.983051	0.983351
1850	0.993423	1.000000	1.000000	0.953891	0.983051	0.983351
1860	0.993469	1.000000	1.000000	0.953877	0.983051	0.983351
1870	0.993500	1.000000	1.000000	0.953889	0.983051	0.983351
1880	0.993538	1.000000	1.000000	0.953876	0.983051	0.983351
1890	0.993578	1.000000	1.000000	0.953908	0.983051	0.983351
1900	0.993605	1.000000	1.000000	0.953963	0.983051	0.983351
1910	0.993640	1.000000	1.000000	0.954039	0.983051	0.983351
1920	0.993659	1.000000	1.000000	0.954063	0.983051	0.983351
1930	0.993687	1.000000	1.000000	0.954067	0.983051	0.983351
1940	0.993717	1.000000	1.000000	0.954070	0.983051	0.983351
1950	0.993748	1.000000	1.000000	0.954097	0.983051	0.983351
1960	0.993778	1.000000	1.000000	0.954240	0.983051	0.983351
1970	0.993798	1.000000	1.000000	0.954227	0.983051	0.983351
1980	0.993839	1.000000	1.000000	0.954189	0.983051	0.983351
1990	0.993868	1.000000	1.000000	0.954197	0.983051	0.983351
2000	0.993897	1.000000	1.000000	0.954188	0.983051	0.983351
2010	0.993920	1.000000	1.000000	0.954236	0.983051	0.983351
2020	0.993956	1.000000	1.000000	0.954283	0.983051	0.983351
2030	0.993977	1.000000	1.000000	0.954339	0.983051	0.983351
2040	0.994009	1.000000	1.000000	0.954339	0.983051	0.983351
2050	0.994030	1.000000	1.000000	0.954356	0.983051	0.983351
2060	0.994050	1.000000	1.000000	0.954311	0.983051	0.983351
2070	0.994091	1.000000	1.000000	0.954376	0.983051	0.983351
2080	0.994134	1.000000	1.000000	0.954466	0.983051	0.983351
2090	0.994158	1.000000	1.000000	0.954540	0.983051	0.983351
2100	0.994187	1.000000	1.000000	0.954706	0.983051	0.983351
2110	0.994204	1.000000	1.000000	0.954750	0.983051	0.983351
2120	0.994232	1.000000	1.000000	0.954771	0.983051	0.983351
2130	0.994268	1.000000	1.000000	0.954856	0.983051	0.983351
2140	0.994289	1.000000	1.000000	0.954936	0.983051	0.983351
2150	0.994321	1.000000	1.000000	0.954940	0.983051	0.983351
2160	0.994349	1.000000	1.000000	0.954994	0.983051	0.983351
2170	0.994367	1.000000	1.000000	0.954999	0.983051	0.983351
2180	0.994395	1.000000	1.000000	0.954949	0.983051	0.983351
2190	0.994415	1.000000	1.000000	0.954909	0.983051	0.983351
2200	0.994446	1.000000	1.000000	0.954947	0.983051	0.983351
2210	0.994482	1.000000	1.000000	0.955012	0.983051	0.983351
2220	0.994513	1.000000	1.000000	0.955147	0.983051	0.983351
2230	0.994542	1.000000	1.000000	0.955137	0.983051	0.983351
2240	0.994573	1.000000	1.000000	0.955161	0.983051	0.983351
2250	0.994604	1.000000	1.000000	0.955183	0.983051	0.983351
2260	0.994632	1.000000	1.000000	0.955250	0.983051	0.983351
2270	0.994655	1.000000	1.000000	0.955255	0.983051	0.983351
2280	0.994679	1.000000	1.000000	0.955243	0.983051	0.983351
2290	0.994694	1.000000	1.000000	0.955244	0.983051	0.983351
2300	0.994715	1.000000	1.000000	0.955347	0.983051	0.983351
2310	0.994746	1.000000	1.000000	0.955374	0.983051	0.983351
2320	0.994769	1.000000	1.000000	0.955355	0.983051	0.983351
2330	0.994792	1.000000	1.000000	0.955460	0.983051	0.983351
2340	0.994813	1.000000	1.000000	0.955455	0.983051	0.983351
2350	0.994839	1.000000	1.000000	0.955475	0.983051	0.983351
2360	0.994871	1.000000	1.000000	0.955537	0.983051	0.983351
2370	0.994895	1.000000	1.000000	0.955520	0.983051	0.983351
2380	0.994911	1.000000	1.000000	0.955494	0.983051	0.983351
2390	0.994932	1.000000	1.000000	0.955477	0.983051	0.983351
2400	0.994945	1.000000	1.000000	0.955476	0.983051	0.983351
2410	0.994971	1.000000	1.000000	0.955527	0.983051	0.983351
2420	0.995001	1.000000	1.000000	0.955584	0.983051	0.983351
2430	0.995024	1.000000	1.000000	0.955617	0.983051	0.983351
2440	0.995046	1.000000	1.000000	0.955687	0.983051	0.983351
2450	0.995069	1.000000	1.000000	0.955706	0.983051	0.983351
2460	0.995091	1.000000	1.000000	0.955704	0.983051	0.983351
2470	0.995110	1.000000	1.000000	0.955751	0.983051	0.983351
2480	0.995128	1.000000	1.000000	0.955760	0.983051	0.983351
2490	0.995149	1.000000	1.000000	0.955788	0.983051	0.983351
2500	0.995169	1.000000	1.000000	0.955822	0.983051	0.983351
