10	0.424717	0.827233	0.776116	0.410365	0.808429	0.753429
20	0.542875	0.838458	0.784286	0.517356	0.812261	0.759781
30	0.621446	0.983407	0.983604	0.594501	0.965517	0.966105
40	0.678566	0.989751	0.989796	0.650980	0.973180	0.973538
50	0.724811	0.991215	0.991227	0.696118	0.977011	0.977744
60	0.761057	0.994143	0.994134	0.729396	0.977011	0.977744
70	0.787591	0.995608	0.995600	0.756159	0.977011	0.977744
80	0.807169	0.996096	0.996095	0.775438	0.977011	0.977744
90	0.825871	0.996584	0.996589	0.791356	0.977011	0.977744
100	0.842299	0.997072	0.997078	0.808021	0.980843	0.980918
110	0.855732	0.998048	0.998055	0.822499	0.980843	0.980918
120	0.865216	0.998048	0.998042	0.831594	0.980843	0.980918
130	0.877436	0.998536	0.998537	0.842955	0.984674	0.984024
140	0.884914	0.999024	0.999034	0.849373	0.984674	0.984024
150	0.893081	0.999512	0.999519	0.856825	0.984674	0.984024
160	0.897180	0.999512	0.999519	0.860345	0.980843	0.980849
170	0.903083	0.999512	0.999519	0.865860	0.984674	0.984024
180	0.908456	0.999512	0.999519	0.870618	0.984674	0.984024
190	0.914973	0.999512	0.999519	0.876885	0.984674	0.984024
200	0.919157	0.999512	0.999519	0.880996	0.984674	0.984024
210	0.923297	1.000000	1.000000	0.884470	0.984674	0.984024
220	0.928859	0.999512	0.999519	0.889953	0.988506	0.987204
230	0.931350	0.999512	0.999519	0.892709	0.988506	0.987204
240	0.934577	1.000000	1.000000	0.895513	0.988506	0.987204
250	0.937530	1.000000	1.000000	0.898201	0.988506	0.987204
260	0.940295	1.000000	1.000000	0.901278	0.988506	0.987204
270	0.942318	1.000000	1.000000	0.903339	0.988506	0.987204
280	0.945726	1.000000	1.000000	0.906220	0.988506	0.987204
290	0.948206	1.000000	1.000000	0.908654	0.988506	0.987204
300	0.950771	1.000000	1.000000	0.910692	0.988506	0.987204
310	0.952034	1.000000	1.000000	0.911624	0.984674	0.984024
320	0.953160	1.000000	1.000000	0.912602	0.984674	0.984024
330	0.955386	1.000000	1.000000	0.914337	0.984674	0.984024
340	0.956985	1.000000	1.000000	0.915670	0.984674	0.984024
350	0.958135	1.000000	1.000000	0.916674	0.984674	0.984024
360	0.959135	1.000000	1.000000	0.917344	0.984674	0.984024
370	0.960843	1.000000	1.000000	0.918771	0.984674	0.984024
380	0.961327	1.000000	1.000000	0.919403	0.984674	0.984024
390	0.962291	1.000000	1.000000	0.920429	0.984674	0.984024
400	0.963137	1.000000	1.000000	0.921002	0.984674	0.984024
410	0.963819	1.000000	1.000000	0.921580	0.984674	0.984024
420	0.964885	1.000000	1.000000	0.922310	0.984674	0.984024
430	0.965867	1.000000	1.000000	0.923261	0.984674	0.984024
440	0.966404	1.000000	1.000000	0.923847	0.984674	0.984024
450	0.967572	1.000000	1.000000	0.924953	0.984674	0.984024
460	0.968246	1.000000	1.000000	0.925699	0.984674	0.984024
470	0.969246	1.000000	1.000000	0.926396	0.984674	0.984024
480	0.970220	1.000000	1.000000	0.927149	0.984674	0.984024
490	0.970964	1.000000	1.000000	0.927880	0.984674	0.984024
500	0.971652	1.000000	1.000000	0.928423	0.984674	0.984024
510	0.972177	1.000000	1.000000	0.928907	0.984674	0.984024
520	0.972742	1.000000	1.000000	0.929489	0.984674	0.984024
530	0.973381	1.000000	1.000000	0.930191	0.984674	0.984024
540	0.973850	1.000000	1.000000	0.930659	0.984674	0.984024
550	0.974358	1.000000	1.000000	0.931242	0.984674	0.984024
560	0.974895	1.000000	1.000000	0.931707	0.984674	0.984024
570	0.975552	1.000000	1.000000	0.932316	0.984674	0.984024
580	0.976050	1.000000	1.000000	0.932629	0.984674	0.984024
590	0.976561	1.000000	1.000000	0.932896	0.984674	0.984024
600	0.976824	1.000000	1.000000	0.933133	0.984674	0.984024
610	0.977315	1.000000	1.000000	0.933465	0.984674	0.984024
620	0.977548	1.000000	1.000000	0.933623	0.984674	0.984024
630	0.977777	1.000000	1.000000	0.933869	0.984674	0.984024
640	0.978280	1.000000	1.000000	0.934392	0.984674	0.984024
650	0.978689	1.000000	1.000000	0.935090	0.984674	0.984024
660	0.979110	1.000000	1.000000	0.935389	0.984674	0.984024
670	0.979456	1.000000	1.000000	0.935613	0.984674	0.984024
680	0.979854	1.000000	1.000000	0.936082	0.984674	0.984024
690	0.980189	1.000000	1.000000	0.936319	0.984674	0.984024
700	0.980396	1.000000	1.000000	0.936614	0.984674	0.984024
710	0.980723	1.000000	1.000000	0.936911	0.984674	0.984024
720	0.981121	1.000000	1.000000	0.937397	0.984674	0.984024
730	0.981431	1.000000	1.000000	0.937577	0.984674	0.984024
740	0.981658	1.000000	1.000000	0.937736	0.984674	0.984024
750	0.981821	1.000000	1.000000	0.937847	0.984674	0.984024
760	0.982088	1.000000	1.000000	0.938027	0.984674	0.984024
770	0.982335	1.000000	1.000000	0.938226	0.984674	0.984024
780	0.982579	1.000000	1.000000	0.938818	0.984674	0.984024
790	0.982932	1.000000	1.000000	0.939065	0.984674	0.984024
800	0.983150	1.000000	1.000000	0.939280	0.984674	0.984024
810	0.983271	1.000000	1.000000	0.939411	0.984674	0.984024
820	0.983439	1.000000	1.000000	0.939562	0.984674	0.984024
830	0.983710	1.000000	1.000000	0.939806	0.984674	0.984024
840	0.983909	1.000000	1.000000	0.939923	0.984674	0.984024
850	0.984104	1.000000	1.000000	0.940027	0.984674	0.984024
860	0.984426	1.000000	1.000000	0.940193	0.984674	0.984024
870	0.984538	1.000000	1.000000	0.940269	0.984674	0.984024
880	0.984740	1.000000	1.000000	0.940409	0.984674	0.984024
890	0.984951	1.000000	1.000000	0.940382	0.984674	0.984024
900	0.985168	1.000000	1.000000	0.940633	0.984674	0.984024
910	0.985333	1.000000	1.000000	0.940821	0.984674	0.984024
920	0.985522	1.000000	1.000000	0.940975	0.984674	0.984024
930	0.985703	1.000000	1.000000	0.941125	0.984674	0.984024
940	0.985893	1.000000	1.000000	0.941205	0.984674	0.984024
950	0.986032	1.000000	1.000000	0.941401	0.984674	0.984024
960	0.986150	1.000000	1.000000	0.941370	0.984674	0.984024
970	0.986324	1.000000	1.000000	0.941449	0.984674	0.984024
980	0.986491	1.000000	1.000000	0.941726	0.984674	0.984024
990	0.986692	1.000000	1.000000	0.941809	0.984674	0.984024
1000	0.986838	1.000000	1.000000	0.942163	0.984674	0.984024
1010	0.987066	1.000000	1.000000	0.942336	0.984674	0.984024
1020	0.987203	1.000000	1.000000	0.942460	0.984674	0.984024
1030	0.987316	1.000000	1.000000	0.942539	0.984674	0.984024
1040	0.987411	1.000000	1.000000	0.942648	0.984674	0.984024
1050	0.987522	1.000000	1.000000	0.942706	0.984674	0.984024
1060	0.987574	1.000000	1.000000	0.942737	0.984674	0.984024
1070	0.987753	1.000000	1.000000	0.942801	0.984674	0.984024
1080	0.987879	1.000000	1.000000	0.942951	0.988506	0.988229
1090	0.987965	1.000000	1.000000	0.942993	0.988506	0.988229
1100	0.988056	1.000000	1.000000	0.943000	0.988506	0.988229
1110	0.988149	1.000000	1.000000	0.943056	0.988506	0.988229
1120	0.988307	1.000000	1.000000	0.943070	0.988506	0.988229
1130	0.988415	1.000000	1.000000	0.943225	0.988506	0.988229
1140	0.988512	1.000000	1.000000	0.943247	0.988506	0.988229
1150	0.988587	1.000000	1.000000	0.943313	0.988506	0.988229
1160	0.988721	1.000000	1.000000	0.943358	0.984674	0.984024
1170	0.988829	1.000000	1.000000	0.943440	0.984674	0.984024
1180	0.988942	1.000000	1.000000	0.943443	0.984674	0.984024
1190	0.989070	1.000000	1.000000	0.943648	0.984674	0.984024
1200	0.989168	1.000000	1.000000	0.943695	0.988506	0.988229
1210	0.989233	1.000000	1.000000	0.943753	0.988506	0.988229
1220	0.989327	1.000000	1.000000	0.943806	0.988506	0.988229
1230	0.989413	1.000000	1.000000	0.943857	0.988506	0.988229
1240	0.989521	1.000000	1.000000	0.943859	0.988506	0.988229
1250	0.989595	1.000000	1.000000	0.943968	0.988506	0.988229
1260	0.989685	1.000000	1.000000	0.944044	0.988506	0.988229
1270	0.989773	1.000000	1.000000	0.944039	0.988506	0.988229
1280	0.989837	1.000000	1.000000	0.943970	0.988506	0.988229
1290	0.989904	1.000000	1.000000	0.944037	0.988506	0.988229
1300	0.989986	1.000000	1.000000	0.944054	0.988506	0.988229
1310	0.990022	1.000000	1.000000	0.944030	0.988506	0.988229
1320	0.990089	1.000000	1.000000	0.944087	0.988506	0.988229
1330	0.990160	1.000000	1.000000	0.944107	0.988506	0.988229
1340	0.990223	1.000000	1.000000	0.944184	0.988506	0.988229
1350	0.990301	1.000000	1.000000	0.944223	0.988506	0.988229
1360	0.990380	1.000000	1.000000	0.944257	0.988506	0.988229
1370	0.990467	1.000000	1.000000	0.944324	0.988506	0.988229
1380	0.990538	1.000000	1.000000	0.944333	0.988506	0.988229
1390	0.990604	1.000000	1.000000	0.944343	0.988506	0.988229
1400	0.990681	1.000000	1.000000	0.944423	0.988506	0.988229
1410	0.990728	1.000000	1.000000	0.944466	0.988506	0.988229
1420	0.990784	1.000000	1.000000	0.944459	0.988506	0.988229
1430	0.990841	1.000000	1.000000	0.944515	0.988506	0.988229
1440	0.990910	1.000000	1.000000	0.944530	0.988506	0.988229
1450	0.990970	1.000000	1.000000	0.944511	0.988506	0.988229
1460	0.991050	1.000000	1.000000	0.944519	0.988506	0.988229
1470	0.991139	1.000000	1.000000	0.944530	0.988506	0.988229
1480	0.991186	1.000000	1.000000	0.944535	0.988506	0.988229
1490	0.991251	1.000000	1.000000	0.944533	0.988506	0.988229
1500	0.991291	1.000000	1.000000	0.944571	0.988506	0.988229
1510	0.991361	1.000000	1.000000	0.944605	0.988506	0.988229
1520	0.991405	1.000000	1.000000	0.944780	0.988506	0.988229
1530	0.991460	1.000000	1.000000	0.944782	0.988506	0.988229
1540	0.991532	1.000000	1.000000	0.944762	0.988506	0.988229
1550	0.991582	1.000000	1.000000	0.944862	0.988506	0.988229
1560	0.991648	1.000000	1.000000	0.944883	0.988506	0.988229
1570	0.991711	1.000000	1.000000	0.944938	0.988506	0.988229
1580	0.991795	1.000000	1.000000	0.945008	0.988506	0.988229
1590	0.991861	1.000000	1.000000	0.945022	0.988506	0.988229
1600	0.991927	1.000000	1.000000	0.945048	0.988506	0.988229
1610	0.991959	1.000000	1.000000	0.945097	0.988506	0.988229
1620	0.992006	1.000000	1.000000	0.945119	0.988506	0.988229
1630	0.992075	1.000000	1.000000	0.945142	0.988506	0.988229
1640	0.992155	1.000000	1.000000	0.945154	0.988506	0.988229
1650	0.992194	1.000000	1.000000	0.945128	0.988506	0.988229
1660	0.992236	1.000000	1.000000	0.945139	0.988506	0.988229
1670	0.992265	1.000000	1.000000	0.945186	0.988506	0.988229
1680	0.992308	1.000000	1.000000	0.945238	0.988506	0.988229
1690	0.992346	1.000000	1.000000	0.945250	0.988506	0.988229
1700	0.992379	1.000000	1.000000	0.945289	0.988506	0.988229
1710	0.992418	1.000000	1.000000	0.945383	0.988506	0.988229
1720	0.992458	1.000000	1.000000	0.945397	0.988506	0.988229
1730	0.992522	1.000000	1.000000	0.945385	0.988506	0.988229
1740	0.992570	1.000000	1.000000	0.945333	0.988506	0.988229
1750	0.992608	1.000000	1.000000	0.945395	0.988506	0.988229
1760	0.992645	1.000000	1.000000	0.945438	0.988506	0.988229
1770	0.992698	1.000000	1.000000	0.945444	0.988506	0.988229
1780	0.992749	1.000000	1.000000	0.945511	0.988506	0.988229
1790	0.992781	1.000000	1.000000	0.945517	0.988506	0.988229
1800	0.992814	1.000000	1.000000	0.945481	0.988506	0.988229
1810	0.992852	1.000000	1.000000	0.945492	0.988506	0.988229
1820	0.992899	1.000000	1.000000	0.945516	0.988506	0.988229
1830	0.992936	1.000000	1.000000	0.945511	0.988506	0.988229
1840	0.992974	1.000000	1.000000	0.945551	0.988506	0.988229
1850	0.993025	1.000000	1.000000	0.945654	0.988506	0.988229
1860	0.993071	1.000000	1.000000	0.945687	0.988506	0.988229
1870	0.993107	1.000000	1.000000	0.945753	0.988506	0.988229
1880	0.993147	1.000000	1.000000	0.945733	0.988506	0.988229
1890	0.993189	1.000000	1.000000	0.945791	0.988506	0.988229
1900	0.993232	1.000000	1.000000	0.945817	0.988506	0.988229
1910	0.993275	1.000000	1.000000	0.945841	0.988506	0.988229
1920	0.993320	1.000000	1.000000	0.945858	0.988506	0.988229
1930	0.993363	1.000000	1.000000	0.945973	0.988506	0.988229
1940	0.993397	1.000000	1.000000	0.946012	0.988506	0.988229
1950	0.993440	1.000000	1.000000	0.946007	0.988506	0.988229
1960	0.993468	1.000000	1.000000	0.946005	0.988506	0.988229
1970	0.993506	1.000000	1.000000	0.945982	0.988506	0.988229
1980	0.993540	1.000000	1.000000	0.945994	0.988506	0.988229
1990	0.993570	1.000000	1.000000	0.946034	0.988506	0.988229
2000	0.993611	1.000000	1.000000	0.946120	0.988506	0.988229
2010	0.993655	1.000000	1.000000	0.946131	0.988506	0.988229
2020	0.993686	1.000000	1.000000	0.946143	0.988506	0.988229
2030	0.993718	1.000000	1.000000	0.946130	0.988506	0.988229
2040	0.993752	1.000000	1.000000	0.946115	0.988506	0.988229
2050	0.993780	1.000000	1.000000	0.946104	0.988506	0.988229
2060	0.993802	1.000000	1.000000	0.946108	0.988506	0.988229
2070	0.993838	1.000000	1.000000	0.946195	0.988506	0.988229
2080	0.993866	1.000000	1.000000	0.946201	0.988506	0.988229
2090	0.993892	1.000000	1.000000	0.946198	0.988506	0.988229
2100	0.993919	1.000000	1.000000	0.946209	0.988506	0.988229
2110	0.993941	1.000000	1.000000	0.946251	0.988506	0.988229
2120	0.993978	1.000000	1.000000	0.946282	0.988506	0.988229
2130	0.993999	1.000000	1.000000	0.946294	0.988506	0.988229
2140	0.994020	1.000000	1.000000	0.946320	0.988506	0.988229
2150	0.994053	1.000000	1.000000	0.946325	0.988506	0.988229
2160	0.994089	1.000000	1.000000	0.946322	0.988506	0.988229
2170	0.994125	1.000000	1.000000	0.946320	0.988506	0.988229
2180	0.994151	1.000000	1.000000	0.946294	0.988506	0.988229
2190	0.994180	1.000000	1.000000	0.946298	0.988506	0.988229
2200	0.994205	1.000000	1.000000	0.946318	0.988506	0.988229
2210	0.994233	1.000000	1.000000	0.946321	0.988506	0.988229
2220	0.994258	1.000000	1.000000	0.946331	0.988506	0.988229
2230	0.994273	1.000000	1.000000	0.946341	0.988506	0.988229
2240	0.994291	1.000000	1.000000	0.946334	0.988506	0.988229
2250	0.994318	1.000000	1.000000	0.946409	0.988506	0.988229
2260	0.994343	1.000000	1.000000	0.946365	0.988506	0.988229
2270	0.994366	1.000000	1.000000	0.946364	0.988506	0.988229
2280	0.994393	1.000000	1.000000	0.946362	0.988506	0.988229
2290	0.994419	1.000000	1.000000	0.946371	0.988506	0.988229
2300	0.994443	1.000000	1.000000	0.946356	0.988506	0.988229
2310	0.994469	1.000000	1.000000	0.946342	0.988506	0.988229
2320	0.994487	1.000000	1.000000	0.946352	0.988506	0.988229
2330	0.994521	1.000000	1.000000	0.946327	0.988506	0.988229
2340	0.994550	1.000000	1.000000	0.946338	0.988506	0.988229
2350	0.994578	1.000000	1.000000	0.946363	0.988506	0.988229
2360	0.994602	1.000000	1.000000	0.946334	0.988506	0.988229
2370	0.994633	1.000000	1.000000	0.946325	0.988506	0.988229
2380	0.994649	1.000000	1.000000	0.946307	0.988506	0.988229
2390	0.994671	1.000000	1.000000	0.946333	0.988506	0.988229
2400	0.994693	1.000000	1.000000	0.946329	0.988506	0.988229
2410	0.994725	1.000000	1.000000	0.946287	0.988506	0.988229
2420	0.994737	1.000000	1.000000	0.946292	0.988506	0.988229
2430	0.994760	1.000000	1.000000	0.946290	0.988506	0.988229
2440	0.994783	1.000000	1.000000	0.946295	0.988506	0.988229
2450	0.994805	1.000000	1.000000	0.946305	0.988506	0.988229
2460	0.994833	1.000000	1.000000	0.946323	0.988506	0.988229
2470	0.994852	1.000000	1.000000	0.946335	0.988506	0.988229
2480	0.994882	1.000000	1.000000	0.946279	0.988506	0.988229
2490	0.994895	1.000000	1.000000	0.946323	0.988506	0.988229
2500	0.994912	1.000000	1.000000	0.946312	0.988506	0.988229
