10	0.422403	0.826045	0.772720	0.382347	0.772926	0.742109
20	0.552782	0.842383	0.782010	0.493475	0.786026	0.748453
30	0.632442	0.984623	0.984671	0.571151	0.956332	0.958699
40	0.691251	0.990389	0.990359	0.628551	0.956332	0.958567
50	0.739816	0.989909	0.989880	0.675177	0.956332	0.958567
60	0.771779	0.991350	0.991330	0.704601	0.965066	0.967143
70	0.798073	0.991831	0.991799	0.730074	0.960699	0.962975
80	0.821346	0.994234	0.994206	0.750753	0.965066	0.967804
90	0.838914	0.995195	0.995178	0.765675	0.969432	0.971836
100	0.855015	0.997117	0.997108	0.780222	0.965066	0.967804
110	0.873060	0.998078	0.998066	0.798094	0.973799	0.975646
120	0.882863	0.998078	0.998066	0.808590	0.973799	0.975646
130	0.892468	0.998558	0.998548	0.816212	0.973799	0.975646
140	0.899603	0.999039	0.999038	0.821504	0.973799	0.975646
150	0.904652	0.999039	0.999038	0.825676	0.973799	0.975646
160	0.910817	0.999039	0.999038	0.830276	0.973799	0.975646
170	0.916160	0.999039	0.999038	0.835416	0.973799	0.975646
180	0.922080	0.999039	0.999038	0.841294	0.973799	0.975646
190	0.925534	0.999039	0.999038	0.844418	0.973799	0.975646
200	0.929198	0.999519	0.999515	0.847706	0.973799	0.975646
210	0.932256	1.000000	1.000000	0.850147	0.973799	0.975646
220	0.934855	1.000000	1.000000	0.852560	0.973799	0.975646
230	0.936997	1.000000	1.000000	0.854060	0.973799	0.975646
240	0.939816	1.000000	1.000000	0.856802	0.973799	0.975646
250	0.942504	1.000000	1.000000	0.860027	0.973799	0.975646
260	0.944958	1.000000	1.000000	0.861467	0.973799	0.975646
270	0.947339	1.000000	1.000000	0.862027	0.973799	0.975646
280	0.950204	1.000000	1.000000	0.864990	0.973799	0.975646
290	0.951770	1.000000	1.000000	0.865992	0.973799	0.975646
300	0.953591	1.000000	1.000000	0.866747	0.973799	0.975646
310	0.955246	1.000000	1.000000	0.868121	0.973799	0.975646
320	0.956649	1.000000	1.000000	0.869428	0.973799	0.975646
330	0.957659	1.000000	1.000000	0.869746	0.973799	0.975646
340	0.959574	1.000000	1.000000	0.871241	0.973799	0.975646
350	0.960976	1.000000	1.000000	0.872340	0.973799	0.975646
360	0.961764	1.000000	1.000000	0.872357	0.973799	0.975646
370	0.963420	1.000000	1.000000	0.873450	0.973799	0.975646
380	0.964131	1.000000	1.000000	0.873886	0.973799	0.975646
390	0.965020	1.000000	1.000000	0.874530	0.973799	0.975646
400	0.965744	1.000000	1.000000	0.874720	0.973799	0.975646
410	0.966618	1.000000	1.000000	0.875606	0.973799	0.975646
420	0.967299	1.000000	1.000000	0.875843	0.973799	0.975646
430	0.968119	1.000000	1.000000	0.876716	0.973799	0.975646
440	0.968427	1.000000	1.000000	0.876588	0.973799	0.975646
450	0.968865	1.000000	1.000000	0.876755	0.973799	0.975646
460	0.969453	1.000000	1.000000	0.876801	0.973799	0.975646
470	0.969897	1.000000	1.000000	0.876841	0.973799	0.975646
480	0.970338	1.000000	1.000000	0.876952	0.973799	0.975646
490	0.971053	1.000000	1.000000	0.877703	0.973799	0.975646
500	0.971670	1.000000	1.000000	0.878220	0.973799	0.975646
510	0.972014	1.000000	1.000000	0.878302	0.973799	0.975646
520	0.972530	1.000000	1.000000	0.878303	0.973799	0.975646
530	0.973086	1.000000	1.000000	0.878100	0.973799	0.975646
540	0.973656	1.000000	1.000000	0.878268	0.973799	0.975646
550	0.974586	1.000000	1.000000	0.879328	0.973799	0.975646
560	0.975203	1.000000	1.000000	0.879494	0.973799	0.975646
570	0.975929	1.000000	1.000000	0.880242	0.973799	0.975646
580	0.976241	1.000000	1.000000	0.880724	0.973799	0.975646
590	0.976973	1.000000	1.000000	0.881421	0.973799	0.975646
600	0.977572	1.000000	1.000000	0.882104	0.973799	0.975646
610	0.977973	1.000000	1.000000	0.881951	0.973799	0.975646
620	0.978575	1.000000	1.000000	0.882715	0.973799	0.975646
630	0.979059	1.000000	1.000000	0.883339	0.973799	0.975646
640	0.979375	1.000000	1.000000	0.883459	0.973799	0.975646
650	0.979555	1.000000	1.000000	0.883464	0.973799	0.975646
660	0.979953	1.000000	1.000000	0.883792	0.973799	0.975646
670	0.980162	1.000000	1.000000	0.883796	0.973799	0.975646
680	0.980381	1.000000	1.000000	0.884036	0.973799	0.975646
690	0.980567	1.000000	1.000000	0.884047	0.973799	0.975646
700	0.981049	1.000000	1.000000	0.884221	0.973799	0.975646
710	0.981230	1.000000	1.000000	0.884357	0.973799	0.975646
720	0.981450	1.000000	1.000000	0.884595	0.973799	0.975646
730	0.981671	1.000000	1.000000	0.884765	0.973799	0.975646
740	0.981927	1.000000	1.000000	0.884941	0.973799	0.975646
750	0.982161	1.000000	1.000000	0.884747	0.973799	0.975646
760	0.982359	1.000000	1.000000	0.884649	0.973799	0.975646
770	0.982523	1.000000	1.000000	0.884446	0.973799	0.975646
780	0.982789	1.000000	1.000000	0.884513	0.973799	0.975646
790	0.983107	1.000000	1.000000	0.884788	0.973799	0.975646
800	0.983476	1.000000	1.000000	0.885031	0.973799	0.975646
810	0.983684	1.000000	1.000000	0.885077	0.973799	0.975646
820	0.983848	1.000000	1.000000	0.885114	0.973799	0.975646
830	0.984105	1.000000	1.000000	0.884836	0.973799	0.975646
840	0.984338	1.000000	1.000000	0.885086	0.973799	0.975646
850	0.984487	1.000000	1.000000	0.884999	0.973799	0.975646
860	0.984644	1.000000	1.000000	0.885110	0.973799	0.975646
870	0.984760	1.000000	1.000000	0.885072	0.973799	0.975646
880	0.984931	1.000000	1.000000	0.885147	0.973799	0.975646
890	0.985171	1.000000	1.000000	0.885482	0.973799	0.975646
900	0.985362	1.000000	1.000000	0.885815	0.973799	0.975646
910	0.985445	1.000000	1.000000	0.885752	0.973799	0.975646
920	0.985647	1.000000	1.000000	0.885909	0.973799	0.975646
930	0.985728	1.000000	1.000000	0.885843	0.973799	0.975646
940	0.985906	1.000000	1.000000	0.885705	0.973799	0.975646
950	0.985995	1.000000	1.000000	0.885659	0.973799	0.975646
960	0.986125	1.000000	1.000000	0.885634	0.973799	0.975646
970	0.986289	1.000000	1.000000	0.885518	0.973799	0.975646
980	0.986463	1.000000	1.000000	0.885710	0.973799	0.975646
990	0.986706	1.000000	1.000000	0.885669	0.973799	0.975646
1000	0.986948	1.000000	1.000000	0.885942	0.973799	0.975646
1010	0.987098	1.000000	1.000000	0.885955	0.973799	0.975646
1020	0.987170	1.000000	1.000000	0.885856	0.973799	0.975646
1030	0.987334	1.000000	1.000000	0.885842	0.973799	0.975646
1040	0.987517	1.000000	1.000000	0.885945	0.973799	0.975646
1050	0.987694	1.000000	1.000000	0.885991	0.973799	0.975646
1060	0.987861	1.000000	1.000000	0.885898	0.973799	0.975646
1070	0.988073	1.000000	1.000000	0.886216	0.973799	0.975646
1080	0.988164	1.000000	1.000000	0.886327	0.973799	0.975646
1090	0.988249	1.000000	1.000000	0.886698	0.973799	0.975646
1100	0.988370	1.000000	1.000000	0.886720	0.973799	0.975646
1110	0.988453	1.000000	1.000000	0.886725	0.973799	0.975646
1120	0.988545	1.000000	1.000000	0.886324	0.973799	0.975646
1130	0.988712	1.000000	1.000000	0.886601	0.973799	0.975646
1140	0.988868	1.000000	1.000000	0.886560	0.973799	0.975646
1150	0.989037	1.000000	1.000000	0.886800	0.973799	0.975646
1160	0.989121	1.000000	1.000000	0.886911	0.973799	0.975646
1170	0.989226	1.000000	1.000000	0.887049	0.973799	0.975646
1180	0.989332	1.000000	1.000000	0.887066	0.973799	0.975646
1190	0.989423	1.000000	1.000000	0.887201	0.973799	0.975646
1200	0.989532	1.000000	1.000000	0.887233	0.973799	0.975646
1210	0.989615	1.000000	1.000000	0.887195	0.973799	0.975646
1220	0.989664	1.000000	1.000000	0.887188	0.973799	0.975646
1230	0.989742	1.000000	1.000000	0.887070	0.973799	0.975646
1240	0.989792	1.000000	1.000000	0.887083	0.973799	0.975646
1250	0.989851	1.000000	1.000000	0.887045	0.973799	0.975646
1260	0.989897	1.000000	1.000000	0.887028	0.973799	0.975646
1270	0.990019	1.000000	1.000000	0.887173	0.978166	0.979739
1280	0.990088	1.000000	1.000000	0.887039	0.973799	0.975646
1290	0.990141	1.000000	1.000000	0.886989	0.973799	0.975646
1300	0.990260	1.000000	1.000000	0.887085	0.973799	0.975646
1310	0.990307	1.000000	1.000000	0.887057	0.978166	0.979739
1320	0.990376	1.000000	1.000000	0.886920	0.978166	0.979739
1330	0.990434	1.000000	1.000000	0.886886	0.978166	0.979739
1340	0.990494	1.000000	1.000000	0.886859	0.978166	0.979739
1350	0.990532	1.000000	1.000000	0.886917	0.978166	0.979739
1360	0.990594	1.000000	1.000000	0.886994	0.978166	0.979739
1370	0.990673	1.000000	1.000000	0.887062	0.978166	0.979739
1380	0.990771	1.000000	1.000000	0.886973	0.978166	0.979739
1390	0.990850	1.000000	1.000000	0.886981	0.978166	0.979739
1400	0.990935	1.000000	1.000000	0.887015	0.973799	0.975646
1410	0.990997	1.000000	1.000000	0.887039	0.978166	0.979739
1420	0.991051	1.000000	1.000000	0.886973	0.978166	0.979739
1430	0.991107	1.000000	1.000000	0.886868	0.978166	0.979739
1440	0.991215	1.000000	1.000000	0.886945	0.973799	0.975646
1450	0.991292	1.000000	1.000000	0.886999	0.973799	0.975646
1460	0.991344	1.000000	1.000000	0.886984	0.973799	0.975646
1470	0.991381	1.000000	1.000000	0.887034	0.973799	0.975646
1480	0.991422	1.000000	1.000000	0.887070	0.978166	0.979739
1490	0.991476	1.000000	1.000000	0.886862	0.973799	0.975646
1500	0.991537	1.000000	1.000000	0.886943	0.978166	0.979739
1510	0.991607	1.000000	1.000000	0.887076	0.978166	0.979739
1520	0.991658	1.000000	1.000000	0.887078	0.978166	0.979739
1530	0.991710	1.000000	1.000000	0.887060	0.978166	0.979739
1540	0.991764	1.000000	1.000000	0.887044	0.978166	0.979739
1550	0.991821	1.000000	1.000000	0.887011	0.978166	0.979739
1560	0.991853	1.000000	1.000000	0.886929	0.978166	0.979739
1570	0.991914	1.000000	1.000000	0.886847	0.978166	0.979739
1580	0.991970	1.000000	1.000000	0.886933	0.978166	0.979739
1590	0.992003	1.000000	1.000000	0.886792	0.978166	0.979739
1600	0.992060	1.000000	1.000000	0.886794	0.978166	0.979739
1610	0.992112	1.000000	1.000000	0.886700	0.978166	0.979739
1620	0.992150	1.000000	1.000000	0.886715	0.978166	0.979739
1630	0.992198	1.000000	1.000000	0.886672	0.978166	0.979739
1640	0.992230	1.000000	1.000000	0.886596	0.978166	0.979739
1650	0.992261	1.000000	1.000000	0.886549	0.978166	0.979739
1660	0.992327	1.000000	1.000000	0.886519	0.978166	0.979739
1670	0.992392	1.000000	1.000000	0.886634	0.978166	0.979739
1680	0.992458	1.000000	1.000000	0.886703	0.978166	0.979739
1690	0.992509	1.000000	1.000000	0.886702	0.978166	0.979739
1700	0.992539	1.000000	1.000000	0.886675	0.978166	0.979739
1710	0.992569	1.000000	1.000000	0.886687	0.978166	0.979739
1720	0.992621	1.000000	1.000000	0.886626	0.978166	0.979739
1730	0.992646	1.000000	1.000000	0.886568	0.978166	0.979739
1740	0.992671	1.000000	1.000000	0.886528	0.978166	0.979739
1750	0.992700	1.000000	1.000000	0.886408	0.978166	0.979739
1760	0.992732	1.000000	1.000000	0.886258	0.978166	0.979739
1770	0.992773	1.000000	1.000000	0.886275	0.978166	0.979739
1780	0.992840	1.000000	1.000000	0.886365	0.978166	0.979739
1790	0.992860	1.000000	1.000000	0.886323	0.978166	0.979739
1800	0.992883	1.000000	1.000000	0.886303	0.978166	0.979739
1810	0.992927	1.000000	1.000000	0.886209	0.978166	0.979739
1820	0.992972	1.000000	1.000000	0.886222	0.978166	0.979739
1830	0.993022	1.000000	1.000000	0.886259	0.978166	0.979739
1840	0.993042	1.000000	1.000000	0.886139	0.978166	0.979739
1850	0.993075	1.000000	1.000000	0.886126	0.978166	0.979739
1860	0.993094	1.000000	1.000000	0.886116	0.978166	0.979739
1870	0.993124	1.000000	1.000000	0.886066	0.978166	0.979739
1880	0.993141	1.000000	1.000000	0.886032	0.978166	0.979739
1890	0.993165	1.000000	1.000000	0.886008	0.978166	0.979739
1900	0.993197	1.000000	1.000000	0.885986	0.978166	0.979739
1910	0.993262	1.000000	1.000000	0.885992	0.978166	0.979739
1920	0.993282	1.000000	1.000000	0.885859	0.978166	0.979739
1930	0.993318	1.000000	1.000000	0.885843	0.978166	0.979739
1940	0.993355	1.000000	1.000000	0.885839	0.978166	0.979739
1950	0.993377	1.000000	1.000000	0.885759	0.978166	0.979739
1960	0.993420	1.000000	1.000000	0.885707	0.978166	0.979739
1970	0.993450	1.000000	1.000000	0.885757	0.978166	0.979739
1980	0.993472	1.000000	1.000000	0.885758	0.978166	0.979739
1990	0.993499	1.000000	1.000000	0.885757	0.978166	0.979739
2000	0.993535	1.000000	1.000000	0.885576	0.978166	0.979739
2010	0.993595	1.000000	1.000000	0.885623	0.978166	0.979739
2020	0.993620	1.000000	1.000000	0.885625	0.978166	0.979739
2030	0.993627	1.000000	1.000000	0.885438	0.978166	0.979739
2040	0.993672	1.000000	1.000000	0.885288	0.978166	0.979739
2050	0.993703	1.000000	1.000000	0.885252	0.978166	0.979739
2060	0.993735	1.000000	1.000000	0.885239	0.978166	0.979739
2070	0.993778	1.000000	1.000000	0.884973	0.978166	0.979739
2080	0.993826	1.000000	1.000000	0.885052	0.978166	0.979739
2090	0.993876	1.000000	1.000000	0.885080	0.978166	0.979739
2100	0.993904	1.000000	1.000000	0.885006	0.978166	0.979739
2110	0.993943	1.000000	1.000000	0.884958	0.978166	0.979739
2120	0.993970	1.000000	1.000000	0.885001	0.978166	0.979739
2130	0.993996	1.000000	1.000000	0.885031	0.978166	0.979739
2140	0.994015	1.000000	1.000000	0.885052	0.978166	0.979739
2150	0.994030	1.000000	1.000000	0.885088	0.978166	0.979739
2160	0.994046	1.000000	1.000000	0.885045	0.978166	0.979739
2170	0.994074	1.000000	1.000000	0.885045	0.978166	0.979739
2180	0.994091	1.000000	1.000000	0.885002	0.978166	0.979739
2190	0.994126	1.000000	1.000000	0.885019	0.978166	0.979739
2200	0.994154	1.000000	1.000000	0.885087	0.978166	0.979739
2210	0.994196	1.000000	1.000000	0.885136	0.978166	0.979739
2220	0.994222	1.000000	1.000000	0.885112	0.978166	0.979739
2230	0.994239	1.000000	1.000000	0.885148	0.978166	0.979739
2240	0.994269	1.000000	1.000000	0.885187	0.978166	0.979739
2250	0.994291	1.000000	1.000000	0.885193	0.978166	0.979739
2260	0.994334	1.000000	1.000000	0.885330	0.978166	0.979739
2270	0.994355	1.000000	1.000000	0.885375	0.978166	0.979739
2280	0.994379	1.000000	1.000000	0.885333	0.978166	0.979739
2290	0.994400	1.000000	1.000000	0.885235	0.978166	0.979739
2300	0.994423	1.000000	1.000000	0.885151	0.978166	0.979739
2310	0.994440	1.000000	1.000000	0.885134	0.978166	0.979739
2320	0.994465	1.000000	1.000000	0.885165	0.978166	0.979739
2330	0.994483	1.000000	1.000000	0.885133	0.978166	0.979739
2340	0.994498	1.000000	1.000000	0.885030	0.978166	0.979739
2350	0.994519	1.000000	1.000000	0.885026	0.978166	0.979739
2360	0.994547	1.000000	1.000000	0.885033	0.978166	0.979739
2370	0.994581	1.000000	1.000000	0.885032	0.978166	0.979739
2380	0.994599	1.000000	1.000000	0.885015	0.978166	0.979739
2390	0.994628	1.000000	1.000000	0.885005	0.978166	0.979739
2400	0.994647	1.000000	1.000000	0.884990	0.978166	0.979739
2410	0.994669	1.000000	1.000000	0.884959	0.978166	0.979739
2420	0.994681	1.000000	1.000000	0.884931	0.978166	0.979739
2430	0.994695	1.000000	1.000000	0.884873	0.978166	0.979739
2440	0.994714	1.000000	1.000000	0.884834	0.978166	0.979739
2450	0.994726	1.000000	1.000000	0.884681	0.978166	0.979739
2460	0.994759	1.000000	1.000000	0.884589	0.978166	0.979739
2470	0.994773	1.000000	1.000000	0.884541	0.978166	0.979739
2480	0.994801	1.000000	1.000000	0.884426	0.978166	0.979739
2490	0.994839	1.000000	1.000000	0.884484	0.978166	0.979739
2500	0.994857	1.000000	1.000000	0.884451	0.978166	0.979739
