10	0.432204	0.822791	0.775835	0.424269	0.803347	0.771077
20	0.533453	0.833414	0.777116	0.513103	0.811715	0.770551
30	0.610567	0.978271	0.978420	0.582313	0.945607	0.953223
40	0.676930	0.987929	0.987852	0.645940	0.966527	0.970875
50	0.726504	0.992274	0.992202	0.693399	0.966527	0.970875
60	0.763379	0.992274	0.992202	0.726141	0.966527	0.970875
70	0.790376	0.995654	0.995606	0.750692	0.966527	0.970875
80	0.819036	0.997103	0.997070	0.774518	0.966527	0.970875
90	0.836332	0.998069	0.998045	0.791422	0.966527	0.970875
100	0.848924	0.998069	0.998045	0.803349	0.966527	0.970875
110	0.867710	0.998069	0.998045	0.818522	0.962343	0.966997
120	0.875217	0.998069	0.998045	0.825938	0.966527	0.970358
130	0.885569	0.998551	0.998533	0.834243	0.966527	0.971574
140	0.892942	0.999034	0.999023	0.839802	0.966527	0.971574
150	0.900292	0.999517	0.999512	0.844136	0.966527	0.971574
160	0.907018	1.000000	1.000000	0.849746	0.966527	0.971574
170	0.911952	1.000000	1.000000	0.854850	0.966527	0.971574
180	0.915474	1.000000	1.000000	0.858443	0.966527	0.971574
190	0.920751	1.000000	1.000000	0.864249	0.966527	0.971574
200	0.926244	1.000000	1.000000	0.868836	0.966527	0.971574
210	0.931197	1.000000	1.000000	0.873199	0.966527	0.971574
220	0.933263	1.000000	1.000000	0.875577	0.966527	0.971574
230	0.936627	1.000000	1.000000	0.878731	0.966527	0.971574
240	0.939613	1.000000	1.000000	0.880910	0.966527	0.971574
250	0.942384	1.000000	1.000000	0.883856	0.966527	0.971574
260	0.944877	1.000000	1.000000	0.885642	0.966527	0.971574
270	0.946257	1.000000	1.000000	0.886960	0.966527	0.971574
280	0.947859	1.000000	1.000000	0.888449	0.970711	0.974885
290	0.949567	1.000000	1.000000	0.889379	0.970711	0.974885
300	0.950459	1.000000	1.000000	0.889979	0.970711	0.974885
310	0.951412	1.000000	1.000000	0.890806	0.970711	0.974885
320	0.952717	1.000000	1.000000	0.892193	0.970711	0.974885
330	0.954032	1.000000	1.000000	0.893861	0.970711	0.974885
340	0.954834	1.000000	1.000000	0.894538	0.970711	0.974885
350	0.957048	1.000000	1.000000	0.897089	0.970711	0.974885
360	0.957581	1.000000	1.000000	0.898151	0.970711	0.974885
370	0.958233	1.000000	1.000000	0.898776	0.970711	0.974885
380	0.959571	1.000000	1.000000	0.900317	0.970711	0.974885
390	0.960640	1.000000	1.000000	0.901031	0.970711	0.974885
400	0.961419	1.000000	1.000000	0.901956	0.970711	0.974885
410	0.962078	1.000000	1.000000	0.903098	0.970711	0.974885
420	0.963244	1.000000	1.000000	0.904454	0.970711	0.974885
430	0.964277	1.000000	1.000000	0.905661	0.970711	0.974885
440	0.964985	1.000000	1.000000	0.906526	0.970711	0.974885
450	0.966185	1.000000	1.000000	0.907744	0.970711	0.974885
460	0.966913	1.000000	1.000000	0.908611	0.974895	0.978273
470	0.967433	1.000000	1.000000	0.908717	0.974895	0.978273
480	0.968824	1.000000	1.000000	0.909797	0.974895	0.978273
490	0.969569	1.000000	1.000000	0.910458	0.970711	0.974885
500	0.970497	1.000000	1.000000	0.911273	0.970711	0.974885
510	0.971025	1.000000	1.000000	0.911716	0.970711	0.974885
520	0.972074	1.000000	1.000000	0.913276	0.974895	0.978273
530	0.972300	1.000000	1.000000	0.913734	0.974895	0.978273
540	0.972521	1.000000	1.000000	0.914369	0.974895	0.978273
550	0.972845	1.000000	1.000000	0.914493	0.974895	0.978273
560	0.973427	1.000000	1.000000	0.914859	0.974895	0.978273
570	0.974156	1.000000	1.000000	0.915711	0.974895	0.978273
580	0.974596	1.000000	1.000000	0.916073	0.974895	0.978273
590	0.974780	1.000000	1.000000	0.916061	0.974895	0.978273
600	0.975017	1.000000	1.000000	0.916272	0.974895	0.978273
610	0.975334	1.000000	1.000000	0.916606	0.974895	0.978273
620	0.975641	1.000000	1.000000	0.916692	0.974895	0.978273
630	0.976054	1.000000	1.000000	0.916984	0.974895	0.978273
640	0.976404	1.000000	1.000000	0.917475	0.974895	0.978273
650	0.976684	1.000000	1.000000	0.917746	0.974895	0.978273
660	0.976951	1.000000	1.000000	0.917967	0.974895	0.978273
670	0.977192	1.000000	1.000000	0.918044	0.974895	0.978273
680	0.977608	1.000000	1.000000	0.918521	0.974895	0.978273
690	0.977967	1.000000	1.000000	0.918825	0.974895	0.978273
700	0.978299	1.000000	1.000000	0.918953	0.974895	0.978273
710	0.978670	1.000000	1.000000	0.919227	0.974895	0.978273
720	0.979236	1.000000	1.000000	0.920098	0.974895	0.978273
730	0.979426	1.000000	1.000000	0.919965	0.974895	0.978273
740	0.979596	1.000000	1.000000	0.920326	0.974895	0.978273
750	0.980040	1.000000	1.000000	0.921174	0.974895	0.978273
760	0.980177	1.000000	1.000000	0.921138	0.974895	0.978273
770	0.980361	1.000000	1.000000	0.921308	0.974895	0.978273
780	0.980495	1.000000	1.000000	0.921345	0.974895	0.978273
790	0.980936	1.000000	1.000000	0.922266	0.974895	0.978273
800	0.981084	1.000000	1.000000	0.922150	0.974895	0.978273
810	0.981478	1.000000	1.000000	0.922504	0.974895	0.978273
820	0.981640	1.000000	1.000000	0.922499	0.974895	0.978273
830	0.981806	1.000000	1.000000	0.922594	0.974895	0.978273
840	0.981923	1.000000	1.000000	0.922564	0.974895	0.978273
850	0.982234	1.000000	1.000000	0.922928	0.974895	0.978273
860	0.982434	1.000000	1.000000	0.922937	0.974895	0.978273
870	0.982636	1.000000	1.000000	0.923045	0.974895	0.978273
880	0.982791	1.000000	1.000000	0.923086	0.974895	0.978273
890	0.982883	1.000000	1.000000	0.923169	0.974895	0.978273
900	0.983066	1.000000	1.000000	0.923008	0.974895	0.978273
910	0.983188	1.000000	1.000000	0.922984	0.974895	0.978273
920	0.983405	1.000000	1.000000	0.923195	0.974895	0.978273
930	0.983626	1.000000	1.000000	0.923424	0.974895	0.978273
940	0.983845	1.000000	1.000000	0.923894	0.974895	0.978273
950	0.984014	1.000000	1.000000	0.924057	0.974895	0.978273
960	0.984340	1.000000	1.000000	0.924387	0.974895	0.978273
970	0.984474	1.000000	1.000000	0.924568	0.974895	0.978273
980	0.984660	1.000000	1.000000	0.924760	0.974895	0.978273
990	0.984859	1.000000	1.000000	0.925178	0.974895	0.978273
1000	0.985064	1.000000	1.000000	0.925355	0.974895	0.978273
1010	0.985140	1.000000	1.000000	0.925491	0.974895	0.978273
1020	0.985346	1.000000	1.000000	0.925732	0.974895	0.978273
1030	0.985512	1.000000	1.000000	0.926031	0.974895	0.978273
1040	0.985568	1.000000	1.000000	0.926000	0.974895	0.978273
1050	0.985666	1.000000	1.000000	0.926006	0.974895	0.978273
1060	0.985785	1.000000	1.000000	0.926219	0.974895	0.978273
1070	0.985839	1.000000	1.000000	0.926310	0.974895	0.978273
1080	0.985901	1.000000	1.000000	0.926410	0.974895	0.978273
1090	0.986011	1.000000	1.000000	0.926625	0.974895	0.978273
1100	0.986124	1.000000	1.000000	0.926711	0.974895	0.978273
1110	0.986216	1.000000	1.000000	0.926759	0.974895	0.978273
1120	0.986284	1.000000	1.000000	0.926926	0.974895	0.978273
1130	0.986325	1.000000	1.000000	0.926807	0.974895	0.978273
1140	0.986564	1.000000	1.000000	0.927168	0.974895	0.978273
1150	0.986680	1.000000	1.000000	0.927056	0.974895	0.978273
1160	0.986758	1.000000	1.000000	0.927128	0.974895	0.978273
1170	0.986884	1.000000	1.000000	0.927200	0.974895	0.978273
1180	0.986967	1.000000	1.000000	0.927180	0.974895	0.978273
1190	0.987144	1.000000	1.000000	0.927315	0.974895	0.978273
1200	0.987250	1.000000	1.000000	0.927274	0.974895	0.978273
1210	0.987289	1.000000	1.000000	0.927173	0.974895	0.978273
1220	0.987488	1.000000	1.000000	0.927385	0.974895	0.978273
1230	0.987557	1.000000	1.000000	0.927487	0.974895	0.978273
1240	0.987594	1.000000	1.000000	0.927354	0.974895	0.978273
1250	0.987693	1.000000	1.000000	0.927437	0.974895	0.978273
1260	0.987756	1.000000	1.000000	0.927489	0.974895	0.978273
1270	0.987868	1.000000	1.000000	0.927613	0.974895	0.978273
1280	0.987948	1.000000	1.000000	0.927601	0.974895	0.978273
1290	0.988072	1.000000	1.000000	0.927772	0.974895	0.978273
1300	0.988153	1.000000	1.000000	0.927734	0.974895	0.978273
1310	0.988201	1.000000	1.000000	0.927801	0.974895	0.978273
1320	0.988282	1.000000	1.000000	0.927905	0.974895	0.978273
1330	0.988372	1.000000	1.000000	0.927999	0.974895	0.978273
1340	0.988451	1.000000	1.000000	0.928118	0.974895	0.978273
1350	0.988530	1.000000	1.000000	0.928040	0.974895	0.978273
1360	0.988648	1.000000	1.000000	0.928121	0.974895	0.978273
1370	0.988772	1.000000	1.000000	0.928176	0.974895	0.978273
1380	0.988822	1.000000	1.000000	0.928246	0.974895	0.978273
1390	0.988864	1.000000	1.000000	0.928263	0.974895	0.978273
1400	0.988925	1.000000	1.000000	0.928347	0.974895	0.978273
1410	0.988956	1.000000	1.000000	0.928448	0.974895	0.978273
1420	0.989050	1.000000	1.000000	0.928515	0.974895	0.978273
1430	0.989104	1.000000	1.000000	0.928815	0.974895	0.978273
1440	0.989164	1.000000	1.000000	0.928780	0.974895	0.978273
1450	0.989251	1.000000	1.000000	0.928819	0.974895	0.978273
1460	0.989282	1.000000	1.000000	0.928894	0.974895	0.978273
1470	0.989338	1.000000	1.000000	0.928942	0.974895	0.978273
1480	0.989384	1.000000	1.000000	0.929127	0.974895	0.978273
1490	0.989517	1.000000	1.000000	0.929207	0.974895	0.978273
1500	0.989543	1.000000	1.000000	0.929056	0.974895	0.978273
1510	0.989602	1.000000	1.000000	0.929060	0.974895	0.978273
1520	0.989651	1.000000	1.000000	0.929012	0.974895	0.978273
1530	0.989751	1.000000	1.000000	0.929091	0.974895	0.978273
1540	0.989815	1.000000	1.000000	0.929032	0.974895	0.978273
1550	0.989885	1.000000	1.000000	0.929243	0.974895	0.978273
1560	0.989989	1.000000	1.000000	0.929330	0.974895	0.978273
1570	0.990025	1.000000	1.000000	0.929270	0.974895	0.978273
1580	0.990081	1.000000	1.000000	0.929209	0.974895	0.978273
1590	0.990133	1.000000	1.000000	0.929166	0.974895	0.978273
1600	0.990150	1.000000	1.000000	0.929083	0.974895	0.978273
1610	0.990255	1.000000	1.000000	0.929314	0.974895	0.978273
1620	0.990354	1.000000	1.000000	0.929442	0.974895	0.978273
1630	0.990447	1.000000	1.000000	0.929551	0.974895	0.978273
1640	0.990577	1.000000	1.000000	0.929797	0.974895	0.978273
1650	0.990636	1.000000	1.000000	0.929629	0.974895	0.978273
1660	0.990703	1.000000	1.000000	0.929717	0.974895	0.978273
1670	0.990780	1.000000	1.000000	0.929679	0.974895	0.978273
1680	0.990860	1.000000	1.000000	0.929693	0.974895	0.978273
1690	0.990905	1.000000	1.000000	0.929695	0.974895	0.978273
1700	0.990935	1.000000	1.000000	0.929713	0.974895	0.978273
1710	0.990964	1.000000	1.000000	0.929822	0.974895	0.978273
1720	0.990988	1.000000	1.000000	0.929966	0.974895	0.978273
1730	0.991052	1.000000	1.000000	0.930075	0.974895	0.978273
1740	0.991095	1.000000	1.000000	0.930202	0.974895	0.978273
1750	0.991151	1.000000	1.000000	0.930272	0.974895	0.978273
1760	0.991173	1.000000	1.000000	0.930276	0.974895	0.978273
1770	0.991213	1.000000	1.000000	0.930178	0.974895	0.978273
1780	0.991239	1.000000	1.000000	0.930183	0.974895	0.978273
1790	0.991265	1.000000	1.000000	0.930165	0.974895	0.978273
1800	0.991341	1.000000	1.000000	0.930237	0.974895	0.978273
1810	0.991381	1.000000	1.000000	0.930268	0.974895	0.978273
1820	0.991427	1.000000	1.000000	0.930289	0.974895	0.978273
1830	0.991491	1.000000	1.000000	0.930316	0.974895	0.978273
1840	0.991510	1.000000	1.000000	0.930231	0.974895	0.978273
1850	0.991524	1.000000	1.000000	0.930318	0.974895	0.978273
1860	0.991552	1.000000	1.000000	0.930246	0.974895	0.978273
1870	0.991586	1.000000	1.000000	0.930218	0.974895	0.978273
1880	0.991613	1.000000	1.000000	0.930138	0.974895	0.978273
1890	0.991638	1.000000	1.000000	0.930184	0.974895	0.978273
1900	0.991671	1.000000	1.000000	0.930139	0.974895	0.978273
1910	0.991694	1.000000	1.000000	0.930130	0.974895	0.978273
1920	0.991727	1.000000	1.000000	0.930158	0.974895	0.978273
1930	0.991770	1.000000	1.000000	0.930246	0.974895	0.978273
1940	0.991805	1.000000	1.000000	0.930249	0.974895	0.978273
1950	0.991817	1.000000	1.000000	0.930144	0.974895	0.978273
1960	0.991836	1.000000	1.000000	0.930187	0.974895	0.978273
1970	0.991861	1.000000	1.000000	0.930250	0.974895	0.978273
1980	0.991920	1.000000	1.000000	0.930306	0.974895	0.978273
1990	0.991944	1.000000	1.000000	0.930387	0.974895	0.978273
2000	0.991962	1.000000	1.000000	0.930417	0.974895	0.978273
2010	0.991989	1.000000	1.000000	0.930412	0.974895	0.978273
2020	0.992009	1.000000	1.000000	0.930359	0.974895	0.978273
2030	0.992071	1.000000	1.000000	0.930413	0.974895	0.978273
2040	0.992089	1.000000	1.000000	0.930513	0.974895	0.978273
2050	0.992108	1.000000	1.000000	0.930496	0.974895	0.978273
2060	0.992134	1.000000	1.000000	0.930577	0.974895	0.978273
2070	0.992155	1.000000	1.000000	0.930612	0.974895	0.978273
2080	0.992168	1.000000	1.000000	0.930565	0.974895	0.978273
2090	0.992187	1.000000	1.000000	0.930606	0.974895	0.978273
2100	0.992211	1.000000	1.000000	0.930661	0.974895	0.978273
2110	0.992240	1.000000	1.000000	0.930706	0.974895	0.978273
2120	0.992268	1.000000	1.000000	0.930775	0.974895	0.978273
2130	0.992283	1.000000	1.000000	0.930796	0.974895	0.978273
2140	0.992313	1.000000	1.000000	0.930780	0.974895	0.978273
2150	0.992325	1.000000	1.000000	0.930880	0.974895	0.978273
2160	0.992345	1.000000	1.000000	0.930931	0.974895	0.978273
2170	0.992367	1.000000	1.000000	0.930932	0.974895	0.978273
2180	0.992406	1.000000	1.000000	0.931029	0.974895	0.978273
2190	0.992424	1.000000	1.000000	0.931141	0.974895	0.978273
2200	0.992455	1.000000	1.000000	0.931232	0.974895	0.978273
2210	0.992479	1.000000	1.000000	0.931336	0.974895	0.978273
2220	0.992493	1.000000	1.000000	0.931428	0.974895	0.978273
2230	0.992510	1.000000	1.000000	0.931424	0.974895	0.978273
2240	0.992523	1.000000	1.000000	0.931507	0.974895	0.978273
2250	0.992537	1.000000	1.000000	0.931552	0.974895	0.978273
2260	0.992552	1.000000	1.000000	0.931548	0.974895	0.978273
2270	0.992567	1.000000	1.000000	0.931547	0.974895	0.978273
2280	0.992619	1.000000	1.000000	0.931706	0.974895	0.978273
2290	0.992670	1.000000	1.000000	0.931745	0.974895	0.978273
2300	0.992713	1.000000	1.000000	0.931788	0.974895	0.978273
2310	0.992758	1.000000	1.000000	0.931790	0.974895	0.978273
2320	0.992767	1.000000	1.000000	0.931724	0.974895	0.978273
2330	0.992794	1.000000	1.000000	0.931763	0.974895	0.978273
2340	0.992817	1.000000	1.000000	0.931820	0.974895	0.978273
2350	0.992830	1.000000	1.000000	0.931821	0.974895	0.978273
2360	0.992839	1.000000	1.000000	0.931793	0.974895	0.978273
2370	0.992879	1.000000	1.000000	0.931860	0.974895	0.978273
2380	0.992901	1.000000	1.000000	0.931886	0.974895	0.978273
2390	0.992920	1.000000	1.000000	0.931970	0.974895	0.978273
2400	0.992952	1.000000	1.000000	0.931945	0.974895	0.978273
2410	0.992999	1.000000	1.000000	0.932084	0.974895	0.978273
2420	0.993024	1.000000	1.000000	0.932083	0.974895	0.978273
2430	0.993052	1.000000	1.000000	0.932052	0.974895	0.978273
2440	0.993076	1.000000	1.000000	0.932017	0.974895	0.978273
2450	0.993104	1.000000	1.000000	0.932016	0.974895	0.978273
2460	0.993115	1.000000	1.000000	0.932016	0.974895	0.978273
2470	0.993179	1.000000	1.000000	0.932213	0.974895	0.978273
2480	0.993192	1.000000	1.000000	0.932243	0.974895	0.978273
2490	0.993216	1.000000	1.000000	0.932291	0.974895	0.978273
2500	0.993220	1.000000	1.000000	0.932262	0.974895	0.978273
