10	0.417623	0.822627	0.773221	0.407026	0.808036	0.757812
20	0.539842	0.837967	0.782724	0.523305	0.825893	0.769409
30	0.617489	0.979386	0.979996	0.597600	0.964286	0.965792
40	0.678687	0.987536	0.987639	0.658739	0.986607	0.986589
50	0.722889	0.989453	0.989522	0.702212	0.986607	0.986589
60	0.762658	0.995206	0.995196	0.739635	0.986607	0.986589
70	0.791721	0.995686	0.995675	0.768353	0.986607	0.986589
80	0.813255	0.996165	0.996152	0.789125	0.986607	0.986589
90	0.833463	0.996644	0.996637	0.808268	0.986607	0.986589
100	0.844204	0.997603	0.997601	0.819742	0.986607	0.986589
110	0.861716	0.997603	0.997604	0.836199	0.986607	0.986589
120	0.873649	0.997603	0.997604	0.847758	0.986607	0.986589
130	0.882775	0.998562	0.998562	0.857350	0.986607	0.986589
140	0.891335	0.999041	0.999040	0.866630	0.986607	0.986589
150	0.896928	0.999041	0.999040	0.872034	0.986607	0.986589
160	0.903535	0.999041	0.999040	0.878586	0.986607	0.986589
170	0.909317	0.999521	0.999521	0.884848	0.991071	0.991049
180	0.915709	1.000000	1.000000	0.891960	0.995536	0.995496
190	0.919493	1.000000	1.000000	0.896681	0.995536	0.995496
200	0.924133	1.000000	1.000000	0.901120	0.995536	0.995496
210	0.927630	1.000000	1.000000	0.904872	0.995536	0.995496
220	0.930881	1.000000	1.000000	0.907898	0.995536	0.995496
230	0.934881	1.000000	1.000000	0.911499	0.995536	0.995496
240	0.937539	1.000000	1.000000	0.914714	0.995536	0.995496
250	0.939841	1.000000	1.000000	0.917334	0.995536	0.995496
260	0.942696	1.000000	1.000000	0.920971	0.995536	0.995496
270	0.944772	1.000000	1.000000	0.923267	0.995536	0.995496
280	0.947383	1.000000	1.000000	0.925745	0.995536	0.995496
290	0.949168	1.000000	1.000000	0.927538	0.995536	0.995496
300	0.950697	1.000000	1.000000	0.929173	0.995536	0.995496
310	0.952293	1.000000	1.000000	0.930623	0.995536	0.995496
320	0.953623	1.000000	1.000000	0.931841	0.995536	0.995496
330	0.955251	1.000000	1.000000	0.933508	0.995536	0.995496
340	0.956634	1.000000	1.000000	0.934690	0.995536	0.995496
350	0.957224	1.000000	1.000000	0.935115	0.995536	0.995496
360	0.958204	1.000000	1.000000	0.935896	0.995536	0.995496
370	0.959183	1.000000	1.000000	0.936695	0.995536	0.995496
380	0.960312	1.000000	1.000000	0.937910	0.995536	0.995496
390	0.961545	1.000000	1.000000	0.939300	0.995536	0.995496
400	0.962635	1.000000	1.000000	0.940298	0.995536	0.995496
410	0.963361	1.000000	1.000000	0.941016	0.995536	0.995496
420	0.964663	1.000000	1.000000	0.942385	0.995536	0.995496
430	0.965156	1.000000	1.000000	0.942804	0.995536	0.995496
440	0.966270	1.000000	1.000000	0.944165	0.995536	0.995496
450	0.967008	1.000000	1.000000	0.944797	0.995536	0.995496
460	0.967968	1.000000	1.000000	0.945810	0.995536	0.995496
470	0.968841	1.000000	1.000000	0.946706	0.995536	0.995496
480	0.969279	1.000000	1.000000	0.947120	0.995536	0.995496
490	0.970001	1.000000	1.000000	0.947838	0.995536	0.995496
500	0.970625	1.000000	1.000000	0.948904	0.995536	0.995496
510	0.971388	1.000000	1.000000	0.949761	0.995536	0.995496
520	0.972078	1.000000	1.000000	0.950381	0.995536	0.995496
530	0.972530	1.000000	1.000000	0.950859	0.995536	0.995496
540	0.973007	1.000000	1.000000	0.951188	0.995536	0.995496
550	0.973428	1.000000	1.000000	0.951516	0.995536	0.995496
560	0.973944	1.000000	1.000000	0.952117	0.995536	0.995496
570	0.974634	1.000000	1.000000	0.952839	0.995536	0.995496
580	0.975501	1.000000	1.000000	0.953945	0.995536	0.995496
590	0.975851	1.000000	1.000000	0.954127	0.995536	0.995496
600	0.976124	1.000000	1.000000	0.954405	0.995536	0.995496
610	0.976472	1.000000	1.000000	0.954773	0.995536	0.995496
620	0.976846	1.000000	1.000000	0.955307	0.995536	0.995496
630	0.977095	1.000000	1.000000	0.955549	0.995536	0.995496
640	0.977305	1.000000	1.000000	0.955855	0.995536	0.995496
650	0.977713	1.000000	1.000000	0.956377	0.995536	0.995496
660	0.978165	1.000000	1.000000	0.956899	0.995536	0.995496
670	0.978376	1.000000	1.000000	0.957159	0.995536	0.995496
680	0.978577	1.000000	1.000000	0.957358	0.995536	0.995496
690	0.978883	1.000000	1.000000	0.957638	0.995536	0.995496
700	0.979182	1.000000	1.000000	0.957948	0.995536	0.995496
710	0.979520	1.000000	1.000000	0.958232	0.995536	0.995496
720	0.979849	1.000000	1.000000	0.958615	0.995536	0.995496
730	0.980125	1.000000	1.000000	0.958895	0.995536	0.995496
740	0.980304	1.000000	1.000000	0.959077	0.995536	0.995496
750	0.980655	1.000000	1.000000	0.959432	0.995536	0.995496
760	0.980915	1.000000	1.000000	0.959772	0.995536	0.995496
770	0.981040	1.000000	1.000000	0.959783	0.995536	0.995496
780	0.981341	1.000000	1.000000	0.960040	0.995536	0.995496
790	0.981580	1.000000	1.000000	0.960269	0.995536	0.995496
800	0.981710	1.000000	1.000000	0.960392	0.995536	0.995496
810	0.981970	1.000000	1.000000	0.960560	0.995536	0.995496
820	0.982232	1.000000	1.000000	0.960783	0.995536	0.995496
830	0.982366	1.000000	1.000000	0.960911	0.995536	0.995496
840	0.982540	1.000000	1.000000	0.961034	0.995536	0.995496
850	0.982647	1.000000	1.000000	0.961161	0.995536	0.995496
860	0.982859	1.000000	1.000000	0.961447	0.995536	0.995496
870	0.983083	1.000000	1.000000	0.961689	0.995536	0.995496
880	0.983167	1.000000	1.000000	0.961722	0.995536	0.995496
890	0.983428	1.000000	1.000000	0.962010	0.995536	0.995496
900	0.983571	1.000000	1.000000	0.962126	0.995536	0.995496
910	0.983789	1.000000	1.000000	0.962412	0.995536	0.995496
920	0.983929	1.000000	1.000000	0.962584	0.995536	0.995496
930	0.984124	1.000000	1.000000	0.962826	0.995536	0.995496
940	0.984213	1.000000	1.000000	0.962874	0.995536	0.995496
950	0.984329	1.000000	1.000000	0.963017	0.995536	0.995496
960	0.984443	1.000000	1.000000	0.963122	0.995536	0.995496
970	0.984535	1.000000	1.000000	0.963225	0.995536	0.995496
980	0.984680	1.000000	1.000000	0.963346	0.995536	0.995496
990	0.984821	1.000000	1.000000	0.963498	0.995536	0.995496
1000	0.985013	1.000000	1.000000	0.963648	0.995536	0.995496
1010	0.985130	1.000000	1.000000	0.963777	0.995536	0.995496
1020	0.985246	1.000000	1.000000	0.963899	0.995536	0.995496
1030	0.985344	1.000000	1.000000	0.963984	0.995536	0.995496
1040	0.985489	1.000000	1.000000	0.964211	0.995536	0.995496
1050	0.985591	1.000000	1.000000	0.964340	0.995536	0.995496
1060	0.985778	1.000000	1.000000	0.964439	0.995536	0.995496
1070	0.985932	1.000000	1.000000	0.964536	0.995536	0.995496
1080	0.986046	1.000000	1.000000	0.964746	0.995536	0.995496
1090	0.986196	1.000000	1.000000	0.964931	0.995536	0.995496
1100	0.986291	1.000000	1.000000	0.964955	0.995536	0.995496
1110	0.986380	1.000000	1.000000	0.965034	0.995536	0.995496
1120	0.986512	1.000000	1.000000	0.965165	0.995536	0.995496
1130	0.986596	1.000000	1.000000	0.965229	0.995536	0.995496
1140	0.986762	1.000000	1.000000	0.965381	0.995536	0.995496
1150	0.986936	1.000000	1.000000	0.965410	0.995536	0.995496
1160	0.987018	1.000000	1.000000	0.965501	0.995536	0.995496
1170	0.987164	1.000000	1.000000	0.965655	0.995536	0.995496
1180	0.987255	1.000000	1.000000	0.965716	0.995536	0.995496
1190	0.987398	1.000000	1.000000	0.965846	0.995536	0.995496
1200	0.987522	1.000000	1.000000	0.965914	0.995536	0.995496
1210	0.987603	1.000000	1.000000	0.965956	0.995536	0.995496
1220	0.987724	1.000000	1.000000	0.966091	0.995536	0.995496
1230	0.987770	1.000000	1.000000	0.966161	0.995536	0.995496
1240	0.987854	1.000000	1.000000	0.966190	0.995536	0.995496
1250	0.987931	1.000000	1.000000	0.966259	0.995536	0.995496
1260	0.987985	1.000000	1.000000	0.966343	0.995536	0.995496
1270	0.988065	1.000000	1.000000	0.966389	0.995536	0.995496
1280	0.988152	1.000000	1.000000	0.966478	0.995536	0.995496
1290	0.988252	1.000000	1.000000	0.966588	0.995536	0.995496
1300	0.988322	1.000000	1.000000	0.966685	0.995536	0.995496
1310	0.988406	1.000000	1.000000	0.966754	0.995536	0.995496
1320	0.988463	1.000000	1.000000	0.966771	0.995536	0.995496
1330	0.988524	1.000000	1.000000	0.966924	0.995536	0.995496
1340	0.988603	1.000000	1.000000	0.967011	0.995536	0.995496
1350	0.988679	1.000000	1.000000	0.967096	0.995536	0.995496
1360	0.988735	1.000000	1.000000	0.967138	0.995536	0.995496
1370	0.988837	1.000000	1.000000	0.967195	0.995536	0.995496
1380	0.988938	1.000000	1.000000	0.967297	0.995536	0.995496
1390	0.989032	1.000000	1.000000	0.967343	0.995536	0.995496
1400	0.989129	1.000000	1.000000	0.967433	0.995536	0.995496
1410	0.989179	1.000000	1.000000	0.967454	0.995536	0.995496
1420	0.989280	1.000000	1.000000	0.967596	0.995536	0.995496
1430	0.989373	1.000000	1.000000	0.967630	0.995536	0.995496
1440	0.989420	1.000000	1.000000	0.967686	0.995536	0.995496
1450	0.989489	1.000000	1.000000	0.967762	0.995536	0.995496
1460	0.989543	1.000000	1.000000	0.967805	0.995536	0.995496
1470	0.989590	1.000000	1.000000	0.967849	0.995536	0.995496
1480	0.989675	1.000000	1.000000	0.967926	0.995536	0.995496
1490	0.989714	1.000000	1.000000	0.967949	0.995536	0.995496
1500	0.989747	1.000000	1.000000	0.967966	0.995536	0.995496
1510	0.989815	1.000000	1.000000	0.968008	0.995536	0.995496
1520	0.989874	1.000000	1.000000	0.968006	0.995536	0.995496
1530	0.989971	1.000000	1.000000	0.968162	0.995536	0.995496
1540	0.990019	1.000000	1.000000	0.968194	0.995536	0.995496
1550	0.990073	1.000000	1.000000	0.968252	0.995536	0.995496
1560	0.990123	1.000000	1.000000	0.968287	0.995536	0.995496
1570	0.990197	1.000000	1.000000	0.968373	0.995536	0.995496
1580	0.990245	1.000000	1.000000	0.968426	0.995536	0.995496
1590	0.990301	1.000000	1.000000	0.968490	0.995536	0.995496
1600	0.990364	1.000000	1.000000	0.968542	0.995536	0.995496
1610	0.990405	1.000000	1.000000	0.968593	0.995536	0.995496
1620	0.990488	1.000000	1.000000	0.968707	0.995536	0.995496
1630	0.990578	1.000000	1.000000	0.968793	0.995536	0.995496
1640	0.990653	1.000000	1.000000	0.968832	0.995536	0.995496
1650	0.990691	1.000000	1.000000	0.968857	0.995536	0.995496
1660	0.990739	1.000000	1.000000	0.968853	0.995536	0.995496
1670	0.990774	1.000000	1.000000	0.968898	0.995536	0.995496
1680	0.990809	1.000000	1.000000	0.968824	0.995536	0.995496
1690	0.990872	1.000000	1.000000	0.968916	0.995536	0.995496
1700	0.990920	1.000000	1.000000	0.968975	0.995536	0.995496
1710	0.990999	1.000000	1.000000	0.969033	0.995536	0.995496
1720	0.991027	1.000000	1.000000	0.969102	0.995536	0.995496
1730	0.991067	1.000000	1.000000	0.969119	0.995536	0.995496
1740	0.991106	1.000000	1.000000	0.969165	0.995536	0.995496
1750	0.991138	1.000000	1.000000	0.969191	0.995536	0.995496
1760	0.991215	1.000000	1.000000	0.969373	0.995536	0.995496
1770	0.991319	1.000000	1.000000	0.969533	0.995536	0.995496
1780	0.991366	1.000000	1.000000	0.969611	0.995536	0.995496
1790	0.991413	1.000000	1.000000	0.969662	0.995536	0.995496
1800	0.991479	1.000000	1.000000	0.969758	0.995536	0.995496
1810	0.991521	1.000000	1.000000	0.969789	0.995536	0.995496
1820	0.991553	1.000000	1.000000	0.969789	0.995536	0.995496
1830	0.991608	1.000000	1.000000	0.969853	0.995536	0.995496
1840	0.991664	1.000000	1.000000	0.969866	0.995536	0.995496
1850	0.991707	1.000000	1.000000	0.969893	0.995536	0.995496
1860	0.991732	1.000000	1.000000	0.969865	0.995536	0.995496
1870	0.991785	1.000000	1.000000	0.969934	0.995536	0.995496
1880	0.991806	1.000000	1.000000	0.969949	0.995536	0.995496
1890	0.991872	1.000000	1.000000	0.970042	0.995536	0.995496
1900	0.991903	1.000000	1.000000	0.970143	0.995536	0.995496
1910	0.991963	1.000000	1.000000	0.970199	0.995536	0.995496
1920	0.992006	1.000000	1.000000	0.970241	0.995536	0.995496
1930	0.992026	1.000000	1.000000	0.970251	0.995536	0.995496
1940	0.992063	1.000000	1.000000	0.970279	0.995536	0.995496
1950	0.992090	1.000000	1.000000	0.970295	0.995536	0.995496
1960	0.992138	1.000000	1.000000	0.970355	0.995536	0.995496
1970	0.992200	1.000000	1.000000	0.970424	0.995536	0.995496
1980	0.992263	1.000000	1.000000	0.970473	0.995536	0.995496
1990	0.992301	1.000000	1.000000	0.970481	0.995536	0.995496
2000	0.992357	1.000000	1.000000	0.970526	0.995536	0.995496
2010	0.992376	1.000000	1.000000	0.970531	0.995536	0.995496
2020	0.992395	1.000000	1.000000	0.970546	0.995536	0.995496
2030	0.992455	1.000000	1.000000	0.970588	0.995536	0.995496
2040	0.992488	1.000000	1.000000	0.970604	0.995536	0.995496
2050	0.992508	1.000000	1.000000	0.970606	0.995536	0.995496
2060	0.992539	1.000000	1.000000	0.970614	0.995536	0.995496
2070	0.992582	1.000000	1.000000	0.970642	0.995536	0.995496
2080	0.992612	1.000000	1.000000	0.970647	0.995536	0.995496
2090	0.992644	1.000000	1.000000	0.970668	0.995536	0.995496
2100	0.992667	1.000000	1.000000	0.970679	0.995536	0.995496
2110	0.992711	1.000000	1.000000	0.970730	0.995536	0.995496
2120	0.992727	1.000000	1.000000	0.970745	0.995536	0.995496
2130	0.992749	1.000000	1.000000	0.970769	0.995536	0.995496
2140	0.992771	1.000000	1.000000	0.970784	0.995536	0.995496
2150	0.992796	1.000000	1.000000	0.970783	0.995536	0.995496
2160	0.992836	1.000000	1.000000	0.970784	0.995536	0.995496
2170	0.992862	1.000000	1.000000	0.970785	0.995536	0.995496
2180	0.992887	1.000000	1.000000	0.970825	0.995536	0.995496
2190	0.992909	1.000000	1.000000	0.970853	0.995536	0.995496
2200	0.992947	1.000000	1.000000	0.970865	0.995536	0.995496
2210	0.992977	1.000000	1.000000	0.970905	0.995536	0.995496
2220	0.993006	1.000000	1.000000	0.970923	0.995536	0.995496
2230	0.993032	1.000000	1.000000	0.970961	0.995536	0.995496
2240	0.993066	1.000000	1.000000	0.970979	0.995536	0.995496
2250	0.993101	1.000000	1.000000	0.971011	0.995536	0.995496
2260	0.993131	1.000000	1.000000	0.971049	0.995536	0.995496
2270	0.993183	1.000000	1.000000	0.971086	0.995536	0.995496
2280	0.993209	1.000000	1.000000	0.971110	0.995536	0.995496
2290	0.993237	1.000000	1.000000	0.971150	0.995536	0.995496
2300	0.993257	1.000000	1.000000	0.971172	0.995536	0.995496
2310	0.993274	1.000000	1.000000	0.971186	0.995536	0.995496
2320	0.993308	1.000000	1.000000	0.971201	0.995536	0.995496
2330	0.993346	1.000000	1.000000	0.971224	0.995536	0.995496
2340	0.993386	1.000000	1.000000	0.971264	0.995536	0.995496
2350	0.993409	1.000000	1.000000	0.971263	0.995536	0.995496
2360	0.993428	1.000000	1.000000	0.971273	0.995536	0.995496
2370	0.993462	1.000000	1.000000	0.971313	0.995536	0.995496
2380	0.993476	1.000000	1.000000	0.971358	0.995536	0.995496
2390	0.993522	1.000000	1.000000	0.971443	0.995536	0.995496
2400	0.993564	1.000000	1.000000	0.971506	0.995536	0.995496
2410	0.993591	1.000000	1.000000	0.971527	0.995536	0.995496
2420	0.993617	1.000000	1.000000	0.971534	0.995536	0.995496
2430	0.993635	1.000000	1.000000	0.971521	0.995536	0.995496
2440	0.993661	1.000000	1.000000	0.971670	0.995536	0.995496
2450	0.993685	1.000000	1.000000	0.971698	0.995536	0.995496
2460	0.993707	1.000000	1.000000	0.971682	0.995536	0.995496
2470	0.993734	1.000000	1.000000	0.971713	0.995536	0.995496
2480	0.993753	1.000000	1.000000	0.971726	0.995536	0.995496
2490	0.993767	1.000000	1.000000	0.971760	0.995536	0.995496
2500	0.993794	1.000000	1.000000	0.971789	0.995536	0.995496
