10	0.425417	0.821411	0.768140	0.413979	0.806167	0.754406
20	0.549977	0.839654	0.787846	0.530505	0.841410	0.782184
30	0.621864	0.982717	0.983046	0.593851	0.951542	0.954547
40	0.680234	0.989438	0.989576	0.642722	0.960352	0.962140
50	0.728667	0.991839	0.991908	0.687272	0.969163	0.970815
60	0.763599	0.993279	0.993322	0.715970	0.964758	0.966086
70	0.789823	0.995199	0.995243	0.733318	0.960352	0.961749
80	0.810551	0.996159	0.996198	0.748400	0.969163	0.970722
90	0.827018	0.998080	0.998084	0.762933	0.969163	0.970633
100	0.842841	0.998080	0.998096	0.774710	0.964758	0.966913
110	0.853325	0.998080	0.998096	0.783341	0.969163	0.970722
120	0.862955	0.998560	0.998564	0.790464	0.969163	0.971169
130	0.875995	0.999520	0.999515	0.800910	0.969163	0.971258
140	0.885795	0.999520	0.999515	0.807029	0.969163	0.971619
150	0.891380	0.999520	0.999515	0.810782	0.969163	0.971619
160	0.901758	1.000000	1.000000	0.819037	0.969163	0.971619
170	0.910367	1.000000	1.000000	0.826293	0.969163	0.971445
180	0.916772	1.000000	1.000000	0.830482	0.969163	0.971619
190	0.921039	1.000000	1.000000	0.832504	0.969163	0.971619
200	0.926994	1.000000	1.000000	0.837878	0.973568	0.975594
210	0.930449	1.000000	1.000000	0.839800	0.973568	0.975383
220	0.934956	1.000000	1.000000	0.843139	0.973568	0.975383
230	0.937702	1.000000	1.000000	0.845713	0.973568	0.975383
240	0.940454	1.000000	1.000000	0.847891	0.973568	0.975383
250	0.942514	1.000000	1.000000	0.849746	0.973568	0.975383
260	0.946103	1.000000	1.000000	0.852456	0.973568	0.975383
270	0.948135	1.000000	1.000000	0.854582	0.973568	0.975383
280	0.949787	1.000000	1.000000	0.855369	0.973568	0.975383
290	0.951742	1.000000	1.000000	0.855942	0.973568	0.975383
300	0.953043	1.000000	1.000000	0.857157	0.973568	0.975383
310	0.954152	1.000000	1.000000	0.857748	0.973568	0.975383
320	0.955033	1.000000	1.000000	0.858521	0.973568	0.975383
330	0.956466	1.000000	1.000000	0.859753	0.973568	0.975383
340	0.957924	1.000000	1.000000	0.860665	0.973568	0.975383
350	0.958759	1.000000	1.000000	0.861403	0.973568	0.975383
360	0.960161	1.000000	1.000000	0.862219	0.973568	0.975383
370	0.961068	1.000000	1.000000	0.862863	0.973568	0.975383
380	0.961903	1.000000	1.000000	0.863767	0.973568	0.975383
390	0.962597	1.000000	1.000000	0.864449	0.973568	0.975383
400	0.962961	1.000000	1.000000	0.864621	0.973568	0.975383
410	0.964339	1.000000	1.000000	0.865615	0.973568	0.975383
420	0.965134	1.000000	1.000000	0.865966	0.973568	0.975383
430	0.965844	1.000000	1.000000	0.866588	0.973568	0.975346
440	0.967127	1.000000	1.000000	0.867230	0.973568	0.975346
450	0.967691	1.000000	1.000000	0.867684	0.973568	0.975346
460	0.968192	1.000000	1.000000	0.868229	0.973568	0.975346
470	0.969151	1.000000	1.000000	0.868941	0.973568	0.975346
480	0.969776	1.000000	1.000000	0.869514	0.973568	0.975346
490	0.970157	1.000000	1.000000	0.869816	0.973568	0.975346
500	0.970860	1.000000	1.000000	0.870457	0.973568	0.975346
510	0.971324	1.000000	1.000000	0.870815	0.973568	0.975346
520	0.972351	1.000000	1.000000	0.871144	0.973568	0.975346
530	0.973175	1.000000	1.000000	0.871720	0.973568	0.975346
540	0.973483	1.000000	1.000000	0.871818	0.973568	0.975346
550	0.974023	1.000000	1.000000	0.871940	0.973568	0.975346
560	0.974386	1.000000	1.000000	0.872021	0.973568	0.975346
570	0.974807	1.000000	1.000000	0.872303	0.973568	0.975346
580	0.975109	1.000000	1.000000	0.872356	0.973568	0.975346
590	0.975790	1.000000	1.000000	0.872846	0.973568	0.975346
600	0.975994	1.000000	1.000000	0.872705	0.973568	0.975346
610	0.976259	1.000000	1.000000	0.872972	0.973568	0.975346
620	0.976539	1.000000	1.000000	0.873198	0.973568	0.975346
630	0.976821	1.000000	1.000000	0.873694	0.973568	0.975346
640	0.977147	1.000000	1.000000	0.873849	0.973568	0.975346
650	0.977390	1.000000	1.000000	0.873867	0.973568	0.975346
660	0.977630	1.000000	1.000000	0.873777	0.973568	0.975346
670	0.977918	1.000000	1.000000	0.874026	0.973568	0.975346
680	0.978317	1.000000	1.000000	0.874599	0.973568	0.975346
690	0.978594	1.000000	1.000000	0.874212	0.973568	0.975346
700	0.978995	1.000000	1.000000	0.875053	0.973568	0.975346
710	0.979499	1.000000	1.000000	0.875344	0.973568	0.975346
720	0.979674	1.000000	1.000000	0.875394	0.973568	0.975346
730	0.979946	1.000000	1.000000	0.875458	0.973568	0.975346
740	0.980121	1.000000	1.000000	0.875437	0.973568	0.975346
750	0.980301	1.000000	1.000000	0.875466	0.973568	0.975346
760	0.980642	1.000000	1.000000	0.875726	0.973568	0.975346
770	0.981008	1.000000	1.000000	0.875808	0.973568	0.975346
780	0.981459	1.000000	1.000000	0.876014	0.973568	0.975346
790	0.981684	1.000000	1.000000	0.876202	0.973568	0.975346
800	0.981817	1.000000	1.000000	0.876022	0.973568	0.975346
810	0.982052	1.000000	1.000000	0.876317	0.973568	0.975346
820	0.982371	1.000000	1.000000	0.876496	0.973568	0.975346
830	0.982576	1.000000	1.000000	0.876584	0.973568	0.975346
840	0.982878	1.000000	1.000000	0.876915	0.973568	0.975346
850	0.983085	1.000000	1.000000	0.877089	0.973568	0.975346
860	0.983230	1.000000	1.000000	0.877391	0.973568	0.975346
870	0.983405	1.000000	1.000000	0.877432	0.973568	0.975346
880	0.983518	1.000000	1.000000	0.877474	0.973568	0.975346
890	0.983639	1.000000	1.000000	0.877510	0.973568	0.975346
900	0.983860	1.000000	1.000000	0.877664	0.973568	0.975346
910	0.984095	1.000000	1.000000	0.877911	0.973568	0.975346
920	0.984448	1.000000	1.000000	0.878316	0.973568	0.975346
930	0.984717	1.000000	1.000000	0.878179	0.973568	0.975346
940	0.984809	1.000000	1.000000	0.878403	0.973568	0.975346
950	0.984998	1.000000	1.000000	0.878514	0.973568	0.975346
960	0.985193	1.000000	1.000000	0.878515	0.973568	0.975346
970	0.985364	1.000000	1.000000	0.878771	0.973568	0.975346
980	0.985532	1.000000	1.000000	0.879066	0.973568	0.975346
990	0.985859	1.000000	1.000000	0.878957	0.973568	0.975346
1000	0.986008	1.000000	1.000000	0.879081	0.973568	0.975346
1010	0.986119	1.000000	1.000000	0.879012	0.973568	0.975346
1020	0.986248	1.000000	1.000000	0.878799	0.973568	0.975346
1030	0.986455	1.000000	1.000000	0.878867	0.973568	0.975346
1040	0.986546	1.000000	1.000000	0.878800	0.973568	0.975346
1050	0.986716	1.000000	1.000000	0.878871	0.973568	0.975346
1060	0.986837	1.000000	1.000000	0.878854	0.973568	0.975346
1070	0.986921	1.000000	1.000000	0.879010	0.973568	0.975346
1080	0.987042	1.000000	1.000000	0.879104	0.973568	0.975346
1090	0.987148	1.000000	1.000000	0.879164	0.973568	0.975346
1100	0.987248	1.000000	1.000000	0.879262	0.973568	0.975346
1110	0.987338	1.000000	1.000000	0.879168	0.973568	0.975346
1120	0.987447	1.000000	1.000000	0.879235	0.973568	0.975346
1130	0.987571	1.000000	1.000000	0.878995	0.973568	0.975346
1140	0.987709	1.000000	1.000000	0.879021	0.973568	0.975346
1150	0.987895	1.000000	1.000000	0.879026	0.973568	0.975346
1160	0.987987	1.000000	1.000000	0.879007	0.973568	0.975346
1170	0.988092	1.000000	1.000000	0.879028	0.973568	0.975346
1180	0.988178	1.000000	1.000000	0.879161	0.973568	0.975346
1190	0.988240	1.000000	1.000000	0.879273	0.973568	0.975346
1200	0.988305	1.000000	1.000000	0.879115	0.973568	0.975346
1210	0.988352	1.000000	1.000000	0.879218	0.973568	0.975346
1220	0.988421	1.000000	1.000000	0.879241	0.973568	0.975346
1230	0.988569	1.000000	1.000000	0.879221	0.973568	0.975346
1240	0.988644	1.000000	1.000000	0.879145	0.973568	0.975346
1250	0.988704	1.000000	1.000000	0.879077	0.973568	0.975346
1260	0.988805	1.000000	1.000000	0.879028	0.973568	0.975346
1270	0.988917	1.000000	1.000000	0.879098	0.973568	0.975346
1280	0.989018	1.000000	1.000000	0.879236	0.973568	0.975346
1290	0.989085	1.000000	1.000000	0.879340	0.973568	0.975346
1300	0.989175	1.000000	1.000000	0.879377	0.973568	0.975346
1310	0.989264	1.000000	1.000000	0.879183	0.973568	0.975346
1320	0.989366	1.000000	1.000000	0.879253	0.973568	0.975346
1330	0.989402	1.000000	1.000000	0.879252	0.973568	0.975346
1340	0.989487	1.000000	1.000000	0.879268	0.973568	0.975346
1350	0.989537	1.000000	1.000000	0.879207	0.973568	0.975346
1360	0.989611	1.000000	1.000000	0.879173	0.973568	0.975346
1370	0.989694	1.000000	1.000000	0.879108	0.973568	0.975346
1380	0.989839	1.000000	1.000000	0.879139	0.973568	0.975346
1390	0.989881	1.000000	1.000000	0.879060	0.973568	0.975346
1400	0.989995	1.000000	1.000000	0.879135	0.973568	0.975346
1410	0.990059	1.000000	1.000000	0.879136	0.973568	0.975346
1420	0.990141	1.000000	1.000000	0.879049	0.973568	0.975346
1430	0.990176	1.000000	1.000000	0.878954	0.973568	0.975346
1440	0.990234	1.000000	1.000000	0.878808	0.973568	0.975346
1450	0.990280	1.000000	1.000000	0.878807	0.973568	0.975346
1460	0.990322	1.000000	1.000000	0.878682	0.973568	0.975346
1470	0.990382	1.000000	1.000000	0.878763	0.973568	0.975346
1480	0.990487	1.000000	1.000000	0.878781	0.973568	0.975346
1490	0.990589	1.000000	1.000000	0.878748	0.973568	0.975346
1500	0.990685	1.000000	1.000000	0.878732	0.973568	0.975346
1510	0.990796	1.000000	1.000000	0.878664	0.973568	0.975346
1520	0.990850	1.000000	1.000000	0.878640	0.973568	0.975346
1530	0.990963	1.000000	1.000000	0.878672	0.973568	0.975346
1540	0.991025	1.000000	1.000000	0.878503	0.973568	0.975346
1550	0.991059	1.000000	1.000000	0.878543	0.973568	0.975346
1560	0.991115	1.000000	1.000000	0.878558	0.973568	0.975346
1570	0.991170	1.000000	1.000000	0.878426	0.973568	0.975346
1580	0.991234	1.000000	1.000000	0.878424	0.973568	0.975346
1590	0.991292	1.000000	1.000000	0.878450	0.973568	0.975346
1600	0.991360	1.000000	1.000000	0.878365	0.973568	0.975346
1610	0.991461	1.000000	1.000000	0.878530	0.973568	0.975346
1620	0.991555	1.000000	1.000000	0.878390	0.973568	0.975346
1630	0.991590	1.000000	1.000000	0.878395	0.973568	0.975346
1640	0.991636	1.000000	1.000000	0.878336	0.973568	0.975346
1650	0.991683	1.000000	1.000000	0.878248	0.973568	0.975346
1660	0.991719	1.000000	1.000000	0.878225	0.973568	0.975346
1670	0.991791	1.000000	1.000000	0.878229	0.973568	0.975346
1680	0.991858	1.000000	1.000000	0.878294	0.973568	0.975346
1690	0.991898	1.000000	1.000000	0.878349	0.973568	0.975346
1700	0.991932	1.000000	1.000000	0.878513	0.973568	0.975346
1710	0.991967	1.000000	1.000000	0.878454	0.973568	0.975346
1720	0.992023	1.000000	1.000000	0.878448	0.973568	0.975346
1730	0.992060	1.000000	1.000000	0.878354	0.973568	0.975346
1740	0.992096	1.000000	1.000000	0.878238	0.973568	0.975346
1750	0.992127	1.000000	1.000000	0.878245	0.973568	0.975346
1760	0.992150	1.000000	1.000000	0.878270	0.973568	0.975346
1770	0.992195	1.000000	1.000000	0.878301	0.973568	0.975346
1780	0.992221	1.000000	1.000000	0.878112	0.973568	0.975346
1790	0.992250	1.000000	1.000000	0.877993	0.973568	0.975346
1800	0.992283	1.000000	1.000000	0.877967	0.973568	0.975346
1810	0.992311	1.000000	1.000000	0.877839	0.973568	0.975346
1820	0.992340	1.000000	1.000000	0.877766	0.973568	0.975346
1830	0.992380	1.000000	1.000000	0.877755	0.973568	0.975346
1840	0.992407	1.000000	1.000000	0.877779	0.973568	0.975346
1850	0.992430	1.000000	1.000000	0.877642	0.973568	0.975346
1860	0.992463	1.000000	1.000000	0.877593	0.973568	0.975346
1870	0.992492	1.000000	1.000000	0.877601	0.973568	0.975346
1880	0.992538	1.000000	1.000000	0.877575	0.973568	0.975346
1890	0.992574	1.000000	1.000000	0.877555	0.973568	0.975346
1900	0.992605	1.000000	1.000000	0.877550	0.973568	0.975346
1910	0.992682	1.000000	1.000000	0.877542	0.973568	0.975346
1920	0.992725	1.000000	1.000000	0.877509	0.973568	0.975346
1930	0.992778	1.000000	1.000000	0.877363	0.973568	0.975346
1940	0.992810	1.000000	1.000000	0.877254	0.973568	0.975346
1950	0.992835	1.000000	1.000000	0.877270	0.973568	0.975346
1960	0.992864	1.000000	1.000000	0.877170	0.973568	0.975346
1970	0.992924	1.000000	1.000000	0.877205	0.973568	0.975346
1980	0.992962	1.000000	1.000000	0.877091	0.973568	0.975346
1990	0.993006	1.000000	1.000000	0.877008	0.973568	0.975346
2000	0.993035	1.000000	1.000000	0.876888	0.973568	0.975346
2010	0.993049	1.000000	1.000000	0.876825	0.973568	0.975346
2020	0.993075	1.000000	1.000000	0.876795	0.973568	0.975346
2030	0.993105	1.000000	1.000000	0.876829	0.973568	0.975346
2040	0.993136	1.000000	1.000000	0.876766	0.973568	0.975346
2050	0.993159	1.000000	1.000000	0.876836	0.973568	0.975346
2060	0.993188	1.000000	1.000000	0.876861	0.973568	0.975346
2070	0.993228	1.000000	1.000000	0.876790	0.973568	0.975346
2080	0.993289	1.000000	1.000000	0.876786	0.973568	0.975346
2090	0.993341	1.000000	1.000000	0.876758	0.973568	0.975346
2100	0.993374	1.000000	1.000000	0.876766	0.973568	0.975346
2110	0.993399	1.000000	1.000000	0.876750	0.973568	0.975346
2120	0.993433	1.000000	1.000000	0.876729	0.973568	0.975346
2130	0.993458	1.000000	1.000000	0.876658	0.973568	0.975346
2140	0.993483	1.000000	1.000000	0.876586	0.973568	0.975346
2150	0.993505	1.000000	1.000000	0.876613	0.973568	0.975346
2160	0.993528	1.000000	1.000000	0.876532	0.973568	0.975346
2170	0.993558	1.000000	1.000000	0.876541	0.973568	0.975346
2180	0.993603	1.000000	1.000000	0.876527	0.973568	0.975346
2190	0.993626	1.000000	1.000000	0.876508	0.973568	0.975346
2200	0.993653	1.000000	1.000000	0.876467	0.973568	0.975346
2210	0.993689	1.000000	1.000000	0.876374	0.973568	0.975346
2220	0.993710	1.000000	1.000000	0.876415	0.973568	0.975346
2230	0.993727	1.000000	1.000000	0.876409	0.973568	0.975346
2240	0.993757	1.000000	1.000000	0.876400	0.973568	0.975346
2250	0.993778	1.000000	1.000000	0.876382	0.973568	0.975346
2260	0.993795	1.000000	1.000000	0.876300	0.973568	0.975346
2270	0.993821	1.000000	1.000000	0.876246	0.973568	0.975346
2280	0.993840	1.000000	1.000000	0.876222	0.973568	0.975346
2290	0.993857	1.000000	1.000000	0.876243	0.973568	0.975346
2300	0.993885	1.000000	1.000000	0.876196	0.973568	0.975346
2310	0.993894	1.000000	1.000000	0.876147	0.973568	0.975346
2320	0.993910	1.000000	1.000000	0.876009	0.973568	0.975346
2330	0.993924	1.000000	1.000000	0.875924	0.973568	0.975346
2340	0.993940	1.000000	1.000000	0.875953	0.973568	0.975346
2350	0.993955	1.000000	1.000000	0.875923	0.973568	0.975346
2360	0.993981	1.000000	1.000000	0.875893	0.973568	0.975346
2370	0.994002	1.000000	1.000000	0.875901	0.973568	0.975346
2380	0.994024	1.000000	1.000000	0.875843	0.973568	0.975346
2390	0.994039	1.000000	1.000000	0.875793	0.973568	0.975346
2400	0.994058	1.000000	1.000000	0.875713	0.973568	0.975346
2410	0.994080	1.000000	1.000000	0.875646	0.973568	0.975346
2420	0.994098	1.000000	1.000000	0.875661	0.973568	0.975346
2430	0.994117	1.000000	1.000000	0.875657	0.973568	0.975346
2440	0.994140	1.000000	1.000000	0.875630	0.973568	0.975346
2450	0.994157	1.000000	1.000000	0.875585	0.973568	0.975346
2460	0.994186	1.000000	1.000000	0.875588	0.973568	0.975346
2470	0.994198	1.000000	1.000000	0.875482	0.973568	0.975346
2480	0.994224	1.000000	1.000000	0.875484	0.973568	0.975346
2490	0.994261	1.000000	1.000000	0.875521	0.973568	0.975346
2500	0.994280	1.000000	1.000000	0.875456	0.973568	0.975346
