10	0.668014	0.960679	0.961016	0.646443	0.952564	0.953759
20	0.776984	0.981829	0.981855	0.749045	0.964103	0.964879
30	0.831121	0.989574	0.989593	0.802015	0.970513	0.971248
40	0.866823	0.993595	0.993623	0.835791	0.980769	0.981330
50	0.891350	0.995234	0.995253	0.859571	0.979487	0.980049
60	0.908978	0.996723	0.996739	0.876763	0.982051	0.982499
70	0.921998	0.997170	0.997187	0.889212	0.984615	0.984902
80	0.931959	0.997319	0.997330	0.899569	0.984615	0.984902
90	0.939776	0.998064	0.998067	0.907320	0.984615	0.984902
100	0.946107	0.998362	0.998359	0.913264	0.984615	0.984902
110	0.951227	0.998808	0.998800	0.918330	0.985897	0.986110
120	0.955416	0.998957	0.998949	0.922827	0.985897	0.986110
130	0.959004	0.999106	0.999105	0.926448	0.985897	0.986110
140	0.962136	0.999255	0.999254	0.929796	0.985897	0.986110
150	0.964807	0.999404	0.999397	0.932626	0.985897	0.986110
160	0.967105	0.999553	0.999546	0.935172	0.985897	0.986110
170	0.969144	0.999553	0.999546	0.937665	0.985897	0.986110
180	0.970939	0.999553	0.999546	0.939668	0.989744	0.990003
190	0.972550	0.999553	0.999546	0.941471	0.989744	0.990003
200	0.973992	0.999553	0.999546	0.943084	0.989744	0.990003
210	0.975299	0.999553	0.999546	0.944519	0.989744	0.990003
220	0.976459	0.999553	0.999546	0.945693	0.989744	0.990003
230	0.977513	0.999553	0.999546	0.946813	0.989744	0.990003
240	0.978477	0.999553	0.999546	0.947974	0.989744	0.990003
250	0.979385	0.999553	0.999546	0.948888	0.989744	0.990003
260	0.980201	0.999553	0.999546	0.949675	0.989744	0.990003
270	0.980929	0.999553	0.999546	0.950303	0.989744	0.990003
280	0.981630	0.999553	0.999546	0.951028	0.989744	0.990003
290	0.982290	0.999553	0.999546	0.951823	0.989744	0.990003
300	0.982901	0.999553	0.999546	0.952615	0.991026	0.991293
310	0.983466	0.999553	0.999546	0.953077	0.989744	0.990003
320	0.984012	0.999553	0.999546	0.953566	0.991026	0.991293
330	0.984494	0.999553	0.999546	0.953998	0.991026	0.991293
340	0.984974	0.999553	0.999546	0.954434	0.991026	0.991293
350	0.985446	0.999553	0.999546	0.954844	0.991026	0.991293
360	0.985872	0.999553	0.999546	0.955301	0.991026	0.991293
370	0.986298	0.999553	0.999546	0.955681	0.991026	0.991293
380	0.986695	0.999702	0.999696	0.956061	0.991026	0.991293
390	0.987059	0.999702	0.999696	0.956409	0.991026	0.991293
400	0.987407	0.999702	0.999696	0.956704	0.991026	0.991293
