10	0.670252	0.963297	0.963581	0.649679	0.953867	0.954004
20	0.777199	0.980761	0.980896	0.748005	0.970149	0.970330
30	0.831663	0.990380	0.990428	0.799619	0.976934	0.977076
40	0.867568	0.993784	0.993838	0.832573	0.981004	0.981126
50	0.892071	0.995560	0.995604	0.855668	0.981004	0.981206
60	0.909519	0.996744	0.996788	0.871429	0.983718	0.983962
70	0.922490	0.997188	0.997237	0.883543	0.982361	0.982655
80	0.932374	0.997780	0.997811	0.892345	0.982361	0.982655
90	0.940412	0.998076	0.998102	0.899895	0.982361	0.982655
100	0.946744	0.998668	0.998672	0.906103	0.982361	0.982655
110	0.951990	0.998964	0.998967	0.910816	0.982361	0.982655
120	0.956316	0.999260	0.999266	0.914753	0.983718	0.984094
130	0.959973	0.999408	0.999408	0.918237	0.983718	0.984094
140	0.962993	0.999556	0.999556	0.920967	0.983718	0.984094
150	0.965564	0.999556	0.999556	0.923219	0.983718	0.984094
160	0.967891	0.999556	0.999556	0.925821	0.983718	0.984094
170	0.969875	0.999556	0.999556	0.927632	0.985075	0.985292
180	0.971659	0.999556	0.999556	0.929527	0.985075	0.985292
190	0.973266	0.999556	0.999556	0.931292	0.985075	0.985292
200	0.974698	0.999556	0.999556	0.932884	0.985075	0.985292
210	0.975986	0.999556	0.999556	0.934216	0.985075	0.985389
220	0.977145	0.999556	0.999556	0.935319	0.985075	0.985389
230	0.978203	0.999556	0.999556	0.936236	0.985075	0.985389
240	0.979163	0.999556	0.999556	0.937050	0.985075	0.985389
250	0.980035	0.999556	0.999556	0.937969	0.985075	0.985389
260	0.980850	0.999556	0.999556	0.938738	0.985075	0.985389
270	0.981631	0.999704	0.999705	0.939449	0.986431	0.986787
280	0.982324	0.999704	0.999705	0.939997	0.986431	0.986787
290	0.982960	0.999852	0.999853	0.940678	0.986431	0.986787
300	0.983558	0.999852	0.999853	0.941185	0.986431	0.986787
310	0.984111	0.999852	0.999853	0.941741	0.986431	0.986787
320	0.984635	0.999852	0.999853	0.942335	0.986431	0.986787
330	0.985125	0.999852	0.999853	0.942757	0.986431	0.986787
340	0.985588	0.999852	0.999853	0.943303	0.986431	0.986787
350	0.986025	0.999852	0.999853	0.943791	0.986431	0.986787
360	0.986451	0.999852	0.999853	0.944223	0.986431	0.986787
370	0.986818	0.999852	0.999853	0.944549	0.986431	0.986787
380	0.987199	0.999852	0.999853	0.944950	0.986431	0.986787
390	0.987550	0.999852	0.999853	0.945394	0.986431	0.986787
400	0.987882	0.999852	0.999853	0.945797	0.986431	0.986787
