10	0.667266	0.957096	0.957308	0.631037	0.930079	0.931610
20	0.776839	0.980552	0.980566	0.736250	0.964380	0.964332
30	0.830744	0.988569	0.988591	0.790272	0.977573	0.976691
40	0.865656	0.991538	0.991606	0.826081	0.981530	0.980719
50	0.890142	0.994210	0.994267	0.851450	0.982850	0.982164
60	0.907743	0.995695	0.995726	0.870506	0.984169	0.983671
70	0.921172	0.996882	0.996901	0.884861	0.985488	0.984564
80	0.931504	0.997773	0.997791	0.895817	0.986807	0.985789
90	0.939384	0.998070	0.998087	0.904255	0.989446	0.988788
100	0.945726	0.998219	0.998233	0.911073	0.989446	0.988788
110	0.950857	0.998664	0.998667	0.916518	0.990765	0.990021
120	0.955138	0.998812	0.998810	0.920830	0.989446	0.988788
130	0.958785	0.999109	0.999100	0.924710	0.990765	0.990021
140	0.961837	0.999258	0.999243	0.927876	0.990765	0.990021
150	0.964469	0.999555	0.999548	0.930667	0.990765	0.990021
160	0.966805	0.999555	0.999548	0.933322	0.990765	0.990021
170	0.968916	0.999555	0.999548	0.935936	0.990765	0.990021
180	0.970690	0.999555	0.999548	0.937931	0.990765	0.990021
190	0.972279	0.999555	0.999548	0.939611	0.990765	0.990021
200	0.973700	0.999703	0.999698	0.941131	0.990765	0.990021
210	0.975032	0.999703	0.999698	0.942788	0.990765	0.990021
220	0.976216	0.999703	0.999698	0.944166	0.990765	0.990021
230	0.977287	0.999703	0.999698	0.945321	0.992084	0.991515
240	0.978264	0.999703	0.999698	0.946176	0.992084	0.991515
250	0.979173	0.999703	0.999698	0.947205	0.993404	0.992765
260	0.979985	0.999703	0.999698	0.948017	0.993404	0.992765
270	0.980742	0.999703	0.999698	0.948768	0.993404	0.992765
280	0.981464	0.999703	0.999698	0.949601	0.993404	0.992765
290	0.982182	0.999703	0.999698	0.950442	0.993404	0.992765
300	0.982793	0.999703	0.999698	0.951048	0.993404	0.992765
310	0.983358	0.999703	0.999698	0.951703	0.993404	0.992765
320	0.983911	0.999703	0.999698	0.952436	0.994723	0.994307
330	0.984424	0.999703	0.999698	0.952879	0.994723	0.994307
340	0.984929	0.999703	0.999698	0.953463	0.994723	0.994307
350	0.985378	0.999703	0.999698	0.953926	0.994723	0.994307
360	0.985801	0.999703	0.999698	0.954223	0.994723	0.994307
370	0.986233	0.999703	0.999698	0.954817	0.994723	0.994307
380	0.986643	0.999703	0.999698	0.955290	0.994723	0.994307
390	0.987029	0.999703	0.999698	0.955754	0.994723	0.994307
400	0.987394	0.999703	0.999698	0.956225	0.994723	0.994307
