10	0.665080	0.958959	0.959137	0.643807	0.932380	0.931715
20	0.774010	0.982156	0.982216	0.748634	0.958388	0.958515
30	0.828673	0.989740	0.989776	0.800532	0.970091	0.970059
40	0.864741	0.993457	0.993486	0.834301	0.976593	0.976391
50	0.889783	0.995985	0.996019	0.857751	0.979194	0.978864
60	0.907620	0.996283	0.996318	0.874819	0.981795	0.981618
70	0.920743	0.996877	0.996903	0.888364	0.983095	0.982874
80	0.930923	0.997323	0.997342	0.898478	0.983095	0.982874
90	0.938928	0.998067	0.998073	0.906288	0.984395	0.984273
100	0.945503	0.998513	0.998520	0.912183	0.985696	0.985604
110	0.950856	0.998662	0.998667	0.917832	0.986996	0.986855
120	0.955178	0.998810	0.998809	0.922622	0.986996	0.986855
130	0.958772	0.999108	0.999095	0.926304	0.986996	0.986855
140	0.961816	0.999108	0.999095	0.929438	0.986996	0.986855
150	0.964508	0.999554	0.999547	0.932387	0.986996	0.986855
160	0.966805	0.999554	0.999547	0.934923	0.986996	0.986855
170	0.968830	0.999554	0.999547	0.937373	0.986996	0.986855
180	0.970679	0.999554	0.999547	0.939208	0.986996	0.986855
190	0.972260	0.999554	0.999547	0.940993	0.986996	0.986855
200	0.973679	0.999554	0.999547	0.942567	0.986996	0.986855
210	0.974974	0.999554	0.999547	0.943867	0.986996	0.986855
220	0.976140	0.999554	0.999547	0.945236	0.986996	0.986855
230	0.977187	0.999554	0.999547	0.946313	0.986996	0.986855
240	0.978158	0.999554	0.999547	0.947464	0.986996	0.986855
250	0.979032	0.999554	0.999547	0.948311	0.986996	0.986855
260	0.979864	0.999554	0.999547	0.949094	0.986996	0.986855
270	0.980644	0.999554	0.999547	0.950023	0.986996	0.986855
280	0.981372	0.999554	0.999547	0.950779	0.986996	0.986855
290	0.982031	0.999554	0.999547	0.951389	0.986996	0.986855
300	0.982633	0.999554	0.999547	0.951982	0.986996	0.986855
310	0.983201	0.999554	0.999547	0.952574	0.986996	0.986855
320	0.983764	0.999554	0.999547	0.953203	0.986996	0.986855
330	0.984290	0.999554	0.999547	0.953723	0.986996	0.986855
340	0.984753	0.999554	0.999547	0.954339	0.986996	0.986855
350	0.985202	0.999554	0.999547	0.954871	0.985696	0.985636
360	0.985635	0.999554	0.999547	0.955467	0.985696	0.985636
370	0.986068	0.999554	0.999547	0.956170	0.985696	0.985636
380	0.986445	0.999554	0.999547	0.956664	0.985696	0.985636
390	0.986794	0.999554	0.999547	0.957175	0.986996	0.987086
400	0.987129	0.999554	0.999547	0.957531	0.986996	0.987086
