10	0.669565	0.964381	0.964661	0.656406	0.964286	0.962975
20	0.775333	0.982042	0.982177	0.761029	0.974868	0.974689
30	0.830209	0.991392	0.991439	0.812314	0.982804	0.982930
40	0.865626	0.994657	0.994681	0.844052	0.984127	0.984793
50	0.890397	0.995548	0.995581	0.866591	0.984127	0.984749
60	0.908263	0.996438	0.996465	0.883260	0.984127	0.984793
70	0.921174	0.997180	0.997200	0.895039	0.986772	0.987361
80	0.931146	0.997625	0.997642	0.904153	0.988095	0.988680
90	0.939247	0.998071	0.998082	0.911291	0.988095	0.988680
100	0.945584	0.998219	0.998224	0.917105	0.990741	0.991161
110	0.950778	0.998664	0.998665	0.921770	0.990741	0.991161
120	0.955098	0.998961	0.998963	0.925272	0.990741	0.991161
130	0.958814	0.999258	0.999248	0.928409	0.990741	0.991161
140	0.961958	0.999258	0.999248	0.931505	0.990741	0.991161
150	0.964669	0.999406	0.999396	0.934023	0.989418	0.989859
160	0.967013	0.999406	0.999396	0.936121	0.990741	0.991161
170	0.969003	0.999406	0.999396	0.938151	0.990741	0.991161
180	0.970814	0.999406	0.999396	0.939875	0.990741	0.991161
190	0.972425	0.999555	0.999551	0.941404	0.990741	0.991161
200	0.973855	0.999555	0.999551	0.942900	0.990741	0.991161
210	0.975183	0.999555	0.999551	0.944235	0.990741	0.991161
220	0.976377	0.999555	0.999551	0.945468	0.990741	0.991161
230	0.977443	0.999555	0.999551	0.946588	0.990741	0.991161
240	0.978404	0.999555	0.999551	0.947686	0.990741	0.991161
250	0.979293	0.999555	0.999551	0.948440	0.990741	0.991161
260	0.980134	0.999555	0.999551	0.949214	0.992063	0.992382
270	0.980870	0.999555	0.999551	0.949968	0.992063	0.992382
280	0.981565	0.999555	0.999551	0.950629	0.992063	0.992382
290	0.982236	0.999555	0.999551	0.951246	0.992063	0.992382
300	0.982850	0.999555	0.999551	0.951817	0.992063	0.992382
310	0.983413	0.999555	0.999551	0.952243	0.992063	0.992382
320	0.983944	0.999555	0.999551	0.952719	0.992063	0.992382
330	0.984465	0.999555	0.999551	0.953202	0.992063	0.992382
340	0.984941	0.999555	0.999551	0.953620	0.992063	0.992382
350	0.985390	0.999555	0.999551	0.954006	0.992063	0.992382
360	0.985815	0.999555	0.999551	0.954307	0.992063	0.992382
370	0.986220	0.999555	0.999551	0.954685	0.992063	0.992382
380	0.986597	0.999555	0.999551	0.955053	0.992063	0.992382
390	0.986968	0.999555	0.999551	0.955295	0.992063	0.992382
400	0.987307	0.999555	0.999551	0.955566	0.992063	0.992382
