10	0.666762	0.961550	0.961861	0.659602	0.956284	0.955148
20	0.774768	0.981662	0.981739	0.761161	0.969945	0.969481
30	0.829220	0.988909	0.988949	0.813108	0.976776	0.976907
40	0.864814	0.994085	0.994108	0.845790	0.982240	0.983015
50	0.890088	0.995416	0.995453	0.869088	0.986339	0.987297
60	0.908261	0.996155	0.996196	0.884471	0.991803	0.992445
70	0.921680	0.996599	0.996649	0.896377	0.989071	0.989585
80	0.932024	0.997042	0.997085	0.904954	0.989071	0.989330
90	0.940009	0.998373	0.998397	0.911508	0.989071	0.989330
100	0.946353	0.998669	0.998679	0.916994	0.990437	0.990685
110	0.951546	0.998965	0.998961	0.921395	0.990437	0.990685
120	0.955827	0.998965	0.998961	0.925477	0.990437	0.990685
130	0.959480	0.999113	0.999108	0.928712	0.990437	0.990685
140	0.962599	0.999113	0.999108	0.931586	0.990437	0.990685
150	0.965300	0.999408	0.999404	0.933970	0.991803	0.992163
160	0.967587	0.999704	0.999699	0.936015	0.991803	0.992163
170	0.969580	0.999704	0.999699	0.937909	0.991803	0.992163
180	0.971316	0.999704	0.999699	0.939555	0.991803	0.992163
190	0.972881	0.999704	0.999699	0.940813	0.991803	0.992163
200	0.974304	0.999704	0.999699	0.941916	0.991803	0.992163
210	0.975599	0.999704	0.999699	0.943052	0.991803	0.992163
220	0.976760	0.999704	0.999699	0.944129	0.991803	0.992163
230	0.977810	0.999704	0.999699	0.945090	0.991803	0.992163
240	0.978762	0.999704	0.999699	0.945922	0.991803	0.992163
250	0.979642	0.999704	0.999699	0.946610	0.991803	0.992163
260	0.980443	0.999704	0.999699	0.947251	0.991803	0.992163
270	0.981223	0.999704	0.999699	0.947807	0.991803	0.992163
280	0.981908	0.999704	0.999699	0.948379	0.991803	0.992163
290	0.982530	0.999704	0.999699	0.948921	0.991803	0.992163
300	0.983123	0.999704	0.999699	0.949410	0.991803	0.992163
310	0.983694	0.999704	0.999699	0.949920	0.991803	0.992163
320	0.984228	0.999852	0.999847	0.950329	0.991803	0.992163
330	0.984720	0.999852	0.999847	0.950573	0.991803	0.992163
340	0.985168	0.999852	0.999847	0.950868	0.991803	0.992163
350	0.985605	0.999852	0.999847	0.951120	0.991803	0.992163
360	0.986024	0.999852	0.999847	0.951428	0.991803	0.992163
370	0.986424	0.999852	0.999847	0.951737	0.991803	0.992163
380	0.986800	0.999852	0.999847	0.952001	0.991803	0.992163
390	0.987175	0.999852	0.999847	0.952344	0.991803	0.992163
400	0.987533	0.999852	0.999847	0.952714	0.991803	0.992163
