10	0.666874	0.957024	0.957740	0.647425	0.932976	0.932982
20	0.775141	0.980587	0.980686	0.753940	0.954424	0.953711
30	0.829176	0.989330	0.989379	0.809273	0.975871	0.975622
40	0.864682	0.994072	0.994116	0.843021	0.979893	0.979825
50	0.889713	0.996295	0.996328	0.866162	0.983914	0.983984
60	0.908064	0.997036	0.997066	0.883877	0.983914	0.983984
70	0.921237	0.997777	0.997798	0.896004	0.985255	0.985422
80	0.931360	0.997925	0.997939	0.905458	0.986595	0.986821
90	0.939309	0.998074	0.998080	0.913922	0.987936	0.988162
100	0.945600	0.998074	0.998080	0.920509	0.987936	0.988162
110	0.950703	0.998814	0.998804	0.925520	0.987936	0.988162
120	0.954850	0.998814	0.998804	0.929586	0.987936	0.988162
130	0.958506	0.998963	0.998951	0.933360	0.987936	0.988162
140	0.961559	0.999259	0.999246	0.936388	0.987936	0.988162
150	0.964233	0.999259	0.999246	0.939216	0.987936	0.988162
160	0.966649	0.999259	0.999246	0.941473	0.989276	0.989483
170	0.968701	0.999259	0.999246	0.943472	0.989276	0.989483
180	0.970578	0.999407	0.999394	0.945531	0.989276	0.989483
190	0.972252	0.999555	0.999550	0.947214	0.989276	0.989483
200	0.973702	0.999555	0.999550	0.948571	0.989276	0.989483
210	0.975045	0.999555	0.999550	0.949883	0.989276	0.989483
220	0.976259	0.999555	0.999550	0.950942	0.990617	0.990762
230	0.977350	0.999555	0.999550	0.952031	0.990617	0.990762
240	0.978315	0.999555	0.999550	0.953039	0.990617	0.990762
250	0.979203	0.999555	0.999550	0.953904	0.990617	0.990762
260	0.980032	0.999555	0.999550	0.954734	0.990617	0.990762
270	0.980783	0.999555	0.999550	0.955519	0.990617	0.990762
280	0.981479	0.999555	0.999550	0.956190	0.990617	0.990762
290	0.982142	0.999555	0.999550	0.956758	0.990617	0.990762
300	0.982777	0.999555	0.999550	0.957388	0.990617	0.990762
310	0.983367	0.999555	0.999550	0.957952	0.990617	0.990762
320	0.983912	0.999704	0.999697	0.958563	0.990617	0.990762
330	0.984422	0.999704	0.999697	0.959105	0.990617	0.990762
340	0.984928	0.999704	0.999697	0.959520	0.990617	0.990762
350	0.985395	0.999704	0.999697	0.959772	0.990617	0.990762
360	0.985832	0.999704	0.999697	0.960169	0.990617	0.990762
370	0.986235	0.999704	0.999697	0.960508	0.990617	0.990762
380	0.986630	0.999704	0.999697	0.960842	0.990617	0.990762
390	0.987012	0.999704	0.999697	0.961180	0.990617	0.990762
400	0.987352	0.999704	0.999697	0.961479	0.990617	0.990762
