10	0.669000	0.960154	0.960240	0.642071	0.943472	0.945251
20	0.777135	0.982077	0.982055	0.735683	0.959623	0.960589
30	0.830870	0.990668	0.990646	0.785776	0.974428	0.974826
40	0.866484	0.994223	0.994224	0.820100	0.977120	0.977432
50	0.890825	0.995852	0.995861	0.843676	0.977120	0.977432
60	0.908593	0.996297	0.996311	0.860344	0.979812	0.980130
70	0.921672	0.996889	0.996906	0.874860	0.979812	0.980130
80	0.931627	0.997778	0.997786	0.885727	0.981157	0.981503
90	0.939500	0.998222	0.998221	0.895439	0.981157	0.981430
100	0.945905	0.998815	0.998810	0.902678	0.981157	0.981430
110	0.951012	0.998963	0.998964	0.908358	0.981157	0.981430
120	0.955195	0.999111	0.999108	0.913254	0.981157	0.981430
130	0.958818	0.999259	0.999251	0.917169	0.982503	0.982889
140	0.961868	0.999259	0.999251	0.920921	0.982503	0.982889
150	0.964572	0.999407	0.999393	0.924476	0.983849	0.984105
160	0.966924	0.999407	0.999393	0.926814	0.982503	0.982889
170	0.968985	0.999704	0.999696	0.929424	0.983849	0.984213
180	0.970833	0.999704	0.999696	0.931495	0.983849	0.984213
190	0.972494	0.999704	0.999696	0.933541	0.985195	0.985677
200	0.973959	0.999704	0.999696	0.935263	0.986541	0.986893
210	0.975272	0.999704	0.999696	0.936837	0.986541	0.986893
220	0.976452	0.999704	0.999696	0.938353	0.985195	0.985677
230	0.977525	0.999704	0.999696	0.939638	0.985195	0.985677
240	0.978497	0.999704	0.999696	0.940731	0.986541	0.986893
250	0.979385	0.999704	0.999696	0.941938	0.987887	0.988205
260	0.980205	0.999704	0.999696	0.943059	0.987887	0.988205
270	0.980952	0.999704	0.999696	0.944039	0.987887	0.988267
280	0.981659	0.999704	0.999696	0.944910	0.987887	0.988267
290	0.982312	0.999704	0.999696	0.945974	0.986541	0.987061
300	0.982912	0.999704	0.999696	0.946776	0.986541	0.987061
310	0.983477	0.999704	0.999696	0.947314	0.986541	0.987061
320	0.984011	0.999704	0.999696	0.948248	0.987887	0.988267
330	0.984516	0.999704	0.999696	0.949003	0.987887	0.988267
340	0.984989	0.999704	0.999696	0.949632	0.987887	0.988267
350	0.985424	0.999704	0.999696	0.950204	0.990579	0.990743
360	0.985839	0.999704	0.999696	0.950668	0.990579	0.990743
370	0.986243	0.999704	0.999696	0.951223	0.990579	0.990743
380	0.986617	0.999704	0.999696	0.951753	0.990579	0.990743
390	0.986977	0.999704	0.999696	0.952077	0.990579	0.990743
400	0.987349	0.999704	0.999696	0.952629	0.991925	0.992082
