10	0.667504	0.959323	0.959584	0.656997	0.956464	0.956299
20	0.777470	0.981295	0.981262	0.763728	0.974934	0.974692
30	0.831218	0.990499	0.990497	0.812401	0.984169	0.983942
40	0.866793	0.994359	0.994361	0.844245	0.988127	0.987930
50	0.891236	0.995992	0.996005	0.866806	0.992084	0.992190
60	0.908686	0.996734	0.996756	0.883455	0.993404	0.993552
70	0.921800	0.997179	0.997209	0.896085	0.993404	0.993552
80	0.931741	0.997476	0.997498	0.905425	0.993404	0.993547
90	0.939609	0.997773	0.997781	0.913196	0.992084	0.992282
100	0.945918	0.998367	0.998365	0.920122	0.993404	0.993547
110	0.951060	0.998515	0.998512	0.925265	0.993404	0.993547
120	0.955219	0.998664	0.998654	0.929685	0.992084	0.992282
130	0.958750	0.998812	0.998797	0.933502	0.992084	0.992282
140	0.961808	0.999258	0.999249	0.936854	0.990765	0.990974
150	0.964446	0.999258	0.999249	0.939871	0.990765	0.990974
160	0.966754	0.999406	0.999397	0.942510	0.990765	0.990974
170	0.968828	0.999406	0.999397	0.944874	0.990765	0.990974
180	0.970684	0.999406	0.999397	0.946959	0.990765	0.990974
190	0.972293	0.999406	0.999397	0.948738	0.990765	0.990974
200	0.973743	0.999406	0.999397	0.950209	0.990765	0.990974
210	0.975037	0.999555	0.999547	0.951655	0.992084	0.992282
220	0.976227	0.999555	0.999547	0.952942	0.992084	0.992304
230	0.977295	0.999555	0.999547	0.954168	0.992084	0.992304
240	0.978255	0.999555	0.999547	0.955309	0.992084	0.992304
250	0.979135	0.999555	0.999547	0.956302	0.993404	0.993573
260	0.979945	0.999555	0.999547	0.957149	0.993404	0.993573
270	0.980706	0.999555	0.999547	0.958021	0.993404	0.993573
280	0.981408	0.999555	0.999547	0.958861	0.993404	0.993573
290	0.982074	0.999555	0.999547	0.959613	0.993404	0.993573
300	0.982697	0.999555	0.999547	0.960282	0.993404	0.993573
310	0.983263	0.999703	0.999696	0.960940	0.993404	0.993573
320	0.983830	0.999703	0.999696	0.961550	0.993404	0.993573
330	0.984345	0.999703	0.999696	0.962016	0.993404	0.993573
340	0.984848	0.999703	0.999696	0.962447	0.993404	0.993573
350	0.985294	0.999703	0.999696	0.962891	0.993404	0.993573
360	0.985742	0.999703	0.999696	0.963362	0.993404	0.993573
370	0.986141	0.999703	0.999696	0.963810	0.993404	0.993573
380	0.986523	0.999703	0.999696	0.964231	0.993404	0.993573
390	0.986880	0.999703	0.999696	0.964621	0.993404	0.993573
400	0.987231	0.999703	0.999696	0.964936	0.993404	0.993573
