10	0.695678	1.000000	1.000000	0.652850	1.000000	1.000000
20	0.817542	1.000000	1.000000	0.757653	0.904762	0.909892
30	0.873221	1.000000	1.000000	0.796360	0.904762	0.909892
40	0.903545	1.000000	1.000000	0.819745	0.952381	0.951168
50	0.922480	1.000000	1.000000	0.835149	0.952381	0.951168
60	0.935291	1.000000	1.000000	0.846568	0.952381	0.951168
70	0.944530	1.000000	1.000000	0.853495	0.952381	0.951168
80	0.951501	1.000000	1.000000	0.859057	0.952381	0.951168
90	0.957114	1.000000	1.000000	0.868118	0.952381	0.951168
100	0.961466	1.000000	1.000000	0.872294	0.952381	0.951168
