10	0.689970	1.000000	1.000000	0.627287	0.933333	0.951338
20	0.814172	1.000000	1.000000	0.735905	0.933333	0.951338
30	0.869850	1.000000	1.000000	0.793818	0.933333	0.951338
40	0.901042	1.000000	1.000000	0.828629	0.933333	0.951338
50	0.920139	1.000000	1.000000	0.850680	1.000000	1.000000
60	0.933456	1.000000	1.000000	0.864700	1.000000	1.000000
70	0.942985	1.000000	1.000000	0.878439	1.000000	1.000000
80	0.950139	1.000000	1.000000	0.888663	1.000000	1.000000
90	0.955771	1.000000	1.000000	0.897156	1.000000	1.000000
100	0.960369	1.000000	1.000000	0.902512	1.000000	1.000000
