10	0.697478	1.000000	1.000000	0.552377	0.764706	0.794066
20	0.819154	1.000000	1.000000	0.656247	0.882353	0.891667
30	0.874455	1.000000	1.000000	0.706780	0.941176	0.947917
40	0.905030	1.000000	1.000000	0.717574	0.941176	0.947917
50	0.924131	1.000000	1.000000	0.726565	0.941176	0.947917
60	0.936783	1.000000	1.000000	0.732852	0.941176	0.947917
70	0.945763	1.000000	1.000000	0.739105	0.882353	0.891667
80	0.952592	1.000000	1.000000	0.749402	0.882353	0.891667
90	0.957868	1.000000	1.000000	0.752264	0.882353	0.891667
100	0.962180	1.000000	1.000000	0.756062	0.882353	0.891667
