10	0.694774	1.000000	1.000000	0.623268	0.944444	0.939245
20	0.815550	1.000000	1.000000	0.735105	0.944444	0.939245
30	0.871072	1.000000	1.000000	0.788876	1.000000	1.000000
40	0.902144	1.000000	1.000000	0.824009	1.000000	1.000000
50	0.921437	1.000000	1.000000	0.842363	1.000000	1.000000
60	0.934391	1.000000	1.000000	0.863325	1.000000	1.000000
70	0.943928	1.000000	1.000000	0.877542	1.000000	1.000000
80	0.951127	1.000000	1.000000	0.886777	1.000000	1.000000
90	0.956761	1.000000	1.000000	0.896143	1.000000	1.000000
100	0.961203	1.000000	1.000000	0.904270	1.000000	1.000000
