10	0.690760	1.000000	1.000000	0.651989	0.923077	0.937037
20	0.814503	1.000000	1.000000	0.760515	0.923077	0.937037
30	0.871038	1.000000	1.000000	0.807068	0.923077	0.937037
40	0.902032	1.000000	1.000000	0.837097	0.923077	0.937037
50	0.921337	1.000000	1.000000	0.860119	0.923077	0.937037
60	0.934573	1.000000	1.000000	0.871416	0.923077	0.937037
70	0.943982	1.000000	1.000000	0.881871	0.923077	0.937037
80	0.951078	1.000000	1.000000	0.891909	1.000000	1.000000
90	0.956515	1.000000	1.000000	0.897544	1.000000	1.000000
100	0.960990	1.000000	1.000000	0.905436	1.000000	1.000000
