10	0.696781	1.000000	1.000000	0.566460	0.916667	0.641975
20	0.817015	1.000000	1.000000	0.719610	0.916667	0.641975
30	0.872673	1.000000	1.000000	0.779573	0.916667	0.641975
40	0.903751	1.000000	1.000000	0.820079	1.000000	1.000000
50	0.922779	1.000000	1.000000	0.845492	1.000000	1.000000
60	0.935731	1.000000	1.000000	0.863999	1.000000	1.000000
70	0.945100	1.000000	1.000000	0.878033	1.000000	1.000000
80	0.952030	1.000000	1.000000	0.891693	1.000000	1.000000
90	0.957404	1.000000	1.000000	0.901781	1.000000	1.000000
100	0.961711	1.000000	1.000000	0.909353	1.000000	1.000000
