10	0.083048	0.405308	0.305224	0.079269	0.377577	0.286310
20	0.150995	0.663983	0.667155	0.141546	0.633484	0.637797
30	0.215157	0.697851	0.698932	0.198394	0.666667	0.671874
40	0.248194	0.725279	0.726376	0.227042	0.700855	0.706276
50	0.273417	0.743212	0.742622	0.248389	0.714932	0.717087
60	0.295166	0.761368	0.758881	0.265770	0.728507	0.731008
70	0.312608	0.772694	0.769734	0.280605	0.738059	0.741045
80	0.324483	0.778025	0.775310	0.290081	0.741579	0.745979
90	0.336891	0.785020	0.781971	0.300238	0.750628	0.753775
100	0.350106	0.793182	0.788757	0.312562	0.759678	0.761447
110	0.364971	0.800122	0.794990	0.325043	0.769734	0.770456
120	0.377184	0.806230	0.800264	0.335475	0.775767	0.775329
130	0.387489	0.812781	0.806110	0.344892	0.781297	0.780450
140	0.401491	0.819555	0.812290	0.356407	0.790347	0.787597
150	0.413326	0.826828	0.819257	0.367373	0.795375	0.794042
160	0.422097	0.830326	0.822489	0.375775	0.800402	0.797979
170	0.431220	0.833324	0.824970	0.383237	0.802413	0.799500
180	0.439889	0.837932	0.829220	0.391307	0.807441	0.804678
190	0.448391	0.841597	0.832460	0.398307	0.810458	0.806648
200	0.456639	0.844650	0.835281	0.406295	0.818502	0.813880
210	0.464900	0.849703	0.839785	0.413021	0.821518	0.817130
220	0.473739	0.855089	0.844555	0.421404	0.824032	0.819067
230	0.481331	0.858642	0.847686	0.427627	0.825038	0.819953
240	0.488692	0.860696	0.849563	0.433425	0.828557	0.823289
250	0.496001	0.863195	0.851939	0.439502	0.831071	0.825128
260	0.502992	0.866970	0.855229	0.444823	0.832076	0.825465
270	0.508727	0.869247	0.857247	0.449508	0.832579	0.825908
280	0.514537	0.871745	0.859570	0.454594	0.838110	0.830459
290	0.521753	0.874466	0.861965	0.462101	0.842634	0.834573
300	0.527514	0.876742	0.863999	0.467378	0.841126	0.833043
310	0.533484	0.878685	0.865830	0.472359	0.843640	0.835765
320	0.538617	0.880684	0.867520	0.476084	0.845651	0.837623
330	0.542459	0.882128	0.868916	0.478732	0.845651	0.838011
340	0.547084	0.884459	0.871062	0.481635	0.847662	0.839821
350	0.553284	0.886514	0.872815	0.486945	0.849170	0.840748
360	0.558075	0.889012	0.875066	0.490697	0.848668	0.839749
370	0.562614	0.889401	0.875350	0.495437	0.849673	0.840393
380	0.568155	0.892121	0.877734	0.500168	0.852187	0.842701
390	0.575602	0.895508	0.880894	0.507357	0.854701	0.844919
400	0.579280	0.897674	0.882868	0.510693	0.856209	0.846346
410	0.583773	0.898618	0.883690	0.514643	0.855706	0.845717
420	0.587341	0.899561	0.884535	0.518031	0.856209	0.846329
430	0.591999	0.900505	0.885383	0.521671	0.858220	0.848346
440	0.597570	0.902726	0.887470	0.526066	0.858220	0.848788
450	0.602383	0.904614	0.889255	0.530547	0.861740	0.851655
460	0.606396	0.905780	0.890188	0.533512	0.864253	0.853687
470	0.609319	0.906835	0.891243	0.535796	0.864756	0.854447
480	0.613645	0.909111	0.893428	0.539124	0.865762	0.855604
490	0.617560	0.909999	0.894119	0.542454	0.867270	0.856433
500	0.620831	0.910721	0.894822	0.545505	0.867270	0.856266
510	0.623831	0.912442	0.896424	0.547805	0.867773	0.856750
520	0.627085	0.912887	0.896687	0.550113	0.868276	0.857125
530	0.630671	0.914608	0.898272	0.551808	0.869281	0.857988
540	0.633747	0.915441	0.899027	0.554140	0.870789	0.859541
550	0.637127	0.917273	0.900704	0.556877	0.871795	0.860473
560	0.640065	0.918272	0.901628	0.558955	0.872800	0.861468
570	0.643778	0.919549	0.902814	0.562238	0.874309	0.862770
580	0.647645	0.920882	0.904021	0.566394	0.875817	0.863812
590	0.650201	0.921715	0.904847	0.567823	0.875817	0.864031
600	0.653350	0.922270	0.905348	0.570596	0.876320	0.864505
610	0.655838	0.922825	0.905959	0.572534	0.876823	0.864807
620	0.658052	0.923491	0.906549	0.574172	0.877828	0.865815
630	0.661043	0.923935	0.906860	0.576803	0.878331	0.866181
640	0.663420	0.924380	0.907365	0.578783	0.877828	0.865982
650	0.666751	0.924990	0.907873	0.581113	0.880342	0.868042
660	0.669690	0.926434	0.909258	0.583347	0.881850	0.869457
670	0.672409	0.927877	0.910599	0.585459	0.881850	0.869435
680	0.674721	0.929099	0.911766	0.586817	0.883861	0.871266
690	0.676964	0.929987	0.912687	0.588183	0.882856	0.870382
700	0.679553	0.930987	0.913654	0.590273	0.884867	0.872218
710	0.682148	0.931431	0.914003	0.592247	0.887381	0.874338
720	0.684573	0.932486	0.914884	0.594269	0.887883	0.874905
730	0.686383	0.932708	0.915080	0.595390	0.888386	0.875119
740	0.688654	0.933096	0.915442	0.597375	0.887381	0.874254
750	0.691049	0.933874	0.916120	0.600060	0.887883	0.874984
760	0.693169	0.934596	0.916802	0.602108	0.887381	0.873974
770	0.695703	0.935373	0.917517	0.603774	0.888386	0.875085
780	0.697662	0.935706	0.917873	0.604911	0.891905	0.878703
790	0.699612	0.936206	0.918270	0.606114	0.891403	0.877868
800	0.700913	0.936261	0.918328	0.606986	0.891403	0.877757
810	0.703105	0.936705	0.918731	0.608472	0.891905	0.878286
820	0.704776	0.937316	0.919304	0.609733	0.891403	0.877736
830	0.707501	0.937760	0.919696	0.610873	0.891905	0.878338
840	0.709485	0.938427	0.920309	0.612337	0.892408	0.878770
850	0.711940	0.938926	0.920790	0.614078	0.891905	0.878096
860	0.713576	0.939370	0.921247	0.615264	0.891905	0.878114
870	0.714849	0.939648	0.921478	0.616371	0.892911	0.879206
880	0.716675	0.940037	0.921832	0.617580	0.892911	0.879075
890	0.717920	0.940259	0.922052	0.618635	0.893414	0.879591
900	0.720145	0.940536	0.922313	0.619948	0.893917	0.880041
910	0.721600	0.940592	0.922388	0.621074	0.894419	0.880462
920	0.723070	0.941147	0.922910	0.622485	0.894419	0.880266
930	0.724711	0.941425	0.923202	0.623668	0.894922	0.880977
940	0.726014	0.941536	0.923280	0.624571	0.895425	0.881348
950	0.727169	0.941869	0.923546	0.625701	0.895928	0.881759
960	0.728570	0.942146	0.923768	0.626050	0.894922	0.880690
970	0.729907	0.942369	0.923985	0.626758	0.895425	0.881178
980	0.731741	0.943090	0.924618	0.628321	0.895425	0.881192
990	0.732971	0.943423	0.924927	0.629639	0.895425	0.881201
1000	0.734461	0.944090	0.925566	0.630307	0.897436	0.883225
1010	0.735869	0.944645	0.926114	0.631823	0.897436	0.883184
1020	0.737276	0.945034	0.926464	0.631835	0.897436	0.883113
1030	0.738956	0.945367	0.926773	0.633660	0.899447	0.884873
1040	0.740154	0.945533	0.926877	0.634960	0.898944	0.884315
1050	0.741143	0.946089	0.927439	0.635807	0.898441	0.883764
1060	0.742385	0.946033	0.927338	0.636613	0.899447	0.884653
1070	0.743694	0.946366	0.927656	0.637692	0.900955	0.886164
1080	0.744940	0.946588	0.927849	0.638693	0.899447	0.884686
1090	0.746282	0.946810	0.928064	0.639889	0.898944	0.884227
1100	0.747201	0.946977	0.928224	0.640566	0.899447	0.884644
1110	0.748304	0.947199	0.928451	0.641136	0.899447	0.884701
1120	0.749529	0.947588	0.928796	0.642172	0.899447	0.884606
1130	0.750439	0.947865	0.929109	0.643220	0.900452	0.885720
1140	0.751798	0.948087	0.929343	0.644294	0.901458	0.886539
1150	0.752842	0.948476	0.929719	0.645189	0.900955	0.886144
1160	0.753986	0.948754	0.930011	0.645882	0.900955	0.886250
1170	0.755116	0.949198	0.930449	0.646732	0.900955	0.886296
1180	0.755983	0.949475	0.930688	0.647291	0.900955	0.886296
1190	0.756758	0.949475	0.930686	0.647867	0.900955	0.886296
1200	0.757630	0.949808	0.931009	0.648369	0.901961	0.887285
1210	0.758437	0.950086	0.931256	0.649622	0.902966	0.888208
1220	0.759859	0.950308	0.931459	0.650504	0.903469	0.888720
1230	0.761155	0.950586	0.931722	0.651400	0.902966	0.888246
1240	0.761980	0.950919	0.931996	0.652139	0.903469	0.888570
1250	0.762931	0.950974	0.932032	0.653181	0.903469	0.888425
1260	0.763920	0.951141	0.932170	0.654168	0.902966	0.887918
1270	0.765692	0.951752	0.932747	0.655372	0.902966	0.887720
1280	0.766723	0.952140	0.933109	0.655901	0.904475	0.889325
1290	0.767681	0.952251	0.933230	0.656793	0.904475	0.889400
1300	0.768931	0.952696	0.933623	0.657702	0.903972	0.888858
1310	0.769859	0.952807	0.933743	0.658381	0.904475	0.889331
1320	0.771089	0.952973	0.933892	0.659714	0.904475	0.889152
1330	0.771937	0.953140	0.934036	0.660565	0.905480	0.890265
1340	0.772774	0.953306	0.934161	0.661175	0.904977	0.889728
1350	0.773641	0.953084	0.933961	0.661979	0.905480	0.890214
1360	0.774331	0.953306	0.934162	0.662452	0.905480	0.889985
1370	0.775257	0.953639	0.934479	0.663285	0.905480	0.889957
1380	0.776202	0.953806	0.934646	0.664396	0.906486	0.891007
1390	0.777193	0.953862	0.934644	0.665360	0.906486	0.890903
1400	0.778014	0.953917	0.934723	0.665963	0.906486	0.890954
1410	0.779015	0.954250	0.935033	0.666964	0.905983	0.890459
1420	0.779905	0.954306	0.935038	0.667491	0.906486	0.890975
1430	0.780648	0.954417	0.935168	0.668091	0.906486	0.890953
1440	0.781444	0.954472	0.935188	0.668865	0.906988	0.891266
1450	0.782079	0.954639	0.935334	0.669464	0.906988	0.891269
1460	0.782888	0.954694	0.935338	0.670390	0.906988	0.891273
1470	0.783502	0.954694	0.935335	0.671168	0.906988	0.891340
1480	0.784154	0.954694	0.935327	0.671856	0.906988	0.891267
1490	0.784855	0.954916	0.935535	0.672461	0.906988	0.891414
1500	0.785499	0.955027	0.935645	0.672823	0.907491	0.891853
1510	0.786139	0.955250	0.935875	0.673425	0.906988	0.891242
1520	0.786696	0.955416	0.936038	0.673950	0.907491	0.891855
1530	0.787640	0.955361	0.935964	0.674766	0.906988	0.891273
1540	0.788613	0.955527	0.936068	0.675355	0.906988	0.891065
1550	0.789362	0.955694	0.936216	0.675833	0.907491	0.891508
1560	0.790129	0.955860	0.936371	0.676330	0.906988	0.891078
1570	0.790802	0.955971	0.936481	0.676933	0.906988	0.891064
1580	0.791910	0.956082	0.936578	0.677919	0.906988	0.890921
1590	0.792621	0.955916	0.936422	0.678590	0.906988	0.890851
1600	0.793500	0.956138	0.936634	0.679361	0.906988	0.890784
1610	0.794164	0.956360	0.936868	0.679897	0.906486	0.890375
1620	0.796107	0.957248	0.957227	0.681784	0.907994	0.911238
1630	0.797054	0.958081	0.958024	0.682156	0.908999	0.912269
1640	0.797690	0.958192	0.958134	0.682713	0.909502	0.912675
1650	0.799711	0.962912	0.962810	0.684777	0.913524	0.916149
1660	0.801185	0.964910	0.964788	0.686401	0.916038	0.918542
1670	0.801873	0.965188	0.965045	0.687138	0.916541	0.919119
1680	0.804767	0.968353	0.968180	0.690086	0.921569	0.923624
1690	0.806085	0.969463	0.969297	0.691449	0.923077	0.925077
1700	0.806845	0.969796	0.969644	0.692184	0.923077	0.925011
1710	0.807510	0.970018	0.969863	0.692805	0.923077	0.925085
1720	0.808488	0.969907	0.969756	0.693407	0.923077	0.925085
1730	0.811840	0.971795	0.971643	0.696800	0.925088	0.926815
1740	0.815774	0.974349	0.974210	0.700820	0.926596	0.928184
1750	0.816582	0.974904	0.974764	0.701545	0.926596	0.928191
1760	0.817291	0.974960	0.974821	0.702103	0.926596	0.928191
1770	0.817990	0.974849	0.974703	0.702549	0.927099	0.928642
1780	0.818506	0.975015	0.974875	0.703021	0.927602	0.929123
1790	0.822393	0.977070	0.976920	0.707022	0.929613	0.931033
1800	0.823632	0.977680	0.977526	0.708321	0.930116	0.931554
1810	0.824069	0.977625	0.977470	0.708813	0.930116	0.931564
1820	0.824648	0.977625	0.977473	0.709068	0.930116	0.931496
1830	0.825178	0.977736	0.977584	0.709647	0.930116	0.931506
1840	0.825704	0.977791	0.977636	0.710025	0.931121	0.932500
1850	0.829592	0.979513	0.979361	0.714051	0.932127	0.933457
1860	0.830274	0.980234	0.980071	0.714573	0.933132	0.934372
1870	0.830862	0.980123	0.979956	0.715072	0.932629	0.933841
1880	0.831296	0.980123	0.979954	0.715319	0.932629	0.933841
1890	0.832411	0.980123	0.979952	0.716333	0.932629	0.933856
1900	0.833902	0.980290	0.980130	0.717735	0.934138	0.935199
1910	0.834402	0.980512	0.980353	0.718165	0.933635	0.934721
1920	0.834832	0.980456	0.980298	0.718498	0.933635	0.934884
1930	0.835227	0.980623	0.980462	0.718608	0.933635	0.934811
1940	0.837513	0.980956	0.980794	0.720962	0.935143	0.936058
1950	0.838023	0.981345	0.981189	0.721258	0.935143	0.936058
1960	0.838677	0.981234	0.981069	0.721590	0.935143	0.936058
1970	0.838976	0.981345	0.981180	0.721725	0.936149	0.937127
1980	0.839704	0.981622	0.981457	0.722428	0.936149	0.937127
1990	0.842338	0.982400	0.982241	0.724918	0.937154	0.938051
2000	0.842923	0.982511	0.982355	0.725388	0.937657	0.938577
2010	0.843485	0.982677	0.982518	0.725744	0.937154	0.938057
2020	0.845408	0.983010	0.982852	0.727561	0.937657	0.938513
2030	0.846097	0.983121	0.982965	0.728163	0.937657	0.938529
2040	0.846682	0.983232	0.983075	0.728434	0.938160	0.939049
2050	0.847116	0.983455	0.983293	0.728546	0.938160	0.939049
2060	0.847761	0.983788	0.983624	0.729431	0.938160	0.939049
2070	0.850107	0.984287	0.984124	0.731803	0.938160	0.939049
2080	0.850521	0.984398	0.984231	0.732076	0.938160	0.939049
2090	0.850960	0.984565	0.984393	0.732452	0.938160	0.939049
2100	0.852263	0.984621	0.984444	0.733709	0.938663	0.939542
2110	0.852964	0.984676	0.984504	0.734153	0.938663	0.939542
2120	0.853421	0.984676	0.984507	0.734580	0.938160	0.939049
2130	0.853692	0.984565	0.984394	0.734788	0.939165	0.939970
2140	0.855096	0.984898	0.984730	0.736147	0.939165	0.939970
2150	0.855538	0.985009	0.984839	0.736607	0.939165	0.939970
2160	0.855984	0.985009	0.984836	0.737007	0.938663	0.939352
2170	0.856392	0.985231	0.985053	0.737503	0.938663	0.939352
2180	0.856937	0.985398	0.985222	0.738150	0.938663	0.939352
2190	0.858281	0.985675	0.985505	0.739418	0.939165	0.939883
2200	0.858616	0.985731	0.985560	0.739797	0.939668	0.940403
2210	0.859603	0.985675	0.985503	0.741568	0.939668	0.940349
2220	0.860010	0.985675	0.985504	0.741990	0.939668	0.940349
2230	0.861285	0.986009	0.985841	0.743190	0.939668	0.940349
2240	0.862135	0.986175	0.986008	0.743900	0.939668	0.940356
2250	0.862594	0.986508	0.986333	0.744321	0.939668	0.940356
2260	0.863363	0.986619	0.986444	0.744961	0.939668	0.940356
2270	0.864643	0.986841	0.986665	0.746208	0.939668	0.940356
2280	0.865093	0.987063	0.986889	0.746554	0.940171	0.940863
2290	0.865552	0.987063	0.986891	0.746853	0.940171	0.940863
2300	0.866004	0.987063	0.986891	0.747227	0.940171	0.940903
2310	0.867758	0.987175	0.986999	0.748843	0.940171	0.940903
2320	0.868247	0.987119	0.986946	0.749185	0.940171	0.940903
2330	0.868724	0.987230	0.987056	0.749569	0.940674	0.941383
2340	0.869904	0.987341	0.987170	0.750816	0.940171	0.940903
2350	0.870355	0.987452	0.987280	0.751227	0.940171	0.940903
2360	0.870677	0.987452	0.987279	0.751623	0.940674	0.941361
2370	0.871096	0.987508	0.987332	0.751862	0.940171	0.940903
2380	0.871575	0.987619	0.987444	0.752380	0.941679	0.942345
2390	0.873060	0.987785	0.987610	0.753854	0.941679	0.942345
2400	0.873326	0.987841	0.987668	0.754038	0.941176	0.941865
2410	0.873708	0.987896	0.987723	0.754254	0.941679	0.942345
2420	0.874651	0.988063	0.987889	0.755228	0.942182	0.942820
2430	0.875172	0.988118	0.987942	0.755882	0.942182	0.942820
2440	0.875441	0.988229	0.988053	0.756199	0.942685	0.943282
2450	0.875680	0.988174	0.987997	0.756398	0.942182	0.942820
2460	0.876611	0.988285	0.988105	0.757297	0.942182	0.942796
2470	0.877110	0.988396	0.988218	0.757918	0.942182	0.942796
2480	0.877537	0.988618	0.988437	0.758306	0.942685	0.943265
2490	0.877782	0.988618	0.988440	0.758535	0.942685	0.943265
2500	0.878631	0.988785	0.988606	0.759366	0.942182	0.942763
2510	0.878874	0.988840	0.988662	0.759579	0.942182	0.942756
2520	0.879129	0.988840	0.988661	0.759737	0.941679	0.942297
2530	0.879467	0.988785	0.988603	0.759977	0.942182	0.942915
2540	0.880446	0.989062	0.988891	0.760887	0.941679	0.942405
2550	0.880715	0.989062	0.988892	0.761151	0.941679	0.942405
2560	0.881055	0.989062	0.988895	0.761446	0.942685	0.943321
2570	0.881866	0.989007	0.988836	0.762293	0.943188	0.943784
2580	0.882338	0.989062	0.988888	0.762560	0.943188	0.943770
2590	0.882670	0.989173	0.988999	0.762834	0.942685	0.943310
2600	0.883575	0.989118	0.988942	0.763300	0.942685	0.943259
2610	0.883838	0.989173	0.988998	0.763573	0.942182	0.942848
2620	0.884125	0.989229	0.989052	0.763922	0.942685	0.943378
2630	0.884747	0.989284	0.989108	0.764671	0.942685	0.943378
2640	0.885287	0.989340	0.989160	0.765268	0.942182	0.942925
2650	0.885447	0.989451	0.989269	0.765346	0.942182	0.942925
2660	0.885973	0.989451	0.989268	0.765725	0.942182	0.942925
2670	0.886316	0.989395	0.989214	0.766062	0.942182	0.942942
2680	0.887424	0.989562	0.989383	0.767135	0.942685	0.943397
2690	0.887840	0.989562	0.989383	0.767584	0.943188	0.943902
2700	0.888221	0.989562	0.989384	0.767956	0.942685	0.943397
2710	0.889073	0.989617	0.989439	0.768765	0.942685	0.943396
2720	0.889362	0.989673	0.989496	0.769020	0.943188	0.943901
2730	0.889650	0.989673	0.989499	0.769318	0.943690	0.944437
2740	0.890560	0.989728	0.989550	0.770008	0.944696	0.945436
2750	0.890799	0.989784	0.989603	0.770141	0.944193	0.944923
2760	0.891142	0.989840	0.989659	0.770453	0.944193	0.944712
2770	0.891424	0.989784	0.989606	0.770862	0.944193	0.944712
2780	0.892325	0.990006	0.989829	0.771758	0.945199	0.945703
2790	0.892569	0.989951	0.989773	0.771978	0.944696	0.945161
2800	0.892856	0.989951	0.989775	0.772260	0.945199	0.945739
2810	0.893093	0.989951	0.989773	0.772365	0.944696	0.945268
2820	0.893968	0.990339	0.990171	0.773151	0.944696	0.945247
2830	0.894320	0.990284	0.990113	0.773528	0.945199	0.945749
2840	0.894626	0.990284	0.990113	0.773902	0.946204	0.946690
2850	0.895058	0.990284	0.990117	0.774330	0.946204	0.946690
2860	0.895717	0.990561	0.990398	0.774783	0.945701	0.946219
2870	0.895962	0.990617	0.990456	0.775127	0.945701	0.946219
2880	0.896096	0.990617	0.990456	0.775378	0.945701	0.946190
2890	0.896287	0.990672	0.990514	0.775500	0.945701	0.946190
2900	0.896994	0.990783	0.990622	0.776152	0.945701	0.946190
2910	0.897264	0.990728	0.990567	0.776392	0.945701	0.946190
2920	0.897599	0.990839	0.990681	0.776647	0.945199	0.945728
2930	0.898234	0.990950	0.990792	0.777179	0.945701	0.946199
2940	0.898560	0.991005	0.990848	0.777558	0.945701	0.946200
2950	0.898844	0.991061	0.990903	0.777870	0.944696	0.945151
2960	0.899194	0.991061	0.990900	0.778211	0.945199	0.945612
2970	0.900057	0.991117	0.990959	0.779011	0.945701	0.946199
2980	0.900402	0.991172	0.991015	0.779316	0.946204	0.946712
2990	0.900727	0.991172	0.991017	0.779707	0.946707	0.947168
3000	0.901527	0.991450	0.991298	0.780150	0.946707	0.947168
3010	0.901777	0.991450	0.991301	0.780478	0.946707	0.947168
3020	0.902478	0.991561	0.991414	0.781269	0.946707	0.947168
3030	0.902788	0.991561	0.991409	0.781694	0.945701	0.946273
3040	0.903029	0.991561	0.991409	0.781978	0.945701	0.946285
3050	0.903676	0.991838	0.991693	0.782670	0.946204	0.946780
3060	0.903898	0.991894	0.991747	0.783044	0.947210	0.947694
3070	0.904515	0.992005	0.991858	0.783893	0.947210	0.947718
3080	0.904838	0.992005	0.991858	0.784152	0.948215	0.948690
3090	0.905020	0.992116	0.991967	0.784384	0.948215	0.948753
3100	0.905422	0.992116	0.991968	0.784702	0.948215	0.948690
3110	0.906020	0.992338	0.992191	0.785189	0.948215	0.948753
3120	0.906338	0.992449	0.992297	0.785734	0.948215	0.948727
3130	0.907010	0.992505	0.992352	0.786433	0.948215	0.948727
3140	0.907242	0.992505	0.992352	0.786602	0.948215	0.948727
3150	0.907438	0.992394	0.992243	0.786849	0.948215	0.948727
3160	0.908055	0.992560	0.992408	0.787445	0.948718	0.949160
3170	0.908395	0.992560	0.992408	0.787630	0.948718	0.949160
3180	0.908629	0.992560	0.992408	0.787808	0.949221	0.949684
3190	0.909311	0.992616	0.992464	0.788385	0.949723	0.950131
3200	0.909573	0.992616	0.992464	0.788533	0.949221	0.949607
3210	0.909862	0.992671	0.992521	0.788853	0.949221	0.949607
3220	0.910310	0.992782	0.992636	0.789307	0.949221	0.949607
3230	0.910487	0.992838	0.992691	0.789469	0.949723	0.950089
3240	0.910576	0.992838	0.992691	0.789559	0.949221	0.949579
3250	0.910826	0.992893	0.992750	0.789942	0.950226	0.950609
3260	0.911157	0.992893	0.992750	0.790125	0.950729	0.951081
3270	0.911451	0.992949	0.992804	0.790473	0.949723	0.950129
3280	0.912018	0.992949	0.992804	0.790992	0.950226	0.950650
3290	0.912174	0.992949	0.992806	0.791232	0.950226	0.950588
3300	0.912387	0.992949	0.992806	0.791427	0.950729	0.951048
3310	0.912776	0.992949	0.992804	0.791811	0.950729	0.950996
3320	0.913055	0.992949	0.992804	0.791946	0.951232	0.951521
3330	0.913245	0.992949	0.992805	0.792134	0.950226	0.950555
3340	0.913655	0.992949	0.992803	0.792557	0.949221	0.949515
3350	0.914000	0.993004	0.992860	0.792805	0.949723	0.949989
3360	0.914196	0.993004	0.992860	0.793103	0.949723	0.949989
3370	0.914334	0.993060	0.992915	0.793278	0.950226	0.950489
3380	0.914817	0.993115	0.992971	0.793658	0.950729	0.950967
3390	0.914982	0.993115	0.992972	0.793881	0.950729	0.950975
3400	0.915159	0.993115	0.992971	0.794046	0.951232	0.951474
3410	0.915653	0.993171	0.993027	0.794535	0.950226	0.950494
3420	0.915839	0.993171	0.993027	0.794745	0.950226	0.950494
3430	0.916117	0.993226	0.993081	0.794789	0.951232	0.951542
3440	0.916342	0.993282	0.993139	0.794935	0.951735	0.951945
3450	0.916980	0.993282	0.993138	0.795429	0.951735	0.951928
3460	0.917084	0.993337	0.993193	0.795478	0.951735	0.951945
3470	0.917295	0.993337	0.993193	0.795557	0.951735	0.951945
3480	0.917704	0.993448	0.993305	0.795993	0.951735	0.951945
3490	0.917948	0.993448	0.993305	0.796124	0.951735	0.951945
3500	0.918470	0.993504	0.993361	0.796660	0.951735	0.951945
3510	0.918631	0.993504	0.993360	0.796855	0.951735	0.951924
3520	0.918907	0.993559	0.993418	0.797109	0.951735	0.951945
3530	0.919073	0.993615	0.993473	0.797212	0.951735	0.951928
3540	0.919244	0.993615	0.993472	0.797283	0.951735	0.951928
3550	0.919378	0.993615	0.993473	0.797411	0.951735	0.951928
3560	0.919644	0.993615	0.993474	0.797643	0.951735	0.951928
3570	0.920075	0.993671	0.993531	0.798114	0.952237	0.952399
3580	0.920287	0.993615	0.993473	0.798257	0.951735	0.951926
3590	0.920576	0.993671	0.993530	0.798530	0.951232	0.951455
3600	0.920876	0.993671	0.993531	0.798803	0.951232	0.951471
3610	0.921092	0.993726	0.993585	0.798995	0.950226	0.950516
3620	0.921552	0.993782	0.993641	0.799346	0.950226	0.950516
3630	0.921761	0.993837	0.993696	0.799324	0.950226	0.950507
3640	0.922001	0.993837	0.993696	0.799451	0.950226	0.950507
3650	0.922547	0.993837	0.993695	0.799978	0.950226	0.950507
3660	0.922711	0.993837	0.993695	0.800171	0.950226	0.950507
3670	0.923078	0.993893	0.993752	0.800507	0.950226	0.950507
3680	0.923261	0.993948	0.993807	0.800672	0.950226	0.950507
3690	0.923693	0.994004	0.993863	0.801085	0.950226	0.950507
3700	0.923940	0.994004	0.993863	0.801348	0.950226	0.950507
3710	0.924343	0.994004	0.993862	0.801654	0.950226	0.950507
3720	0.924709	0.994115	0.993977	0.801989	0.950226	0.950507
3730	0.924890	0.994170	0.994033	0.802184	0.950226	0.950507
3740	0.925335	0.994170	0.994033	0.802524	0.950226	0.950507
3750	0.925533	0.994170	0.994033	0.802690	0.950226	0.950507
3760	0.925913	0.994226	0.994088	0.803159	0.950226	0.950507
3770	0.926080	0.994170	0.994031	0.803378	0.950226	0.950507
3780	0.926499	0.994281	0.994146	0.803889	0.950226	0.950507
3790	0.926707	0.994226	0.994088	0.804123	0.950226	0.950507
3800	0.926864	0.994226	0.994088	0.804257	0.950226	0.950507
3810	0.927298	0.994392	0.994259	0.804714	0.950226	0.950559
3820	0.927487	0.994392	0.994259	0.804945	0.950226	0.950559
3830	0.927578	0.994392	0.994259	0.805052	0.950226	0.950559
3840	0.927687	0.994392	0.994259	0.805135	0.950226	0.950559
3850	0.928154	0.994392	0.994260	0.805680	0.950226	0.950559
3860	0.928316	0.994559	0.994427	0.805802	0.950226	0.950559
3870	0.928479	0.994559	0.994427	0.805973	0.950226	0.950559
3880	0.928809	0.994614	0.994483	0.806321	0.950226	0.950559
3890	0.928940	0.994614	0.994483	0.806424	0.950729	0.951192
3900	0.929306	0.994559	0.994427	0.806733	0.950226	0.950602
3910	0.929469	0.994503	0.994372	0.807052	0.950729	0.951210
3920	0.929556	0.994503	0.994373	0.807069	0.950729	0.951101
3930	0.929894	0.994559	0.994426	0.807370	0.951232	0.951521
3940	0.930245	0.994614	0.994482	0.807641	0.950226	0.950584
3950	0.930415	0.994559	0.994426	0.807827	0.950226	0.950533
3960	0.930769	0.994725	0.994596	0.808180	0.950729	0.950953
3970	0.930906	0.994781	0.994650	0.808269	0.950226	0.950454
3980	0.931324	0.995059	0.994937	0.808724	0.950226	0.950404
3990	0.931465	0.995059	0.994936	0.808900	0.950226	0.950454
4000	0.931890	0.995170	0.995050	0.809311	0.950226	0.950403
4010	0.932046	0.995170	0.995050	0.809412	0.950226	0.950403
4020	0.932127	0.995170	0.995050	0.809555	0.950226	0.950403
4030	0.932253	0.995114	0.994994	0.809667	0.950226	0.950403
4040	0.932646	0.995170	0.995049	0.809995	0.950226	0.950353
4050	0.932781	0.995170	0.995049	0.810184	0.950226	0.950353
4060	0.932916	0.995170	0.995049	0.810360	0.950226	0.950353
4070	0.933336	0.995225	0.995105	0.810679	0.950226	0.950353
4080	0.933553	0.995281	0.995163	0.810862	0.950226	0.950353
4090	0.933658	0.995225	0.995105	0.811019	0.950226	0.950353
4100	0.933968	0.995392	0.995277	0.811272	0.950226	0.950353
4110	0.934077	0.995447	0.995333	0.811369	0.950226	0.950353
4120	0.934218	0.995447	0.995333	0.811506	0.950226	0.950353
4130	0.934544	0.995392	0.995279	0.811846	0.950226	0.950353
4140	0.934613	0.995392	0.995279	0.811857	0.950226	0.950353
4150	0.934741	0.995447	0.995334	0.811983	0.950226	0.950353
4160	0.935048	0.995447	0.995335	0.812279	0.950226	0.950353
4170	0.935199	0.995447	0.995335	0.812482	0.950729	0.950827
4180	0.935317	0.995447	0.995334	0.812528	0.950729	0.950827
4190	0.935669	0.995503	0.995390	0.812839	0.951232	0.951328
4200	0.935767	0.995447	0.995335	0.812892	0.951232	0.951328
4210	0.935909	0.995558	0.995448	0.813038	0.951735	0.951852
4220	0.936076	0.995614	0.995502	0.813209	0.951735	0.951852
4230	0.936357	0.995669	0.995560	0.813490	0.952237	0.952464
4240	0.936531	0.995669	0.995560	0.813690	0.952237	0.952464
4250	0.936690	0.995669	0.995560	0.813833	0.952237	0.952464
4260	0.937001	0.995725	0.995618	0.814177	0.952237	0.952464
4270	0.937132	0.995669	0.995562	0.814286	0.952740	0.952917
4280	0.937479	0.995836	0.995731	0.814620	0.953243	0.953370
4290	0.937728	0.995891	0.995784	0.814947	0.953243	0.953370
4300	0.937910	0.995891	0.995785	0.815251	0.953243	0.953370
4310	0.938055	0.995891	0.995783	0.815352	0.953243	0.953362
4320	0.938352	0.996058	0.995956	0.815629	0.953243	0.953362
4330	0.938651	0.996113	0.996011	0.815946	0.953746	0.953986
4340	0.938742	0.996113	0.996011	0.816014	0.953243	0.953515
4350	0.939052	0.996280	0.996182	0.816347	0.953243	0.953470
4360	0.939176	0.996336	0.996238	0.816393	0.953243	0.953512
4370	0.939483	0.996447	0.996353	0.816635	0.953243	0.953470
4380	0.939725	0.996391	0.996296	0.817092	0.953746	0.954009
4390	0.939988	0.996391	0.996295	0.817215	0.953746	0.954045
4400	0.940214	0.996502	0.996408	0.817308	0.953746	0.954000
4410	0.940320	0.996447	0.996352	0.817406	0.953746	0.954000
4420	0.940410	0.996447	0.996352	0.817519	0.954248	0.954492
4430	0.940815	0.996558	0.996465	0.817893	0.954248	0.954516
4440	0.940997	0.996558	0.996465	0.818108	0.954248	0.954508
4450	0.941282	0.996613	0.996522	0.818386	0.953746	0.954037
4460	0.941394	0.996613	0.996522	0.818473	0.954248	0.954508
4470	0.941675	0.996780	0.996693	0.818753	0.954248	0.954508
4480	0.941815	0.996780	0.996693	0.818790	0.954248	0.954508
4490	0.942134	0.996780	0.996696	0.819151	0.954751	0.954933
4500	0.942208	0.996780	0.996696	0.819237	0.954751	0.954933
4510	0.942288	0.996780	0.996696	0.819255	0.954751	0.954933
4520	0.942443	0.996891	0.996809	0.819392	0.955254	0.955434
4530	0.942693	0.996946	0.996867	0.819642	0.955254	0.955389
4540	0.942772	0.996946	0.996867	0.819814	0.955254	0.955389
4550	0.942873	0.996946	0.996867	0.819974	0.955254	0.955389
4560	0.943064	0.997057	0.996981	0.820176	0.955254	0.955389
4570	0.943315	0.997113	0.997038	0.820367	0.955254	0.955389
4580	0.943449	0.997113	0.997038	0.820569	0.954751	0.954904
4590	0.943512	0.997113	0.997038	0.820660	0.954751	0.954904
4600	0.943650	0.997113	0.997037	0.820780	0.954751	0.954949
4610	0.943976	0.997168	0.997093	0.820963	0.954751	0.954949
4620	0.944147	0.997168	0.997093	0.821123	0.954751	0.954949
4630	0.944250	0.997168	0.997093	0.821281	0.954751	0.954949
4640	0.944522	0.997335	0.997264	0.821622	0.954751	0.954973
4650	0.944726	0.997335	0.997264	0.821798	0.954751	0.954949
4660	0.944855	0.997335	0.997264	0.821987	0.955254	0.955421
4670	0.945168	0.997335	0.997264	0.822256	0.955757	0.955854
4680	0.945394	0.997390	0.997321	0.822523	0.955757	0.955854
4690	0.945531	0.997390	0.997321	0.822760	0.956259	0.956357
4700	0.945776	0.997446	0.997378	0.823072	0.956259	0.956357
4710	0.946021	0.997446	0.997378	0.823397	0.956259	0.956394
4720	0.946132	0.997446	0.997378	0.823474	0.956259	0.956370
4730	0.946377	0.997446	0.997377	0.823719	0.956259	0.956394
4740	0.946521	0.997446	0.997377	0.823889	0.956259	0.956394
4750	0.946593	0.997446	0.997377	0.823962	0.956259	0.956394
4760	0.946864	0.997446	0.997377	0.824278	0.956259	0.956394
4770	0.947099	0.997446	0.997375	0.824660	0.956259	0.956394
4780	0.947218	0.997446	0.997375	0.824803	0.956259	0.956357
4790	0.947314	0.997446	0.997375	0.824924	0.956259	0.956357
4800	0.947592	0.997446	0.997375	0.825203	0.956259	0.956357
4810	0.947700	0.997446	0.997375	0.825385	0.956259	0.956357
4820	0.947983	0.997446	0.997375	0.825673	0.956259	0.956357
4830	0.948092	0.997446	0.997375	0.825974	0.956762	0.956885
4840	0.948307	0.997502	0.997431	0.826325	0.956259	0.956357
4850	0.948448	0.997502	0.997431	0.826516	0.956762	0.956885
4860	0.948560	0.997502	0.997431	0.826560	0.956762	0.956885
4870	0.948881	0.997557	0.997488	0.826893	0.955757	0.955839
4880	0.948994	0.997557	0.997488	0.827017	0.955757	0.955829
4890	0.949174	0.997613	0.997545	0.827268	0.955757	0.955872
4900	0.949262	0.997613	0.997545	0.827355	0.955757	0.955872
4910	0.949367	0.997613	0.997545	0.827467	0.955757	0.955872
4920	0.949557	0.997613	0.997545	0.827678	0.955757	0.955833
4930	0.949659	0.997613	0.997546	0.827844	0.956259	0.956432
4940	0.949743	0.997613	0.997545	0.827949	0.956259	0.956432
4950	0.949808	0.997613	0.997545	0.827989	0.956259	0.956466
4960	0.949927	0.997613	0.997545	0.828048	0.956259	0.956428
4970	0.950194	0.997613	0.997545	0.828344	0.955757	0.955784
4980	0.950289	0.997613	0.997545	0.828448	0.955254	0.955351
4990	0.950495	0.997724	0.997660	0.828632	0.955254	0.955396
5000	0.950598	0.997724	0.997660	0.828732	0.955254	0.955396
5010	0.950814	0.997890	0.997830	0.829015	0.955254	0.955439
5020	0.950968	0.997890	0.997831	0.829188	0.955254	0.955396
5030	0.951041	0.997890	0.997831	0.829299	0.955254	0.955439
5040	0.951097	0.997890	0.997831	0.829362	0.955254	0.955439
5050	0.951259	0.997890	0.997831	0.829509	0.955254	0.955396
5060	0.951342	0.997890	0.997831	0.829544	0.955254	0.955396
5070	0.951567	0.997946	0.997888	0.829865	0.955757	0.955865
5080	0.951691	0.997946	0.997890	0.830069	0.955757	0.955865
5090	0.951820	0.997946	0.997890	0.830172	0.955757	0.955865
5100	0.952024	0.998112	0.998060	0.830381	0.955757	0.955865
5110	0.952149	0.998112	0.998062	0.830611	0.955757	0.955865
5120	0.952213	0.998112	0.998062	0.830677	0.956259	0.956322
5130	0.952313	0.998112	0.998062	0.830743	0.956259	0.956365
5140	0.952521	0.998168	0.998120	0.830950	0.956259	0.956277
5150	0.952597	0.998168	0.998120	0.830990	0.956259	0.956277
5160	0.952774	0.998223	0.998176	0.831117	0.956259	0.956322
5170	0.952838	0.998223	0.998176	0.831163	0.956259	0.956322
5180	0.952981	0.998223	0.998176	0.831299	0.956259	0.956322
5190	0.953106	0.998223	0.998176	0.831446	0.956762	0.956921
5200	0.953227	0.998223	0.998176	0.831597	0.956259	0.956322
5210	0.953288	0.998223	0.998176	0.831730	0.956259	0.956322
5220	0.953516	0.998223	0.998176	0.831954	0.956259	0.956322
5230	0.953626	0.998223	0.998176	0.832040	0.956762	0.956921
5240	0.953698	0.998223	0.998176	0.832200	0.956762	0.956921
5250	0.953835	0.998223	0.998176	0.832387	0.956762	0.956921
5260	0.953903	0.998223	0.998176	0.832461	0.956762	0.956921
5270	0.953996	0.998223	0.998176	0.832673	0.956762	0.956921
5280	0.954209	0.998334	0.998290	0.832945	0.956762	0.956909
5290	0.954269	0.998334	0.998290	0.833024	0.956762	0.956909
5300	0.954349	0.998334	0.998290	0.833155	0.956762	0.956952
5310	0.954550	0.998390	0.998347	0.833319	0.956762	0.956909
5320	0.954628	0.998390	0.998347	0.833337	0.956762	0.956909
5330	0.954838	0.998445	0.998404	0.833578	0.956762	0.956909
5340	0.954901	0.998445	0.998404	0.833632	0.956762	0.956909
5350	0.954983	0.998445	0.998404	0.833758	0.957265	0.957504
5360	0.955171	0.998445	0.998404	0.834002	0.957265	0.957541
5370	0.955234	0.998445	0.998404	0.834083	0.957265	0.957504
5380	0.955323	0.998501	0.998460	0.834253	0.957265	0.957504
5390	0.955488	0.998556	0.998517	0.834351	0.956762	0.956909
5400	0.955589	0.998556	0.998517	0.834397	0.957768	0.957970
5410	0.955714	0.998556	0.998517	0.834615	0.957265	0.957504
5420	0.955883	0.998667	0.998631	0.834812	0.957768	0.957970
5430	0.955953	0.998667	0.998631	0.834923	0.957768	0.957970
5440	0.956093	0.998667	0.998631	0.835077	0.957768	0.957970
5450	0.956148	0.998667	0.998631	0.835183	0.957768	0.957970
5460	0.956226	0.998667	0.998632	0.835307	0.957768	0.957970
5470	0.956330	0.998723	0.998688	0.835345	0.957768	0.957970
5480	0.956502	0.998723	0.998688	0.835538	0.957768	0.957885
5490	0.956596	0.998723	0.998688	0.835624	0.958270	0.958480
5500	0.956746	0.998723	0.998688	0.835748	0.958270	0.958480
5510	0.956823	0.998723	0.998688	0.835845	0.958270	0.958480
5520	0.956923	0.998779	0.998744	0.836124	0.958270	0.958480
5530	0.957116	0.998834	0.998800	0.836332	0.958270	0.958480
5540	0.957177	0.998834	0.998800	0.836409	0.958270	0.958480
5550	0.957247	0.998834	0.998800	0.836429	0.958270	0.958480
5560	0.957381	0.998834	0.998800	0.836606	0.958773	0.958952
5570	0.957456	0.998834	0.998800	0.836693	0.958773	0.958952
5580	0.957601	0.998834	0.998800	0.836862	0.958773	0.958952
5590	0.957677	0.998890	0.998858	0.836949	0.958773	0.958952
5600	0.957882	0.998890	0.998858	0.837189	0.958773	0.958952
5610	0.957925	0.998890	0.998858	0.837210	0.958773	0.958952
5620	0.958025	0.998890	0.998858	0.837304	0.958773	0.958952
5630	0.958176	0.998890	0.998857	0.837477	0.958773	0.958952
5640	0.958307	0.998890	0.998857	0.837630	0.958773	0.958989
5650	0.958371	0.998890	0.998857	0.837675	0.958773	0.958989
5660	0.958488	0.998945	0.998913	0.837842	0.958773	0.958989
5670	0.958560	0.998945	0.998913	0.837934	0.958773	0.958989
5680	0.958700	0.998890	0.998856	0.838116	0.958773	0.958989
5690	0.958780	0.998890	0.998856	0.838161	0.958773	0.958989
5700	0.958909	0.999001	0.998970	0.838290	0.958773	0.958989
5710	0.958979	0.999001	0.998970	0.838331	0.958773	0.958989
5720	0.959108	0.999001	0.998970	0.838484	0.958773	0.958989
5730	0.959156	0.999001	0.998970	0.838552	0.958773	0.958989
5740	0.959221	0.999001	0.998970	0.838547	0.958773	0.958989
5750	0.959319	0.999001	0.998970	0.838632	0.958773	0.958989
5760	0.959372	0.999001	0.998970	0.838679	0.958773	0.958989
5770	0.959564	0.999056	0.999027	0.838862	0.958773	0.958989
5780	0.959663	0.999056	0.999027	0.838944	0.958773	0.958989
5790	0.959752	0.999056	0.999027	0.839046	0.958773	0.958989
5800	0.959807	0.999056	0.999027	0.839073	0.958773	0.958989
5810	0.959977	0.999056	0.999027	0.839288	0.958773	0.958989
5820	0.960047	0.999056	0.999027	0.839437	0.958773	0.958989
5830	0.960173	0.999056	0.999027	0.839588	0.958773	0.958989
5840	0.960243	0.999056	0.999027	0.839672	0.958773	0.958989
5850	0.960379	0.999056	0.999027	0.839852	0.958773	0.958989
5860	0.960460	0.999056	0.999027	0.839924	0.958773	0.958989
5870	0.960590	0.999112	0.999083	0.840081	0.958773	0.958989
5880	0.960645	0.999112	0.999083	0.840160	0.958773	0.958989
5890	0.960727	0.999112	0.999083	0.840255	0.958773	0.958989
5900	0.960845	0.999112	0.999083	0.840353	0.958773	0.958989
5910	0.960900	0.999112	0.999083	0.840417	0.958773	0.958989
5920	0.960948	0.999112	0.999083	0.840443	0.958773	0.958989
5930	0.961077	0.999112	0.999083	0.840507	0.958773	0.958999
5940	0.961185	0.999112	0.999083	0.840737	0.958773	0.958999
5950	0.961295	0.999112	0.999083	0.840859	0.958773	0.958999
5960	0.961397	0.999112	0.999083	0.841075	0.959276	0.959443
5970	0.961464	0.999112	0.999083	0.841184	0.959276	0.959443
5980	0.961523	0.999112	0.999083	0.841247	0.959276	0.959443
5990	0.961673	0.999112	0.999083	0.841365	0.959779	0.959991
6000	0.961736	0.999112	0.999083	0.841471	0.959779	0.959991
6010	0.961784	0.999112	0.999083	0.841516	0.959779	0.959991
6020	0.961927	0.999112	0.999083	0.841701	0.959276	0.959443
6030	0.961984	0.999112	0.999083	0.841748	0.959276	0.959443
6040	0.962120	0.999112	0.999083	0.841833	0.959276	0.959443
6050	0.962170	0.999112	0.999083	0.841917	0.959779	0.959991
6060	0.962250	0.999167	0.999140	0.842013	0.959779	0.959991
6070	0.962348	0.999223	0.999198	0.842124	0.959276	0.959443
6080	0.962422	0.999223	0.999198	0.842197	0.959276	0.959443
6090	0.962474	0.999223	0.999198	0.842191	0.959276	0.959443
6100	0.962541	0.999223	0.999198	0.842248	0.959276	0.959443
6110	0.962620	0.999223	0.999198	0.842335	0.959276	0.959443
6120	0.962675	0.999223	0.999198	0.842323	0.959276	0.959443
6130	0.962809	0.999223	0.999198	0.842468	0.959276	0.959443
6140	0.962864	0.999223	0.999198	0.842494	0.959276	0.959442
6150	0.962915	0.999223	0.999198	0.842549	0.958773	0.958894
6160	0.963114	0.999223	0.999198	0.843245	0.958773	0.958894
6170	0.963188	0.999223	0.999198	0.843350	0.958773	0.958894
6180	0.963321	0.999223	0.999198	0.843519	0.958773	0.958894
6190	0.963374	0.999223	0.999198	0.843587	0.959276	0.959442
6200	0.963483	0.999223	0.999198	0.843719	0.959276	0.959442
6210	0.963549	0.999223	0.999198	0.843827	0.959276	0.959442
6220	0.963593	0.999223	0.999198	0.843832	0.958773	0.958906
6230	0.963624	0.999223	0.999198	0.843883	0.959276	0.959442
6240	0.963714	0.999223	0.999198	0.844018	0.959276	0.959442
6250	0.963757	0.999223	0.999198	0.844093	0.959276	0.959442
6260	0.963851	0.999223	0.999198	0.844173	0.959276	0.959442
6270	0.963915	0.999223	0.999198	0.844254	0.959276	0.959442
6280	0.964028	0.999223	0.999199	0.844416	0.959276	0.959442
6290	0.964100	0.999223	0.999199	0.844495	0.959276	0.959442
6300	0.964193	0.999278	0.999256	0.844612	0.959276	0.959442
6310	0.964244	0.999278	0.999256	0.844658	0.959276	0.959442
6320	0.964324	0.999278	0.999256	0.844759	0.959276	0.959442
6330	0.964374	0.999278	0.999256	0.844872	0.959276	0.959442
6340	0.964467	0.999278	0.999256	0.844955	0.959276	0.959449
6350	0.964512	0.999278	0.999256	0.845015	0.959276	0.959449
6360	0.964579	0.999278	0.999256	0.845143	0.959276	0.959449
6370	0.964652	0.999278	0.999256	0.845233	0.959276	0.959449
6380	0.964723	0.999278	0.999256	0.845320	0.959276	0.959449
6390	0.964787	0.999278	0.999256	0.845375	0.959276	0.959449
6400	0.964864	0.999278	0.999256	0.845462	0.959276	0.959449
6410	0.964985	0.999278	0.999256	0.845571	0.959276	0.959449
6420	0.965069	0.999278	0.999256	0.845646	0.959276	0.959449
6430	0.965107	0.999278	0.999256	0.845659	0.959276	0.959449
6440	0.965217	0.999278	0.999256	0.845797	0.959276	0.959516
6450	0.965276	0.999278	0.999256	0.845795	0.958773	0.958968
6460	0.965367	0.999278	0.999256	0.845903	0.959276	0.959516
6470	0.965455	0.999278	0.999256	0.846012	0.959276	0.959516
6480	0.965564	0.999278	0.999256	0.846157	0.958773	0.958968
6490	0.965621	0.999278	0.999256	0.846156	0.959276	0.959516
6500	0.965739	0.999278	0.999255	0.846281	0.959276	0.959516
6510	0.965782	0.999278	0.999255	0.846322	0.959276	0.959516
6520	0.965865	0.999278	0.999255	0.846419	0.959779	0.960071
6530	0.965924	0.999334	0.999312	0.846508	0.959779	0.960071
6540	0.965977	0.999334	0.999312	0.846572	0.959779	0.960071
6550	0.966065	0.999334	0.999312	0.846683	0.959779	0.960071
6560	0.966132	0.999334	0.999313	0.846771	0.959779	0.960071
6570	0.966203	0.999334	0.999313	0.846850	0.959779	0.960071
6580	0.966242	0.999334	0.999312	0.846906	0.959779	0.960071
6590	0.966346	0.999334	0.999313	0.846959	0.959779	0.960071
6600	0.966447	0.999334	0.999313	0.847083	0.959779	0.960071
6610	0.966485	0.999334	0.999313	0.847119	0.959779	0.960071
6620	0.966557	0.999334	0.999313	0.847218	0.959779	0.960071
6630	0.966614	0.999334	0.999313	0.847270	0.959779	0.960071
6640	0.966714	0.999334	0.999313	0.847366	0.959779	0.960071
6650	0.966759	0.999334	0.999313	0.847430	0.959779	0.960071
6660	0.966845	0.999334	0.999313	0.847578	0.959779	0.960071
6670	0.966892	0.999334	0.999313	0.847666	0.959779	0.960071
6680	0.966975	0.999334	0.999313	0.847812	0.960282	0.960550
6690	0.967011	0.999334	0.999312	0.847871	0.960282	0.960550
6700	0.967052	0.999334	0.999312	0.847896	0.960282	0.960550
6710	0.967125	0.999334	0.999312	0.847976	0.960282	0.960550
6720	0.967187	0.999334	0.999313	0.848069	0.960282	0.960550
6730	0.967265	0.999334	0.999313	0.848189	0.959779	0.960003
6740	0.967311	0.999334	0.999313	0.848239	0.959779	0.960003
6750	0.967347	0.999334	0.999313	0.848296	0.959779	0.960003
6760	0.967443	0.999334	0.999313	0.848455	0.959779	0.960003
6770	0.967493	0.999389	0.999370	0.848437	0.960282	0.960550
6780	0.967580	0.999389	0.999370	0.848580	0.960282	0.960550
6790	0.967648	0.999389	0.999370	0.848663	0.960784	0.961050
6800	0.967696	0.999389	0.999370	0.848707	0.960282	0.960550
6810	0.967795	0.999389	0.999370	0.848839	0.960282	0.960550
6820	0.967859	0.999389	0.999370	0.848832	0.960282	0.960550
6830	0.967918	0.999389	0.999370	0.848907	0.960282	0.960550
6840	0.967973	0.999389	0.999370	0.848952	0.960282	0.960550
6850	0.968043	0.999389	0.999370	0.849040	0.960282	0.960550
6860	0.968060	0.999389	0.999370	0.849078	0.960282	0.960550
6870	0.968142	0.999389	0.999370	0.849198	0.960282	0.960550
6880	0.968189	0.999389	0.999370	0.849253	0.960282	0.960550
6890	0.968228	0.999389	0.999370	0.849317	0.960282	0.960550
6900	0.968297	0.999389	0.999370	0.849396	0.960282	0.960550
6910	0.968331	0.999389	0.999370	0.849443	0.960282	0.960550
6920	0.968414	0.999389	0.999370	0.849524	0.960282	0.960550
6930	0.968444	0.999389	0.999370	0.849602	0.960282	0.960550
6940	0.968482	0.999389	0.999370	0.849639	0.960282	0.960550
6950	0.968562	0.999389	0.999370	0.849724	0.960282	0.960550
6960	0.968589	0.999389	0.999370	0.849763	0.960282	0.960550
6970	0.968628	0.999389	0.999370	0.849810	0.960282	0.960550
6980	0.968715	0.999389	0.999370	0.849902	0.960282	0.960550
6990	0.968773	0.999389	0.999370	0.849916	0.960282	0.960550
7000	0.968857	0.999389	0.999370	0.850038	0.960282	0.960550
7010	0.968891	0.999389	0.999370	0.850083	0.960282	0.960550
7020	0.968959	0.999389	0.999370	0.850134	0.960282	0.960550
7030	0.968987	0.999389	0.999370	0.850149	0.960282	0.960550
7040	0.969036	0.999389	0.999370	0.850203	0.960282	0.960550
7050	0.969072	0.999389	0.999370	0.850266	0.960282	0.960550
7060	0.969139	0.999389	0.999370	0.850339	0.960282	0.960550
7070	0.969175	0.999389	0.999370	0.850387	0.960282	0.960550
7080	0.969212	0.999389	0.999370	0.850433	0.960282	0.960550
7090	0.969282	0.999389	0.999370	0.850502	0.960282	0.960550
7100	0.969313	0.999389	0.999370	0.850554	0.960282	0.960550
7110	0.969364	0.999389	0.999370	0.850671	0.960282	0.960550
7120	0.969436	0.999389	0.999370	0.850833	0.960282	0.960550
7130	0.969457	0.999389	0.999370	0.850834	0.960282	0.960550
7140	0.969499	0.999389	0.999370	0.850879	0.960282	0.960550
7150	0.969561	0.999389	0.999370	0.850941	0.960282	0.960550
7160	0.969614	0.999389	0.999370	0.850985	0.960282	0.960550
7170	0.969649	0.999389	0.999370	0.851060	0.960282	0.960550
7180	0.969726	0.999389	0.999370	0.851147	0.960282	0.960550
7190	0.969790	0.999389	0.999370	0.851253	0.959779	0.960002
7200	0.969824	0.999389	0.999370	0.851281	0.960282	0.960550
7210	0.969851	0.999389	0.999370	0.851325	0.960282	0.960550
7220	0.969923	0.999389	0.999370	0.851426	0.960282	0.960550
7230	0.969964	0.999389	0.999370	0.851566	0.960282	0.960550
7240	0.970023	0.999389	0.999370	0.851616	0.960282	0.960550
7250	0.970052	0.999389	0.999370	0.851654	0.960282	0.960550
7260	0.970102	0.999389	0.999370	0.851759	0.959779	0.960002
7270	0.970159	0.999445	0.999428	0.851821	0.959779	0.960002
7280	0.970191	0.999445	0.999428	0.851856	0.959779	0.960002
7290	0.970252	0.999445	0.999428	0.851936	0.959779	0.960002
7300	0.970285	0.999445	0.999428	0.851979	0.959779	0.960002
7310	0.970359	0.999445	0.999428	0.852027	0.959779	0.960002
7320	0.970389	0.999445	0.999428	0.852048	0.959779	0.960002
7330	0.970420	0.999445	0.999428	0.852107	0.960282	0.960550
7340	0.970455	0.999445	0.999428	0.852190	0.960282	0.960550
7350	0.970525	0.999445	0.999428	0.852268	0.960282	0.960550
7360	0.970549	0.999445	0.999428	0.852325	0.960282	0.960550
7370	0.970585	0.999445	0.999428	0.852361	0.960282	0.960550
7380	0.970652	0.999445	0.999428	0.852383	0.960282	0.960550
7390	0.970665	0.999445	0.999428	0.852387	0.960282	0.960550
7400	0.970687	0.999445	0.999428	0.852431	0.960282	0.960550
7410	0.970747	0.999445	0.999428	0.852464	0.960282	0.960550
7420	0.970778	0.999445	0.999428	0.852485	0.960282	0.960550
7430	0.970807	0.999445	0.999428	0.852513	0.960282	0.960550
7440	0.970885	0.999445	0.999428	0.852582	0.960282	0.960550
7450	0.970918	0.999445	0.999428	0.852626	0.960282	0.960550
7460	0.970946	0.999445	0.999428	0.852680	0.960282	0.960550
7470	0.971023	0.999445	0.999428	0.852758	0.960282	0.960550
7480	0.971067	0.999445	0.999428	0.852827	0.960282	0.960550
7490	0.971108	0.999445	0.999428	0.852816	0.960282	0.960550
7500	0.971170	0.999445	0.999428	0.852846	0.960282	0.960550
7510	0.971237	0.999445	0.999428	0.852920	0.960282	0.960550
7520	0.971269	0.999445	0.999428	0.852951	0.960784	0.961050
7530	0.971350	0.999500	0.999485	0.853050	0.960784	0.961050
7540	0.971391	0.999500	0.999485	0.853072	0.960784	0.961050
7550	0.971414	0.999500	0.999485	0.853116	0.961287	0.961488
7560	0.971453	0.999500	0.999485	0.853155	0.961287	0.961488
7570	0.971499	0.999500	0.999485	0.853190	0.961287	0.961488
7580	0.971524	0.999500	0.999485	0.853225	0.961287	0.961488
7590	0.971560	0.999500	0.999485	0.853240	0.961287	0.961488
7600	0.971628	0.999500	0.999485	0.853327	0.961287	0.961488
7610	0.971664	0.999500	0.999485	0.853358	0.961287	0.961488
7620	0.971723	0.999500	0.999485	0.853409	0.961287	0.961488
7630	0.971763	0.999500	0.999485	0.853475	0.961287	0.961488
7640	0.971791	0.999500	0.999485	0.853503	0.961287	0.961488
7650	0.971858	0.999500	0.999485	0.853566	0.961287	0.961488
7660	0.971905	0.999500	0.999485	0.853638	0.961287	0.961488
7670	0.971953	0.999500	0.999485	0.853718	0.961287	0.961488
7680	0.972011	0.999500	0.999485	0.853804	0.961287	0.961488
7690	0.972051	0.999500	0.999485	0.853865	0.961287	0.961488
7700	0.972110	0.999500	0.999485	0.853959	0.961287	0.961488
7710	0.972153	0.999500	0.999485	0.854019	0.961287	0.961488
7720	0.972221	0.999500	0.999485	0.854126	0.961287	0.961488
7730	0.972306	0.999500	0.999485	0.854151	0.961287	0.961488
7740	0.972407	0.999556	0.999542	0.854281	0.961287	0.961488
7750	0.972460	0.999556	0.999542	0.854397	0.961287	0.961488
7760	0.972553	0.999611	0.999600	0.854530	0.961287	0.961488
7770	0.972617	0.999611	0.999600	0.854644	0.961287	0.961488
7780	0.972693	0.999611	0.999600	0.854771	0.961287	0.961488
7790	0.972731	0.999611	0.999600	0.854822	0.961287	0.961488
7800	0.972822	0.999611	0.999600	0.854929	0.961287	0.961488
7810	0.972869	0.999611	0.999600	0.854995	0.961287	0.961488
7820	0.972926	0.999611	0.999600	0.855078	0.961287	0.961488
7830	0.972965	0.999611	0.999600	0.855154	0.961287	0.961488
7840	0.973018	0.999611	0.999600	0.855218	0.961287	0.961488
7850	0.973080	0.999611	0.999600	0.855275	0.961287	0.961488
7860	0.973118	0.999611	0.999600	0.855329	0.961287	0.961488
7870	0.973188	0.999611	0.999600	0.855434	0.961287	0.961488
7880	0.973215	0.999611	0.999600	0.855459	0.961287	0.961488
7890	0.973273	0.999611	0.999600	0.855515	0.961287	0.961488
7900	0.973305	0.999611	0.999600	0.855537	0.961287	0.961488
7910	0.973343	0.999611	0.999600	0.855612	0.960784	0.960988
7920	0.973429	0.999556	0.999542	0.855599	0.960784	0.960988
7930	0.973463	0.999556	0.999542	0.855576	0.960784	0.960988
7940	0.973528	0.999556	0.999542	0.855665	0.960784	0.960988
7950	0.973583	0.999556	0.999542	0.855765	0.960784	0.960988
7960	0.973617	0.999556	0.999542	0.855823	0.961287	0.961488
7970	0.973674	0.999556	0.999542	0.855957	0.961287	0.961488
7980	0.973741	0.999556	0.999542	0.856071	0.960784	0.960988
7990	0.973778	0.999611	0.999600	0.856105	0.961287	0.961488
8000	0.973837	0.999556	0.999542	0.856124	0.961287	0.961488
8010	0.973869	0.999556	0.999542	0.856170	0.961287	0.961488
8020	0.973932	0.999611	0.999600	0.856252	0.961287	0.961488
8030	0.973965	0.999611	0.999600	0.856295	0.961287	0.961488
8040	0.974005	0.999611	0.999600	0.856326	0.961287	0.961488
8050	0.974065	0.999556	0.999542	0.856379	0.961287	0.961488
8060	0.974103	0.999611	0.999600	0.856418	0.961287	0.961488
8070	0.974157	0.999611	0.999600	0.856464	0.961287	0.961488
8080	0.974218	0.999667	0.999657	0.856516	0.961287	0.961488
8090	0.974273	0.999667	0.999657	0.856547	0.961287	0.961488
8100	0.974326	0.999667	0.999657	0.856617	0.961287	0.961488
8110	0.974385	0.999667	0.999657	0.856669	0.961287	0.961488
8120	0.974427	0.999667	0.999657	0.856723	0.961287	0.961488
8130	0.974471	0.999667	0.999657	0.856751	0.961287	0.961488
8140	0.974499	0.999667	0.999657	0.856799	0.961287	0.961488
8150	0.974552	0.999667	0.999657	0.856906	0.961287	0.961488
8160	0.974595	0.999667	0.999657	0.856946	0.961287	0.961488
8170	0.974623	0.999667	0.999657	0.856957	0.961287	0.961488
8180	0.974668	0.999667	0.999657	0.857025	0.961287	0.961488
8190	0.974693	0.999667	0.999657	0.857063	0.960784	0.960940
8200	0.974743	0.999667	0.999657	0.857125	0.961287	0.961488
8210	0.974763	0.999667	0.999657	0.857187	0.961287	0.961488
8220	0.974782	0.999667	0.999657	0.857180	0.961287	0.961488
8230	0.974825	0.999667	0.999657	0.857268	0.961287	0.961488
8240	0.974858	0.999667	0.999657	0.857323	0.961287	0.961488
8250	0.974889	0.999667	0.999657	0.857383	0.961287	0.961488
8260	0.974912	0.999667	0.999657	0.857379	0.961790	0.961960
8270	0.974960	0.999667	0.999657	0.857407	0.961790	0.961943
8280	0.975015	0.999667	0.999657	0.857474	0.961790	0.961960
8290	0.975035	0.999667	0.999657	0.857492	0.961790	0.961943
8300	0.975052	0.999667	0.999657	0.857504	0.961790	0.961943
8310	0.975071	0.999667	0.999657	0.857547	0.961790	0.961943
8320	0.975124	0.999667	0.999657	0.857619	0.961790	0.961943
8330	0.975142	0.999667	0.999657	0.857637	0.961790	0.961943
8340	0.975172	0.999667	0.999657	0.857675	0.961790	0.961943
8350	0.975210	0.999667	0.999657	0.857732	0.961790	0.961960
8360	0.975243	0.999667	0.999657	0.857753	0.961790	0.961943
8370	0.975297	0.999667	0.999657	0.857819	0.961790	0.961943
8380	0.975318	0.999667	0.999657	0.857851	0.961790	0.961943
8390	0.975348	0.999667	0.999657	0.857903	0.961790	0.961943
8400	0.975385	0.999667	0.999657	0.857954	0.961790	0.961943
8410	0.975402	0.999667	0.999657	0.857981	0.961790	0.961943
8420	0.975413	0.999667	0.999657	0.857996	0.961790	0.961943
8430	0.975479	0.999667	0.999657	0.857976	0.961790	0.961943
8440	0.975515	0.999667	0.999657	0.857997	0.961790	0.961943
8450	0.975545	0.999667	0.999657	0.858061	0.961790	0.961943
8460	0.975589	0.999667	0.999657	0.858086	0.961790	0.961943
8470	0.975623	0.999667	0.999657	0.858130	0.961790	0.961943
8480	0.975664	0.999667	0.999657	0.858195	0.961790	0.961943
8490	0.975694	0.999667	0.999657	0.858249	0.961790	0.961943
8500	0.975743	0.999667	0.999657	0.858329	0.961790	0.961943
8510	0.975791	0.999667	0.999657	0.858360	0.961790	0.961943
8520	0.975822	0.999667	0.999657	0.858406	0.961790	0.961943
8530	0.975859	0.999667	0.999657	0.858422	0.961790	0.961943
8540	0.975896	0.999667	0.999657	0.858451	0.961790	0.961943
8550	0.975934	0.999722	0.999714	0.858504	0.961790	0.961943
8560	0.975966	0.999722	0.999714	0.858511	0.961790	0.961943
8570	0.976008	0.999722	0.999714	0.858591	0.961790	0.961943
8580	0.976067	0.999722	0.999714	0.858624	0.961790	0.961943
8590	0.976095	0.999722	0.999714	0.858685	0.961790	0.961943
8600	0.976138	0.999722	0.999714	0.858766	0.961790	0.961943
8610	0.976166	0.999722	0.999714	0.858807	0.961790	0.961943
8620	0.976217	0.999722	0.999714	0.858872	0.961790	0.961943
8630	0.976251	0.999722	0.999714	0.858893	0.961790	0.961943
8640	0.976293	0.999722	0.999714	0.858914	0.961790	0.961943
8650	0.976338	0.999722	0.999714	0.858964	0.961287	0.961397
8660	0.976372	0.999722	0.999714	0.859008	0.961287	0.961397
8670	0.976428	0.999722	0.999714	0.859101	0.961287	0.961397
8680	0.976451	0.999722	0.999714	0.859137	0.961287	0.961397
8690	0.976493	0.999722	0.999714	0.859170	0.961287	0.961397
8700	0.976523	0.999722	0.999714	0.859263	0.961287	0.961397
8710	0.976562	0.999667	0.999657	0.859318	0.961287	0.961399
8720	0.976609	0.999667	0.999657	0.859370	0.961287	0.961399
8730	0.976631	0.999667	0.999657	0.859419	0.961287	0.961399
8740	0.976664	0.999667	0.999657	0.859453	0.961287	0.961399
8750	0.976692	0.999667	0.999657	0.859470	0.961287	0.961399
8760	0.976725	0.999667	0.999657	0.859523	0.961287	0.961399
8770	0.976740	0.999667	0.999657	0.859537	0.961287	0.961399
8780	0.976770	0.999667	0.999657	0.859561	0.961287	0.961399
8790	0.976803	0.999667	0.999657	0.859635	0.961287	0.961399
8800	0.976823	0.999667	0.999657	0.859687	0.961287	0.961399
8810	0.976863	0.999667	0.999657	0.859753	0.961287	0.961399
8820	0.976884	0.999667	0.999657	0.859793	0.961287	0.961399
8830	0.976923	0.999722	0.999714	0.859839	0.961287	0.961399
8840	0.976947	0.999722	0.999714	0.859874	0.961287	0.961399
8850	0.976990	0.999778	0.999772	0.859905	0.961287	0.961399
8860	0.977027	0.999778	0.999771	0.859959	0.961287	0.961399
8870	0.977048	0.999833	0.999829	0.859993	0.961287	0.961399
8880	0.977089	0.999833	0.999829	0.860126	0.961287	0.961399
8890	0.977135	0.999833	0.999829	0.860240	0.961287	0.961399
8900	0.977163	0.999833	0.999829	0.860306	0.960784	0.960891
8910	0.977196	0.999833	0.999829	0.860333	0.960784	0.960891
8920	0.977233	0.999833	0.999829	0.860378	0.960784	0.960891
8930	0.977266	0.999833	0.999829	0.860403	0.960784	0.960891
8940	0.977291	0.999833	0.999829	0.860421	0.960784	0.960891
8950	0.977329	0.999833	0.999829	0.860454	0.960784	0.960891
8960	0.977358	0.999833	0.999829	0.860491	0.960784	0.960891
8970	0.977394	0.999833	0.999829	0.860554	0.960784	0.960891
8980	0.977436	0.999833	0.999829	0.860659	0.961287	0.961399
8990	0.977453	0.999833	0.999829	0.860697	0.961287	0.961399
9000	0.977476	0.999833	0.999829	0.860749	0.961287	0.961399
9010	0.977507	0.999833	0.999829	0.860812	0.960784	0.960891
9020	0.977555	0.999833	0.999829	0.860836	0.960784	0.960891
9030	0.977602	0.999833	0.999829	0.860874	0.960784	0.960891
9040	0.977620	0.999833	0.999829	0.860906	0.960784	0.960891
9050	0.977636	0.999833	0.999829	0.860912	0.960784	0.960891
9060	0.977667	0.999833	0.999829	0.860910	0.960784	0.960891
9070	0.977700	0.999833	0.999829	0.860920	0.960784	0.960891
9080	0.977721	0.999833	0.999829	0.860954	0.960784	0.960891
9090	0.977756	0.999833	0.999829	0.860994	0.960784	0.960891
9100	0.977777	0.999833	0.999829	0.860993	0.960784	0.960891
9110	0.977806	0.999833	0.999829	0.861012	0.960784	0.960891
9120	0.977843	0.999833	0.999829	0.861049	0.960784	0.960891
9130	0.977868	0.999833	0.999829	0.861084	0.960784	0.960891
9140	0.977888	0.999833	0.999829	0.861116	0.960784	0.960891
9150	0.977910	0.999833	0.999829	0.861147	0.960784	0.960891
9160	0.977940	0.999833	0.999829	0.861166	0.960784	0.960891
9170	0.977956	0.999833	0.999829	0.861192	0.960784	0.960891
9180	0.977999	0.999833	0.999829	0.861245	0.960784	0.960891
9190	0.978016	0.999833	0.999829	0.861264	0.960784	0.960891
9200	0.978050	0.999833	0.999829	0.861312	0.960784	0.960891
9210	0.978073	0.999833	0.999829	0.861327	0.960784	0.960891
9220	0.978129	0.999944	0.999943	0.861384	0.960784	0.960891
9230	0.978152	0.999889	0.999886	0.861407	0.960784	0.960891
9240	0.978169	0.999889	0.999886	0.861435	0.960784	0.960891
9250	0.978192	0.999889	0.999886	0.861467	0.960784	0.960891
9260	0.978236	0.999889	0.999886	0.861540	0.960784	0.960891
9270	0.978257	0.999889	0.999886	0.861573	0.960784	0.960891
9280	0.978276	0.999889	0.999886	0.861606	0.961287	0.961438
9290	0.978310	0.999944	0.999943	0.861655	0.961287	0.961438
9300	0.978338	0.999944	0.999943	0.861688	0.961287	0.961438
9310	0.978363	0.999944	0.999943	0.861735	0.961287	0.961438
9320	0.978380	0.999944	0.999943	0.861763	0.961287	0.961438
9330	0.978407	0.999944	0.999943	0.861796	0.961287	0.961438
9340	0.978444	0.999944	0.999943	0.861792	0.961287	0.961438
9350	0.978475	0.999944	0.999943	0.861833	0.960784	0.960891
9360	0.978493	0.999944	0.999943	0.861877	0.960784	0.960891
9370	0.978509	0.999944	0.999943	0.861906	0.960784	0.960891
9380	0.978532	0.999944	0.999943	0.861939	0.960784	0.960891
9390	0.978568	0.999944	0.999943	0.861977	0.960784	0.960891
9400	0.978601	0.999944	0.999943	0.862034	0.961287	0.961438
9410	0.978639	0.999944	0.999943	0.862118	0.961287	0.961438
9420	0.978660	0.999944	0.999943	0.862136	0.961790	0.961945
9430	0.978689	0.999944	0.999943	0.862166	0.961790	0.961945
9440	0.978712	0.999944	0.999943	0.862157	0.961790	0.961945
9450	0.978739	0.999944	0.999943	0.862197	0.961287	0.961399
9460	0.978775	0.999944	0.999943	0.862235	0.961287	0.961399
9470	0.978800	0.999944	0.999943	0.862264	0.961287	0.961399
9480	0.978833	0.999944	0.999943	0.862289	0.961790	0.961945
9490	0.978862	0.999944	0.999943	0.862334	0.961790	0.961945
9500	0.978899	0.999944	0.999943	0.862379	0.961790	0.961945
9510	0.978947	0.999944	0.999943	0.862452	0.961790	0.961945
9520	0.978964	0.999944	0.999943	0.862459	0.961790	0.961945
9530	0.978978	0.999944	0.999943	0.862481	0.961790	0.961945
9540	0.978996	0.999944	0.999943	0.862497	0.961790	0.961945
9550	0.979035	0.999944	0.999943	0.862548	0.962293	0.962436
9560	0.979052	0.999944	0.999943	0.862553	0.962293	0.962436
9570	0.979075	0.999944	0.999943	0.862604	0.962293	0.962436
9580	0.979105	0.999944	0.999943	0.862658	0.962293	0.962436
9590	0.979122	0.999944	0.999943	0.862677	0.962293	0.962436
9600	0.979161	0.999944	0.999943	0.862709	0.961790	0.961890
9610	0.979188	0.999944	0.999943	0.862769	0.962293	0.962436
9620	0.979214	0.999944	0.999943	0.862812	0.962293	0.962436
9630	0.979238	0.999944	0.999943	0.862820	0.962293	0.962436
9640	0.979261	0.999944	0.999943	0.862857	0.962293	0.962436
9650	0.979276	0.999944	0.999943	0.862883	0.962293	0.962436
9660	0.979302	0.999944	0.999943	0.862923	0.962293	0.962436
9670	0.979334	0.999944	0.999943	0.862935	0.962293	0.962436
9680	0.979360	0.999944	0.999943	0.862963	0.962293	0.962436
9690	0.979383	0.999944	0.999943	0.863011	0.962293	0.962436
9700	0.979411	0.999944	0.999943	0.863038	0.962293	0.962436
9710	0.979425	0.999944	0.999943	0.863050	0.962293	0.962436
9720	0.979446	0.999944	0.999943	0.863089	0.962293	0.962436
9730	0.979468	0.999944	0.999943	0.863119	0.962293	0.962436
9740	0.979505	0.999944	0.999943	0.863154	0.961790	0.961964
9750	0.979515	0.999944	0.999943	0.863170	0.961790	0.961964
9760	0.979527	0.999944	0.999943	0.863185	0.961790	0.961964
9770	0.979551	0.999944	0.999943	0.863215	0.961790	0.961964
9780	0.979577	0.999944	0.999943	0.863293	0.961790	0.961964
9790	0.979602	0.999944	0.999943	0.863326	0.961790	0.961964
9800	0.979625	0.999944	0.999943	0.863360	0.962293	0.962436
9810	0.979654	0.999944	0.999943	0.863404	0.962293	0.962436
9820	0.979672	0.999944	0.999943	0.863423	0.961790	0.961890
9830	0.979727	0.999944	0.999943	0.863489	0.961790	0.961890
9840	0.979746	0.999944	0.999943	0.863507	0.961790	0.961890
9850	0.979757	0.999944	0.999943	0.863524	0.961287	0.961417
9860	0.979771	0.999944	0.999943	0.863530	0.961287	0.961417
9870	0.979792	0.999944	0.999943	0.863567	0.961287	0.961417
9880	0.979814	0.999944	0.999943	0.863594	0.961287	0.961417
9890	0.979841	0.999944	0.999943	0.863603	0.961287	0.961417
9900	0.979872	0.999944	0.999943	0.863640	0.961287	0.961417
9910	0.979894	0.999944	0.999943	0.863677	0.961287	0.961417
9920	0.979913	0.999944	0.999943	0.863740	0.961790	0.961890
9930	0.979947	0.999944	0.999943	0.863782	0.961790	0.961890
9940	0.979971	0.999944	0.999943	0.863827	0.961790	0.961890
9950	0.979989	0.999944	0.999943	0.863807	0.961287	0.961417
9960	0.980007	0.999944	0.999943	0.863844	0.961287	0.961417
9970	0.980045	0.999944	0.999943	0.863873	0.961287	0.961417
9980	0.980076	0.999944	0.999943	0.863934	0.961287	0.961417
9990	0.980094	0.999944	0.999943	0.863939	0.961287	0.961417
10000	0.980123	0.999944	0.999943	0.863976	0.961287	0.961417
