10	0.079476	0.387853	0.305837	0.077643	0.376366	0.300204
20	0.149112	0.644560	0.647127	0.143131	0.626757	0.630162
30	0.214613	0.688368	0.685632	0.202955	0.667881	0.665353
40	0.251653	0.718734	0.715612	0.235240	0.690265	0.689730
50	0.274279	0.737098	0.733536	0.255547	0.708485	0.706263
60	0.291204	0.748935	0.744906	0.269366	0.723581	0.720123
70	0.307374	0.764644	0.761625	0.283451	0.736596	0.734743
80	0.321783	0.776315	0.772397	0.295300	0.753254	0.752122
90	0.334280	0.785829	0.781312	0.304969	0.760021	0.758143
100	0.346146	0.792577	0.787151	0.314270	0.764706	0.762474
110	0.356748	0.799934	0.793693	0.322698	0.769391	0.766881
120	0.369034	0.807899	0.801238	0.334883	0.780323	0.777480
130	0.379681	0.814426	0.807239	0.343329	0.786569	0.783161
140	0.390366	0.821340	0.813267	0.352711	0.794378	0.789987
150	0.401811	0.826982	0.818538	0.361915	0.796981	0.793097
160	0.415023	0.831407	0.822314	0.374226	0.799584	0.795161
170	0.424087	0.835832	0.826146	0.380996	0.800625	0.796178
180	0.432922	0.839593	0.829762	0.387710	0.804269	0.799049
190	0.441769	0.843963	0.833706	0.396971	0.809474	0.803144
200	0.451251	0.848554	0.837537	0.404617	0.814680	0.807903
210	0.459362	0.852481	0.840827	0.411458	0.817283	0.809064
220	0.468945	0.856906	0.844809	0.419417	0.824050	0.815096
230	0.477383	0.859229	0.846950	0.425063	0.823009	0.813948
240	0.486450	0.863433	0.850913	0.432489	0.825612	0.816148
250	0.492868	0.865866	0.853437	0.436432	0.825612	0.816903
260	0.499799	0.868079	0.855493	0.441849	0.829776	0.821285
270	0.505629	0.871121	0.858255	0.446510	0.827173	0.818252
280	0.512422	0.874163	0.860950	0.451315	0.829256	0.820170
290	0.519333	0.876929	0.863475	0.456322	0.830297	0.820611
300	0.525486	0.879197	0.865293	0.460808	0.831338	0.821228
310	0.531313	0.881907	0.867930	0.465564	0.834461	0.824505
320	0.539221	0.884396	0.870107	0.470892	0.837064	0.826437
330	0.544406	0.886332	0.872090	0.474795	0.840187	0.829604
340	0.549868	0.887383	0.873174	0.478518	0.841749	0.831222
350	0.554432	0.889651	0.875133	0.481995	0.839667	0.829349
360	0.558307	0.891089	0.876620	0.485007	0.840187	0.829579
370	0.564050	0.893246	0.878607	0.490284	0.841749	0.830912
380	0.569012	0.894076	0.879267	0.493827	0.845393	0.834363
390	0.572746	0.895348	0.880453	0.496303	0.847996	0.836650
400	0.577988	0.896454	0.881557	0.499450	0.850078	0.838705
410	0.582804	0.897948	0.882737	0.503174	0.851640	0.839788
420	0.586841	0.899275	0.884043	0.506854	0.853722	0.842199
430	0.590516	0.900050	0.884711	0.509195	0.855284	0.843414
440	0.594695	0.901433	0.886046	0.512565	0.856845	0.844252
450	0.598495	0.902373	0.886898	0.515372	0.856325	0.843610
460	0.602352	0.903866	0.888521	0.517786	0.855284	0.843024
470	0.605670	0.904641	0.889242	0.520289	0.855284	0.843162
480	0.608872	0.905913	0.890415	0.522516	0.855284	0.842908
490	0.612689	0.907075	0.891329	0.525199	0.855804	0.843190
500	0.615975	0.908125	0.892195	0.528016	0.858928	0.845976
510	0.620131	0.909287	0.893178	0.532702	0.859969	0.846433
520	0.623684	0.910172	0.893946	0.535166	0.858407	0.845015
530	0.626698	0.911500	0.895152	0.537639	0.861530	0.847791
540	0.629861	0.912108	0.895680	0.540615	0.864654	0.851428
550	0.633575	0.913048	0.896603	0.542927	0.864133	0.850832
560	0.636496	0.913989	0.897458	0.544799	0.864133	0.850722
570	0.639216	0.915150	0.898524	0.546908	0.866216	0.852575
580	0.642435	0.916478	0.899812	0.549231	0.864654	0.851033
590	0.646482	0.917418	0.900635	0.552371	0.867257	0.853563
600	0.649264	0.918524	0.901628	0.554091	0.867257	0.853056
610	0.651740	0.919631	0.902632	0.555946	0.866736	0.852463
620	0.653772	0.920571	0.903496	0.557464	0.868298	0.853855
630	0.656858	0.921566	0.904457	0.559382	0.868818	0.854378
640	0.659728	0.922396	0.905304	0.561362	0.869859	0.855270
650	0.662615	0.923558	0.906316	0.563336	0.870380	0.855718
660	0.665629	0.924387	0.907131	0.565332	0.873503	0.859222
670	0.667808	0.924775	0.907528	0.567012	0.874545	0.860016
680	0.670575	0.926047	0.908745	0.568768	0.875586	0.861126
690	0.673009	0.926987	0.909594	0.570735	0.876106	0.861326
700	0.675258	0.927927	0.910531	0.572233	0.877147	0.862825
710	0.677637	0.928702	0.911253	0.573778	0.876627	0.861977
720	0.680533	0.929587	0.912044	0.576473	0.878709	0.863769
730	0.682427	0.930582	0.912975	0.577642	0.879750	0.864760
740	0.684842	0.931025	0.913363	0.578970	0.879230	0.864310
750	0.687121	0.931633	0.913980	0.580717	0.880271	0.865027
760	0.689056	0.932297	0.914590	0.581936	0.881312	0.865953
770	0.690819	0.932574	0.914879	0.583452	0.881312	0.866087
780	0.693450	0.933182	0.915408	0.584382	0.881312	0.865936
790	0.695453	0.933957	0.916144	0.585825	0.882353	0.866928
800	0.697596	0.934067	0.916253	0.587780	0.884956	0.869686
810	0.699414	0.934178	0.916392	0.589288	0.883915	0.868536
820	0.700845	0.934510	0.916695	0.590050	0.883915	0.868291
830	0.702725	0.934897	0.917026	0.591801	0.883394	0.867716
840	0.704551	0.935173	0.917264	0.593040	0.884435	0.868849
850	0.707121	0.936390	0.918425	0.595518	0.882874	0.867346
860	0.708823	0.937109	0.919077	0.597023	0.883915	0.868271
870	0.711058	0.937828	0.919746	0.598479	0.884435	0.868226
880	0.712558	0.938105	0.920041	0.599846	0.886517	0.870433
890	0.714313	0.938326	0.920218	0.600909	0.887038	0.870979
900	0.716241	0.938603	0.920470	0.603313	0.888079	0.872183
910	0.717901	0.939432	0.921243	0.604206	0.889641	0.873730
920	0.719863	0.940428	0.922228	0.606154	0.889641	0.873399
930	0.721307	0.940926	0.922685	0.607259	0.891723	0.875475
940	0.722809	0.940926	0.922659	0.609105	0.891723	0.875344
950	0.724191	0.940871	0.922619	0.610571	0.891723	0.875300
960	0.725721	0.941645	0.923389	0.611267	0.890161	0.873856
970	0.727284	0.942364	0.924082	0.612479	0.890161	0.873833
980	0.728642	0.942530	0.924210	0.613545	0.889641	0.873471
990	0.729877	0.942585	0.924255	0.614657	0.890682	0.874261
1000	0.731362	0.943028	0.924667	0.615491	0.891202	0.874757
1010	0.732472	0.943415	0.925049	0.616277	0.891202	0.874772
1020	0.733494	0.943526	0.925166	0.617238	0.892764	0.876556
1030	0.734655	0.943747	0.925390	0.618378	0.892244	0.875730
1040	0.736633	0.944355	0.925988	0.621022	0.893285	0.876833
1050	0.737834	0.944466	0.926111	0.621758	0.893285	0.876811
1060	0.739160	0.944798	0.926358	0.622904	0.893805	0.877225
1070	0.740009	0.945019	0.926576	0.623692	0.893805	0.877618
1080	0.741437	0.945959	0.927499	0.624960	0.895367	0.879079
1090	0.742840	0.946844	0.928355	0.625897	0.895367	0.879116
1100	0.744572	0.947176	0.928645	0.626724	0.895367	0.879150
1110	0.745765	0.947342	0.928793	0.627352	0.894326	0.877753
1120	0.747529	0.948061	0.929453	0.628366	0.896408	0.879886
1130	0.748695	0.948172	0.929541	0.629436	0.897449	0.880832
1140	0.750170	0.948448	0.929814	0.630288	0.896929	0.880271
1150	0.751329	0.948725	0.930057	0.630937	0.896929	0.880247
1160	0.752374	0.949112	0.930423	0.631814	0.896929	0.880233
1170	0.753495	0.949223	0.930544	0.632353	0.897449	0.880842
1180	0.754535	0.949057	0.930348	0.633066	0.896929	0.880599
1190	0.755858	0.949057	0.930340	0.634033	0.896929	0.880304
1200	0.757510	0.949610	0.930904	0.635027	0.897970	0.881320
1210	0.758611	0.949887	0.931123	0.635800	0.897970	0.881256
1220	0.759684	0.950053	0.931304	0.636595	0.897449	0.880864
1230	0.760587	0.950550	0.931788	0.636745	0.897449	0.881030
1240	0.761775	0.950550	0.931821	0.637561	0.897970	0.881522
1250	0.762888	0.950716	0.931964	0.638209	0.898490	0.881951
1260	0.763689	0.950993	0.932200	0.638830	0.898490	0.882013
1270	0.764684	0.951214	0.932419	0.639825	0.899531	0.883079
1280	0.765516	0.951435	0.932525	0.640655	0.899531	0.883010
1290	0.766473	0.951657	0.932732	0.641484	0.899011	0.882335
1300	0.767139	0.951767	0.932815	0.641957	0.899011	0.882268
1310	0.767728	0.951933	0.932909	0.642452	0.898490	0.881923
1320	0.768730	0.952099	0.933118	0.643581	0.899531	0.883069
1330	0.769854	0.952376	0.933380	0.644440	0.899011	0.882430
1340	0.770703	0.952597	0.933576	0.645085	0.898490	0.881840
1350	0.771517	0.952708	0.933626	0.645705	0.899011	0.882375
1360	0.772922	0.953095	0.934033	0.646446	0.900052	0.883497
1370	0.773721	0.953261	0.934226	0.647221	0.900052	0.883544
1380	0.774479	0.953205	0.934183	0.647720	0.902134	0.885611
1390	0.775228	0.953371	0.934345	0.648404	0.900052	0.883454
1400	0.776114	0.953427	0.934432	0.649198	0.900052	0.883432
1410	0.776790	0.953427	0.934383	0.649699	0.900573	0.883957
1420	0.777697	0.953648	0.934515	0.650394	0.900573	0.884095
1430	0.778585	0.954035	0.934878	0.650999	0.901093	0.884788
1440	0.779469	0.954090	0.934907	0.651606	0.900573	0.883959
1450	0.780563	0.954312	0.935084	0.652660	0.900052	0.883584
1460	0.781177	0.954478	0.935235	0.653216	0.900573	0.884051
1470	0.781947	0.954754	0.935533	0.653916	0.899531	0.882913
1480	0.782730	0.954865	0.935594	0.654463	0.899531	0.883057
1490	0.783471	0.954975	0.935702	0.655264	0.899531	0.883055
1500	0.784356	0.955086	0.935807	0.655950	0.899531	0.882890
1510	0.785451	0.955197	0.935853	0.657163	0.900052	0.883491
1520	0.786322	0.955307	0.935962	0.657947	0.901093	0.884614
1530	0.787263	0.955252	0.935879	0.658947	0.900573	0.884127
1540	0.787930	0.955473	0.936107	0.659631	0.901614	0.884988
1550	0.788474	0.955584	0.936204	0.660029	0.903175	0.886694
1560	0.789153	0.955584	0.936230	0.660524	0.902134	0.885375
1570	0.790485	0.955694	0.936278	0.661604	0.902134	0.885383
1580	0.791100	0.955860	0.936487	0.662096	0.902655	0.886006
1590	0.791730	0.955916	0.936536	0.662609	0.902655	0.885951
1600	0.792312	0.955971	0.936597	0.663095	0.902655	0.886052
1610	0.792831	0.955971	0.936584	0.663476	0.903175	0.886446
1620	0.794616	0.956469	0.956479	0.665272	0.902655	0.885855
1630	0.795358	0.956801	0.956801	0.665724	0.902655	0.905174
1640	0.796149	0.957022	0.957021	0.666961	0.903696	0.886879
1650	0.797762	0.961226	0.961200	0.668545	0.908902	0.911353
1660	0.799151	0.964379	0.964353	0.669917	0.912025	0.914180
1670	0.799692	0.964213	0.964176	0.670297	0.912546	0.914687
1680	0.800183	0.964655	0.964604	0.670842	0.912025	0.914181
1690	0.802075	0.966425	0.966387	0.672566	0.913066	0.915151
1700	0.805748	0.971569	0.971493	0.676029	0.918272	0.919953
1710	0.806743	0.972012	0.971927	0.676929	0.918792	0.920517
1720	0.807429	0.972012	0.971931	0.678041	0.918792	0.920526
1730	0.807996	0.971846	0.971767	0.678421	0.919313	0.920987
1740	0.809161	0.972012	0.971917	0.679404	0.919313	0.920987
1750	0.814268	0.974445	0.974343	0.684207	0.920354	0.921958
1760	0.815158	0.974722	0.974616	0.684963	0.920875	0.922487
1770	0.815819	0.974999	0.974888	0.685421	0.920875	0.922536
1780	0.816270	0.975054	0.974941	0.685798	0.920354	0.922134
1790	0.818572	0.975884	0.975773	0.688017	0.922957	0.924655
1800	0.820650	0.976547	0.976436	0.690234	0.923998	0.925408
1810	0.821111	0.976492	0.976379	0.690756	0.923998	0.925439
1820	0.821723	0.976603	0.976483	0.691382	0.925560	0.926843
1830	0.824153	0.977156	0.977040	0.693663	0.925560	0.926871
1840	0.824878	0.977432	0.977317	0.694071	0.926080	0.927448
1850	0.825274	0.977543	0.977422	0.694359	0.926601	0.928018
1860	0.825775	0.977543	0.977425	0.694703	0.926601	0.927962
1870	0.826956	0.977930	0.977804	0.695730	0.926080	0.927438
1880	0.829696	0.979092	0.978959	0.698406	0.928162	0.929173
1890	0.830328	0.979258	0.979131	0.699059	0.928162	0.929173
1900	0.830861	0.979313	0.979180	0.700011	0.927642	0.928678
1910	0.831467	0.979424	0.979288	0.700494	0.927642	0.928549
1920	0.832116	0.979590	0.979454	0.701294	0.929204	0.929895
1930	0.835934	0.980419	0.980281	0.704990	0.931806	0.932284
1940	0.836532	0.980364	0.980228	0.705415	0.932327	0.932889
1950	0.837011	0.980641	0.980492	0.706000	0.933889	0.934503
1960	0.837427	0.980751	0.980604	0.706288	0.932847	0.933532
1970	0.839289	0.981581	0.981436	0.707911	0.934930	0.935208
1980	0.840212	0.981968	0.981822	0.708743	0.934930	0.935279
1990	0.840552	0.982079	0.981932	0.709057	0.934930	0.935338
2000	0.840867	0.981857	0.981711	0.709358	0.933368	0.933993
2010	0.841337	0.981913	0.981769	0.709889	0.933368	0.933993
2020	0.841809	0.982355	0.982207	0.710275	0.935450	0.935899
2030	0.843503	0.983130	0.982984	0.711998	0.937012	0.937184
2040	0.844360	0.983185	0.983042	0.712764	0.938053	0.938185
2050	0.844882	0.983296	0.983151	0.713048	0.938053	0.938185
2060	0.845400	0.983461	0.983320	0.713590	0.938053	0.938185
2070	0.847331	0.983793	0.983649	0.715408	0.938053	0.938185
2080	0.847630	0.983738	0.983597	0.715718	0.938053	0.938185
2090	0.848012	0.983627	0.983483	0.715877	0.937533	0.937442
2100	0.848503	0.983627	0.983475	0.716041	0.938053	0.938136
2110	0.848911	0.983793	0.983640	0.716297	0.938574	0.938630
2120	0.850443	0.983904	0.983752	0.717727	0.937533	0.937660
2130	0.851356	0.983959	0.983803	0.718814	0.938574	0.938539
2140	0.852033	0.984125	0.983973	0.719106	0.937533	0.937367
2150	0.852473	0.984236	0.984080	0.719385	0.937533	0.937340
2160	0.853904	0.984457	0.984301	0.720646	0.936491	0.936227
2170	0.854973	0.984678	0.984523	0.721419	0.936491	0.936220
2180	0.855398	0.984789	0.984633	0.721821	0.936491	0.936220
2190	0.855840	0.984678	0.984521	0.722187	0.935971	0.935861
2200	0.857137	0.984900	0.984740	0.723177	0.936491	0.936400
2210	0.857657	0.985066	0.984907	0.723692	0.937012	0.936744
2220	0.858675	0.985066	0.984908	0.725721	0.937533	0.937230
2230	0.858954	0.985066	0.984910	0.725901	0.938574	0.938151
2240	0.860663	0.985453	0.985292	0.727667	0.938053	0.937680
2250	0.861025	0.985508	0.985348	0.728015	0.939094	0.938690
2260	0.861407	0.985619	0.985458	0.728273	0.939094	0.938645
2270	0.861655	0.985563	0.985403	0.728505	0.939094	0.938659
2280	0.862967	0.985729	0.985568	0.729770	0.939094	0.938659
2290	0.863378	0.986006	0.985838	0.730182	0.939094	0.938659
2300	0.863774	0.986061	0.985897	0.730572	0.939615	0.939179
2310	0.864166	0.986172	0.986006	0.730713	0.939094	0.938709
2320	0.864658	0.986227	0.986061	0.730972	0.939094	0.938681
2330	0.866158	0.986559	0.986390	0.732407	0.940135	0.939656
2340	0.866410	0.986559	0.986390	0.732536	0.940135	0.939634
2350	0.866692	0.986559	0.986389	0.732781	0.940135	0.939624
2360	0.867024	0.986504	0.986333	0.733067	0.940135	0.939589
2370	0.867404	0.986504	0.986332	0.733282	0.940135	0.939614
2380	0.868769	0.986725	0.986556	0.734549	0.940135	0.939487
2390	0.869209	0.986670	0.986497	0.734910	0.940135	0.939508
2400	0.869573	0.986780	0.986608	0.735335	0.938574	0.938039
2410	0.870592	0.987057	0.986882	0.736258	0.938574	0.938032
2420	0.871270	0.987001	0.986826	0.736894	0.940135	0.939575
2430	0.871601	0.987112	0.986935	0.737082	0.940135	0.939575
2440	0.872084	0.987223	0.987047	0.737511	0.940135	0.939575
2450	0.872868	0.987278	0.987100	0.738238	0.940135	0.939575
2460	0.873182	0.987333	0.987156	0.738520	0.940656	0.940053
2470	0.873566	0.987555	0.987377	0.738805	0.940656	0.940086
2480	0.874531	0.987776	0.987599	0.739872	0.941176	0.940571
2490	0.874959	0.987831	0.987660	0.740299	0.940656	0.940092
2500	0.875360	0.987776	0.987604	0.740588	0.940656	0.940092
2510	0.875605	0.987776	0.987604	0.740889	0.941176	0.940576
2520	0.876515	0.987886	0.987717	0.741692	0.941697	0.941143
2530	0.876944	0.987942	0.987772	0.742016	0.941697	0.941143
2540	0.877176	0.987997	0.987828	0.742228	0.941697	0.941158
2550	0.877601	0.988163	0.987992	0.742607	0.941176	0.940708
2560	0.877894	0.988218	0.988049	0.743058	0.941697	0.941164
2570	0.878942	0.988218	0.988049	0.744070	0.941697	0.941158
2580	0.879244	0.988274	0.988104	0.744354	0.941697	0.941367
2590	0.879523	0.988440	0.988268	0.744636	0.941697	0.941367
2600	0.880416	0.988550	0.988380	0.745503	0.942218	0.941848
2610	0.880904	0.988495	0.988322	0.745919	0.941697	0.941333
2620	0.881278	0.988495	0.988328	0.746372	0.942218	0.941837
2630	0.881614	0.988440	0.988269	0.746552	0.942218	0.941837
2640	0.882533	0.988495	0.988323	0.747437	0.941697	0.941333
2650	0.882814	0.988495	0.988323	0.747712	0.941697	0.941380
2660	0.883130	0.988550	0.988384	0.748095	0.942218	0.941837
2670	0.883903	0.988661	0.988501	0.748766	0.942218	0.941837
2680	0.884380	0.988772	0.988616	0.749114	0.942218	0.941805
2690	0.884811	0.988827	0.988670	0.748854	0.942218	0.941767
2700	0.885765	0.988882	0.988726	0.749795	0.941697	0.941351
2710	0.886079	0.988882	0.988727	0.750052	0.941697	0.941339
2720	0.886432	0.988937	0.988780	0.750221	0.942218	0.941796
2730	0.887076	0.989048	0.988894	0.750776	0.941176	0.940759
2740	0.887487	0.989159	0.989006	0.751111	0.941176	0.940711
2750	0.887735	0.989159	0.989003	0.751088	0.941176	0.940711
2760	0.888657	0.989325	0.989165	0.751975	0.941176	0.940675
2770	0.888941	0.989325	0.989165	0.752205	0.941697	0.941159
2780	0.889493	0.989380	0.989222	0.752763	0.941176	0.940675
2790	0.889761	0.989380	0.989216	0.753054	0.941176	0.940675
2800	0.890008	0.989380	0.989216	0.753286	0.941697	0.941159
2810	0.890178	0.989380	0.989221	0.753301	0.941176	0.940675
2820	0.891055	0.989435	0.989273	0.754137	0.941176	0.940655
2830	0.891328	0.989546	0.989382	0.754193	0.940656	0.940171
2840	0.891509	0.989546	0.989381	0.754470	0.941176	0.940655
2850	0.891771	0.989546	0.989382	0.754575	0.941697	0.941159
2860	0.892500	0.989601	0.989431	0.755290	0.941697	0.941159
2870	0.892780	0.989657	0.989487	0.755584	0.941697	0.941159
2880	0.893254	0.989822	0.989649	0.755945	0.941697	0.941196
2890	0.893924	0.989988	0.989819	0.756561	0.941176	0.940733
2900	0.894209	0.990044	0.989873	0.756821	0.941176	0.940733
2910	0.894738	0.990265	0.990102	0.757258	0.941176	0.940733
2920	0.895055	0.990265	0.990099	0.757560	0.941697	0.941216
2930	0.895476	0.990265	0.990099	0.757964	0.941697	0.941216
2940	0.895701	0.990265	0.990099	0.758216	0.941697	0.941272
2950	0.895956	0.990265	0.990099	0.758421	0.941697	0.941272
2960	0.896773	0.990376	0.990211	0.759185	0.943259	0.942810
2970	0.897050	0.990486	0.990320	0.759489	0.942738	0.942329
2980	0.897604	0.990707	0.990546	0.759987	0.942738	0.942329
2990	0.897888	0.990707	0.990546	0.760342	0.943259	0.942810
3000	0.898142	0.990652	0.990491	0.760550	0.943779	0.943329
3010	0.898848	0.991039	0.990874	0.761031	0.943259	0.942842
3020	0.899461	0.990984	0.990815	0.761656	0.943259	0.942838
3030	0.900108	0.991150	0.990987	0.762339	0.944300	0.943942
3040	0.900697	0.991371	0.991213	0.763054	0.944300	0.943942
3050	0.901067	0.991316	0.991156	0.763289	0.944300	0.943942
3060	0.901356	0.991371	0.991211	0.763439	0.944300	0.943962
3070	0.902096	0.991703	0.991550	0.764154	0.944820	0.944472
3080	0.902336	0.991648	0.991496	0.764496	0.945341	0.944967
3090	0.902651	0.991648	0.991496	0.764729	0.945341	0.944967
3100	0.903595	0.991758	0.991611	0.765646	0.945862	0.945431
3110	0.903855	0.991924	0.991772	0.765916	0.945862	0.945431
3120	0.904142	0.992035	0.991879	0.766225	0.945341	0.944933
3130	0.904966	0.992146	0.991989	0.767006	0.946382	0.945925
3140	0.905225	0.992201	0.992044	0.767340	0.946382	0.945925
3150	0.905924	0.992422	0.992271	0.768031	0.946382	0.945919
3160	0.906120	0.992422	0.992271	0.768233	0.946382	0.945919
3170	0.906712	0.992477	0.992328	0.768847	0.946903	0.946484
3180	0.907036	0.992477	0.992328	0.769166	0.946903	0.946484
3190	0.907370	0.992533	0.992379	0.769319	0.946903	0.946490
3200	0.907884	0.992533	0.992378	0.769678	0.946903	0.946490
3210	0.908120	0.992533	0.992381	0.769799	0.945862	0.945442
3220	0.908345	0.992533	0.992381	0.770085	0.946382	0.945922
3230	0.908926	0.992477	0.992325	0.770675	0.946903	0.946420
3240	0.909211	0.992533	0.992380	0.770753	0.946903	0.946532
3250	0.909463	0.992533	0.992380	0.771093	0.945862	0.945467
3260	0.909964	0.992588	0.992435	0.771539	0.945862	0.945461
3270	0.910248	0.992643	0.992493	0.771777	0.945862	0.945461
3280	0.910850	0.992865	0.992715	0.772310	0.946382	0.945941
3290	0.911229	0.992865	0.992714	0.772619	0.946382	0.945941
3300	0.911662	0.992920	0.992771	0.773037	0.946382	0.945941
3310	0.911967	0.992920	0.992771	0.773389	0.946903	0.946459
3320	0.912164	0.992865	0.992716	0.773485	0.946903	0.946459
3330	0.912335	0.992920	0.992771	0.773651	0.946903	0.946459
3340	0.912786	0.992920	0.992774	0.774036	0.946903	0.946465
3350	0.913092	0.992975	0.992830	0.774166	0.947944	0.947527
3360	0.913285	0.992975	0.992830	0.774419	0.947944	0.947527
3370	0.913731	0.992975	0.992830	0.774846	0.947944	0.947527
3380	0.914010	0.993031	0.992886	0.775056	0.947944	0.947527
3390	0.914360	0.993031	0.992886	0.775430	0.947944	0.947527
3400	0.914526	0.993031	0.992886	0.775610	0.947944	0.947527
3410	0.914707	0.992975	0.992830	0.775677	0.947944	0.947527
3420	0.915224	0.993086	0.992944	0.776133	0.947944	0.947527
3430	0.915420	0.993031	0.992888	0.776297	0.947423	0.947002
3440	0.915515	0.993031	0.992888	0.776392	0.947423	0.947002
3450	0.915959	0.993086	0.992945	0.776805	0.947423	0.947002
3460	0.916143	0.993141	0.992999	0.776990	0.947423	0.946981
3470	0.916341	0.993141	0.992999	0.777302	0.946903	0.946442
3480	0.916570	0.993086	0.992943	0.777596	0.946903	0.946442
3490	0.917173	0.993197	0.993054	0.778155	0.947423	0.946947
3500	0.917324	0.993197	0.993051	0.778302	0.947944	0.947466
3510	0.917823	0.993307	0.993165	0.778698	0.947944	0.947466
3520	0.918004	0.993307	0.993164	0.778894	0.947423	0.946970
3530	0.918181	0.993307	0.993164	0.779144	0.947944	0.947439
3540	0.918529	0.993362	0.993219	0.779559	0.947423	0.946921
3550	0.918935	0.993362	0.993219	0.779889	0.947423	0.946921
3560	0.919348	0.993362	0.993218	0.780310	0.947423	0.946921
3570	0.919589	0.993362	0.993219	0.780583	0.947423	0.946921
3580	0.919746	0.993418	0.993275	0.780726	0.947423	0.946921
3590	0.920171	0.993473	0.993333	0.781168	0.947423	0.946921
3600	0.920340	0.993528	0.993390	0.781339	0.947423	0.946921
3610	0.920656	0.993528	0.993391	0.781783	0.947944	0.947439
3620	0.920874	0.993528	0.993391	0.782013	0.947944	0.947439
3630	0.920929	0.993528	0.993391	0.781974	0.947944	0.947439
3640	0.921140	0.993584	0.993444	0.782225	0.947944	0.947439
3650	0.921605	0.993584	0.993444	0.782556	0.947944	0.947439
3660	0.921925	0.993584	0.993445	0.782937	0.948464	0.947954
3670	0.922034	0.993528	0.993388	0.783027	0.948464	0.947954
3680	0.922197	0.993528	0.993386	0.783249	0.948464	0.947954
3690	0.922603	0.993584	0.993440	0.783685	0.949505	0.949024
3700	0.923036	0.993639	0.993495	0.784199	0.949505	0.948996
3710	0.923223	0.993639	0.993495	0.784406	0.949505	0.948996
3720	0.923297	0.993639	0.993497	0.784468	0.948985	0.948500
3730	0.923594	0.993694	0.993550	0.784756	0.948985	0.948500
3740	0.923742	0.993694	0.993549	0.784862	0.949505	0.948996
3750	0.924183	0.993639	0.993494	0.785429	0.950026	0.949457
3760	0.924386	0.993694	0.993549	0.785516	0.950547	0.949973
3770	0.924756	0.993805	0.993665	0.785849	0.950547	0.949982
3780	0.924942	0.993750	0.993609	0.786094	0.951067	0.950456
3790	0.925331	0.994026	0.993893	0.786412	0.951067	0.950456
3800	0.925509	0.994082	0.993949	0.786620	0.951067	0.950456
3810	0.925661	0.994082	0.993947	0.786838	0.951588	0.951018
3820	0.925784	0.994026	0.993893	0.787030	0.951067	0.950450
3830	0.926194	0.994026	0.993890	0.787424	0.951588	0.951027
3840	0.926306	0.994082	0.993947	0.787553	0.951588	0.951027
3850	0.926627	0.994137	0.994002	0.787837	0.951588	0.951027
3860	0.926779	0.994192	0.994057	0.788057	0.951588	0.951027
3870	0.927086	0.994247	0.994113	0.788304	0.951588	0.951027
3880	0.927270	0.994192	0.994056	0.788443	0.951067	0.950512
3890	0.927698	0.994303	0.994171	0.788849	0.951588	0.950951
3900	0.927870	0.994303	0.994171	0.788985	0.952108	0.951522
3910	0.928425	0.994413	0.994284	0.789375	0.951067	0.950500
3920	0.928741	0.994413	0.994284	0.789900	0.950547	0.949906
3930	0.929198	0.994469	0.994343	0.790363	0.951588	0.950871
3940	0.929351	0.994469	0.994344	0.790418	0.951067	0.950290
3950	0.929750	0.994579	0.994457	0.790754	0.951067	0.950290
3960	0.929880	0.994635	0.994514	0.790876	0.950547	0.949770
3970	0.930202	0.994690	0.994569	0.791116	0.951067	0.950290
3980	0.930310	0.994745	0.994626	0.791246	0.950026	0.949178
3990	0.930482	0.994801	0.994684	0.791453	0.949505	0.948665
4000	0.930809	0.994911	0.994796	0.791747	0.950547	0.949693
4010	0.930921	0.994911	0.994796	0.791983	0.950547	0.949682
4020	0.931227	0.994967	0.994851	0.792290	0.950547	0.949682
4030	0.931478	0.994967	0.994851	0.792561	0.950547	0.949682
4040	0.931591	0.995022	0.994907	0.792707	0.951067	0.950229
4050	0.931888	0.995022	0.994909	0.793064	0.951067	0.950229
4060	0.932039	0.995022	0.994910	0.793217	0.951067	0.950229
4070	0.932149	0.995022	0.994910	0.793448	0.951067	0.950229
4080	0.932582	0.995077	0.994967	0.793849	0.950547	0.949629
4090	0.932653	0.995077	0.994967	0.793911	0.950547	0.949629
4100	0.932947	0.995077	0.994967	0.794160	0.950547	0.949629
4110	0.933185	0.995077	0.994966	0.794420	0.950547	0.949629
4120	0.933295	0.995132	0.995022	0.794567	0.951067	0.950176
4130	0.933413	0.995132	0.995021	0.794736	0.951067	0.950176
4140	0.933795	0.995298	0.995190	0.795087	0.950547	0.949557
4150	0.934082	0.995298	0.995190	0.795380	0.950026	0.949111
4160	0.934294	0.995298	0.995190	0.795590	0.950547	0.949629
4170	0.934440	0.995298	0.995190	0.795633	0.950547	0.949629
4180	0.934846	0.995630	0.995525	0.796054	0.951067	0.950094
4190	0.935013	0.995686	0.995586	0.796248	0.951067	0.950075
4200	0.935146	0.995686	0.995586	0.796375	0.950547	0.949579
4210	0.935439	0.995741	0.995644	0.796622	0.950547	0.949579
4220	0.935528	0.995686	0.995587	0.796687	0.950547	0.949579
4230	0.935875	0.995796	0.995700	0.796966	0.951067	0.950094
4240	0.935998	0.995852	0.995754	0.797072	0.951067	0.950094
4250	0.936357	0.995907	0.995810	0.797349	0.951588	0.950641
4260	0.936458	0.995907	0.995810	0.797422	0.951588	0.950641
4270	0.936575	0.995907	0.995810	0.797522	0.951588	0.950641
4280	0.936896	0.995907	0.995809	0.797829	0.951067	0.950094
4290	0.936995	0.996017	0.995924	0.798008	0.951067	0.950094
4300	0.937198	0.996073	0.995982	0.798177	0.951067	0.950094
4310	0.937459	0.996073	0.995983	0.798408	0.951067	0.950094
4320	0.937679	0.996073	0.995982	0.798651	0.951588	0.950641
4330	0.937903	0.996128	0.996040	0.798833	0.951067	0.950094
4340	0.937989	0.996183	0.996096	0.798926	0.951588	0.950641
4350	0.938148	0.996183	0.996096	0.799081	0.951588	0.950641
4360	0.938434	0.996294	0.996209	0.799466	0.951588	0.950641
4370	0.938822	0.996294	0.996209	0.799927	0.951067	0.950126
4380	0.939020	0.996294	0.996209	0.800061	0.952108	0.951203
4390	0.939233	0.996349	0.996264	0.800189	0.952108	0.951203
4400	0.939582	0.996405	0.996322	0.800556	0.952108	0.951203
4410	0.939774	0.996405	0.996322	0.800798	0.952108	0.951203
4420	0.940075	0.996571	0.996493	0.801058	0.952629	0.951691
4430	0.940204	0.996571	0.996493	0.801223	0.952629	0.951691
4440	0.940550	0.996571	0.996493	0.801508	0.952629	0.951691
4450	0.940643	0.996571	0.996493	0.801597	0.952629	0.951691
4460	0.940808	0.996626	0.996548	0.801707	0.952629	0.951691
4470	0.941147	0.996792	0.996718	0.802043	0.952108	0.951179
4480	0.941251	0.996792	0.996717	0.802085	0.952108	0.951179
4490	0.941275	0.996792	0.996717	0.802108	0.952108	0.951179
4500	0.941281	0.996792	0.996717	0.802118	0.952108	0.951179
4510	0.941311	0.996737	0.996661	0.802148	0.952108	0.951179
4520	0.941637	0.996902	0.996833	0.802319	0.952108	0.951179
4530	0.941760	0.996902	0.996833	0.802478	0.952108	0.951179
4540	0.942012	0.996902	0.996833	0.802743	0.952108	0.951179
4550	0.942143	0.996902	0.996833	0.802936	0.952108	0.951179
4560	0.942341	0.996902	0.996833	0.803062	0.952108	0.951179
4570	0.942602	0.996958	0.996889	0.803281	0.952108	0.951179
4580	0.942651	0.996958	0.996889	0.803313	0.952108	0.951179
4590	0.942742	0.997013	0.996945	0.803425	0.951588	0.950681
4600	0.943046	0.997068	0.997002	0.803632	0.951588	0.950681
4610	0.943206	0.997124	0.997059	0.803835	0.951588	0.950681
4620	0.943442	0.997124	0.997059	0.804107	0.951588	0.950681
4630	0.943595	0.997179	0.997116	0.804256	0.951588	0.950681
4640	0.943699	0.997234	0.997172	0.804314	0.951067	0.950121
4650	0.943999	0.997290	0.997227	0.804594	0.952108	0.951089
4660	0.944177	0.997290	0.997227	0.804640	0.952108	0.951067
4670	0.944468	0.997345	0.997285	0.804870	0.952108	0.951067
4680	0.944553	0.997345	0.997285	0.804969	0.951588	0.950569
4690	0.944849	0.997345	0.997284	0.805295	0.951588	0.950569
4700	0.945003	0.997345	0.997284	0.805479	0.952108	0.951134
4710	0.945096	0.997345	0.997284	0.805561	0.952108	0.951134
4720	0.945340	0.997400	0.997340	0.805779	0.952108	0.951134
4730	0.945486	0.997400	0.997340	0.805978	0.952108	0.951134
4740	0.945645	0.997456	0.997398	0.806091	0.952108	0.951134
4750	0.945719	0.997456	0.997398	0.806293	0.952108	0.951134
4760	0.945964	0.997456	0.997398	0.806482	0.952629	0.951607
4770	0.946044	0.997456	0.997398	0.806563	0.952108	0.951036
4780	0.946193	0.997566	0.997511	0.806706	0.952629	0.951554
4790	0.946354	0.997566	0.997511	0.806985	0.953149	0.952151
4800	0.946586	0.997622	0.997567	0.807253	0.952629	0.951554
4810	0.946724	0.997622	0.997566	0.807381	0.952629	0.951554
4820	0.946872	0.997677	0.997622	0.807510	0.952108	0.951036
4830	0.946993	0.997732	0.997680	0.807638	0.952108	0.951036
4840	0.947285	0.997787	0.997736	0.807868	0.952629	0.951588
4850	0.947410	0.997787	0.997737	0.807958	0.953670	0.952708
4860	0.947616	0.997787	0.997736	0.808174	0.953149	0.952182
4870	0.947668	0.997843	0.997792	0.808206	0.953149	0.952182
4880	0.947789	0.997843	0.997792	0.808255	0.952629	0.951601
4890	0.948052	0.997898	0.997850	0.808554	0.952629	0.951601
4900	0.948167	0.997898	0.997850	0.808622	0.952108	0.951007
4910	0.948417	0.997843	0.997792	0.808860	0.952629	0.951533
4920	0.948508	0.997843	0.997791	0.808993	0.953149	0.952127
4930	0.948604	0.997843	0.997791	0.809046	0.953149	0.952127
4940	0.948873	0.997953	0.997905	0.809269	0.953670	0.952659
4950	0.948969	0.997953	0.997906	0.809313	0.952629	0.951533
4960	0.949031	0.997953	0.997906	0.809362	0.953670	0.952546
4970	0.949229	0.998009	0.997962	0.809603	0.954711	0.953654
4980	0.949367	0.998009	0.997962	0.809836	0.954191	0.953122
4990	0.949501	0.998009	0.997962	0.810046	0.953670	0.952548
5000	0.949634	0.997953	0.997906	0.810151	0.953670	0.952566
5010	0.949798	0.998064	0.998019	0.810353	0.954191	0.953080
5020	0.950015	0.998175	0.998133	0.810548	0.953670	0.952485
5030	0.950100	0.998175	0.998133	0.810721	0.953670	0.952485
5040	0.950185	0.998175	0.998133	0.810833	0.954191	0.953080
5050	0.950383	0.998175	0.998133	0.811044	0.953670	0.952485
5060	0.950467	0.998175	0.998133	0.811166	0.954191	0.953080
5070	0.950616	0.998175	0.998133	0.811287	0.953670	0.952485
5080	0.950839	0.998175	0.998133	0.811470	0.954191	0.953080
5090	0.950897	0.998175	0.998133	0.811600	0.954191	0.953080
5100	0.951048	0.998175	0.998133	0.811695	0.954191	0.953080
5110	0.951139	0.998175	0.998133	0.811791	0.954191	0.953114
5120	0.951214	0.998175	0.998133	0.811855	0.954191	0.953080
5130	0.951418	0.998175	0.998132	0.812061	0.954191	0.953114
5140	0.951503	0.998175	0.998133	0.812164	0.954191	0.953080
5150	0.951688	0.998175	0.998133	0.812369	0.953670	0.952485
5160	0.951842	0.998175	0.998133	0.812546	0.953670	0.952485
5170	0.951956	0.998175	0.998133	0.812614	0.953670	0.952485
5180	0.952030	0.998175	0.998133	0.812709	0.953670	0.952519
5190	0.952272	0.998175	0.998133	0.812906	0.953149	0.951918
5200	0.952357	0.998175	0.998133	0.812941	0.953149	0.951952
5210	0.952413	0.998175	0.998133	0.812999	0.953149	0.951952
5220	0.952609	0.998175	0.998133	0.813285	0.953149	0.951952
5230	0.952794	0.998175	0.998133	0.813477	0.953149	0.951952
5240	0.952913	0.998175	0.998133	0.813611	0.953149	0.951918
5250	0.953063	0.998175	0.998132	0.813763	0.953670	0.952476
5260	0.953134	0.998175	0.998132	0.813846	0.953670	0.952476
5270	0.953184	0.998175	0.998132	0.813886	0.954191	0.953043
5280	0.953258	0.998175	0.998132	0.813909	0.954191	0.953043
5290	0.953487	0.998230	0.998189	0.814190	0.953670	0.952512
5300	0.953592	0.998230	0.998189	0.814336	0.954191	0.953003
5310	0.953814	0.998285	0.998245	0.814556	0.954711	0.953533
5320	0.954048	0.998230	0.998189	0.814739	0.954711	0.953533
5330	0.954141	0.998230	0.998189	0.814903	0.954711	0.953533
5340	0.954323	0.998396	0.998362	0.815248	0.954711	0.953533
5350	0.954562	0.998396	0.998361	0.815454	0.954711	0.953567
5360	0.954675	0.998396	0.998361	0.815591	0.954711	0.953567
5370	0.954846	0.998396	0.998361	0.815675	0.954711	0.953533
5380	0.954977	0.998396	0.998361	0.815878	0.954711	0.953533
5390	0.955148	0.998451	0.998416	0.816050	0.954711	0.953567
5400	0.955224	0.998451	0.998416	0.816086	0.954711	0.953533
5410	0.955441	0.998451	0.998416	0.816230	0.954711	0.953533
5420	0.955549	0.998451	0.998416	0.816387	0.954191	0.953003
5430	0.955714	0.998451	0.998416	0.816618	0.954711	0.953526
5440	0.955893	0.998507	0.998472	0.816883	0.954191	0.953070
5450	0.955998	0.998507	0.998472	0.817115	0.954191	0.953052
5460	0.956214	0.998562	0.998526	0.817340	0.954191	0.953070
5470	0.956299	0.998617	0.998584	0.817426	0.954191	0.953077
5480	0.956386	0.998617	0.998584	0.817560	0.954191	0.953077
5490	0.956531	0.998617	0.998584	0.817745	0.954191	0.953050
5500	0.956584	0.998617	0.998584	0.817821	0.954191	0.953050
5510	0.956715	0.998617	0.998585	0.817919	0.954191	0.953050
5520	0.956752	0.998617	0.998585	0.817972	0.954191	0.953050
5530	0.956783	0.998617	0.998585	0.818017	0.954191	0.953050
5540	0.956907	0.998672	0.998640	0.818150	0.953670	0.952522
5550	0.956992	0.998672	0.998640	0.818218	0.953670	0.952522
5560	0.957050	0.998672	0.998640	0.818291	0.953670	0.952522
5570	0.957135	0.998672	0.998640	0.818378	0.953670	0.952522
5580	0.957293	0.998728	0.998697	0.818566	0.953670	0.952522
5590	0.957365	0.998728	0.998697	0.818651	0.953670	0.952522
5600	0.957538	0.998728	0.998697	0.818847	0.954191	0.953050
5610	0.957596	0.998728	0.998697	0.818921	0.954191	0.953050
5620	0.957657	0.998728	0.998697	0.819004	0.954191	0.953050
5630	0.957824	0.998728	0.998697	0.819257	0.954191	0.953050
5640	0.957885	0.998728	0.998697	0.819406	0.954711	0.953551
5650	0.957994	0.998728	0.998697	0.819537	0.954711	0.953551
5660	0.958114	0.998728	0.998697	0.819736	0.954711	0.953551
5670	0.958267	0.998728	0.998697	0.819896	0.954711	0.953551
5680	0.958391	0.998728	0.998698	0.820036	0.954711	0.953517
5690	0.958471	0.998728	0.998697	0.820157	0.954711	0.953517
5700	0.958626	0.998728	0.998697	0.820316	0.955232	0.954152
5710	0.958686	0.998728	0.998697	0.820420	0.955232	0.954152
5720	0.958856	0.998728	0.998697	0.820540	0.955232	0.954152
5730	0.958906	0.998728	0.998698	0.820643	0.955232	0.954152
5740	0.959065	0.998728	0.998698	0.820839	0.955752	0.954642
5750	0.959113	0.998783	0.998754	0.820885	0.955752	0.954642
5760	0.959164	0.998783	0.998754	0.820965	0.955752	0.954635
5770	0.959299	0.998783	0.998754	0.821078	0.955752	0.954635
5780	0.959329	0.998783	0.998754	0.821117	0.955752	0.954635
5790	0.959409	0.998783	0.998754	0.821245	0.956273	0.955201
5800	0.959554	0.998783	0.998754	0.821372	0.956273	0.955201
5810	0.959593	0.998783	0.998754	0.821372	0.956273	0.955201
5820	0.959660	0.998783	0.998754	0.821516	0.956273	0.955218
5830	0.959795	0.998783	0.998754	0.821624	0.956273	0.955218
5840	0.959926	0.998783	0.998755	0.821711	0.956273	0.955218
5850	0.960004	0.998838	0.998810	0.821850	0.956273	0.955218
5860	0.960142	0.998838	0.998810	0.822033	0.956273	0.955218
5870	0.960199	0.998838	0.998810	0.822085	0.956273	0.955218
5880	0.960346	0.998838	0.998810	0.822212	0.956273	0.955218
5890	0.960442	0.998894	0.998866	0.822318	0.956273	0.955218
5900	0.960566	0.998894	0.998866	0.822431	0.956273	0.955218
5910	0.960653	0.998894	0.998866	0.822602	0.956273	0.955218
5920	0.960689	0.998894	0.998866	0.822629	0.956273	0.955218
5930	0.960733	0.998894	0.998866	0.822677	0.956273	0.955218
5940	0.960862	0.998894	0.998866	0.822788	0.956273	0.955218
5950	0.960928	0.998894	0.998866	0.822861	0.956273	0.955218
5960	0.960985	0.998894	0.998866	0.822972	0.956793	0.955781
5970	0.961123	0.998894	0.998866	0.823128	0.956793	0.955781
5980	0.961175	0.998894	0.998866	0.823135	0.956273	0.955218
5990	0.961247	0.998894	0.998866	0.823240	0.956273	0.955218
6000	0.961352	0.998894	0.998866	0.823352	0.956273	0.955218
6010	0.961419	0.998894	0.998866	0.823422	0.956793	0.955770
6020	0.961525	0.999004	0.998980	0.823533	0.956793	0.955770
6030	0.961565	0.999004	0.998980	0.823553	0.956793	0.955770
6040	0.961663	0.999004	0.998980	0.823718	0.956793	0.955803
6050	0.961756	0.999004	0.998980	0.823805	0.957314	0.956367
6060	0.961873	0.999004	0.998980	0.823994	0.957314	0.956367
6070	0.961928	0.999004	0.998980	0.824080	0.957314	0.956333
6080	0.962050	0.999004	0.998980	0.824226	0.957314	0.956367
6090	0.962096	0.999004	0.998980	0.824293	0.957314	0.956333
6100	0.962161	0.999004	0.998980	0.824447	0.957314	0.956333
6110	0.962284	0.999004	0.998980	0.824542	0.957314	0.956333
6120	0.962368	0.999004	0.998980	0.824610	0.957314	0.956333
6130	0.962491	0.999004	0.998980	0.824705	0.957314	0.956333
6140	0.962546	0.999004	0.998980	0.824798	0.957314	0.956333
6150	0.962622	0.999004	0.998980	0.824830	0.957314	0.956356
6160	0.962765	0.999004	0.998980	0.824969	0.957314	0.956322
6170	0.962875	0.999060	0.999036	0.825109	0.957314	0.956322
6180	0.962972	0.999060	0.999036	0.825211	0.957314	0.956322
6190	0.963086	0.999060	0.999036	0.825354	0.956793	0.955783
6200	0.963161	0.999060	0.999036	0.825375	0.956793	0.955783
6210	0.963287	0.999060	0.999036	0.825482	0.956793	0.955783
6220	0.963393	0.999060	0.999036	0.825532	0.956793	0.955783
6230	0.963426	0.999060	0.999036	0.825601	0.956793	0.955783
6240	0.963458	0.999060	0.999036	0.825676	0.957314	0.956322
6250	0.963553	0.999115	0.999092	0.825764	0.956273	0.955220
6260	0.963620	0.999115	0.999092	0.825875	0.956793	0.955783
6270	0.963726	0.999115	0.999092	0.825962	0.956793	0.955783
6280	0.963764	0.999115	0.999092	0.826011	0.956793	0.955793
6290	0.963854	0.999115	0.999092	0.826072	0.956793	0.955793
6300	0.963920	0.999060	0.999036	0.826142	0.956793	0.955793
6310	0.964004	0.999060	0.999036	0.826246	0.956793	0.955793
6320	0.964112	0.999060	0.999036	0.826348	0.956273	0.955336
6330	0.964224	0.999115	0.999092	0.826486	0.956793	0.955783
6340	0.964269	0.999115	0.999092	0.826606	0.956273	0.955336
6350	0.964387	0.999115	0.999092	0.826732	0.956273	0.955336
6360	0.964438	0.999115	0.999092	0.826813	0.956273	0.955336
6370	0.964513	0.999115	0.999092	0.826920	0.956793	0.955793
6380	0.964601	0.999115	0.999092	0.827078	0.956793	0.955793
6390	0.964683	0.999115	0.999092	0.827139	0.956793	0.955793
6400	0.964748	0.999170	0.999150	0.827183	0.956793	0.955801
6410	0.964793	0.999170	0.999150	0.827196	0.956793	0.955801
6420	0.964916	0.999170	0.999150	0.827367	0.955752	0.954721
6430	0.964943	0.999170	0.999150	0.827383	0.955752	0.954721
6440	0.964989	0.999170	0.999150	0.827408	0.955752	0.954721
6450	0.965075	0.999170	0.999150	0.827480	0.955752	0.954721
6460	0.965123	0.999170	0.999150	0.827518	0.955752	0.954721
6470	0.965250	0.999170	0.999150	0.827574	0.955752	0.954721
6480	0.965296	0.999170	0.999150	0.827631	0.955752	0.954721
6490	0.965378	0.999170	0.999150	0.827742	0.955752	0.954721
6500	0.965416	0.999170	0.999150	0.827812	0.955752	0.954721
6510	0.965519	0.999170	0.999150	0.827873	0.955752	0.954708
6520	0.965574	0.999170	0.999150	0.827908	0.955752	0.954708
6530	0.965664	0.999170	0.999150	0.828006	0.955752	0.954708
6540	0.965717	0.999170	0.999150	0.828067	0.955752	0.954708
6550	0.965806	0.999170	0.999150	0.828195	0.955752	0.954708
6560	0.965891	0.999170	0.999150	0.828287	0.955752	0.954708
6570	0.965976	0.999170	0.999150	0.828360	0.955232	0.954250
6580	0.966058	0.999170	0.999150	0.828456	0.955752	0.954772
6590	0.966108	0.999226	0.999207	0.828505	0.955752	0.954772
6600	0.966171	0.999170	0.999150	0.828577	0.955752	0.954772
6610	0.966213	0.999170	0.999150	0.828668	0.955752	0.954772
6620	0.966298	0.999226	0.999207	0.828806	0.955232	0.954314
6630	0.966389	0.999226	0.999207	0.828945	0.955752	0.954772
6640	0.966448	0.999226	0.999207	0.829031	0.955752	0.954772
6650	0.966524	0.999226	0.999207	0.829116	0.955752	0.954772
6660	0.966606	0.999226	0.999207	0.829231	0.955232	0.954314
6670	0.966657	0.999226	0.999207	0.829261	0.955232	0.954314
6680	0.966713	0.999226	0.999207	0.829155	0.955232	0.954314
6690	0.966815	0.999226	0.999207	0.829276	0.955752	0.954772
6700	0.966883	0.999281	0.999263	0.829335	0.955752	0.954772
6710	0.966952	0.999281	0.999263	0.829434	0.955752	0.954772
6720	0.966984	0.999281	0.999263	0.829519	0.955752	0.954772
6730	0.967024	0.999281	0.999263	0.829610	0.956273	0.955299
6740	0.967075	0.999281	0.999263	0.829672	0.956273	0.955299
6750	0.967104	0.999281	0.999263	0.829733	0.956273	0.955299
6760	0.967185	0.999281	0.999263	0.829814	0.956273	0.955299
6770	0.967235	0.999281	0.999263	0.829829	0.956273	0.955299
6780	0.967325	0.999281	0.999263	0.829949	0.955752	0.954790
6790	0.967367	0.999281	0.999263	0.829950	0.955752	0.954790
6800	0.967437	0.999281	0.999263	0.830053	0.956273	0.955310
6810	0.967459	0.999281	0.999263	0.830085	0.956273	0.955299
6820	0.967507	0.999281	0.999263	0.830149	0.956273	0.955299
6830	0.967628	0.999281	0.999263	0.830276	0.956273	0.955299
6840	0.967684	0.999281	0.999263	0.830388	0.956273	0.955299
6850	0.967795	0.999281	0.999263	0.830512	0.956273	0.955299
6860	0.967882	0.999336	0.999320	0.830606	0.956273	0.955299
6870	0.967956	0.999336	0.999320	0.830677	0.955752	0.954826
6880	0.968044	0.999336	0.999320	0.830762	0.955752	0.954826
6890	0.968085	0.999392	0.999376	0.830841	0.955752	0.954756
6900	0.968139	0.999392	0.999376	0.830936	0.955752	0.954826
6910	0.968215	0.999392	0.999376	0.831009	0.956273	0.955404
6920	0.968267	0.999392	0.999376	0.831050	0.955752	0.954826
6930	0.968371	0.999392	0.999376	0.831158	0.955752	0.954826
6940	0.968428	0.999392	0.999376	0.831243	0.956273	0.955404
6950	0.968515	0.999392	0.999376	0.831324	0.956273	0.955404
6960	0.968582	0.999392	0.999376	0.831404	0.956273	0.955333
6970	0.968640	0.999392	0.999376	0.831474	0.956793	0.955815
6980	0.968713	0.999392	0.999376	0.831599	0.956793	0.955815
6990	0.968785	0.999447	0.999433	0.831668	0.956793	0.955815
7000	0.968861	0.999447	0.999433	0.831734	0.956793	0.955808
7010	0.968922	0.999447	0.999433	0.831755	0.956793	0.955808
7020	0.968981	0.999447	0.999433	0.831793	0.956793	0.955797
7030	0.969057	0.999447	0.999433	0.831902	0.956273	0.955230
7040	0.969109	0.999447	0.999433	0.831972	0.955752	0.954749
7050	0.969180	0.999447	0.999433	0.832074	0.955752	0.954767
7060	0.969234	0.999447	0.999433	0.832151	0.955752	0.954759
7070	0.969312	0.999447	0.999433	0.832201	0.955752	0.954759
7080	0.969368	0.999447	0.999433	0.832298	0.956273	0.955326
7090	0.969438	0.999447	0.999433	0.832351	0.956793	0.955829
7100	0.969544	0.999447	0.999433	0.832398	0.956793	0.955829
7110	0.969590	0.999447	0.999433	0.832421	0.957314	0.956311
7120	0.969672	0.999447	0.999433	0.832517	0.957314	0.956361
7130	0.969730	0.999447	0.999433	0.832602	0.957314	0.956361
7140	0.969816	0.999447	0.999433	0.832703	0.956793	0.955858
7150	0.969907	0.999447	0.999433	0.832770	0.956793	0.955858
7160	0.969951	0.999447	0.999433	0.832826	0.956793	0.955858
7170	0.969990	0.999447	0.999433	0.832873	0.956793	0.955858
7180	0.970044	0.999447	0.999433	0.832946	0.956793	0.955858
7190	0.970079	0.999447	0.999433	0.832954	0.956793	0.955858
7200	0.970138	0.999447	0.999433	0.832978	0.956273	0.955356
7210	0.970193	0.999447	0.999433	0.833024	0.956273	0.955356
7220	0.970229	0.999447	0.999433	0.833039	0.956273	0.955356
7230	0.970274	0.999447	0.999433	0.833094	0.956273	0.955356
7240	0.970336	0.999447	0.999433	0.833145	0.956793	0.955861
7250	0.970400	0.999447	0.999433	0.833180	0.956793	0.955861
7260	0.970473	0.999447	0.999433	0.833292	0.956793	0.955861
7270	0.970528	0.999447	0.999433	0.833404	0.956793	0.955861
7280	0.970570	0.999447	0.999433	0.833469	0.956793	0.955861
7290	0.970623	0.999447	0.999433	0.833538	0.956793	0.955861
7300	0.970689	0.999447	0.999433	0.833671	0.956793	0.955861
7310	0.970737	0.999447	0.999433	0.833718	0.956273	0.955356
7320	0.970816	0.999447	0.999433	0.833796	0.956273	0.955356
7330	0.970857	0.999447	0.999433	0.833898	0.956273	0.955356
7340	0.970907	0.999447	0.999433	0.833784	0.956273	0.955363
7350	0.971002	0.999447	0.999433	0.833860	0.956273	0.955363
7360	0.971034	0.999447	0.999433	0.833912	0.956273	0.955363
7370	0.971108	0.999447	0.999433	0.834043	0.956273	0.955363
7380	0.971158	0.999447	0.999433	0.834113	0.956273	0.955363
7390	0.971237	0.999502	0.999489	0.834239	0.956273	0.955363
7400	0.971295	0.999502	0.999489	0.834324	0.955752	0.954796
7410	0.971378	0.999502	0.999489	0.834449	0.955752	0.954796
7420	0.971417	0.999502	0.999489	0.834495	0.955752	0.954789
7430	0.971490	0.999502	0.999489	0.834578	0.955752	0.954796
7440	0.971523	0.999502	0.999489	0.834639	0.955752	0.954789
7450	0.971567	0.999502	0.999489	0.834748	0.955752	0.954789
7460	0.971657	0.999502	0.999489	0.834841	0.955232	0.954269
7470	0.971719	0.999502	0.999489	0.834889	0.955232	0.954283
7480	0.971771	0.999502	0.999489	0.834911	0.955232	0.954269
7490	0.971841	0.999502	0.999489	0.835007	0.955752	0.954775
7500	0.971908	0.999502	0.999489	0.835080	0.956273	0.955342
7510	0.971963	0.999502	0.999489	0.835192	0.956273	0.955342
7520	0.972007	0.999502	0.999489	0.835238	0.956273	0.955355
7530	0.972073	0.999502	0.999489	0.835311	0.956273	0.955355
7540	0.972145	0.999502	0.999489	0.835452	0.956273	0.955363
7550	0.972196	0.999502	0.999489	0.835455	0.956273	0.955363
7560	0.972273	0.999557	0.999547	0.835551	0.956793	0.955869
7570	0.972333	0.999557	0.999547	0.835627	0.957314	0.956493
7580	0.972406	0.999557	0.999547	0.835685	0.956793	0.955991
7590	0.972446	0.999557	0.999547	0.835735	0.956793	0.955991
7600	0.972510	0.999557	0.999547	0.835802	0.956793	0.955977
7610	0.972545	0.999557	0.999547	0.835852	0.956793	0.955977
7620	0.972594	0.999557	0.999547	0.835945	0.956793	0.956047
7630	0.972635	0.999557	0.999547	0.835998	0.957314	0.956553
7640	0.972672	0.999557	0.999547	0.836050	0.956793	0.956047
7650	0.972723	0.999557	0.999547	0.836109	0.956793	0.956047
7660	0.972757	0.999557	0.999547	0.836154	0.956793	0.956047
7670	0.972827	0.999557	0.999547	0.836211	0.956793	0.955977
7680	0.972865	0.999557	0.999547	0.836234	0.956793	0.955969
7690	0.972913	0.999557	0.999547	0.836262	0.956793	0.955969
7700	0.972957	0.999557	0.999547	0.836311	0.956793	0.955983
7710	0.972986	0.999557	0.999547	0.836359	0.957314	0.956557
7720	0.973047	0.999557	0.999547	0.836420	0.956793	0.955977
7730	0.973084	0.999557	0.999547	0.836465	0.956793	0.955977
7740	0.973152	0.999557	0.999547	0.836553	0.956793	0.955977
7750	0.973214	0.999557	0.999547	0.836582	0.956793	0.955977
7760	0.973271	0.999613	0.999603	0.836629	0.956793	0.955977
7770	0.973300	0.999613	0.999603	0.836701	0.956793	0.955977
7780	0.973328	0.999613	0.999603	0.836736	0.956793	0.955977
7790	0.973381	0.999613	0.999603	0.836835	0.957314	0.956483
7800	0.973421	0.999613	0.999603	0.836880	0.957314	0.956483
7810	0.973439	0.999613	0.999603	0.836879	0.957314	0.956483
7820	0.973471	0.999613	0.999603	0.836912	0.957314	0.956483
7830	0.973491	0.999613	0.999603	0.836923	0.957314	0.956483
7840	0.973538	0.999613	0.999603	0.836965	0.956793	0.955977
7850	0.973559	0.999613	0.999603	0.837012	0.956793	0.955977
7860	0.973608	0.999613	0.999603	0.837097	0.957314	0.956557
7870	0.973644	0.999613	0.999603	0.837140	0.957314	0.956571
7880	0.973675	0.999613	0.999603	0.837171	0.957834	0.957085
7890	0.973704	0.999613	0.999603	0.837188	0.957834	0.957085
7900	0.973767	0.999613	0.999603	0.837243	0.957834	0.957010
7910	0.973819	0.999613	0.999603	0.837336	0.958355	0.957566
7920	0.973858	0.999613	0.999603	0.837361	0.958355	0.957566
7930	0.973884	0.999613	0.999603	0.837398	0.958355	0.957566
7940	0.973933	0.999613	0.999603	0.837463	0.957314	0.956571
7950	0.973978	0.999613	0.999603	0.837515	0.957314	0.956571
7960	0.974043	0.999613	0.999603	0.837570	0.957834	0.957060
7970	0.974070	0.999613	0.999603	0.837613	0.957314	0.956557
7980	0.974139	0.999613	0.999603	0.837719	0.957314	0.956557
7990	0.974166	0.999613	0.999603	0.837748	0.957834	0.957163
8000	0.974195	0.999613	0.999603	0.837813	0.957834	0.957163
8010	0.974218	0.999613	0.999603	0.837897	0.957834	0.957163
8020	0.974262	0.999613	0.999603	0.838001	0.957314	0.956571
8030	0.974285	0.999613	0.999603	0.838026	0.957314	0.956571
8040	0.974328	0.999613	0.999603	0.838061	0.957314	0.956571
8050	0.974370	0.999613	0.999603	0.838131	0.956793	0.955946
8060	0.974420	0.999613	0.999603	0.838185	0.957314	0.956449
8070	0.974464	0.999613	0.999603	0.838274	0.957314	0.956449
8080	0.974508	0.999613	0.999603	0.838387	0.957834	0.957106
8090	0.974567	0.999613	0.999603	0.838453	0.957314	0.956507
8100	0.974624	0.999613	0.999603	0.838503	0.957834	0.957010
8110	0.974673	0.999613	0.999603	0.838592	0.957314	0.956507
8120	0.974709	0.999613	0.999603	0.838626	0.957314	0.956507
8130	0.974747	0.999613	0.999603	0.838644	0.957314	0.956507
8140	0.974801	0.999613	0.999603	0.838701	0.957314	0.956507
8150	0.974845	0.999613	0.999603	0.838723	0.957314	0.956507
8160	0.974890	0.999613	0.999603	0.838751	0.956793	0.956004
8170	0.974948	0.999613	0.999603	0.838795	0.957314	0.956520
8180	0.974967	0.999613	0.999603	0.838847	0.957314	0.956520
8190	0.974987	0.999613	0.999603	0.838881	0.957834	0.957120
8200	0.975020	0.999613	0.999603	0.838916	0.957834	0.957190
8210	0.975047	0.999613	0.999603	0.838976	0.957834	0.957120
8220	0.975084	0.999613	0.999604	0.838994	0.957834	0.957120
8230	0.975123	0.999613	0.999604	0.839054	0.957314	0.956520
8240	0.975149	0.999613	0.999604	0.839109	0.957314	0.956520
8250	0.975217	0.999613	0.999603	0.839157	0.957314	0.956520
8260	0.975242	0.999613	0.999603	0.839191	0.957314	0.956520
8270	0.975256	0.999613	0.999603	0.839199	0.957314	0.956520
8280	0.975274	0.999613	0.999603	0.839236	0.957314	0.956520
8290	0.975315	0.999613	0.999603	0.839244	0.957314	0.956520
8300	0.975343	0.999613	0.999603	0.839284	0.957314	0.956520
8310	0.975411	0.999613	0.999603	0.839421	0.957834	0.957120
8320	0.975436	0.999613	0.999603	0.839441	0.957834	0.957120
8330	0.975457	0.999613	0.999603	0.839391	0.958355	0.957622
8340	0.975511	0.999613	0.999603	0.839470	0.958355	0.957632
8350	0.975537	0.999613	0.999603	0.839531	0.957834	0.957033
8360	0.975552	0.999613	0.999603	0.839564	0.957834	0.957033
8370	0.975565	0.999613	0.999603	0.839560	0.957834	0.957033
8380	0.975623	0.999613	0.999603	0.839633	0.958355	0.957605
8390	0.975645	0.999613	0.999603	0.839636	0.958355	0.957605
8400	0.975670	0.999613	0.999603	0.839723	0.958355	0.957605
8410	0.975696	0.999613	0.999603	0.839769	0.958355	0.957605
8420	0.975737	0.999613	0.999603	0.839846	0.958355	0.957605
8430	0.975764	0.999613	0.999603	0.839894	0.958355	0.957605
8440	0.975784	0.999613	0.999603	0.839909	0.958355	0.957605
8450	0.975792	0.999613	0.999603	0.839926	0.958355	0.957605
8460	0.975802	0.999613	0.999603	0.839928	0.958355	0.957605
8470	0.975837	0.999613	0.999604	0.839971	0.958355	0.957605
8480	0.975859	0.999613	0.999604	0.840011	0.958355	0.957605
8490	0.975896	0.999613	0.999604	0.840045	0.957834	0.957103
8500	0.975931	0.999613	0.999604	0.840073	0.957834	0.957103
8510	0.975940	0.999613	0.999604	0.840100	0.957834	0.957103
8520	0.975952	0.999613	0.999604	0.840147	0.957834	0.957103
8530	0.975961	0.999613	0.999604	0.840151	0.957834	0.957103
8540	0.975979	0.999613	0.999604	0.840157	0.957834	0.957103
8550	0.976023	0.999613	0.999604	0.840207	0.957834	0.957033
8560	0.976047	0.999613	0.999604	0.840281	0.957834	0.957033
8570	0.976097	0.999613	0.999604	0.840334	0.957834	0.957033
8580	0.976117	0.999613	0.999604	0.840360	0.957834	0.957033
8590	0.976134	0.999613	0.999604	0.840398	0.957834	0.957033
8600	0.976174	0.999613	0.999604	0.840462	0.957834	0.957033
8610	0.976227	0.999613	0.999604	0.840521	0.957834	0.957033
8620	0.976259	0.999613	0.999604	0.840604	0.957834	0.957033
8630	0.976299	0.999613	0.999604	0.840645	0.957834	0.957033
8640	0.976326	0.999613	0.999604	0.840719	0.957834	0.957033
8650	0.976341	0.999613	0.999604	0.840730	0.957834	0.957033
8660	0.976386	0.999668	0.999660	0.840765	0.957834	0.957033
8670	0.976403	0.999668	0.999660	0.840801	0.957834	0.957033
8680	0.976434	0.999668	0.999660	0.840856	0.957314	0.956452
8690	0.976464	0.999668	0.999660	0.840974	0.957314	0.956452
8700	0.976510	0.999668	0.999660	0.841017	0.957314	0.956452
8710	0.976535	0.999668	0.999660	0.841066	0.957834	0.956948
8720	0.976562	0.999668	0.999660	0.841107	0.957834	0.956948
8730	0.976628	0.999668	0.999660	0.841095	0.957314	0.956452
8740	0.976676	0.999668	0.999660	0.841154	0.957314	0.956452
8750	0.976697	0.999668	0.999660	0.841219	0.957834	0.956948
8760	0.976741	0.999723	0.999717	0.841246	0.957834	0.956948
8770	0.976767	0.999723	0.999717	0.841269	0.957834	0.956948
8780	0.976814	0.999723	0.999717	0.841365	0.957834	0.956948
8790	0.976864	0.999723	0.999717	0.841368	0.957834	0.956948
8800	0.976904	0.999723	0.999717	0.841370	0.957834	0.956948
8810	0.976949	0.999723	0.999717	0.841460	0.957834	0.956948
8820	0.976975	0.999723	0.999717	0.841460	0.957834	0.956948
8830	0.977010	0.999668	0.999660	0.841483	0.957834	0.956948
8840	0.977043	0.999668	0.999660	0.841527	0.957834	0.956948
8850	0.977061	0.999668	0.999660	0.841570	0.957314	0.956328
8860	0.977121	0.999668	0.999660	0.841601	0.957314	0.956328
8870	0.977146	0.999668	0.999660	0.841657	0.957314	0.956328
8880	0.977208	0.999723	0.999717	0.841702	0.957314	0.956328
8890	0.977246	0.999723	0.999717	0.841761	0.957314	0.956328
8900	0.977269	0.999723	0.999717	0.841780	0.957314	0.956328
8910	0.977318	0.999723	0.999717	0.841857	0.956793	0.955754
8920	0.977348	0.999723	0.999717	0.841868	0.956793	0.955754
8930	0.977380	0.999723	0.999717	0.841887	0.956793	0.955754
8940	0.977412	0.999723	0.999717	0.841910	0.956793	0.955754
8950	0.977457	0.999723	0.999717	0.841928	0.956793	0.955754
8960	0.977485	0.999723	0.999717	0.841971	0.956793	0.955754
8970	0.977538	0.999779	0.999773	0.841999	0.956793	0.955754
8980	0.977573	0.999779	0.999773	0.842025	0.957314	0.956328
8990	0.977606	0.999779	0.999773	0.842050	0.956793	0.955831
9000	0.977624	0.999779	0.999773	0.842090	0.956793	0.955831
9010	0.977672	0.999779	0.999773	0.842153	0.957314	0.956328
9020	0.977707	0.999779	0.999773	0.842213	0.956793	0.955754
9030	0.977748	0.999779	0.999773	0.842261	0.957314	0.956328
9040	0.977771	0.999779	0.999773	0.842287	0.957314	0.956328
9050	0.977821	0.999779	0.999773	0.842373	0.957834	0.956948
9060	0.977878	0.999779	0.999773	0.842490	0.957834	0.956948
9070	0.977897	0.999779	0.999773	0.842507	0.957314	0.956374
9080	0.977919	0.999779	0.999773	0.842530	0.957834	0.956948
9090	0.977954	0.999779	0.999773	0.842578	0.957834	0.956948
9100	0.977975	0.999779	0.999773	0.842614	0.957834	0.956948
9110	0.978000	0.999779	0.999773	0.842637	0.957834	0.956948
9120	0.978009	0.999779	0.999773	0.842663	0.957314	0.956374
9130	0.978029	0.999779	0.999773	0.842705	0.956793	0.955754
9140	0.978058	0.999779	0.999773	0.842766	0.956793	0.955754
9150	0.978083	0.999779	0.999773	0.842819	0.956793	0.955754
9160	0.978129	0.999779	0.999773	0.842862	0.957314	0.956374
9170	0.978150	0.999779	0.999773	0.842912	0.957314	0.956374
9180	0.978171	0.999779	0.999773	0.842983	0.957314	0.956374
9190	0.978208	0.999779	0.999773	0.843016	0.957314	0.956374
9200	0.978221	0.999779	0.999773	0.843030	0.956793	0.955884
9210	0.978242	0.999779	0.999773	0.842978	0.956793	0.955884
9220	0.978281	0.999779	0.999773	0.843044	0.956793	0.955958
9230	0.978299	0.999779	0.999773	0.843095	0.956793	0.955958
9240	0.978335	0.999779	0.999773	0.843086	0.956793	0.955958
9250	0.978373	0.999779	0.999773	0.843159	0.956793	0.955958
9260	0.978382	0.999779	0.999773	0.843187	0.956793	0.956030
9270	0.978402	0.999779	0.999773	0.843203	0.957314	0.956442
9280	0.978424	0.999779	0.999773	0.843239	0.957314	0.956520
9290	0.978462	0.999779	0.999773	0.843316	0.957314	0.956520
9300	0.978502	0.999779	0.999773	0.843349	0.957314	0.956520
9310	0.978529	0.999779	0.999773	0.843378	0.957314	0.956442
9320	0.978555	0.999834	0.999830	0.843411	0.957314	0.956442
9330	0.978584	0.999834	0.999830	0.843431	0.956793	0.955952
9340	0.978614	0.999834	0.999830	0.843454	0.957314	0.956438
9350	0.978635	0.999834	0.999830	0.843494	0.957834	0.956934
9360	0.978665	0.999834	0.999830	0.843500	0.957834	0.956934
9370	0.978676	0.999834	0.999830	0.843505	0.957314	0.956438
9380	0.978706	0.999834	0.999830	0.843537	0.957834	0.956921
9390	0.978728	0.999834	0.999830	0.843564	0.957834	0.956921
9400	0.978754	0.999834	0.999830	0.843540	0.958355	0.957379
9410	0.978786	0.999834	0.999830	0.843553	0.958355	0.957379
9420	0.978790	0.999834	0.999830	0.843545	0.958355	0.957379
9430	0.978803	0.999834	0.999830	0.843563	0.958355	0.957379
9440	0.978817	0.999834	0.999830	0.843598	0.958355	0.957379
9450	0.978850	0.999834	0.999830	0.843602	0.957834	0.956882
9460	0.978885	0.999834	0.999830	0.843641	0.957314	0.956438
9470	0.978896	0.999834	0.999830	0.843657	0.958355	0.957389
9480	0.978905	0.999834	0.999830	0.843662	0.957834	0.956944
9490	0.978919	0.999834	0.999830	0.843693	0.957834	0.956983
9500	0.978938	0.999834	0.999830	0.843703	0.957834	0.956983
9510	0.978958	0.999834	0.999830	0.843716	0.958355	0.957427
9520	0.978983	0.999834	0.999830	0.843751	0.958355	0.957427
9530	0.978992	0.999834	0.999830	0.843786	0.958355	0.957427
9540	0.979012	0.999834	0.999830	0.843833	0.957834	0.956983
9550	0.979045	0.999834	0.999830	0.843859	0.958355	0.957427
9560	0.979058	0.999834	0.999830	0.843860	0.958355	0.957427
9570	0.979066	0.999834	0.999830	0.843885	0.958355	0.957427
9580	0.979081	0.999834	0.999830	0.843903	0.958355	0.957427
9590	0.979109	0.999834	0.999830	0.843915	0.958355	0.957427
9600	0.979128	0.999834	0.999830	0.843954	0.958355	0.957427
9610	0.979149	0.999834	0.999830	0.843990	0.958355	0.957427
9620	0.979160	0.999834	0.999830	0.844012	0.958355	0.957427
9630	0.979186	0.999834	0.999830	0.844053	0.957834	0.956983
9640	0.979211	0.999834	0.999830	0.844063	0.957834	0.956983
9650	0.979232	0.999834	0.999830	0.844130	0.957834	0.956983
9660	0.979262	0.999889	0.999886	0.844186	0.957834	0.956983
9670	0.979288	0.999889	0.999886	0.844265	0.957834	0.956983
9680	0.979306	0.999889	0.999886	0.844287	0.957834	0.956983
9690	0.979346	0.999945	0.999943	0.844350	0.958355	0.957427
9700	0.979386	0.999945	0.999943	0.844400	0.959396	0.958455
9710	0.979406	0.999945	0.999943	0.844429	0.959396	0.958455
9720	0.979433	0.999945	0.999943	0.844465	0.959396	0.958455
9730	0.979456	0.999945	0.999943	0.844479	0.959396	0.958455
9740	0.979463	0.999945	0.999943	0.844489	0.959396	0.958455
9750	0.979465	0.999945	0.999943	0.844484	0.959396	0.958455
9760	0.979475	0.999945	0.999943	0.844484	0.958876	0.957997
9770	0.979505	0.999945	0.999943	0.844518	0.959396	0.958455
9780	0.979516	0.999945	0.999943	0.844536	0.959396	0.958455
9790	0.979529	0.999945	0.999943	0.844561	0.959396	0.958455
9800	0.979550	0.999945	0.999943	0.844599	0.958876	0.957997
9810	0.979564	0.999945	0.999943	0.844611	0.959396	0.958455
9820	0.979582	0.999945	0.999943	0.844642	0.959396	0.958455
9830	0.979596	0.999945	0.999943	0.844648	0.959396	0.958455
9840	0.979612	0.999945	0.999943	0.844651	0.959396	0.958455
9850	0.979644	0.999945	0.999943	0.844705	0.959396	0.958455
9860	0.979664	0.999945	0.999943	0.844714	0.959396	0.958455
9870	0.979692	0.999945	0.999943	0.844732	0.959396	0.958455
9880	0.979706	0.999945	0.999943	0.844751	0.959396	0.958455
9890	0.979736	0.999945	0.999943	0.844823	0.959396	0.958455
9900	0.979759	0.999945	0.999943	0.844861	0.959396	0.958455
9910	0.979780	0.999945	0.999943	0.844885	0.959396	0.958455
9920	0.979806	0.999945	0.999943	0.844896	0.959396	0.958455
9930	0.979817	0.999945	0.999943	0.844919	0.958876	0.957997
9940	0.979834	0.999945	0.999943	0.844939	0.958876	0.957997
9950	0.979850	0.999945	0.999943	0.844967	0.958876	0.957997
9960	0.979886	0.999945	0.999943	0.845047	0.958876	0.957997
9970	0.979902	0.999945	0.999943	0.845080	0.958876	0.957997
9980	0.979932	0.999945	0.999943	0.845107	0.958876	0.957997
9990	0.979952	0.999945	0.999943	0.845133	0.958876	0.957997
10000	0.979978	0.999945	0.999943	0.845157	0.958876	0.957997
