10	0.084378	0.439418	0.375716	0.081355	0.422809	0.365201
20	0.152183	0.660405	0.664148	0.144322	0.639940	0.648390
30	0.212450	0.698533	0.704897	0.200706	0.675299	0.680328
40	0.250462	0.730547	0.733757	0.234956	0.720120	0.722770
50	0.272204	0.745442	0.746914	0.255273	0.731574	0.733480
60	0.289293	0.758726	0.758907	0.271769	0.746514	0.746348
70	0.309450	0.773010	0.772489	0.289782	0.762450	0.761555
80	0.322920	0.781236	0.780273	0.301551	0.768924	0.768568
90	0.337639	0.789962	0.787716	0.316198	0.769422	0.768702
100	0.351403	0.796020	0.792688	0.328369	0.774402	0.772529
110	0.366756	0.805414	0.800992	0.340319	0.785359	0.781787
120	0.378792	0.812139	0.806843	0.352737	0.788347	0.784706
130	0.387127	0.817863	0.811997	0.360001	0.791833	0.787480
140	0.397192	0.822477	0.815999	0.368938	0.798805	0.793186
150	0.409274	0.828035	0.821132	0.381976	0.803287	0.797664
160	0.421805	0.833204	0.825658	0.394850	0.812251	0.805182
170	0.429076	0.836038	0.828111	0.401665	0.814243	0.806791
180	0.438375	0.839595	0.831244	0.409231	0.817729	0.810398
190	0.448230	0.843764	0.834904	0.416623	0.819223	0.811309
200	0.457156	0.847599	0.838439	0.425187	0.824701	0.815914
210	0.465169	0.851378	0.841949	0.432690	0.826693	0.818082
220	0.471324	0.854157	0.844487	0.438310	0.829183	0.820511
230	0.480590	0.857548	0.847368	0.447759	0.833167	0.823715
240	0.488005	0.860827	0.850158	0.454453	0.837649	0.827414
250	0.496101	0.865551	0.854490	0.460765	0.842131	0.831370
260	0.502676	0.869164	0.857642	0.466016	0.841135	0.829733
270	0.510289	0.871610	0.859805	0.474023	0.843625	0.832193
280	0.515834	0.874222	0.862302	0.478934	0.844622	0.833052
290	0.522323	0.877168	0.864912	0.484345	0.847610	0.835450
300	0.527811	0.879446	0.866981	0.488760	0.850100	0.837466
310	0.533369	0.881725	0.868849	0.493338	0.854084	0.841160
320	0.538269	0.883615	0.870584	0.497010	0.854582	0.841882
330	0.543932	0.885616	0.872407	0.501436	0.858566	0.845354
340	0.549959	0.887950	0.874557	0.506880	0.858566	0.845496
350	0.556187	0.889784	0.876307	0.512637	0.861056	0.847613
360	0.561034	0.891507	0.877926	0.517294	0.865040	0.850790
370	0.567035	0.894453	0.880406	0.521804	0.867530	0.853120
380	0.572415	0.896732	0.882567	0.526084	0.872012	0.856736
390	0.576543	0.898455	0.883994	0.529419	0.871514	0.856068
400	0.580549	0.899233	0.884753	0.533111	0.875000	0.859094
410	0.585725	0.901345	0.886735	0.536631	0.877490	0.861298
420	0.589343	0.902568	0.887753	0.539987	0.877988	0.861784
430	0.593314	0.903902	0.888588	0.544174	0.879980	0.863640
440	0.597147	0.904458	0.889134	0.547021	0.879482	0.863348
450	0.602434	0.907237	0.891675	0.551032	0.881474	0.865139
460	0.606421	0.908737	0.893018	0.554702	0.882968	0.866508
470	0.610081	0.910071	0.894309	0.557519	0.884960	0.868488
480	0.614411	0.910905	0.895092	0.560403	0.887450	0.870467
490	0.618793	0.912795	0.896856	0.564042	0.888446	0.871591
500	0.622710	0.913350	0.897373	0.567088	0.890438	0.873554
510	0.626807	0.914129	0.898063	0.570316	0.890936	0.874065
520	0.629835	0.914851	0.898750	0.572856	0.891434	0.874359
530	0.633413	0.916185	0.899935	0.574952	0.892430	0.875008
540	0.636788	0.916963	0.900643	0.577850	0.892928	0.875533
550	0.640642	0.918631	0.902362	0.580785	0.891932	0.874592
560	0.644329	0.919742	0.903357	0.584197	0.892430	0.875131
570	0.647760	0.920631	0.904164	0.586866	0.893924	0.876449
580	0.650420	0.921076	0.904583	0.588670	0.892430	0.875248
590	0.653193	0.922132	0.905569	0.591231	0.892928	0.875690
600	0.656113	0.922910	0.906345	0.593283	0.895916	0.878434
610	0.658668	0.924189	0.907526	0.595123	0.894920	0.877370
620	0.661095	0.924578	0.907909	0.597240	0.895916	0.878242
630	0.663208	0.925245	0.908526	0.598551	0.894920	0.877190
640	0.665719	0.926189	0.909371	0.600304	0.894422	0.876691
650	0.668669	0.927245	0.910416	0.602297	0.894422	0.876526
660	0.671128	0.927635	0.910759	0.604275	0.894422	0.876543
670	0.673203	0.927746	0.910818	0.606165	0.894920	0.877012
680	0.675783	0.928635	0.911606	0.607957	0.896414	0.878256
690	0.678192	0.929357	0.912195	0.610037	0.894920	0.877053
700	0.680330	0.929635	0.912477	0.611355	0.895916	0.877797
710	0.682823	0.930525	0.913333	0.614052	0.897410	0.879217
720	0.684967	0.931581	0.914386	0.616056	0.898406	0.880116
730	0.687265	0.932359	0.915113	0.617855	0.899402	0.881119
740	0.689256	0.932692	0.915423	0.619658	0.900896	0.882467
750	0.690821	0.933137	0.915869	0.620883	0.900398	0.882082
760	0.692773	0.933748	0.916452	0.622085	0.900398	0.882113
770	0.694901	0.933971	0.916668	0.623434	0.901394	0.883109
780	0.696760	0.934526	0.917152	0.625410	0.901892	0.883564
790	0.698644	0.935027	0.917660	0.626873	0.900896	0.882611
800	0.700550	0.935527	0.918065	0.628483	0.900896	0.882568
810	0.702065	0.935860	0.918478	0.629460	0.902390	0.883873
820	0.703596	0.936138	0.918688	0.630560	0.901892	0.883288
830	0.705683	0.937083	0.919561	0.631986	0.902390	0.883762
840	0.707743	0.937417	0.919880	0.633445	0.903386	0.884850
850	0.709550	0.938028	0.920492	0.634384	0.903884	0.885283
860	0.711422	0.938806	0.921239	0.635366	0.902888	0.884374
870	0.712751	0.939306	0.921759	0.636452	0.902390	0.883875
880	0.714272	0.939695	0.922042	0.637394	0.903386	0.884947
890	0.715771	0.940418	0.922823	0.637910	0.901892	0.883329
900	0.717564	0.940418	0.922737	0.639665	0.903386	0.884986
910	0.718922	0.940640	0.922957	0.641168	0.904382	0.885788
920	0.720140	0.940918	0.923218	0.642545	0.905378	0.886746
930	0.721878	0.941474	0.923723	0.643913	0.904382	0.885809
940	0.723124	0.941752	0.924007	0.644974	0.904880	0.886262
950	0.724876	0.941807	0.923988	0.646651	0.906375	0.887740
960	0.726056	0.941863	0.924025	0.647610	0.904880	0.886264
970	0.727408	0.942363	0.924557	0.648981	0.904880	0.886221
980	0.728639	0.942474	0.924639	0.649859	0.905876	0.887304
990	0.730327	0.943141	0.925303	0.650967	0.905378	0.886870
1000	0.731572	0.943419	0.925492	0.651919	0.905876	0.887369
1010	0.732956	0.943920	0.925991	0.653332	0.905876	0.887256
1020	0.734111	0.944142	0.926219	0.654255	0.905378	0.886866
1030	0.735647	0.944864	0.926893	0.655550	0.906375	0.887764
1040	0.736761	0.944976	0.926996	0.656500	0.906375	0.887701
1050	0.737876	0.945198	0.927192	0.657681	0.904880	0.886303
1060	0.739023	0.945365	0.927367	0.658814	0.904880	0.886235
1070	0.740591	0.945643	0.927591	0.659767	0.904382	0.885784
1080	0.741857	0.945976	0.927878	0.661293	0.905378	0.886663
1090	0.742879	0.946087	0.927957	0.661879	0.905378	0.886539
1100	0.743965	0.946032	0.927880	0.662834	0.906375	0.887475
1110	0.745069	0.946365	0.928208	0.663473	0.905876	0.886992
1120	0.745976	0.946532	0.928380	0.664081	0.905378	0.886516
1130	0.747035	0.946976	0.928832	0.664902	0.906873	0.887987
1140	0.748466	0.947365	0.929170	0.666275	0.906873	0.887890
1150	0.749349	0.947532	0.929318	0.666985	0.906873	0.887945
1160	0.750637	0.947866	0.929574	0.668217	0.906873	0.887908
1170	0.751918	0.948088	0.929795	0.669090	0.906873	0.887925
1180	0.752994	0.948255	0.929937	0.670122	0.907371	0.888400
1190	0.754161	0.948310	0.929991	0.670917	0.908865	0.889812
1200	0.755494	0.948644	0.930336	0.671640	0.909363	0.890241
1210	0.757138	0.949088	0.930722	0.673198	0.909363	0.890220
1220	0.758049	0.949144	0.930778	0.673679	0.909363	0.890193
1230	0.759834	0.949755	0.931407	0.675036	0.910359	0.891204
1240	0.761279	0.950256	0.931894	0.675561	0.910359	0.891204
1250	0.762376	0.950422	0.932046	0.676535	0.909861	0.890768
1260	0.763640	0.950589	0.932158	0.677597	0.910359	0.891233
1270	0.764877	0.951256	0.932819	0.678576	0.910359	0.891129
1280	0.765958	0.951534	0.933088	0.679473	0.910857	0.891523
1290	0.766952	0.951590	0.933144	0.680166	0.910857	0.891523
1300	0.767820	0.951756	0.933302	0.680799	0.910359	0.891165
1310	0.768576	0.951867	0.933392	0.680982	0.910359	0.891142
1320	0.769356	0.951812	0.933327	0.681417	0.910359	0.891142
1330	0.770543	0.952145	0.933620	0.681825	0.910857	0.891676
1340	0.771106	0.952145	0.933578	0.682189	0.910857	0.891676
1350	0.772087	0.952145	0.933637	0.683171	0.910359	0.891141
1360	0.772779	0.952257	0.933697	0.683688	0.910359	0.891148
1370	0.773568	0.952423	0.933850	0.684319	0.910857	0.891483
1380	0.774423	0.952423	0.933857	0.684401	0.911853	0.892518
1390	0.775084	0.952590	0.933967	0.685083	0.911853	0.892523
1400	0.775586	0.952646	0.934032	0.685670	0.912351	0.892958
1410	0.776275	0.952812	0.934208	0.686237	0.912351	0.893139
1420	0.777085	0.952979	0.934341	0.686724	0.912351	0.892852
1430	0.777890	0.953090	0.934442	0.687377	0.912849	0.893394
1440	0.778626	0.953090	0.934424	0.688092	0.912351	0.892964
1450	0.779349	0.953257	0.934558	0.688553	0.912849	0.893365
1460	0.779922	0.953479	0.934754	0.688975	0.912849	0.893382
1470	0.780751	0.953590	0.934931	0.689568	0.912351	0.892977
1480	0.781623	0.953702	0.934978	0.690335	0.913347	0.893850
1490	0.782448	0.953813	0.935025	0.691093	0.912849	0.893276
1500	0.783518	0.953980	0.935155	0.691720	0.912849	0.893220
1510	0.784350	0.953924	0.935113	0.692806	0.913347	0.893680
1520	0.785089	0.954035	0.935205	0.693319	0.913845	0.894136
1530	0.785607	0.954202	0.935363	0.694028	0.914343	0.894641
1540	0.786736	0.954313	0.935400	0.694982	0.914343	0.894560
1550	0.787660	0.954702	0.935786	0.695425	0.914343	0.894560
1560	0.788307	0.954702	0.935792	0.696085	0.914343	0.894560
1570	0.788890	0.954647	0.935737	0.696451	0.914841	0.895023
1580	0.790448	0.955369	0.955968	0.697918	0.915339	0.895479
1590	0.791787	0.956759	0.957262	0.698837	0.915339	0.914891
1600	0.792395	0.956814	0.957317	0.699445	0.915339	0.914840
1610	0.792963	0.956925	0.957415	0.699799	0.915339	0.914840
1620	0.793700	0.956814	0.957319	0.700437	0.915339	0.914828
1630	0.796664	0.962984	0.963265	0.702603	0.918327	0.918114
1640	0.801058	0.969709	0.969886	0.705845	0.922311	0.922197
1650	0.802426	0.970265	0.970436	0.707065	0.923307	0.923173
1660	0.802930	0.970209	0.970376	0.707458	0.923805	0.923646
1670	0.803637	0.970376	0.970539	0.707998	0.923307	0.923173
1680	0.804476	0.970542	0.970711	0.708415	0.923805	0.923676
1690	0.809203	0.973044	0.973158	0.711874	0.927789	0.927862
1700	0.810849	0.973766	0.973874	0.713098	0.927789	0.927889
1710	0.811256	0.973877	0.973985	0.713310	0.928287	0.928332
1720	0.811965	0.974155	0.974257	0.713567	0.928287	0.928332
1730	0.812702	0.974489	0.974580	0.713993	0.928785	0.928753
1740	0.813870	0.974767	0.974834	0.714721	0.929283	0.929175
1750	0.818769	0.976934	0.976987	0.718235	0.931275	0.931223
1760	0.819483	0.976990	0.977041	0.718750	0.931275	0.931201
1770	0.820024	0.977101	0.977151	0.719331	0.931275	0.931174
1780	0.820698	0.977212	0.977258	0.719750	0.931275	0.931174
1790	0.821488	0.977323	0.977364	0.720288	0.930279	0.930236
1800	0.825886	0.978268	0.978294	0.723339	0.932271	0.932289
1810	0.826831	0.978435	0.978472	0.724296	0.932769	0.932751
1820	0.827330	0.978546	0.978578	0.724637	0.932769	0.932676
1830	0.827970	0.978490	0.978525	0.724760	0.933267	0.933172
1840	0.828714	0.978435	0.978469	0.725103	0.932271	0.932171
1850	0.831952	0.979491	0.979522	0.727456	0.932271	0.932209
1860	0.832557	0.979546	0.979574	0.727747	0.932769	0.932682
1870	0.833107	0.979658	0.979682	0.728156	0.932769	0.932685
1880	0.833615	0.979769	0.979794	0.728794	0.932271	0.932192
1890	0.836381	0.980158	0.980180	0.730860	0.932769	0.932667
1900	0.837007	0.980158	0.980175	0.731182	0.932769	0.932667
1910	0.837400	0.980158	0.980178	0.731536	0.933765	0.933606
1920	0.837873	0.980269	0.980284	0.731989	0.934761	0.934558
1930	0.838328	0.980213	0.980227	0.732526	0.934761	0.934558
1940	0.840652	0.980769	0.980782	0.734170	0.935259	0.935094
1950	0.841446	0.981214	0.981213	0.734842	0.934761	0.934592
1960	0.842105	0.981659	0.981651	0.735356	0.934761	0.934592
1970	0.843027	0.982159	0.982143	0.736133	0.933765	0.933674
1980	0.844106	0.982492	0.982477	0.736877	0.934761	0.934634
1990	0.844439	0.982603	0.982585	0.737142	0.935259	0.935072
2000	0.844769	0.982492	0.982476	0.737468	0.934263	0.934139
2010	0.845266	0.982770	0.982746	0.737730	0.934761	0.934659
2020	0.846488	0.983159	0.983131	0.738572	0.935259	0.935131
2030	0.847642	0.983326	0.983300	0.739367	0.935259	0.935131
2040	0.848068	0.983548	0.983520	0.739727	0.935259	0.935072
2050	0.848706	0.983659	0.983626	0.740149	0.935757	0.935614
2060	0.850128	0.984160	0.984116	0.741072	0.937749	0.937635
2070	0.851114	0.984493	0.984446	0.741783	0.937749	0.937635
2080	0.851386	0.984493	0.984444	0.742087	0.937251	0.937194
2090	0.851854	0.984604	0.984553	0.742503	0.936753	0.936681
2100	0.852163	0.984660	0.984606	0.742919	0.936753	0.936633
2110	0.853146	0.984715	0.984666	0.743796	0.936753	0.936551
2120	0.854108	0.984938	0.984890	0.744631	0.936753	0.936581
2130	0.854395	0.984993	0.984945	0.744847	0.936753	0.936552
2140	0.854785	0.985104	0.985057	0.745036	0.936255	0.936120
2150	0.855265	0.985216	0.985166	0.745117	0.935757	0.935730
2160	0.856761	0.985382	0.985333	0.746133	0.935757	0.935730
2170	0.857362	0.985549	0.985499	0.746687	0.937251	0.937195
2180	0.857808	0.985605	0.985554	0.746710	0.936255	0.936203
2190	0.858225	0.985494	0.985442	0.747025	0.936753	0.936757
2200	0.858610	0.985605	0.985551	0.747418	0.936255	0.936289
2210	0.860088	0.985827	0.985775	0.748546	0.936753	0.936841
2220	0.860465	0.985938	0.985885	0.748836	0.937251	0.937233
2230	0.861191	0.986216	0.986155	0.749357	0.936753	0.936757
2240	0.861661	0.986327	0.986261	0.749734	0.936753	0.936757
2250	0.862271	0.986494	0.986429	0.750073	0.936753	0.936757
2260	0.862807	0.986605	0.986538	0.750410	0.937749	0.937720
2270	0.864104	0.986939	0.986868	0.751261	0.938247	0.938195
2280	0.865175	0.987050	0.986979	0.752119	0.939243	0.939089
2290	0.865615	0.987050	0.986979	0.752410	0.939741	0.939538
2300	0.866015	0.987161	0.987089	0.751850	0.939741	0.939538
2310	0.866319	0.987105	0.987034	0.752013	0.939741	0.939538
2320	0.867794	0.987217	0.987141	0.753143	0.940239	0.939977
2330	0.868108	0.987328	0.987254	0.753254	0.939741	0.939365
2340	0.868533	0.987383	0.987307	0.753636	0.939741	0.939365
2350	0.869802	0.987550	0.987473	0.754460	0.940239	0.939886
2360	0.870570	0.987717	0.987638	0.755005	0.940737	0.940423
2370	0.871023	0.987717	0.987635	0.755265	0.940737	0.940423
2380	0.872388	0.987995	0.987909	0.756142	0.940737	0.940473
2390	0.872827	0.988050	0.987966	0.756364	0.940737	0.940473
2400	0.873106	0.988050	0.987966	0.756510	0.940737	0.940473
2410	0.873851	0.988050	0.987964	0.757200	0.941235	0.940947
2420	0.874413	0.988050	0.987963	0.757535	0.941235	0.940947
2430	0.874787	0.988050	0.987962	0.757754	0.940239	0.940005
2440	0.875156	0.988217	0.988125	0.757936	0.940239	0.940005
2450	0.876168	0.988273	0.988181	0.758637	0.940737	0.940518
2460	0.876715	0.988328	0.988235	0.759156	0.941235	0.940996
2470	0.877084	0.988328	0.988236	0.759547	0.941733	0.941553
2480	0.877487	0.988495	0.988402	0.759927	0.942231	0.941987
2490	0.878409	0.988495	0.988401	0.760671	0.941733	0.941567
2500	0.878729	0.988495	0.988402	0.760926	0.942231	0.942131
2510	0.879108	0.988606	0.988516	0.761224	0.942729	0.942600
2520	0.880338	0.988662	0.988569	0.762321	0.943227	0.943115
2530	0.880688	0.988662	0.988569	0.762643	0.943227	0.943115
2540	0.881015	0.988717	0.988628	0.762856	0.943227	0.943065
2550	0.882076	0.988717	0.988627	0.763635	0.942729	0.942656
2560	0.882476	0.988717	0.988627	0.764143	0.943725	0.943578
2570	0.882749	0.988773	0.988684	0.764244	0.943725	0.943627
2580	0.883230	0.988828	0.988739	0.764662	0.943725	0.943578
2590	0.883849	0.988828	0.988742	0.765080	0.943725	0.943627
2600	0.884140	0.988828	0.988742	0.765421	0.944223	0.944137
2610	0.884865	0.988828	0.988743	0.766017	0.944223	0.944137
2620	0.885199	0.988828	0.988741	0.766267	0.944223	0.944137
2630	0.885584	0.988884	0.988799	0.766660	0.944721	0.944598
2640	0.886121	0.988940	0.988855	0.766997	0.944721	0.944598
2650	0.886689	0.989162	0.989076	0.767410	0.944721	0.944598
2660	0.886945	0.989162	0.989077	0.767594	0.944721	0.944606
2670	0.887258	0.989162	0.989075	0.767859	0.944223	0.944091
2680	0.888131	0.989217	0.989130	0.768524	0.944721	0.944598
2690	0.888592	0.989217	0.989131	0.768863	0.945219	0.945064
2700	0.888864	0.989329	0.989242	0.769118	0.945219	0.945064
2710	0.889585	0.989495	0.989410	0.769658	0.944721	0.944526
2720	0.889945	0.989551	0.989464	0.769875	0.945219	0.945072
2730	0.890293	0.989551	0.989463	0.770067	0.944721	0.944553
2740	0.890766	0.989551	0.989463	0.770687	0.944223	0.944007
2750	0.891781	0.989718	0.989629	0.771573	0.945219	0.945110
2760	0.892101	0.989718	0.989629	0.771849	0.944721	0.944564
2770	0.892630	0.989773	0.989684	0.772355	0.944223	0.944070
2780	0.893030	0.989884	0.989795	0.772657	0.944223	0.944070
2790	0.893340	0.989940	0.989851	0.773035	0.944223	0.944070
2800	0.893981	0.990107	0.990019	0.773475	0.944721	0.944459
2810	0.894203	0.989996	0.989906	0.773451	0.944223	0.943965
2820	0.894510	0.990218	0.990130	0.773722	0.943725	0.943472
2830	0.895430	0.990329	0.990241	0.774467	0.943227	0.943073
2840	0.895781	0.990329	0.990243	0.774718	0.942729	0.942614
2850	0.896015	0.990329	0.990242	0.774949	0.943725	0.943595
2860	0.896681	0.990385	0.990300	0.775386	0.944223	0.944098
2870	0.896969	0.990385	0.990299	0.775637	0.944721	0.944602
2880	0.897248	0.990385	0.990299	0.775776	0.944223	0.944135
2890	0.898019	0.990496	0.990411	0.776335	0.944223	0.944135
2900	0.898255	0.990496	0.990412	0.776386	0.945219	0.945092
2910	0.898400	0.990496	0.990411	0.776504	0.945219	0.945092
2920	0.898642	0.990551	0.990467	0.776732	0.945717	0.945646
2930	0.899465	0.990607	0.990521	0.777458	0.947211	0.947060
2940	0.899732	0.990607	0.990521	0.777721	0.947709	0.947442
2950	0.899912	0.990663	0.990577	0.777929	0.946215	0.946076
2960	0.900446	0.990718	0.990633	0.778370	0.945717	0.945503
2970	0.900715	0.990718	0.990632	0.778571	0.947211	0.946889
2980	0.900940	0.990774	0.990687	0.778823	0.946713	0.946446
2990	0.901091	0.990774	0.990690	0.779085	0.946713	0.946446
3000	0.901701	0.990829	0.990745	0.779512	0.946713	0.946451
3010	0.901867	0.990885	0.990800	0.779539	0.946215	0.945895
3020	0.902087	0.990996	0.990912	0.779697	0.946215	0.945822
3030	0.902843	0.991274	0.991192	0.780197	0.947709	0.947401
3040	0.903045	0.991107	0.991023	0.780346	0.947211	0.946856
3050	0.903194	0.991218	0.991137	0.780506	0.947211	0.946856
3060	0.903420	0.991274	0.991191	0.780674	0.947211	0.946856
3070	0.903750	0.991329	0.991246	0.780995	0.946713	0.946342
3080	0.904369	0.991441	0.991355	0.781523	0.947211	0.946888
3090	0.904634	0.991496	0.991412	0.781794	0.946215	0.945840
3100	0.905117	0.991607	0.991527	0.782154	0.946215	0.945840
3110	0.905592	0.991774	0.991693	0.782487	0.946713	0.946343
3120	0.905862	0.991774	0.991695	0.782775	0.946713	0.946340
3130	0.906061	0.991607	0.991532	0.782939	0.947211	0.946855
3140	0.906641	0.991774	0.991699	0.783353	0.948207	0.947871
3150	0.906876	0.991885	0.991809	0.783502	0.948705	0.948415
3160	0.907156	0.991885	0.991810	0.783780	0.948705	0.948415
3170	0.907698	0.992052	0.991979	0.784096	0.948705	0.948415
3180	0.908057	0.992052	0.991978	0.784383	0.948705	0.948381
3190	0.908691	0.992163	0.992086	0.784733	0.947709	0.947358
3200	0.909128	0.992219	0.992145	0.785128	0.947211	0.946862
3210	0.909317	0.992330	0.992259	0.785425	0.947709	0.947358
3220	0.909467	0.992274	0.992204	0.785567	0.948207	0.947873
3230	0.910139	0.992441	0.992367	0.785742	0.948705	0.948385
3240	0.910387	0.992441	0.992367	0.786089	0.948705	0.948311
3250	0.910673	0.992441	0.992368	0.786468	0.948207	0.947799
3260	0.911167	0.992386	0.992313	0.786885	0.949701	0.949389
3270	0.911366	0.992441	0.992367	0.787071	0.949203	0.948872
3280	0.911772	0.992663	0.992590	0.787395	0.948705	0.948365
3290	0.911958	0.992719	0.992647	0.787555	0.948705	0.948365
3300	0.912133	0.992663	0.992590	0.787740	0.948705	0.948294
3310	0.912707	0.992663	0.992590	0.788256	0.948705	0.948294
3320	0.912916	0.992775	0.992697	0.788415	0.948705	0.948246
3330	0.913230	0.992775	0.992698	0.788665	0.948705	0.948246
3340	0.913689	0.992830	0.992755	0.788965	0.949203	0.948774
3350	0.913898	0.992830	0.992755	0.789213	0.950199	0.949833
3360	0.914275	0.992830	0.992753	0.789577	0.950199	0.949833
3370	0.914823	0.992886	0.992810	0.789945	0.950199	0.949814
3380	0.915025	0.992886	0.992812	0.790218	0.950199	0.949814
3390	0.915473	0.992886	0.992812	0.790636	0.950199	0.949814
3400	0.915858	0.992997	0.992925	0.790995	0.950199	0.949863
3410	0.916260	0.993052	0.992983	0.791231	0.950199	0.949863
3420	0.916497	0.993052	0.992984	0.791462	0.950697	0.950305
3430	0.916674	0.993108	0.993041	0.791541	0.951195	0.950829
3440	0.917029	0.993108	0.993039	0.792028	0.950697	0.950332
3450	0.917605	0.993108	0.993039	0.792437	0.950199	0.949852
3460	0.917786	0.993108	0.993039	0.792642	0.950199	0.949852
3470	0.918041	0.993219	0.993148	0.792852	0.949701	0.949293
3480	0.918498	0.993219	0.993152	0.793190	0.949701	0.949340
3490	0.918627	0.993330	0.993263	0.793363	0.950199	0.949902
3500	0.918748	0.993386	0.993317	0.793495	0.950199	0.949973
3510	0.919160	0.993497	0.993432	0.793793	0.949701	0.949411
3520	0.919318	0.993497	0.993432	0.793845	0.950697	0.950487
3530	0.919604	0.993497	0.993432	0.794092	0.950697	0.950455
3540	0.919773	0.993497	0.993429	0.794200	0.950199	0.949941
3550	0.920212	0.993497	0.993430	0.794582	0.949701	0.949444
3560	0.920425	0.993442	0.993376	0.794809	0.949701	0.949412
3570	0.920566	0.993497	0.993433	0.794864	0.948705	0.948341
3580	0.921110	0.993553	0.993482	0.795249	0.949701	0.949444
3590	0.921223	0.993553	0.993484	0.795344	0.950199	0.949983
3600	0.921346	0.993553	0.993485	0.795460	0.949701	0.949444
3610	0.921714	0.993553	0.993483	0.795717	0.950199	0.949983
3620	0.921892	0.993608	0.993540	0.795748	0.949701	0.949444
3630	0.922183	0.993608	0.993537	0.795967	0.949701	0.949435
3640	0.922372	0.993664	0.993590	0.796173	0.949701	0.949402
3650	0.922724	0.993719	0.993643	0.796436	0.950199	0.949965
3660	0.923015	0.993719	0.993642	0.796602	0.950697	0.950503
3670	0.923246	0.993719	0.993642	0.796772	0.949701	0.949402
3680	0.923496	0.993775	0.993699	0.797052	0.949701	0.949402
3690	0.923793	0.993775	0.993698	0.797242	0.949701	0.949395
3700	0.923986	0.993775	0.993699	0.797451	0.949701	0.949348
3710	0.924176	0.993775	0.993698	0.797867	0.949701	0.949348
3720	0.924643	0.993719	0.993643	0.798268	0.949701	0.949348
3730	0.924819	0.993719	0.993643	0.798421	0.950697	0.950434
3740	0.925099	0.993775	0.993699	0.798608	0.950697	0.950434
3750	0.925207	0.993775	0.993700	0.798701	0.951195	0.950964
3760	0.925513	0.993775	0.993700	0.799002	0.950697	0.950451
3770	0.925652	0.993886	0.993809	0.799218	0.950697	0.950451
3780	0.925740	0.993886	0.993810	0.799347	0.951195	0.950947
3790	0.925839	0.993886	0.993810	0.799480	0.951195	0.950947
3800	0.926390	0.994053	0.993980	0.799992	0.951195	0.950947
3810	0.926573	0.994053	0.993982	0.800271	0.951195	0.950947
3820	0.926727	0.994053	0.993982	0.800424	0.951195	0.950947
3830	0.927003	0.993997	0.993924	0.800677	0.952689	0.952418
3840	0.927096	0.993997	0.993924	0.800804	0.952689	0.952418
3850	0.927181	0.993997	0.993924	0.800861	0.951693	0.951325
3860	0.927497	0.994108	0.994034	0.801125	0.951693	0.951353
3870	0.927625	0.994164	0.994093	0.801212	0.951693	0.951403
3880	0.927787	0.994164	0.994092	0.801291	0.951693	0.951403
3890	0.928208	0.994275	0.994205	0.801582	0.951693	0.951404
3900	0.928392	0.994275	0.994205	0.801770	0.951693	0.951404
3910	0.928954	0.994275	0.994208	0.802217	0.951693	0.951404
3920	0.929132	0.994275	0.994207	0.802489	0.952191	0.951847
3930	0.929389	0.994331	0.994262	0.802709	0.952191	0.951899
3940	0.929520	0.994331	0.994262	0.802702	0.951693	0.951404
3950	0.930000	0.994386	0.994321	0.803125	0.951693	0.951404
3960	0.930124	0.994442	0.994375	0.803210	0.951693	0.951404
3970	0.930364	0.994498	0.994434	0.803437	0.951693	0.951404
3980	0.930533	0.994498	0.994434	0.803696	0.952191	0.952001
3990	0.930643	0.994498	0.994436	0.803793	0.952191	0.952001
4000	0.931136	0.994553	0.994492	0.804165	0.952191	0.951973
4010	0.931312	0.994553	0.994493	0.804423	0.952191	0.951973
4020	0.931456	0.994553	0.994493	0.804651	0.952191	0.951973
4030	0.931886	0.994609	0.994553	0.804999	0.952689	0.952487
4040	0.932039	0.994664	0.994606	0.805125	0.952689	0.952487
4050	0.932305	0.994664	0.994608	0.805228	0.952689	0.952487
4060	0.932473	0.994664	0.994605	0.805384	0.952689	0.952487
4070	0.932897	0.994998	0.994942	0.805813	0.952689	0.952487
4080	0.933168	0.994998	0.994943	0.806137	0.952689	0.952487
4090	0.933477	0.995053	0.995002	0.806480	0.952689	0.952487
4100	0.933658	0.995053	0.995002	0.806800	0.952689	0.952487
4110	0.934038	0.995109	0.995055	0.807198	0.952689	0.952487
4120	0.934231	0.995109	0.995058	0.807389	0.952689	0.952487
4130	0.934571	0.995387	0.995337	0.807751	0.952689	0.952487
4140	0.934749	0.995498	0.995448	0.808024	0.953187	0.952975
4150	0.935047	0.995554	0.995505	0.808266	0.953187	0.952975
4160	0.935386	0.995720	0.995676	0.808678	0.953187	0.952975
4170	0.935548	0.995720	0.995676	0.808833	0.953187	0.952975
4180	0.935931	0.995776	0.995731	0.809232	0.953187	0.952975
4190	0.936172	0.995831	0.995786	0.809418	0.953187	0.952975
4200	0.936462	0.995831	0.995786	0.809668	0.953685	0.953495
4210	0.936710	0.995887	0.995838	0.809958	0.953685	0.953495
4220	0.936829	0.995887	0.995841	0.810096	0.953685	0.953495
4230	0.937206	0.995998	0.995955	0.810390	0.953685	0.953495
4240	0.937438	0.996054	0.996010	0.810725	0.953685	0.953495
4250	0.937538	0.996109	0.996067	0.810816	0.953685	0.953495
4260	0.937892	0.996221	0.996179	0.811144	0.953685	0.953495
4270	0.937992	0.996276	0.996233	0.811260	0.953685	0.953495
4280	0.938131	0.996276	0.996233	0.811355	0.954183	0.953975
4290	0.938389	0.996276	0.996233	0.811627	0.954183	0.953975
4300	0.938716	0.996387	0.996346	0.811849	0.954183	0.953975
4310	0.938908	0.996387	0.996346	0.812000	0.954183	0.953975
4320	0.939280	0.996387	0.996346	0.812428	0.954183	0.953975
4330	0.939438	0.996387	0.996344	0.812583	0.954183	0.953975
4340	0.939838	0.996554	0.996516	0.812943	0.954183	0.953975
4350	0.940111	0.996665	0.996627	0.813215	0.954183	0.953975
4360	0.940356	0.996721	0.996683	0.813416	0.954183	0.954030
4370	0.940495	0.996721	0.996683	0.813590	0.954183	0.954030
4380	0.940608	0.996776	0.996738	0.813717	0.954681	0.954545
4390	0.940780	0.996721	0.996683	0.813822	0.954183	0.954030
4400	0.941284	0.996832	0.996794	0.814262	0.954681	0.954547
4410	0.941400	0.996888	0.996850	0.814464	0.954681	0.954547
4420	0.941533	0.996943	0.996906	0.814656	0.954681	0.954547
4430	0.941812	0.996943	0.996908	0.814975	0.954681	0.954547
4440	0.941941	0.996943	0.996906	0.815081	0.954681	0.954547
4450	0.942264	0.996999	0.996962	0.815817	0.954681	0.954547
4460	0.942365	0.996999	0.996962	0.815966	0.954681	0.954547
4470	0.942653	0.996999	0.996962	0.816327	0.954183	0.954107
4480	0.942774	0.996999	0.996962	0.816412	0.954183	0.954107
4490	0.943053	0.996999	0.996962	0.816670	0.954183	0.954107
4500	0.943233	0.997054	0.997018	0.816825	0.954183	0.954086
4510	0.943354	0.997054	0.997019	0.817021	0.954183	0.954107
4520	0.943762	0.997165	0.997131	0.817388	0.954183	0.954058
4530	0.943892	0.997165	0.997131	0.817570	0.954183	0.954082
4540	0.944004	0.997165	0.997132	0.817734	0.954183	0.954058
4550	0.944319	0.997221	0.997187	0.817981	0.954183	0.954082
4560	0.944498	0.997221	0.997188	0.818117	0.954183	0.954082
4570	0.944622	0.997221	0.997188	0.818252	0.954183	0.954082
4580	0.944952	0.997332	0.997299	0.818491	0.954183	0.954058
4590	0.945070	0.997332	0.997299	0.818535	0.954681	0.954619
4600	0.945189	0.997332	0.997299	0.818518	0.954183	0.954058
4610	0.945418	0.997388	0.997356	0.818763	0.955179	0.955116
4620	0.945610	0.997443	0.997412	0.818832	0.955179	0.955116
4630	0.945814	0.997443	0.997412	0.819045	0.955179	0.955116
4640	0.945952	0.997443	0.997412	0.819166	0.955179	0.955116
4650	0.946222	0.997554	0.997524	0.819490	0.956175	0.956082
4660	0.946351	0.997554	0.997524	0.819569	0.955677	0.955582
4670	0.946534	0.997554	0.997524	0.819703	0.955179	0.955116
4680	0.946792	0.997554	0.997524	0.819916	0.955677	0.955608
4690	0.946880	0.997554	0.997524	0.819969	0.955677	0.955608
4700	0.947214	0.997999	0.997974	0.820095	0.955179	0.955066
4710	0.947371	0.997944	0.997918	0.820312	0.955179	0.955066
4720	0.947632	0.997999	0.997975	0.820522	0.955179	0.955066
4730	0.947741	0.997999	0.997974	0.820750	0.955179	0.955066
4740	0.947837	0.997944	0.997917	0.820885	0.955677	0.955621
4750	0.948078	0.998055	0.998030	0.821050	0.955677	0.955621
4760	0.948217	0.998055	0.998030	0.821247	0.955179	0.955191
4770	0.948477	0.998110	0.998085	0.821524	0.955677	0.955691
4780	0.948666	0.998166	0.998142	0.821690	0.955677	0.955691
4790	0.948800	0.998166	0.998142	0.821957	0.955677	0.955691
4800	0.949035	0.998110	0.998085	0.822191	0.955677	0.955691
4810	0.949116	0.998110	0.998085	0.822243	0.955677	0.955691
4820	0.949377	0.998166	0.998139	0.822421	0.955677	0.955691
4830	0.949479	0.998166	0.998139	0.822505	0.955677	0.955691
4840	0.949603	0.998166	0.998139	0.822659	0.955677	0.955691
4850	0.949832	0.998221	0.998196	0.822798	0.955677	0.955691
4860	0.950107	0.998333	0.998308	0.823119	0.955677	0.955706
4870	0.950319	0.998444	0.998419	0.823407	0.955677	0.955691
4880	0.950526	0.998444	0.998421	0.823591	0.955677	0.955691
4890	0.950665	0.998444	0.998421	0.823722	0.955677	0.955691
4900	0.950881	0.998499	0.998477	0.823888	0.956175	0.956234
4910	0.950990	0.998499	0.998477	0.824000	0.956175	0.956234
4920	0.951255	0.998555	0.998533	0.824201	0.956175	0.956234
4930	0.951352	0.998555	0.998533	0.824320	0.956175	0.956249
4940	0.951576	0.998555	0.998533	0.824643	0.956175	0.956249
4950	0.951682	0.998555	0.998533	0.824835	0.956673	0.956767
4960	0.951991	0.998555	0.998531	0.825200	0.956673	0.956767
4970	0.952127	0.998555	0.998531	0.825500	0.956175	0.956249
4980	0.952410	0.998666	0.998645	0.825744	0.956673	0.956702
4990	0.952516	0.998666	0.998645	0.825898	0.956673	0.956702
5000	0.952780	0.998666	0.998645	0.826088	0.956673	0.956702
5010	0.952892	0.998666	0.998645	0.826220	0.956673	0.956702
5020	0.952988	0.998666	0.998645	0.826290	0.956673	0.956702
5030	0.953179	0.998777	0.998756	0.826287	0.956673	0.956702
5040	0.953253	0.998777	0.998756	0.826422	0.956673	0.956702
5050	0.953444	0.998777	0.998756	0.826550	0.956673	0.956702
5060	0.953565	0.998777	0.998756	0.826706	0.956673	0.956702
5070	0.953658	0.998777	0.998757	0.826795	0.956673	0.956702
5080	0.953839	0.998777	0.998757	0.826991	0.956673	0.956702
5090	0.954045	0.998777	0.998756	0.827179	0.956673	0.956702
5100	0.954124	0.998777	0.998757	0.827196	0.956673	0.956702
5110	0.954303	0.998777	0.998757	0.827287	0.956673	0.956702
5120	0.954462	0.998777	0.998757	0.827427	0.956673	0.956767
5130	0.954606	0.998777	0.998757	0.827607	0.956673	0.956702
5140	0.954716	0.998722	0.998700	0.827789	0.956673	0.956767
5150	0.954905	0.998722	0.998701	0.827903	0.957171	0.957324
5160	0.954998	0.998722	0.998701	0.828009	0.957171	0.957324
5170	0.955069	0.998722	0.998701	0.828104	0.957171	0.957324
5180	0.955253	0.998722	0.998701	0.828266	0.957171	0.957324
5190	0.955347	0.998722	0.998701	0.828387	0.956673	0.956859
5200	0.955432	0.998722	0.998700	0.828288	0.956673	0.956829
5210	0.955614	0.998722	0.998700	0.828532	0.956175	0.956363
5220	0.955797	0.998722	0.998700	0.828706	0.956175	0.956363
5230	0.955887	0.998777	0.998755	0.828792	0.956175	0.956363
5240	0.956096	0.998777	0.998756	0.828445	0.955677	0.955743
5250	0.956287	0.998777	0.998756	0.828610	0.955677	0.955743
5260	0.956391	0.998777	0.998756	0.828678	0.955677	0.955743
5270	0.956513	0.998777	0.998756	0.828828	0.955677	0.955743
5280	0.956597	0.998777	0.998756	0.828932	0.955677	0.955743
5290	0.956781	0.998777	0.998756	0.829080	0.955677	0.955743
5300	0.956899	0.998777	0.998756	0.829200	0.955677	0.955743
5310	0.956957	0.998777	0.998756	0.829289	0.955677	0.955743
5320	0.957073	0.998777	0.998756	0.829400	0.955179	0.955186
5330	0.957201	0.998777	0.998756	0.829508	0.955179	0.955186
5340	0.957370	0.998833	0.998812	0.829703	0.955179	0.955186
5350	0.957465	0.998833	0.998812	0.829835	0.955179	0.955186
5360	0.957607	0.998833	0.998812	0.829941	0.955179	0.955186
5370	0.957657	0.998833	0.998812	0.829980	0.955179	0.955186
5380	0.957857	0.998833	0.998812	0.830146	0.955179	0.955186
5390	0.957962	0.998833	0.998812	0.830226	0.955179	0.955212
5400	0.958081	0.998833	0.998812	0.830391	0.955179	0.955212
5410	0.958155	0.998833	0.998812	0.830440	0.955677	0.955677
5420	0.958361	0.998833	0.998812	0.830676	0.955677	0.955677
5430	0.958448	0.998833	0.998812	0.830833	0.955677	0.955677
5440	0.958591	0.998833	0.998812	0.831026	0.955677	0.955677
5450	0.958758	0.998833	0.998812	0.831196	0.955677	0.955677
5460	0.958898	0.998944	0.998925	0.831326	0.955677	0.955677
5470	0.958979	0.998944	0.998925	0.831431	0.955677	0.955677
5480	0.959123	0.999000	0.998981	0.831511	0.955677	0.955677
5490	0.959205	0.999000	0.998981	0.831587	0.955677	0.955651
5500	0.959341	0.999000	0.998981	0.831743	0.955677	0.955651
5510	0.959421	0.999000	0.998981	0.831793	0.955677	0.955651
5520	0.959569	0.999055	0.999036	0.832029	0.955677	0.955651
5530	0.959689	0.999055	0.999037	0.832173	0.955677	0.955677
5540	0.959776	0.999055	0.999037	0.832310	0.955677	0.955677
5550	0.959909	0.999055	0.999037	0.832430	0.955677	0.955651
5560	0.960044	0.999055	0.999037	0.832569	0.955677	0.955677
5570	0.960101	0.999055	0.999037	0.832653	0.956175	0.956180
5580	0.960224	0.999055	0.999037	0.832796	0.956175	0.956180
5590	0.960275	0.999055	0.999037	0.832891	0.956175	0.956180
5600	0.960320	0.999055	0.999037	0.832946	0.956175	0.956180
5610	0.960459	0.999055	0.999037	0.833091	0.956175	0.956180
5620	0.960530	0.999055	0.999037	0.833219	0.956175	0.956146
5630	0.960587	0.999055	0.999037	0.833275	0.956175	0.956146
5640	0.960712	0.999055	0.999037	0.833380	0.956175	0.956180
5650	0.960805	0.999055	0.999037	0.833510	0.956175	0.956180
5660	0.960909	0.999055	0.999037	0.833590	0.956175	0.956180
5670	0.960967	0.999055	0.999037	0.833649	0.956175	0.956180
5680	0.961049	0.999055	0.999037	0.833775	0.956175	0.956180
5690	0.961113	0.999055	0.999037	0.833887	0.956175	0.956180
5700	0.961218	0.999055	0.999037	0.833991	0.956175	0.956180
5710	0.961324	0.999055	0.999037	0.834074	0.956175	0.956221
5720	0.961422	0.999055	0.999037	0.834144	0.956175	0.956180
5730	0.961482	0.999055	0.999037	0.834174	0.956673	0.956627
5740	0.961530	0.999055	0.999037	0.834226	0.956673	0.956661
5750	0.961670	0.999055	0.999037	0.834367	0.956673	0.956661
5760	0.961720	0.999055	0.999037	0.834460	0.956673	0.956661
5770	0.961823	0.999055	0.999037	0.834512	0.956175	0.956187
5780	0.961914	0.999055	0.999037	0.834532	0.956673	0.956627
5790	0.962065	0.999055	0.999037	0.834570	0.956673	0.956594
5800	0.962143	0.999055	0.999037	0.834673	0.956673	0.956594
5810	0.962277	0.999055	0.999037	0.834816	0.956673	0.956594
5820	0.962368	0.999055	0.999037	0.834944	0.956175	0.956146
5830	0.962417	0.999055	0.999037	0.835048	0.956175	0.956146
5840	0.962533	0.999111	0.999094	0.835163	0.957669	0.957610
5850	0.962602	0.999111	0.999094	0.835263	0.957171	0.957148
5860	0.962736	0.999111	0.999094	0.835360	0.956673	0.956664
5870	0.962804	0.999111	0.999094	0.835468	0.957171	0.957194
5880	0.962910	0.999111	0.999094	0.835613	0.957171	0.957194
5890	0.962953	0.999111	0.999094	0.835685	0.957669	0.957644
5900	0.962992	0.999111	0.999094	0.835722	0.957669	0.957644
5910	0.963091	0.999111	0.999094	0.835779	0.957669	0.957644
5920	0.963136	0.999111	0.999094	0.835786	0.957669	0.957644
5930	0.963187	0.999111	0.999094	0.835831	0.957669	0.957677
5940	0.963324	0.999111	0.999094	0.835986	0.957669	0.957677
5950	0.963373	0.999111	0.999094	0.836033	0.957669	0.957644
5960	0.963474	0.999111	0.999094	0.836095	0.957669	0.957644
5970	0.963520	0.999111	0.999094	0.836116	0.957669	0.957610
5980	0.963590	0.999111	0.999094	0.836228	0.957669	0.957644
5990	0.963631	0.999111	0.999094	0.836272	0.957669	0.957610
6000	0.963717	0.999111	0.999094	0.836352	0.958167	0.958140
6010	0.963819	0.999111	0.999094	0.836496	0.958167	0.958140
6020	0.963898	0.999166	0.999151	0.836536	0.958167	0.958123
6030	0.963996	0.999166	0.999151	0.836632	0.958167	0.958123
6040	0.964069	0.999166	0.999151	0.836673	0.958167	0.958123
6050	0.964124	0.999166	0.999151	0.836725	0.958167	0.958123
6060	0.964230	0.999166	0.999151	0.836825	0.957669	0.957660
6070	0.964268	0.999166	0.999151	0.836860	0.958167	0.958157
6080	0.964385	0.999222	0.999208	0.836961	0.958167	0.958157
6090	0.964421	0.999222	0.999208	0.837023	0.958167	0.958157
6100	0.964477	0.999222	0.999208	0.837111	0.958167	0.958157
6110	0.964576	0.999222	0.999208	0.837210	0.957669	0.957697
6120	0.964610	0.999222	0.999208	0.837277	0.957669	0.957697
6130	0.964654	0.999222	0.999208	0.837348	0.957669	0.957697
6140	0.964760	0.999222	0.999208	0.837497	0.958167	0.958157
6150	0.964805	0.999222	0.999208	0.837578	0.958167	0.958157
6160	0.964855	0.999222	0.999208	0.837619	0.958167	0.958157
6170	0.964978	0.999277	0.999264	0.837717	0.958167	0.958157
6180	0.965034	0.999277	0.999264	0.837719	0.958167	0.958157
6190	0.965141	0.999222	0.999208	0.837838	0.958167	0.958157
6200	0.965190	0.999222	0.999208	0.837900	0.958167	0.958157
6210	0.965233	0.999222	0.999208	0.837960	0.958167	0.958157
6220	0.965347	0.999277	0.999264	0.838200	0.958167	0.958125
6230	0.965399	0.999277	0.999264	0.838314	0.958167	0.958125
6240	0.965513	0.999277	0.999264	0.838560	0.958167	0.958125
6250	0.965554	0.999277	0.999264	0.838599	0.958167	0.958125
6260	0.965588	0.999277	0.999264	0.838628	0.958167	0.958125
6270	0.965697	0.999277	0.999264	0.838765	0.958167	0.958125
6280	0.965765	0.999277	0.999264	0.838808	0.958167	0.958125
6290	0.965854	0.999277	0.999264	0.838857	0.958167	0.958125
6300	0.965886	0.999277	0.999264	0.838884	0.958167	0.958125
6310	0.965920	0.999277	0.999264	0.838917	0.958167	0.958125
6320	0.966052	0.999277	0.999264	0.839018	0.958167	0.958125
6330	0.966098	0.999277	0.999264	0.839057	0.957669	0.957561
6340	0.966134	0.999277	0.999264	0.839097	0.957669	0.957561
6350	0.966249	0.999277	0.999264	0.839156	0.957669	0.957561
6360	0.966294	0.999277	0.999264	0.839197	0.957669	0.957561
6370	0.966393	0.999277	0.999264	0.839240	0.957669	0.957561
6380	0.966436	0.999277	0.999264	0.839285	0.957669	0.957561
6390	0.966477	0.999277	0.999264	0.839358	0.957669	0.957561
6400	0.966561	0.999277	0.999264	0.839402	0.957669	0.957561
6410	0.966616	0.999277	0.999264	0.839426	0.957669	0.957561
6420	0.966689	0.999277	0.999264	0.839514	0.957669	0.957561
6430	0.966722	0.999277	0.999264	0.839562	0.957669	0.957561
6440	0.966775	0.999277	0.999264	0.839637	0.957669	0.957561
6450	0.966846	0.999277	0.999264	0.839715	0.957669	0.957561
6460	0.966946	0.999277	0.999264	0.839912	0.957669	0.957561
6470	0.966996	0.999277	0.999264	0.840004	0.958167	0.958088
6480	0.967073	0.999277	0.999264	0.840119	0.958167	0.958088
6490	0.967120	0.999277	0.999264	0.840156	0.958167	0.958088
6500	0.967215	0.999277	0.999264	0.840277	0.958167	0.958088
6510	0.967257	0.999277	0.999264	0.840343	0.958167	0.958088
6520	0.967312	0.999277	0.999264	0.840401	0.958167	0.958088
6530	0.967389	0.999277	0.999264	0.840422	0.958167	0.958088
6540	0.967436	0.999333	0.999321	0.840489	0.958167	0.958088
6550	0.967487	0.999333	0.999321	0.840575	0.958167	0.958088
6560	0.967563	0.999333	0.999321	0.840687	0.958167	0.958088
6570	0.967614	0.999333	0.999321	0.840541	0.958167	0.958088
6580	0.967707	0.999333	0.999321	0.840630	0.958167	0.958088
6590	0.967768	0.999333	0.999321	0.840698	0.958167	0.958088
6600	0.967836	0.999333	0.999321	0.840802	0.958167	0.958088
6610	0.967882	0.999333	0.999321	0.840850	0.958167	0.958088
6620	0.967979	0.999333	0.999321	0.840996	0.957669	0.957628
6630	0.968031	0.999333	0.999321	0.841070	0.958167	0.958101
6640	0.968080	0.999333	0.999321	0.841089	0.958665	0.958562
6650	0.968149	0.999389	0.999378	0.841176	0.958665	0.958562
6660	0.968179	0.999333	0.999321	0.841179	0.958665	0.958562
6670	0.968216	0.999389	0.999378	0.841276	0.958665	0.958562
6680	0.968314	0.999444	0.999434	0.841418	0.958167	0.958101
6690	0.968390	0.999444	0.999434	0.841365	0.957669	0.957600
6700	0.968449	0.999444	0.999434	0.841415	0.957669	0.957600
6710	0.968493	0.999444	0.999434	0.841483	0.958167	0.958060
6720	0.968569	0.999444	0.999434	0.841595	0.958167	0.958060
6730	0.968650	0.999444	0.999434	0.841687	0.958167	0.958060
6740	0.968696	0.999444	0.999434	0.841756	0.958167	0.958060
6750	0.968776	0.999444	0.999434	0.841704	0.958167	0.958060
6760	0.968867	0.999500	0.999489	0.841788	0.957669	0.957614
6770	0.968947	0.999500	0.999489	0.841886	0.958167	0.958060
6780	0.969004	0.999500	0.999489	0.841980	0.958167	0.958060
6790	0.969104	0.999500	0.999489	0.842082	0.958167	0.958060
6800	0.969176	0.999555	0.999546	0.842132	0.957669	0.957614
6810	0.969231	0.999555	0.999546	0.842168	0.957669	0.957614
6820	0.969283	0.999555	0.999546	0.842208	0.957171	0.957153
6830	0.969346	0.999555	0.999546	0.842266	0.957171	0.957149
6840	0.969404	0.999555	0.999546	0.842305	0.957171	0.957149
6850	0.969440	0.999555	0.999546	0.842335	0.957171	0.957149
6860	0.969510	0.999555	0.999546	0.842403	0.957171	0.957149
6870	0.969561	0.999555	0.999546	0.842478	0.957171	0.957149
6880	0.969593	0.999555	0.999546	0.842489	0.957171	0.957149
6890	0.969658	0.999555	0.999546	0.842567	0.957171	0.957149
6900	0.969703	0.999555	0.999546	0.842635	0.957171	0.957149
6910	0.969780	0.999555	0.999546	0.842700	0.957171	0.957149
6920	0.969814	0.999555	0.999546	0.842726	0.957171	0.957149
6930	0.969884	0.999555	0.999546	0.842804	0.957171	0.957149
6940	0.969917	0.999555	0.999546	0.842869	0.957171	0.957149
6950	0.969948	0.999555	0.999546	0.842927	0.957171	0.957149
6960	0.970015	0.999555	0.999546	0.842975	0.957171	0.957149
6970	0.970052	0.999555	0.999546	0.843035	0.957171	0.957149
6980	0.970127	0.999555	0.999546	0.843067	0.957171	0.957128
6990	0.970173	0.999555	0.999546	0.843202	0.957171	0.957128
7000	0.970228	0.999555	0.999546	0.843255	0.957171	0.957128
7010	0.970273	0.999555	0.999546	0.843276	0.957171	0.957128
7020	0.970365	0.999611	0.999604	0.843181	0.957171	0.957128
7030	0.970396	0.999611	0.999604	0.843188	0.957171	0.957128
7040	0.970469	0.999667	0.999661	0.843242	0.957171	0.957128
7050	0.970521	0.999667	0.999661	0.843232	0.957171	0.957128
7060	0.970589	0.999667	0.999661	0.843278	0.957171	0.957128
7070	0.970633	0.999667	0.999661	0.843336	0.957669	0.957562
7080	0.970686	0.999667	0.999661	0.843425	0.957669	0.957562
7090	0.970759	0.999667	0.999661	0.843426	0.957669	0.957562
7100	0.970810	0.999667	0.999661	0.843484	0.957669	0.957562
7110	0.970871	0.999667	0.999661	0.843554	0.957669	0.957562
7120	0.970939	0.999667	0.999661	0.843586	0.957669	0.957562
7130	0.970979	0.999667	0.999661	0.843666	0.957669	0.957562
7140	0.971053	0.999667	0.999661	0.843763	0.957669	0.957562
7150	0.971083	0.999667	0.999661	0.843784	0.958167	0.958009
7160	0.971142	0.999667	0.999661	0.843842	0.958167	0.958009
7170	0.971178	0.999667	0.999661	0.843893	0.958167	0.958009
7180	0.971236	0.999667	0.999661	0.843937	0.958167	0.958009
7190	0.971288	0.999667	0.999661	0.844044	0.958167	0.958009
7200	0.971353	0.999667	0.999661	0.844159	0.958167	0.958009
7210	0.971400	0.999667	0.999661	0.844186	0.958167	0.958009
7220	0.971457	0.999722	0.999716	0.844254	0.958167	0.958009
7230	0.971531	0.999722	0.999716	0.844320	0.958167	0.958009
7240	0.971571	0.999722	0.999716	0.844327	0.958167	0.958009
7250	0.971614	0.999722	0.999716	0.844387	0.958167	0.958009
7260	0.971630	0.999722	0.999716	0.844408	0.958665	0.958540
7270	0.971653	0.999722	0.999716	0.844438	0.958665	0.958540
7280	0.971702	0.999722	0.999716	0.844500	0.958665	0.958540
7290	0.971733	0.999722	0.999716	0.844546	0.958665	0.958540
7300	0.971777	0.999722	0.999716	0.844595	0.958665	0.958540
7310	0.971835	0.999722	0.999716	0.844690	0.958665	0.958540
7320	0.971864	0.999722	0.999716	0.844653	0.958665	0.958540
7330	0.971935	0.999722	0.999716	0.844719	0.958665	0.958540
7340	0.971965	0.999722	0.999716	0.844782	0.958665	0.958540
7350	0.972020	0.999722	0.999716	0.844792	0.958665	0.958540
7360	0.972051	0.999722	0.999716	0.844840	0.958665	0.958540
7370	0.972108	0.999722	0.999716	0.844913	0.958665	0.958540
7380	0.972127	0.999722	0.999716	0.844954	0.958665	0.958540
7390	0.972153	0.999722	0.999716	0.844978	0.958665	0.958540
7400	0.972215	0.999722	0.999716	0.845012	0.958665	0.958540
7410	0.972248	0.999722	0.999716	0.845056	0.958665	0.958540
7420	0.972277	0.999722	0.999716	0.845113	0.958665	0.958540
7430	0.972327	0.999722	0.999716	0.845153	0.958665	0.958540
7440	0.972358	0.999722	0.999716	0.845201	0.958665	0.958540
7450	0.972414	0.999722	0.999716	0.845293	0.958665	0.958540
7460	0.972443	0.999722	0.999716	0.845364	0.958665	0.958540
7470	0.972496	0.999722	0.999716	0.845412	0.958167	0.958078
7480	0.972518	0.999722	0.999716	0.845435	0.958665	0.958540
7490	0.972546	0.999722	0.999716	0.845444	0.958665	0.958540
7500	0.972592	0.999722	0.999716	0.845503	0.958167	0.958065
7510	0.972662	0.999722	0.999716	0.845607	0.957669	0.957603
7520	0.972695	0.999722	0.999716	0.845631	0.958167	0.958065
7530	0.972722	0.999722	0.999716	0.845649	0.958167	0.958065
7540	0.972760	0.999722	0.999716	0.845657	0.957669	0.957603
7550	0.972833	0.999722	0.999716	0.845681	0.957669	0.957603
7560	0.972872	0.999722	0.999716	0.845709	0.957669	0.957603
7570	0.972929	0.999722	0.999716	0.845772	0.957669	0.957663
7580	0.972952	0.999722	0.999716	0.845821	0.957669	0.957663
7590	0.973001	0.999722	0.999716	0.845901	0.958167	0.958127
7600	0.973041	0.999722	0.999716	0.845981	0.958167	0.958065
7610	0.973089	0.999722	0.999716	0.846019	0.958167	0.958065
7620	0.973138	0.999722	0.999716	0.846073	0.958167	0.958065
7630	0.973184	0.999722	0.999716	0.846127	0.958167	0.958065
7640	0.973230	0.999722	0.999716	0.846171	0.958167	0.958065
7650	0.973260	0.999722	0.999716	0.846217	0.958167	0.958065
7660	0.973320	0.999722	0.999716	0.846260	0.958167	0.958065
7670	0.973345	0.999722	0.999716	0.846302	0.958167	0.958065
7680	0.973400	0.999722	0.999716	0.846364	0.957669	0.957603
7690	0.973441	0.999722	0.999716	0.846384	0.957669	0.957603
7700	0.973465	0.999722	0.999716	0.846429	0.957669	0.957603
7710	0.973491	0.999722	0.999716	0.846449	0.957669	0.957603
7720	0.973553	0.999722	0.999716	0.846478	0.957669	0.957603
7730	0.973607	0.999722	0.999716	0.846547	0.957669	0.957603
7740	0.973662	0.999722	0.999716	0.846587	0.957669	0.957603
7750	0.973703	0.999722	0.999716	0.846528	0.957669	0.957603
7760	0.973759	0.999722	0.999716	0.846560	0.957669	0.957603
7770	0.973816	0.999722	0.999716	0.846620	0.958167	0.958135
7780	0.973843	0.999722	0.999716	0.846633	0.958167	0.958077
7790	0.973913	0.999722	0.999716	0.846723	0.958167	0.958077
7800	0.973939	0.999722	0.999716	0.846763	0.958167	0.958135
7810	0.973975	0.999722	0.999716	0.846799	0.958167	0.958135
7820	0.973997	0.999722	0.999716	0.846823	0.958167	0.958077
7830	0.974046	0.999722	0.999716	0.846845	0.957669	0.957630
7840	0.974079	0.999722	0.999716	0.846852	0.957669	0.957630
7850	0.974135	0.999722	0.999716	0.846945	0.957669	0.957630
7860	0.974171	0.999722	0.999716	0.846980	0.957669	0.957630
7870	0.974222	0.999722	0.999716	0.847047	0.957669	0.957630
7880	0.974272	0.999722	0.999716	0.847115	0.958167	0.958178
7890	0.974309	0.999722	0.999716	0.847154	0.958167	0.958178
7900	0.974350	0.999722	0.999716	0.847212	0.957669	0.957688
7910	0.974377	0.999722	0.999716	0.847254	0.958665	0.958678
7920	0.974402	0.999722	0.999716	0.847335	0.958665	0.958606
7930	0.974450	0.999722	0.999716	0.847365	0.959163	0.959154
7940	0.974479	0.999722	0.999716	0.847396	0.959661	0.959605
7950	0.974529	0.999722	0.999716	0.847454	0.959163	0.959214
7960	0.974569	0.999722	0.999716	0.847490	0.958665	0.958666
7970	0.974609	0.999722	0.999716	0.847563	0.959163	0.959113
7980	0.974648	0.999722	0.999716	0.847644	0.959163	0.959113
7990	0.974690	0.999722	0.999716	0.847708	0.959163	0.959214
8000	0.974757	0.999722	0.999716	0.847744	0.959163	0.959214
8010	0.974778	0.999722	0.999716	0.847768	0.959163	0.959214
8020	0.974810	0.999722	0.999716	0.847782	0.959661	0.959666
8030	0.974865	0.999778	0.999772	0.847836	0.959661	0.959666
8040	0.974904	0.999778	0.999772	0.847904	0.959661	0.959666
8050	0.974929	0.999778	0.999772	0.847915	0.959661	0.959666
8060	0.974971	0.999778	0.999772	0.847962	0.959163	0.959214
8070	0.975007	0.999778	0.999772	0.848019	0.959163	0.959214
8080	0.975061	0.999833	0.999830	0.848062	0.959163	0.959214
8090	0.975094	0.999778	0.999772	0.848114	0.959163	0.959214
8100	0.975146	0.999833	0.999830	0.848162	0.959163	0.959214
8110	0.975205	0.999833	0.999830	0.848198	0.959163	0.959214
8120	0.975237	0.999833	0.999830	0.848263	0.959163	0.959214
8130	0.975288	0.999833	0.999830	0.848326	0.959163	0.959214
8140	0.975320	0.999833	0.999830	0.848372	0.959163	0.959154
8150	0.975371	0.999833	0.999830	0.848405	0.959163	0.959214
8160	0.975407	0.999833	0.999830	0.848449	0.959163	0.959214
8170	0.975447	0.999833	0.999830	0.848498	0.959163	0.959214
8180	0.975483	0.999833	0.999830	0.848547	0.959163	0.959214
8190	0.975519	0.999833	0.999830	0.848587	0.959163	0.959214
8200	0.975542	0.999833	0.999830	0.848610	0.959163	0.959214
8210	0.975587	0.999833	0.999830	0.848641	0.959163	0.959154
8220	0.975610	0.999833	0.999830	0.848665	0.959163	0.959154
8230	0.975630	0.999833	0.999830	0.848629	0.959163	0.959154
8240	0.975679	0.999833	0.999830	0.848673	0.959163	0.959154
8250	0.975697	0.999833	0.999830	0.848677	0.959163	0.959154
8260	0.975712	0.999833	0.999830	0.848674	0.959163	0.959154
8270	0.975765	0.999833	0.999830	0.848710	0.959163	0.959154
8280	0.975786	0.999833	0.999830	0.848737	0.959163	0.959154
8290	0.975823	0.999833	0.999830	0.848791	0.959163	0.959154
8300	0.975855	0.999833	0.999830	0.848834	0.959163	0.959154
8310	0.975884	0.999833	0.999830	0.848870	0.959661	0.959605
8320	0.975902	0.999833	0.999830	0.848885	0.959661	0.959605
8330	0.975950	0.999833	0.999830	0.848921	0.959163	0.959154
8340	0.975988	0.999889	0.999887	0.848976	0.959163	0.959154
8350	0.976006	0.999889	0.999887	0.849000	0.959163	0.959154
8360	0.976024	0.999889	0.999887	0.849031	0.959163	0.959154
8370	0.976061	0.999889	0.999887	0.849071	0.959163	0.959154
8380	0.976104	0.999889	0.999887	0.849119	0.959163	0.959154
8390	0.976146	0.999889	0.999887	0.849112	0.959163	0.959154
8400	0.976183	0.999889	0.999887	0.849126	0.959661	0.959605
8410	0.976221	0.999889	0.999887	0.849166	0.959661	0.959605
8420	0.976266	0.999889	0.999887	0.849218	0.959661	0.959605
8430	0.976308	0.999833	0.999830	0.849285	0.959661	0.959605
8440	0.976332	0.999833	0.999830	0.849320	0.959661	0.959605
8450	0.976377	0.999833	0.999830	0.849367	0.959661	0.959605
8460	0.976401	0.999833	0.999830	0.849377	0.959661	0.959605
8470	0.976444	0.999833	0.999830	0.849484	0.959661	0.959605
8480	0.976480	0.999833	0.999830	0.849526	0.959661	0.959605
8490	0.976493	0.999833	0.999830	0.849528	0.959163	0.959130
8500	0.976546	0.999889	0.999887	0.849605	0.959163	0.959130
8510	0.976590	0.999833	0.999830	0.849693	0.959661	0.959605
8520	0.976634	0.999889	0.999887	0.849727	0.959661	0.959605
8530	0.976675	0.999889	0.999887	0.849763	0.959661	0.959605
8540	0.976701	0.999889	0.999887	0.849792	0.959163	0.959130
8550	0.976726	0.999889	0.999887	0.849802	0.959163	0.959130
8560	0.976764	0.999889	0.999887	0.849833	0.959163	0.959130
8570	0.976802	0.999889	0.999887	0.849836	0.959163	0.959130
8580	0.976833	0.999889	0.999887	0.849876	0.959163	0.959130
8590	0.976883	0.999889	0.999887	0.849917	0.959163	0.959130
8600	0.976908	0.999889	0.999887	0.849955	0.958665	0.958596
8610	0.976939	0.999889	0.999887	0.849982	0.959163	0.959130
8620	0.976967	0.999889	0.999887	0.849983	0.959163	0.959130
8630	0.976983	0.999889	0.999887	0.850003	0.959163	0.959130
8640	0.977008	0.999889	0.999887	0.850041	0.959163	0.959130
8650	0.977063	0.999889	0.999887	0.850081	0.959163	0.959130
8660	0.977083	0.999889	0.999887	0.850105	0.959163	0.959130
8670	0.977134	0.999889	0.999887	0.850153	0.959163	0.959130
8680	0.977184	0.999889	0.999887	0.850178	0.959163	0.959130
8690	0.977211	0.999889	0.999887	0.850217	0.959163	0.959130
8700	0.977232	0.999889	0.999887	0.850272	0.959163	0.959130
8710	0.977270	0.999889	0.999887	0.850307	0.959661	0.959605
8720	0.977311	0.999889	0.999887	0.850320	0.959661	0.959605
8730	0.977350	0.999889	0.999887	0.850314	0.959661	0.959605
8740	0.977389	0.999889	0.999887	0.850319	0.959661	0.959605
8750	0.977412	0.999889	0.999887	0.850347	0.959661	0.959605
8760	0.977435	0.999889	0.999887	0.850339	0.959661	0.959605
8770	0.977469	0.999889	0.999887	0.850272	0.959661	0.959605
8780	0.977517	0.999889	0.999887	0.850325	0.959661	0.959605
8790	0.977542	0.999889	0.999887	0.850352	0.959661	0.959605
8800	0.977573	0.999889	0.999887	0.850382	0.959661	0.959605
8810	0.977609	0.999889	0.999887	0.850426	0.959661	0.959605
8820	0.977639	0.999889	0.999887	0.850488	0.959661	0.959605
8830	0.977674	0.999889	0.999887	0.850559	0.959661	0.959605
8840	0.977709	0.999889	0.999887	0.850597	0.959661	0.959605
8850	0.977748	0.999889	0.999887	0.850661	0.959661	0.959605
8860	0.977769	0.999889	0.999887	0.850716	0.959661	0.959605
8870	0.977796	0.999889	0.999887	0.850747	0.959661	0.959605
8880	0.977846	0.999889	0.999887	0.850827	0.959661	0.959605
8890	0.977877	0.999889	0.999887	0.850869	0.959661	0.959605
8900	0.977898	0.999889	0.999887	0.850895	0.959661	0.959605
8910	0.977932	0.999889	0.999887	0.850974	0.959661	0.959605
8920	0.977973	0.999889	0.999887	0.851028	0.959661	0.959605
8930	0.977996	0.999889	0.999887	0.851089	0.959661	0.959605
8940	0.978033	0.999889	0.999887	0.851135	0.959661	0.959605
8950	0.978057	0.999889	0.999887	0.851171	0.959661	0.959605
8960	0.978091	0.999889	0.999887	0.851177	0.959661	0.959605
8970	0.978117	0.999889	0.999887	0.851241	0.959661	0.959605
8980	0.978153	0.999889	0.999887	0.851300	0.959661	0.959605
8990	0.978175	0.999889	0.999887	0.851372	0.959661	0.959605
9000	0.978214	0.999889	0.999887	0.851404	0.959661	0.959605
9010	0.978240	0.999889	0.999887	0.851432	0.959661	0.959605
9020	0.978256	0.999889	0.999887	0.851418	0.959661	0.959605
9030	0.978284	0.999889	0.999887	0.851471	0.959661	0.959605
9040	0.978305	0.999889	0.999887	0.851511	0.959661	0.959605
9050	0.978342	0.999889	0.999887	0.851576	0.959661	0.959605
9060	0.978368	0.999889	0.999887	0.851641	0.959661	0.959605
9070	0.978389	0.999889	0.999887	0.851656	0.959661	0.959605
9080	0.978442	0.999889	0.999887	0.851735	0.959661	0.959605
9090	0.978462	0.999889	0.999887	0.851765	0.959661	0.959605
9100	0.978499	0.999889	0.999887	0.851828	0.959661	0.959605
9110	0.978518	0.999889	0.999887	0.851852	0.959661	0.959605
9120	0.978550	0.999889	0.999887	0.851874	0.959661	0.959605
9130	0.978571	0.999889	0.999887	0.851875	0.959661	0.959605
9140	0.978592	0.999889	0.999887	0.851917	0.959661	0.959605
9150	0.978640	0.999889	0.999887	0.851982	0.959661	0.959605
9160	0.978660	0.999889	0.999887	0.852021	0.959661	0.959605
9170	0.978689	0.999889	0.999887	0.852006	0.959661	0.959605
9180	0.978718	0.999889	0.999887	0.852030	0.959661	0.959605
9190	0.978741	0.999889	0.999887	0.852043	0.959661	0.959605
9200	0.978771	0.999889	0.999887	0.852059	0.959661	0.959605
9210	0.978816	0.999889	0.999887	0.852054	0.959661	0.959605
9220	0.978835	0.999889	0.999887	0.852102	0.959661	0.959605
9230	0.978859	0.999889	0.999887	0.852136	0.959661	0.959605
9240	0.978899	0.999889	0.999887	0.852165	0.959661	0.959605
9250	0.978931	0.999889	0.999887	0.852227	0.959661	0.959605
9260	0.978955	0.999889	0.999887	0.852291	0.959661	0.959605
9270	0.978991	0.999889	0.999887	0.852357	0.959661	0.959605
9280	0.979017	0.999889	0.999887	0.852390	0.959661	0.959605
9290	0.979036	0.999889	0.999887	0.852406	0.959661	0.959605
9300	0.979070	0.999889	0.999887	0.852436	0.959661	0.959605
9310	0.979088	0.999889	0.999887	0.852442	0.959661	0.959605
9320	0.979098	0.999889	0.999887	0.852459	0.959661	0.959605
9330	0.979133	0.999889	0.999887	0.852477	0.959661	0.959605
9340	0.979154	0.999889	0.999887	0.852493	0.959661	0.959605
9350	0.979177	0.999889	0.999887	0.852511	0.959661	0.959605
9360	0.979181	0.999889	0.999887	0.852511	0.959661	0.959605
9370	0.979192	0.999889	0.999887	0.852498	0.959661	0.959605
9380	0.979203	0.999889	0.999887	0.852504	0.959661	0.959605
9390	0.979210	0.999889	0.999887	0.852500	0.959661	0.959605
9400	0.979213	0.999889	0.999887	0.852503	0.959661	0.959605
9410	0.979227	0.999889	0.999887	0.852532	0.959661	0.959605
9420	0.979260	0.999889	0.999887	0.852586	0.959661	0.959605
9430	0.979287	0.999889	0.999887	0.852604	0.959661	0.959605
9440	0.979307	0.999889	0.999887	0.852609	0.959661	0.959605
9450	0.979341	0.999889	0.999887	0.852640	0.959661	0.959605
9460	0.979372	0.999889	0.999887	0.852632	0.959661	0.959605
9470	0.979416	0.999889	0.999887	0.852675	0.959661	0.959605
9480	0.979447	0.999889	0.999887	0.852705	0.959661	0.959605
9490	0.979470	0.999889	0.999887	0.852734	0.959661	0.959605
9500	0.979492	0.999889	0.999887	0.852738	0.959661	0.959605
9510	0.979508	0.999889	0.999887	0.852787	0.959661	0.959605
9520	0.979535	0.999889	0.999887	0.852835	0.959661	0.959605
9530	0.979567	0.999889	0.999887	0.852838	0.959661	0.959605
9540	0.979583	0.999889	0.999887	0.852865	0.959661	0.959605
9550	0.979602	0.999889	0.999887	0.852897	0.959661	0.959605
9560	0.979627	0.999889	0.999887	0.852938	0.959661	0.959605
9570	0.979651	0.999889	0.999887	0.852985	0.959661	0.959605
9580	0.979664	0.999889	0.999887	0.853007	0.959661	0.959605
9590	0.979701	0.999889	0.999887	0.853067	0.959661	0.959605
9600	0.979729	0.999889	0.999887	0.853105	0.959661	0.959605
9610	0.979752	0.999889	0.999887	0.853122	0.959661	0.959605
9620	0.979771	0.999889	0.999887	0.853167	0.959661	0.959605
9630	0.979797	0.999889	0.999887	0.853208	0.959661	0.959605
9640	0.979816	0.999889	0.999887	0.853221	0.959661	0.959605
9650	0.979834	0.999889	0.999887	0.853229	0.959661	0.959605
9660	0.979869	0.999889	0.999887	0.853257	0.959661	0.959605
9670	0.979885	0.999889	0.999887	0.853265	0.959661	0.959605
9680	0.979914	0.999889	0.999887	0.853319	0.959661	0.959605
9690	0.979929	0.999889	0.999887	0.853352	0.959661	0.959605
9700	0.979963	0.999889	0.999887	0.853371	0.959661	0.959605
9710	0.979981	0.999889	0.999887	0.853390	0.959661	0.959605
9720	0.980013	0.999889	0.999887	0.853455	0.959661	0.959605
9730	0.980029	0.999889	0.999887	0.853474	0.959661	0.959605
9740	0.980039	0.999889	0.999887	0.853489	0.959661	0.959605
9750	0.980063	0.999889	0.999887	0.853515	0.959661	0.959605
9760	0.980082	0.999889	0.999887	0.853569	0.959661	0.959605
9770	0.980114	0.999889	0.999887	0.853630	0.959661	0.959605
9780	0.980144	0.999889	0.999887	0.853695	0.959661	0.959605
9790	0.980173	0.999889	0.999887	0.853707	0.959661	0.959605
9800	0.980199	0.999889	0.999887	0.853793	0.959661	0.959605
9810	0.980216	0.999889	0.999887	0.853837	0.959661	0.959605
9820	0.980243	0.999889	0.999887	0.853872	0.959661	0.959519
9830	0.980258	0.999889	0.999887	0.853882	0.959661	0.959519
9840	0.980293	0.999889	0.999887	0.853951	0.959661	0.959519
9850	0.980312	0.999889	0.999887	0.853983	0.959661	0.959605
9860	0.980342	0.999889	0.999887	0.853994	0.959661	0.959605
9870	0.980361	0.999889	0.999887	0.854024	0.959661	0.959605
9880	0.980386	0.999889	0.999887	0.854049	0.959661	0.959519
9890	0.980403	0.999889	0.999887	0.854086	0.959661	0.959519
9900	0.980426	0.999889	0.999887	0.854122	0.959661	0.959519
9910	0.980450	0.999889	0.999887	0.854151	0.959661	0.959519
9920	0.980471	0.999889	0.999887	0.854180	0.959661	0.959534
9930	0.980495	0.999889	0.999887	0.854203	0.959661	0.959534
9940	0.980528	0.999889	0.999887	0.854259	0.960159	0.960021
9950	0.980557	0.999889	0.999887	0.854243	0.960159	0.960021
9960	0.980575	0.999889	0.999887	0.854278	0.960159	0.959984
9970	0.980610	0.999889	0.999887	0.854338	0.960159	0.960021
9980	0.980630	0.999889	0.999887	0.854360	0.960159	0.959984
9990	0.980637	0.999889	0.999887	0.854368	0.960159	0.959984
10000	0.980658	0.999889	0.999887	0.854380	0.960159	0.959984
