10	0.086533	0.419164	0.325729	0.085454	0.417073	0.327608
20	0.153270	0.640167	0.646361	0.149605	0.633171	0.639375
30	0.200007	0.685850	0.691597	0.194701	0.671707	0.679848
40	0.230777	0.711421	0.714836	0.224320	0.696585	0.701322
50	0.253169	0.728691	0.730255	0.246662	0.713171	0.715641
60	0.268894	0.743677	0.743964	0.261570	0.723902	0.725973
70	0.287379	0.759331	0.758440	0.275945	0.735122	0.734977
80	0.304103	0.770864	0.769154	0.288804	0.747805	0.746422
90	0.321588	0.780390	0.777992	0.303640	0.755610	0.754058
100	0.332635	0.786908	0.783550	0.314815	0.765854	0.762017
110	0.344056	0.794540	0.790150	0.324163	0.773171	0.769432
120	0.354680	0.800557	0.795604	0.333786	0.777073	0.773667
130	0.365029	0.806240	0.800189	0.343033	0.788293	0.783067
140	0.377901	0.813426	0.806768	0.352291	0.793171	0.787291
150	0.388760	0.818496	0.811175	0.361628	0.795610	0.788901
160	0.401669	0.826017	0.818484	0.374203	0.802439	0.794647
170	0.411702	0.830752	0.822557	0.383929	0.809268	0.800260
180	0.421166	0.834652	0.826176	0.391484	0.811220	0.802573
190	0.427895	0.837716	0.828940	0.396942	0.813171	0.804807
200	0.435362	0.841838	0.832338	0.404106	0.816585	0.807324
210	0.444281	0.844457	0.834446	0.412369	0.820000	0.810594
220	0.454026	0.847521	0.837393	0.419493	0.823415	0.813645
230	0.464159	0.853760	0.842537	0.427210	0.825854	0.815116
240	0.472857	0.857883	0.846307	0.434690	0.831220	0.820298
250	0.477865	0.859554	0.847949	0.439721	0.836585	0.824660
260	0.486287	0.862953	0.851079	0.445747	0.838049	0.825990
270	0.495036	0.867187	0.855027	0.452459	0.841463	0.829321
280	0.502533	0.869916	0.857388	0.459420	0.841951	0.829405
290	0.508024	0.872368	0.859523	0.464473	0.844390	0.831414
300	0.515019	0.875933	0.862782	0.470548	0.847317	0.834203
310	0.521245	0.877994	0.864568	0.475885	0.848293	0.835055
320	0.527902	0.881058	0.867313	0.481402	0.850244	0.837069
330	0.533925	0.884457	0.870546	0.486341	0.850244	0.836812
340	0.538981	0.885961	0.871875	0.490807	0.853659	0.839914
350	0.543842	0.887131	0.873008	0.494580	0.853171	0.839408
360	0.548286	0.887855	0.873628	0.498079	0.853659	0.839824
370	0.553916	0.890028	0.875661	0.501738	0.855122	0.841201
380	0.560809	0.892256	0.877671	0.507000	0.857073	0.842580
390	0.565878	0.894930	0.880096	0.510851	0.860000	0.845435
400	0.571804	0.897437	0.882331	0.515114	0.861463	0.846719
410	0.577523	0.899276	0.883919	0.518545	0.862439	0.847464
420	0.581742	0.900836	0.885408	0.521587	0.862927	0.847870
430	0.587116	0.901950	0.886554	0.526143	0.863415	0.848089
440	0.591400	0.902841	0.887369	0.529476	0.866829	0.851271
450	0.595908	0.904513	0.888818	0.532718	0.868293	0.852455
460	0.599787	0.906240	0.890429	0.535490	0.866829	0.851168
470	0.603597	0.906741	0.890894	0.538323	0.867805	0.852021
480	0.607059	0.908301	0.892360	0.540710	0.866829	0.851040
490	0.610385	0.909248	0.893194	0.543697	0.869268	0.853140
500	0.613230	0.910529	0.894385	0.545116	0.868780	0.852730
510	0.616431	0.911253	0.895067	0.547314	0.869756	0.853663
520	0.620943	0.912423	0.896190	0.550258	0.871707	0.855352
530	0.624056	0.913593	0.897276	0.552761	0.869756	0.853849
540	0.627033	0.913816	0.897477	0.555318	0.870244	0.854257
550	0.631216	0.915265	0.898827	0.557785	0.872683	0.856366
560	0.634980	0.916267	0.899744	0.560161	0.874634	0.858220
570	0.638055	0.917827	0.901169	0.562808	0.875122	0.858415
580	0.641411	0.918774	0.901991	0.565170	0.876585	0.860049
590	0.644716	0.919666	0.902876	0.568139	0.875610	0.859349
600	0.647184	0.920557	0.903701	0.569986	0.878049	0.861650
610	0.649671	0.921058	0.904166	0.571563	0.878537	0.862118
620	0.652110	0.921894	0.904968	0.573157	0.878537	0.862224
630	0.655469	0.923008	0.906008	0.576200	0.880976	0.864427
640	0.658834	0.923510	0.906454	0.578758	0.880488	0.864007
650	0.662038	0.924345	0.907247	0.581117	0.882439	0.865796
660	0.664501	0.925014	0.907887	0.582879	0.883415	0.866637
670	0.666888	0.925850	0.908719	0.584049	0.883415	0.866683
680	0.669373	0.926184	0.908975	0.585503	0.883902	0.867153
690	0.672572	0.927187	0.909922	0.587859	0.884390	0.867730
700	0.675149	0.927354	0.910148	0.589599	0.883902	0.867196
710	0.677350	0.928134	0.910854	0.591282	0.884878	0.868135
720	0.679246	0.928579	0.911274	0.592483	0.886829	0.869859
730	0.680986	0.929359	0.912000	0.593383	0.887805	0.870588
740	0.683702	0.930474	0.913031	0.595033	0.888293	0.871035
750	0.685550	0.930975	0.913484	0.596456	0.887805	0.870677
760	0.688345	0.931532	0.914006	0.598050	0.889268	0.872022
770	0.690417	0.932535	0.914933	0.599570	0.890732	0.873557
780	0.692120	0.932981	0.915352	0.600424	0.889756	0.872597
790	0.693925	0.933036	0.915402	0.601722	0.889756	0.872614
800	0.696225	0.934039	0.916349	0.603351	0.889268	0.872157
810	0.698247	0.934540	0.916830	0.605582	0.891220	0.873994
820	0.699608	0.934485	0.916726	0.606528	0.892195	0.874889
830	0.701098	0.934819	0.917090	0.608004	0.892683	0.875356
840	0.702728	0.935265	0.917492	0.608985	0.894146	0.876927
850	0.704894	0.935599	0.917813	0.610116	0.894146	0.876944
860	0.706963	0.935989	0.918165	0.611694	0.894634	0.877420
870	0.709007	0.936323	0.918491	0.612970	0.893171	0.875884
880	0.710449	0.937103	0.919270	0.613697	0.894146	0.876699
890	0.712338	0.937214	0.919382	0.615357	0.893659	0.876406
900	0.714375	0.938162	0.920308	0.616306	0.893171	0.875889
910	0.716067	0.938440	0.920557	0.617257	0.894146	0.876844
920	0.717874	0.938997	0.921063	0.618428	0.893171	0.875910
930	0.719508	0.939666	0.921725	0.619710	0.894146	0.876829
940	0.721218	0.939944	0.922026	0.620447	0.893659	0.876462
950	0.722714	0.940111	0.922157	0.621489	0.893659	0.876401
960	0.724375	0.940669	0.922694	0.622962	0.894634	0.877187
970	0.725723	0.940780	0.922760	0.623794	0.894634	0.877157
980	0.727195	0.941337	0.923225	0.624919	0.895122	0.877523
990	0.728818	0.941616	0.923482	0.626264	0.895610	0.877953
1000	0.730429	0.941727	0.923503	0.627343	0.896098	0.878626
1010	0.731757	0.942340	0.924160	0.628276	0.896098	0.878534
1020	0.733029	0.942674	0.924375	0.629303	0.896585	0.878904
1030	0.734304	0.942786	0.924497	0.629876	0.896098	0.878173
1040	0.735428	0.942897	0.924595	0.630805	0.897073	0.879252
1050	0.736314	0.943231	0.924910	0.631682	0.897561	0.879739
1060	0.737450	0.943733	0.925459	0.632646	0.898537	0.881102
1070	0.738803	0.944011	0.925757	0.633726	0.898049	0.880489
1080	0.739593	0.944067	0.925801	0.634282	0.898049	0.880489
1090	0.740578	0.944290	0.925929	0.635145	0.898049	0.880325
1100	0.742557	0.945125	0.926750	0.636379	0.898537	0.880677
1110	0.743544	0.945571	0.927175	0.637112	0.899512	0.881645
1120	0.744777	0.945905	0.927560	0.638243	0.900000	0.882253
1130	0.745881	0.946184	0.927854	0.639187	0.900488	0.882696
1140	0.747207	0.946518	0.928221	0.640039	0.900976	0.883071
1150	0.750190	0.947298	0.928961	0.644265	0.900976	0.883257
1160	0.751495	0.947632	0.929261	0.645103	0.901463	0.883823
1170	0.752554	0.947911	0.929536	0.645797	0.900976	0.883350
1180	0.753837	0.947688	0.929334	0.646799	0.901951	0.884240
1190	0.755206	0.948412	0.930060	0.647596	0.901951	0.884148
1200	0.756204	0.948802	0.930428	0.648689	0.903415	0.885621
1210	0.757024	0.949025	0.930607	0.649445	0.903415	0.885604
1220	0.757692	0.949192	0.930758	0.649788	0.903902	0.886233
1230	0.758505	0.949304	0.930900	0.650368	0.903902	0.886248
1240	0.759548	0.949694	0.931155	0.651048	0.903902	0.886085
1250	0.760579	0.949749	0.931326	0.651361	0.903415	0.885687
1260	0.761946	0.949861	0.931454	0.652305	0.904390	0.886562
1270	0.763082	0.950251	0.931683	0.652906	0.904390	0.886646
1280	0.764193	0.950752	0.932196	0.653846	0.904390	0.886686
1290	0.765088	0.950474	0.931994	0.654422	0.904878	0.887134
1300	0.765824	0.950641	0.932148	0.655407	0.904878	0.887107
1310	0.766708	0.950641	0.932155	0.656064	0.905366	0.887627
1320	0.767609	0.950864	0.932232	0.656756	0.905366	0.887609
1330	0.768321	0.951031	0.932385	0.657509	0.905854	0.888031
1340	0.769144	0.951421	0.932771	0.658252	0.906829	0.888988
1350	0.769873	0.951476	0.932728	0.658803	0.907317	0.889440
1360	0.770682	0.951476	0.932687	0.659354	0.907317	0.889348
1370	0.771639	0.951811	0.933147	0.659612	0.908293	0.890295
1380	0.772609	0.952089	0.933387	0.660659	0.908293	0.890312
1390	0.773432	0.952033	0.933300	0.661183	0.906829	0.888933
1400	0.774252	0.952145	0.933291	0.662001	0.907317	0.889087
1410	0.774914	0.952256	0.933386	0.662521	0.907317	0.889120
1420	0.775621	0.952368	0.933480	0.663128	0.908293	0.890025
1430	0.776534	0.952535	0.933645	0.663548	0.907805	0.889581
1440	0.777637	0.952646	0.933795	0.664421	0.907805	0.889656
1450	0.778771	0.953036	0.934106	0.665214	0.908293	0.890370
1460	0.779596	0.953148	0.934132	0.665808	0.907805	0.889567
1470	0.780388	0.953092	0.934102	0.666393	0.907805	0.889704
1480	0.781031	0.953315	0.934328	0.666667	0.908293	0.890243
1490	0.781883	0.953482	0.934417	0.667192	0.908780	0.890774
1500	0.782861	0.953593	0.934573	0.667975	0.908780	0.890770
1510	0.783561	0.953816	0.934788	0.668570	0.908780	0.890826
1520	0.784252	0.953928	0.934905	0.669206	0.909756	0.891648
1530	0.785102	0.954206	0.935190	0.669850	0.909756	0.891642
1540	0.786282	0.954206	0.935154	0.670834	0.909756	0.891774
1550	0.786813	0.954262	0.935195	0.671176	0.909756	0.891687
1560	0.787526	0.954373	0.935280	0.671564	0.909268	0.891184
1570	0.788027	0.954373	0.935283	0.671911	0.909268	0.891184
1580	0.788509	0.954373	0.935275	0.672051	0.909268	0.891230
1590	0.789949	0.954429	0.935265	0.673122	0.909756	0.891655
1600	0.790418	0.954485	0.954831	0.673500	0.909756	0.891526
1610	0.791027	0.954652	0.955002	0.673729	0.909268	0.890936
1620	0.791562	0.954540	0.935374	0.674150	0.909756	0.891528
1630	0.792263	0.954763	0.955131	0.674603	0.909756	0.891520
1640	0.792777	0.954875	0.955257	0.674995	0.909756	0.891684
1650	0.795996	0.960167	0.960340	0.677809	0.914146	0.915272
1660	0.796860	0.961393	0.961549	0.678327	0.917073	0.918217
1670	0.797566	0.961671	0.961819	0.679145	0.916585	0.917735
1680	0.797992	0.961894	0.962044	0.679568	0.917073	0.918207
1690	0.798650	0.962117	0.962254	0.680002	0.917561	0.918695
1700	0.800770	0.965181	0.965288	0.681527	0.919512	0.920549
1710	0.806357	0.971365	0.971421	0.686044	0.925366	0.926641
1720	0.807339	0.971588	0.971639	0.686510	0.924878	0.926122
1730	0.807909	0.971699	0.971756	0.686589	0.924878	0.926122
1740	0.808502	0.971866	0.971916	0.686633	0.924878	0.926185
1750	0.809343	0.972089	0.972136	0.687031	0.924390	0.925804
1760	0.813731	0.973872	0.973907	0.690611	0.927317	0.928726
1770	0.815208	0.974652	0.974672	0.692042	0.927805	0.929163
1780	0.815814	0.974763	0.974785	0.692788	0.927805	0.929144
1790	0.816496	0.975042	0.975056	0.693271	0.927317	0.928569
1800	0.817174	0.975432	0.975442	0.693722	0.927317	0.928569
1810	0.822091	0.977326	0.977307	0.697665	0.928780	0.930007
1820	0.822839	0.977493	0.977468	0.698287	0.928780	0.929943
1830	0.823635	0.977827	0.977796	0.698603	0.928293	0.929394
1840	0.824181	0.978162	0.978128	0.699181	0.928293	0.929394
1850	0.824672	0.978217	0.978184	0.699448	0.928293	0.929397
1860	0.825135	0.978384	0.978348	0.699776	0.928293	0.929398
1870	0.828771	0.979777	0.979730	0.702691	0.930244	0.931545
1880	0.829363	0.980000	0.979951	0.703276	0.930732	0.932039
1890	0.829994	0.980167	0.980113	0.704181	0.931220	0.932569
1900	0.830815	0.980390	0.980341	0.704931	0.930732	0.932070
1910	0.831458	0.980390	0.980339	0.705282	0.930732	0.932125
1920	0.834493	0.981226	0.981167	0.707754	0.931220	0.932589
1930	0.835112	0.981226	0.981169	0.708389	0.932683	0.933977
1940	0.835653	0.981281	0.981220	0.708446	0.932683	0.933968
1950	0.836139	0.981337	0.981276	0.709065	0.933171	0.934379
1960	0.836690	0.981393	0.981328	0.709634	0.933171	0.934394
1970	0.839758	0.982006	0.981942	0.712080	0.933171	0.934344
1980	0.840169	0.982061	0.981995	0.712652	0.933171	0.934381
1990	0.840603	0.982173	0.982106	0.712909	0.932683	0.933874
2000	0.841145	0.982228	0.982164	0.713659	0.932683	0.933874
2010	0.841699	0.982396	0.982329	0.714206	0.932683	0.933874
2020	0.843992	0.982953	0.982883	0.715965	0.933171	0.934464
2030	0.844661	0.983064	0.982994	0.716501	0.933171	0.934452
2040	0.845087	0.983120	0.983045	0.716874	0.934146	0.935553
2050	0.845830	0.983120	0.983044	0.717627	0.935122	0.936433
2060	0.847612	0.983565	0.983483	0.719047	0.935122	0.936433
2070	0.848093	0.983788	0.983708	0.719436	0.934634	0.936037
2080	0.848625	0.983844	0.983757	0.720144	0.934634	0.935957
2090	0.849138	0.983844	0.983758	0.720644	0.935122	0.936516
2100	0.851067	0.984123	0.984034	0.722095	0.934634	0.935983
2110	0.851592	0.984178	0.984089	0.722607	0.934634	0.935983
2120	0.851963	0.984178	0.984089	0.722798	0.934634	0.935983
2130	0.852391	0.984178	0.984094	0.723353	0.934634	0.936010
2140	0.852956	0.984234	0.984149	0.723836	0.935610	0.936909
2150	0.854519	0.984847	0.984757	0.725102	0.936098	0.937449
2160	0.854945	0.984958	0.984866	0.725318	0.936098	0.937458
2170	0.855224	0.984958	0.984870	0.725482	0.935610	0.937008
2180	0.855716	0.985181	0.985082	0.726014	0.936098	0.937361
2190	0.856073	0.985460	0.985354	0.726404	0.936098	0.937458
2200	0.857714	0.985738	0.985631	0.727798	0.936585	0.937911
2210	0.858015	0.985850	0.985741	0.727990	0.936098	0.937448
2220	0.858449	0.985850	0.985740	0.728284	0.936585	0.937936
2230	0.859708	0.985905	0.985798	0.729306	0.936585	0.937957
2240	0.860006	0.985905	0.985797	0.729652	0.936585	0.937957
2250	0.860403	0.985961	0.985854	0.729998	0.937073	0.938397
2260	0.860622	0.986017	0.985909	0.730283	0.936585	0.937957
2270	0.860964	0.986017	0.985904	0.730696	0.936098	0.937494
2280	0.862548	0.986351	0.986243	0.732005	0.936585	0.937961
2290	0.862852	0.986351	0.986243	0.732213	0.936585	0.937800
2300	0.863246	0.986351	0.986243	0.732556	0.936585	0.937800
2310	0.863631	0.986407	0.986296	0.732851	0.936585	0.937800
2320	0.864105	0.986407	0.986298	0.733437	0.936585	0.937800
2330	0.865600	0.986630	0.986522	0.734705	0.937073	0.938239
2340	0.865943	0.986574	0.986465	0.734967	0.937073	0.938239
2350	0.866436	0.986741	0.986632	0.735461	0.937561	0.938706
2360	0.866861	0.986741	0.986629	0.735750	0.938049	0.939148
2370	0.868208	0.987075	0.986961	0.736880	0.938537	0.939630
2380	0.868627	0.987075	0.986960	0.737165	0.939512	0.940542
2390	0.869206	0.987187	0.987071	0.737626	0.939512	0.940542
2400	0.869741	0.987298	0.987178	0.738002	0.939024	0.940100
2410	0.870185	0.987409	0.987294	0.738338	0.938537	0.939630
2420	0.870852	0.987632	0.987516	0.738716	0.938537	0.939630
2430	0.872176	0.987744	0.987626	0.739750	0.939024	0.940100
2440	0.872710	0.987855	0.987737	0.740183	0.939024	0.940100
2450	0.873085	0.987799	0.987685	0.740448	0.939024	0.940100
2460	0.874244	0.987911	0.987794	0.741524	0.939024	0.940192
2470	0.874552	0.987911	0.987796	0.741828	0.939024	0.940196
2480	0.874945	0.987911	0.987794	0.742091	0.939512	0.940701
2490	0.875236	0.987967	0.987848	0.742469	0.939024	0.940196
2500	0.876017	0.987967	0.987849	0.743081	0.939024	0.940196
2510	0.876982	0.987967	0.987848	0.743900	0.939512	0.940701
2520	0.877405	0.987967	0.987848	0.744237	0.939512	0.940701
2530	0.877800	0.988078	0.987958	0.744622	0.940000	0.941158
2540	0.878814	0.988245	0.988122	0.745435	0.940000	0.941158
2550	0.879302	0.988301	0.988177	0.745938	0.940488	0.941601
2560	0.879766	0.988357	0.988233	0.746367	0.940976	0.942153
2570	0.880728	0.988412	0.988289	0.747186	0.940976	0.942066
2580	0.881169	0.988412	0.988291	0.747629	0.940976	0.942101
2590	0.881443	0.988524	0.988404	0.747958	0.940976	0.942101
2600	0.882047	0.988747	0.988627	0.748400	0.940976	0.942018
2610	0.882864	0.988802	0.988683	0.749107	0.941463	0.942569
2620	0.883259	0.988802	0.988684	0.749354	0.941463	0.942567
2630	0.883890	0.988858	0.988740	0.749900	0.940976	0.942029
2640	0.884523	0.988858	0.988740	0.750461	0.941463	0.942503
2650	0.884843	0.988969	0.988851	0.750650	0.941463	0.942503
2660	0.885734	0.988914	0.988793	0.751421	0.940976	0.942029
2670	0.886136	0.989025	0.988902	0.751720	0.941951	0.943007
2680	0.886416	0.989025	0.988905	0.751902	0.941951	0.943007
2690	0.886732	0.989025	0.988905	0.751972	0.941951	0.943007
2700	0.887815	0.989025	0.988902	0.752987	0.941951	0.943007
2710	0.888064	0.989081	0.988958	0.753151	0.941951	0.943007
2720	0.888259	0.989081	0.988958	0.753332	0.941951	0.943007
2730	0.888991	0.989192	0.989073	0.753966	0.941951	0.943007
2740	0.889223	0.989192	0.989069	0.754070	0.941951	0.943007
2750	0.889405	0.989192	0.989067	0.754315	0.941951	0.943007
2760	0.889808	0.989248	0.989124	0.754647	0.941951	0.943090
2770	0.890457	0.989248	0.989124	0.755259	0.942439	0.943536
2780	0.890663	0.989248	0.989125	0.755537	0.942439	0.943536
2790	0.890987	0.989248	0.989125	0.756009	0.942439	0.943536
2800	0.891851	0.989359	0.989236	0.756676	0.942439	0.943536
2810	0.892134	0.989415	0.989294	0.756844	0.942439	0.943502
2820	0.892471	0.989526	0.989406	0.757335	0.943415	0.944421
2830	0.893422	0.989582	0.989462	0.758229	0.943415	0.944419
2840	0.893686	0.989582	0.989461	0.758578	0.943415	0.944419
2850	0.893908	0.989638	0.989518	0.758617	0.943415	0.944468
2860	0.894502	0.989805	0.989686	0.759200	0.943902	0.944901
2870	0.894654	0.989805	0.989686	0.759365	0.943902	0.944950
2880	0.894895	0.989861	0.989741	0.759573	0.943902	0.944950
2890	0.895135	0.989916	0.989797	0.759689	0.944390	0.945452
2900	0.895741	0.989916	0.989797	0.760175	0.943902	0.944950
2910	0.896010	0.989916	0.989794	0.760781	0.944878	0.945806
2920	0.896231	0.989916	0.989794	0.760920	0.944878	0.945882
2930	0.896552	0.989972	0.989854	0.761085	0.944390	0.945383
2940	0.897493	0.990028	0.989910	0.761800	0.944390	0.945383
2950	0.897801	0.990195	0.990077	0.762125	0.944878	0.945885
2960	0.898012	0.990195	0.990077	0.762226	0.944390	0.945383
2970	0.898500	0.990195	0.990079	0.762633	0.944878	0.945852
2980	0.898732	0.990195	0.990079	0.762922	0.945366	0.946282
2990	0.899144	0.990251	0.990133	0.763265	0.945366	0.946282
3000	0.900154	0.990362	0.990244	0.764112	0.945366	0.946282
3010	0.900495	0.990418	0.990303	0.764350	0.945366	0.946282
3020	0.900984	0.990641	0.990532	0.764803	0.944878	0.945865
3030	0.901228	0.990585	0.990474	0.765059	0.945366	0.946367
3040	0.901506	0.990641	0.990531	0.765348	0.945366	0.946369
3050	0.902037	0.990808	0.990701	0.765734	0.944878	0.945839
3060	0.902453	0.990975	0.990865	0.766203	0.945366	0.946369
3070	0.902669	0.990975	0.990863	0.766420	0.945366	0.946366
3080	0.903048	0.991198	0.991091	0.766730	0.945366	0.946434
3090	0.903458	0.991253	0.991144	0.767144	0.945366	0.946434
3100	0.903851	0.991253	0.991143	0.767388	0.945366	0.946434
3110	0.904507	0.991253	0.991147	0.767962	0.945366	0.946434
3120	0.904779	0.991365	0.991257	0.768194	0.945366	0.946434
3130	0.905343	0.991532	0.991427	0.768523	0.945366	0.946434
3140	0.905648	0.991588	0.991480	0.768805	0.944878	0.945946
3150	0.905853	0.991588	0.991480	0.769053	0.944390	0.945519
3160	0.906563	0.991643	0.991537	0.769621	0.944878	0.946064
3170	0.906828	0.991811	0.991705	0.769793	0.944878	0.946064
3180	0.907030	0.991755	0.991647	0.770036	0.944878	0.946064
3190	0.907656	0.991866	0.991757	0.770519	0.944878	0.946064
3200	0.908060	0.991922	0.991815	0.770844	0.944878	0.945972
3210	0.908369	0.991978	0.991872	0.770965	0.944878	0.945972
3220	0.909215	0.992089	0.991984	0.771717	0.945366	0.946486
3230	0.909420	0.992089	0.991984	0.771910	0.945366	0.946497
3240	0.910040	0.992145	0.992041	0.772632	0.945366	0.946497
3250	0.910310	0.992145	0.992040	0.772996	0.945366	0.946497
3260	0.910541	0.992201	0.992096	0.773156	0.945366	0.946486
3270	0.911139	0.992368	0.992264	0.773741	0.945854	0.946930
3280	0.911342	0.992368	0.992264	0.773988	0.945366	0.946486
3290	0.911576	0.992423	0.992319	0.774178	0.945366	0.946486
3300	0.912344	0.992479	0.992375	0.774749	0.945366	0.946497
3310	0.912550	0.992479	0.992377	0.775038	0.944878	0.945995
3320	0.912732	0.992423	0.992320	0.775249	0.944878	0.946069
3330	0.913086	0.992535	0.992433	0.775564	0.944878	0.946069
3340	0.913304	0.992535	0.992433	0.775772	0.944878	0.946069
3350	0.913898	0.992535	0.992434	0.776086	0.944878	0.946069
3360	0.914072	0.992535	0.992433	0.776266	0.945854	0.947052
3370	0.914250	0.992535	0.992433	0.776392	0.945854	0.947107
3380	0.914740	0.992591	0.992489	0.776853	0.945854	0.947042
3390	0.914969	0.992591	0.992488	0.777085	0.945854	0.947042
3400	0.915146	0.992646	0.992542	0.777314	0.945854	0.947042
3410	0.915588	0.992646	0.992542	0.777697	0.945854	0.947042
3420	0.915775	0.992646	0.992542	0.777801	0.945854	0.947042
3430	0.915933	0.992758	0.992654	0.777939	0.945854	0.947042
3440	0.916021	0.992758	0.992654	0.778069	0.945854	0.947042
3450	0.916179	0.992758	0.992653	0.778230	0.945854	0.947073
3460	0.916757	0.992813	0.992710	0.778723	0.946341	0.947537
3470	0.916936	0.992813	0.992710	0.778979	0.946341	0.947602
3480	0.917368	0.992869	0.992767	0.779445	0.945854	0.947107
3490	0.917633	0.992869	0.992768	0.779654	0.945854	0.947148
3500	0.917801	0.992869	0.992768	0.779867	0.946341	0.947557
3510	0.918196	0.992925	0.992824	0.780197	0.946829	0.948015
3520	0.918353	0.992925	0.992824	0.780406	0.946341	0.947578
3530	0.918887	0.992981	0.992879	0.780943	0.946829	0.948042
3540	0.919074	0.992981	0.992879	0.781095	0.946829	0.948042
3550	0.919282	0.992981	0.992877	0.781348	0.946829	0.948042
3560	0.919829	0.993092	0.992989	0.781832	0.946341	0.947531
3570	0.919975	0.993148	0.993047	0.782074	0.946341	0.947531
3580	0.920168	0.993092	0.992989	0.782286	0.946341	0.947531
3590	0.920805	0.993148	0.993045	0.782855	0.946341	0.947389
3600	0.921003	0.993148	0.993047	0.783165	0.946341	0.947389
3610	0.921223	0.993203	0.993105	0.783417	0.946341	0.947389
3620	0.921703	0.993203	0.993108	0.783792	0.946341	0.947349
3630	0.921898	0.993203	0.993109	0.783968	0.946341	0.947349
3640	0.922397	0.993259	0.993163	0.784409	0.947317	0.948408
3650	0.922527	0.993315	0.993218	0.784552	0.947317	0.948408
3660	0.922697	0.993315	0.993218	0.784707	0.946829	0.947922
3670	0.923155	0.993315	0.993214	0.785047	0.946829	0.947835
3680	0.923394	0.993315	0.993217	0.785222	0.947317	0.948408
3690	0.923657	0.993370	0.993270	0.785382	0.947317	0.948408
3700	0.923986	0.993426	0.993325	0.785690	0.947317	0.948408
3710	0.924275	0.993426	0.993324	0.786039	0.947317	0.948408
3720	0.924641	0.993538	0.993435	0.786274	0.947317	0.948408
3730	0.924943	0.993649	0.993548	0.786645	0.947805	0.948929
3740	0.925122	0.993649	0.993547	0.787008	0.948293	0.949375
3750	0.925556	0.993593	0.993493	0.787348	0.948293	0.949313
3760	0.925772	0.993538	0.993434	0.787660	0.948293	0.949313
3770	0.926201	0.993593	0.993490	0.788100	0.948293	0.949275
3780	0.926364	0.993649	0.993546	0.788295	0.948293	0.949275
3790	0.926780	0.993872	0.993771	0.788640	0.948293	0.949275
3800	0.927045	0.993816	0.993713	0.788919	0.948780	0.949751
3810	0.927229	0.994095	0.993997	0.789144	0.948293	0.949177
3820	0.927390	0.994150	0.994054	0.789294	0.948780	0.949813
3830	0.927732	0.994206	0.994109	0.789585	0.948293	0.949239
3840	0.927901	0.994150	0.994051	0.789772	0.948293	0.949177
3850	0.928306	0.994318	0.994224	0.790115	0.948780	0.949751
3860	0.928476	0.994373	0.994280	0.790186	0.948780	0.949813
3870	0.928961	0.994373	0.994282	0.790606	0.949756	0.950856
3880	0.929246	0.994485	0.994392	0.791009	0.949756	0.950856
3890	0.929612	0.994763	0.994675	0.791444	0.949756	0.950856
3900	0.929882	0.994819	0.994731	0.791753	0.949756	0.950856
3910	0.930016	0.994875	0.994788	0.791918	0.949756	0.950856
3920	0.930427	0.994875	0.994788	0.792295	0.949756	0.950856
3930	0.930593	0.994875	0.994788	0.792453	0.949756	0.950757
3940	0.930730	0.994930	0.994846	0.792647	0.949756	0.950757
3950	0.931075	0.994986	0.994904	0.792922	0.949756	0.950757
3960	0.931191	0.994986	0.994903	0.793046	0.950244	0.951259
3970	0.931535	0.995097	0.995016	0.793339	0.950244	0.951259
3980	0.931711	0.995097	0.995015	0.793585	0.950732	0.951709
3990	0.931868	0.995097	0.995016	0.793779	0.950732	0.951709
4000	0.932235	0.995042	0.994956	0.794165	0.950732	0.951786
4010	0.932416	0.995042	0.994956	0.794261	0.950732	0.951724
4020	0.932767	0.995042	0.994956	0.794676	0.950732	0.951724
4030	0.932932	0.995042	0.994957	0.794962	0.950732	0.951724
4040	0.933220	0.995153	0.995068	0.795213	0.950732	0.951724
4050	0.933358	0.995153	0.995069	0.795342	0.950732	0.951724
4060	0.933733	0.995265	0.995182	0.795584	0.950732	0.951724
4070	0.933909	0.995376	0.995295	0.795802	0.950732	0.951646
4080	0.934231	0.995487	0.995407	0.796195	0.950732	0.951646
4090	0.934476	0.995487	0.995407	0.796620	0.950732	0.951724
4100	0.934883	0.995487	0.995408	0.796984	0.950732	0.951646
4110	0.935254	0.995599	0.995520	0.797329	0.950732	0.951724
4120	0.935420	0.995599	0.995520	0.797506	0.950732	0.951724
4130	0.935577	0.995710	0.995634	0.797718	0.950732	0.951646
4140	0.935689	0.995710	0.995634	0.797838	0.950732	0.951646
4150	0.936086	0.995822	0.995747	0.798323	0.950732	0.951646
4160	0.936215	0.995822	0.995747	0.798546	0.950732	0.951646
4170	0.936289	0.995877	0.995804	0.798624	0.950732	0.951646
4180	0.936613	0.995877	0.995804	0.798910	0.950732	0.951646
4190	0.936730	0.995877	0.995804	0.799069	0.950732	0.951646
4200	0.936846	0.995877	0.995804	0.799119	0.950732	0.951646
4210	0.937197	0.995989	0.995916	0.799355	0.950732	0.951646
4220	0.937374	0.996045	0.995973	0.799513	0.951220	0.952122
4230	0.937517	0.996045	0.995973	0.799603	0.950732	0.951649
4240	0.937896	0.996045	0.995973	0.799905	0.951220	0.952122
4250	0.938040	0.995989	0.995914	0.800094	0.951220	0.952122
4260	0.938333	0.996045	0.995972	0.799946	0.951220	0.952090
4270	0.938713	0.996156	0.996083	0.800311	0.951220	0.952090
4280	0.938877	0.996212	0.996141	0.800576	0.951220	0.952090
4290	0.939272	0.996379	0.996308	0.800911	0.951220	0.952090
4300	0.939383	0.996435	0.996364	0.800980	0.951220	0.952090
4310	0.939520	0.996379	0.996307	0.801162	0.951220	0.952090
4320	0.939906	0.996713	0.996645	0.801399	0.951220	0.952096
4330	0.940090	0.996713	0.996646	0.801528	0.950732	0.951649
4340	0.940257	0.996713	0.996646	0.801595	0.950732	0.951649
4350	0.940670	0.996769	0.996703	0.801899	0.950732	0.951649
4360	0.940811	0.996769	0.996703	0.802014	0.950244	0.951213
4370	0.940957	0.996769	0.996703	0.802174	0.950244	0.951213
4380	0.941227	0.996880	0.996816	0.802401	0.949756	0.950846
4390	0.941547	0.996936	0.996873	0.802570	0.950244	0.951272
4400	0.941691	0.997047	0.996986	0.802665	0.950244	0.951306
4410	0.941997	0.997047	0.996987	0.802946	0.950244	0.951251
4420	0.942098	0.997103	0.997044	0.803062	0.950244	0.951279
4430	0.942207	0.997103	0.997044	0.803201	0.950244	0.951279
4440	0.942495	0.997103	0.997044	0.803414	0.950244	0.951328
4450	0.942634	0.997103	0.997046	0.803519	0.950244	0.951328
4460	0.942764	0.997103	0.997044	0.803611	0.950244	0.951328
4470	0.943103	0.997214	0.997159	0.804005	0.950244	0.951321
4480	0.943243	0.997214	0.997159	0.804258	0.950244	0.951321
4490	0.943568	0.997326	0.997272	0.804575	0.950244	0.951272
4500	0.943678	0.997326	0.997272	0.804698	0.950732	0.951787
4510	0.943908	0.997326	0.997272	0.804903	0.950732	0.951787
4520	0.944034	0.997326	0.997272	0.805147	0.950732	0.951787
4530	0.944331	0.997437	0.997383	0.805390	0.950732	0.951787
4540	0.944443	0.997437	0.997383	0.805502	0.950244	0.951272
4550	0.944769	0.997493	0.997439	0.805879	0.950244	0.951272
4560	0.944918	0.997493	0.997439	0.806066	0.949756	0.950817
4570	0.945195	0.997604	0.997554	0.806322	0.949756	0.950817
4580	0.945333	0.997604	0.997554	0.806512	0.950732	0.951778
4590	0.945405	0.997604	0.997554	0.806608	0.950244	0.951326
4600	0.945475	0.997604	0.997554	0.806703	0.950244	0.951326
4610	0.945743	0.997772	0.997726	0.806874	0.950732	0.951778
4620	0.945836	0.997772	0.997726	0.806933	0.950244	0.951326
4630	0.946137	0.997827	0.997784	0.807161	0.950732	0.951836
4640	0.946251	0.997827	0.997784	0.807286	0.950732	0.951836
4650	0.946448	0.997772	0.997728	0.807451	0.950732	0.951836
4660	0.946562	0.997772	0.997728	0.807630	0.950732	0.951762
4670	0.946778	0.997827	0.997786	0.807762	0.950732	0.951762
4680	0.946882	0.997827	0.997786	0.807890	0.950732	0.951762
4690	0.946947	0.997827	0.997786	0.807988	0.950732	0.951762
4700	0.947195	0.997827	0.997786	0.808207	0.951220	0.952278
4710	0.947361	0.997883	0.997843	0.808332	0.951220	0.952278
4720	0.947454	0.997883	0.997843	0.808477	0.951220	0.952278
4730	0.947638	0.997883	0.997843	0.808630	0.951220	0.952278
4740	0.947780	0.997883	0.997843	0.808749	0.951707	0.952759
4750	0.947976	0.997939	0.997900	0.808925	0.951707	0.952759
4760	0.948133	0.997939	0.997900	0.809127	0.951707	0.952759
4770	0.948202	0.997939	0.997900	0.809248	0.951707	0.952759
4780	0.948253	0.997939	0.997900	0.809314	0.951707	0.952759
4790	0.948545	0.997994	0.997956	0.809536	0.951707	0.952710
4800	0.948657	0.997994	0.997956	0.809632	0.951707	0.952718
4810	0.948890	0.997994	0.997956	0.809942	0.951707	0.952718
4820	0.948995	0.997994	0.997956	0.810016	0.951707	0.952718
4830	0.949260	0.997994	0.997954	0.810223	0.951707	0.952718
4840	0.949355	0.997994	0.997954	0.810348	0.951707	0.952718
4850	0.949478	0.998106	0.998065	0.810477	0.951220	0.952306
4860	0.949777	0.998106	0.998065	0.810752	0.951220	0.952306
4870	0.950016	0.998162	0.998121	0.810926	0.951220	0.952306
4880	0.950126	0.998162	0.998121	0.811016	0.951220	0.952306
4890	0.950349	0.998162	0.998121	0.811192	0.951707	0.952734
4900	0.950427	0.998162	0.998121	0.811304	0.951707	0.952734
4910	0.950626	0.998329	0.998291	0.811507	0.952195	0.953206
4920	0.950723	0.998273	0.998233	0.811559	0.952195	0.953264
4930	0.950940	0.998384	0.998348	0.811762	0.951707	0.952792
4940	0.951015	0.998384	0.998348	0.811883	0.952195	0.953264
4950	0.951144	0.998384	0.998348	0.811964	0.952195	0.953264
4960	0.951417	0.998384	0.998348	0.812235	0.952195	0.953206
4970	0.951497	0.998384	0.998349	0.812334	0.952195	0.953206
4980	0.951648	0.998384	0.998348	0.812276	0.951707	0.952734
4990	0.951762	0.998384	0.998349	0.812426	0.951707	0.952734
5000	0.951847	0.998384	0.998349	0.812481	0.951707	0.952734
5010	0.952075	0.998384	0.998352	0.812760	0.952195	0.953284
5020	0.952151	0.998384	0.998351	0.812836	0.952683	0.953747
5030	0.952365	0.998384	0.998351	0.813073	0.952195	0.953300
5040	0.952452	0.998440	0.998407	0.813261	0.951707	0.952736
5050	0.952540	0.998440	0.998405	0.813285	0.951220	0.952277
5060	0.952763	0.998440	0.998406	0.813551	0.952195	0.953285
5070	0.952865	0.998440	0.998406	0.813699	0.952195	0.953285
5080	0.953026	0.998440	0.998408	0.813882	0.952195	0.953285
5090	0.953162	0.998440	0.998408	0.814022	0.952195	0.953285
5100	0.953249	0.998440	0.998408	0.814144	0.952195	0.953285
5110	0.953333	0.998440	0.998408	0.814210	0.952195	0.953285
5120	0.953528	0.998440	0.998408	0.814383	0.952195	0.953285
5130	0.953630	0.998440	0.998408	0.814512	0.952195	0.953285
5140	0.953825	0.998440	0.998406	0.814661	0.952195	0.953285
5150	0.953987	0.998496	0.998460	0.814796	0.952195	0.953285
5160	0.954107	0.998496	0.998461	0.814877	0.952195	0.953285
5170	0.954214	0.998496	0.998461	0.815030	0.952195	0.953285
5180	0.954354	0.998496	0.998461	0.815155	0.952195	0.953285
5190	0.954447	0.998496	0.998461	0.815197	0.952195	0.953285
5200	0.954632	0.998496	0.998460	0.815331	0.952683	0.953759
5210	0.954729	0.998496	0.998462	0.815558	0.952195	0.953285
5220	0.954876	0.998496	0.998462	0.815703	0.952683	0.953759
5230	0.954928	0.998496	0.998462	0.815783	0.953171	0.954218
5240	0.955091	0.998496	0.998462	0.815919	0.953171	0.954218
5250	0.955165	0.998496	0.998462	0.816042	0.952683	0.953747
5260	0.955261	0.998552	0.998519	0.816177	0.952683	0.953747
5270	0.955461	0.998607	0.998576	0.816363	0.952195	0.953285
5280	0.955534	0.998607	0.998576	0.816413	0.952683	0.953747
5290	0.955599	0.998607	0.998576	0.816478	0.952683	0.953759
5300	0.955787	0.998607	0.998574	0.816708	0.952683	0.953759
5310	0.955882	0.998607	0.998574	0.816807	0.952683	0.953759
5320	0.956066	0.998607	0.998574	0.816927	0.952195	0.953285
5330	0.956163	0.998663	0.998632	0.816975	0.952195	0.953285
5340	0.956356	0.998719	0.998689	0.817084	0.952683	0.953759
5350	0.956444	0.998719	0.998689	0.817165	0.952683	0.953729
5360	0.956634	0.998830	0.998803	0.817390	0.952683	0.953729
5370	0.956725	0.998886	0.998860	0.817542	0.952683	0.953729
5380	0.956814	0.998830	0.998804	0.817593	0.952683	0.953729
5390	0.956876	0.998830	0.998804	0.817730	0.952683	0.953729
5400	0.957074	0.998830	0.998804	0.818037	0.953171	0.954188
5410	0.957160	0.998886	0.998860	0.818129	0.953171	0.954188
5420	0.957335	0.998886	0.998860	0.818225	0.952683	0.953700
5430	0.957412	0.998886	0.998860	0.818266	0.953171	0.954159
5440	0.957570	0.998886	0.998860	0.818421	0.953171	0.954159
5450	0.957659	0.998886	0.998860	0.818481	0.953171	0.954159
5460	0.957846	0.998886	0.998860	0.818586	0.954146	0.955119
5470	0.957923	0.998886	0.998860	0.818695	0.954146	0.955119
5480	0.958076	0.998942	0.998918	0.818877	0.954146	0.955119
5490	0.958156	0.998942	0.998918	0.818995	0.954146	0.955119
5500	0.958313	0.998942	0.998918	0.819129	0.954146	0.955119
5510	0.958362	0.998942	0.998918	0.819195	0.954146	0.955119
5520	0.958456	0.998942	0.998919	0.819310	0.954146	0.955119
5530	0.958512	0.998942	0.998919	0.819403	0.954146	0.955119
5540	0.958680	0.998942	0.998919	0.819533	0.954146	0.955119
5550	0.958741	0.998942	0.998919	0.819614	0.954146	0.955119
5560	0.958805	0.998942	0.998919	0.819716	0.954146	0.955119
5570	0.958966	0.998942	0.998919	0.819945	0.954146	0.955119
5580	0.959046	0.998942	0.998919	0.819918	0.954146	0.955119
5590	0.959142	0.998942	0.998919	0.820057	0.954146	0.955119
5600	0.959289	0.998942	0.998919	0.820171	0.954146	0.955149
5610	0.959345	0.998942	0.998919	0.820271	0.954146	0.955149
5620	0.959531	0.998942	0.998919	0.820476	0.954146	0.955178
5630	0.959597	0.998997	0.998977	0.820562	0.954146	0.955178
5640	0.959661	0.998997	0.998977	0.820668	0.954146	0.955148
5650	0.959820	0.998997	0.998977	0.820778	0.954146	0.955152
5660	0.959884	0.998997	0.998977	0.820839	0.954146	0.955152
5670	0.959975	0.999053	0.999034	0.820937	0.954146	0.955152
5680	0.960050	0.999053	0.999034	0.821001	0.954146	0.955152
5690	0.960173	0.999053	0.999034	0.821110	0.953659	0.954640
5700	0.960263	0.999053	0.999034	0.821260	0.953659	0.954644
5710	0.960346	0.999053	0.999034	0.821344	0.953659	0.954644
5720	0.960393	0.999053	0.999034	0.821408	0.953659	0.954644
5730	0.960547	0.999053	0.999034	0.821498	0.953659	0.954644
5740	0.960608	0.999053	0.999034	0.821566	0.953659	0.954644
5750	0.960647	0.999053	0.999034	0.821619	0.953659	0.954644
5760	0.960770	0.999053	0.999034	0.821711	0.953659	0.954644
5770	0.960852	0.999053	0.999034	0.821811	0.953659	0.954644
5780	0.960938	0.999053	0.999034	0.821937	0.954146	0.955121
5790	0.961069	0.999053	0.999034	0.822163	0.953659	0.954608
5800	0.961205	0.999053	0.999034	0.822327	0.953171	0.954131
5810	0.961304	0.999053	0.999034	0.822404	0.953659	0.954608
5820	0.961387	0.999053	0.999034	0.822478	0.953171	0.954123
5830	0.961497	0.999053	0.999034	0.822630	0.953659	0.954600
5840	0.961587	0.999053	0.999034	0.822713	0.953659	0.954600
5850	0.961650	0.999053	0.999034	0.822798	0.953659	0.954600
5860	0.961777	0.999053	0.999035	0.822889	0.953659	0.954600
5870	0.961984	0.999053	0.999034	0.823189	0.954146	0.955044
5880	0.962045	0.999053	0.999034	0.823317	0.954146	0.955044
5890	0.962165	0.999053	0.999034	0.823462	0.954634	0.955530
5900	0.962287	0.999053	0.999034	0.823606	0.954634	0.955530
5910	0.962383	0.999053	0.999034	0.823819	0.954634	0.955530
5920	0.962536	0.999053	0.999035	0.823949	0.954634	0.955530
5930	0.962601	0.999053	0.999035	0.824082	0.954634	0.955530
5940	0.962661	0.999053	0.999035	0.824198	0.954634	0.955530
5950	0.962794	0.999053	0.999035	0.824332	0.954634	0.955530
5960	0.962856	0.999053	0.999035	0.824465	0.954634	0.955530
5970	0.963007	0.999053	0.999035	0.824606	0.954634	0.955548
5980	0.963066	0.999053	0.999035	0.824705	0.954634	0.955530
5990	0.963217	0.999053	0.999035	0.824863	0.954634	0.955530
6000	0.963318	0.999053	0.999035	0.824901	0.954634	0.955530
6010	0.963401	0.999053	0.999035	0.824975	0.955122	0.955984
6020	0.963515	0.999053	0.999035	0.825029	0.955122	0.956002
6030	0.963588	0.999053	0.999035	0.825187	0.955122	0.956002
6040	0.963716	0.999053	0.999033	0.825388	0.955122	0.956002
6050	0.963844	0.999053	0.999033	0.825480	0.955122	0.956002
6060	0.963897	0.999053	0.999033	0.825517	0.955122	0.956002
6070	0.964034	0.999053	0.999034	0.825607	0.955122	0.956002
6080	0.964126	0.999053	0.999034	0.825784	0.955122	0.956002
6090	0.964237	0.999053	0.999034	0.825929	0.955122	0.956002
6100	0.964297	0.999053	0.999034	0.826081	0.955122	0.956002
6110	0.964409	0.999053	0.999033	0.826201	0.954634	0.955554
6120	0.964488	0.999109	0.999090	0.826302	0.954634	0.955499
6130	0.964550	0.999109	0.999090	0.826413	0.954634	0.955499
6140	0.964629	0.999109	0.999090	0.826495	0.955122	0.955984
6150	0.964718	0.999109	0.999090	0.826590	0.955122	0.955984
6160	0.964788	0.999109	0.999090	0.826689	0.955122	0.956002
6170	0.964878	0.999109	0.999090	0.826808	0.955122	0.956002
6180	0.964923	0.999109	0.999090	0.826903	0.955122	0.955984
6190	0.965028	0.999109	0.999090	0.826960	0.955122	0.955984
6200	0.965063	0.999109	0.999090	0.826993	0.955122	0.955984
6210	0.965158	0.999164	0.999147	0.827084	0.955122	0.955984
6220	0.965220	0.999164	0.999147	0.827158	0.955122	0.955984
6230	0.965302	0.999164	0.999147	0.827278	0.955122	0.955984
6240	0.965406	0.999164	0.999147	0.827344	0.955122	0.955956
6250	0.965479	0.999164	0.999147	0.827492	0.955122	0.955956
6260	0.965563	0.999164	0.999147	0.827644	0.955122	0.955956
6270	0.965618	0.999164	0.999147	0.827732	0.955122	0.955956
6280	0.965652	0.999164	0.999147	0.827751	0.955610	0.956425
6290	0.965709	0.999164	0.999147	0.827841	0.955610	0.956453
6300	0.965808	0.999164	0.999148	0.827986	0.955610	0.956453
6310	0.965867	0.999164	0.999148	0.828016	0.955610	0.956453
6320	0.965962	0.999164	0.999148	0.828062	0.955610	0.956486
6330	0.966014	0.999164	0.999148	0.828167	0.955610	0.956504
6340	0.966100	0.999164	0.999148	0.828256	0.955610	0.956504
6350	0.966154	0.999164	0.999148	0.828363	0.955610	0.956504
6360	0.966231	0.999164	0.999148	0.828458	0.955610	0.956504
6370	0.966284	0.999164	0.999148	0.828526	0.955122	0.956018
6380	0.966340	0.999164	0.999148	0.828576	0.955610	0.956504
6390	0.966384	0.999164	0.999148	0.828637	0.955610	0.956504
6400	0.966457	0.999164	0.999148	0.828749	0.955610	0.956504
6410	0.966501	0.999164	0.999148	0.828779	0.955610	0.956504
6420	0.966580	0.999220	0.999205	0.828904	0.955610	0.956486
6430	0.966609	0.999220	0.999205	0.828951	0.955610	0.956504
6440	0.966698	0.999220	0.999205	0.829029	0.955610	0.956486
6450	0.966748	0.999220	0.999205	0.829102	0.955610	0.956504
6460	0.966796	0.999164	0.999148	0.829217	0.955610	0.956486
6470	0.966870	0.999276	0.999262	0.829298	0.955122	0.956000
6480	0.966954	0.999276	0.999261	0.829398	0.955610	0.956454
6490	0.967004	0.999276	0.999261	0.829456	0.955610	0.956454
6500	0.967092	0.999331	0.999318	0.829568	0.956098	0.956924
6510	0.967134	0.999331	0.999318	0.829611	0.955610	0.956454
6520	0.967228	0.999331	0.999318	0.829784	0.956098	0.956924
6530	0.967290	0.999331	0.999318	0.829822	0.956585	0.957428
6540	0.967366	0.999387	0.999375	0.829916	0.956585	0.957409
6550	0.967405	0.999387	0.999375	0.829928	0.956585	0.957409
6560	0.967443	0.999387	0.999375	0.830001	0.956585	0.957409
6570	0.967506	0.999443	0.999434	0.830068	0.957073	0.957882
6580	0.967582	0.999499	0.999491	0.830133	0.957073	0.957882
6590	0.967621	0.999499	0.999491	0.830196	0.957073	0.957882
6600	0.967689	0.999554	0.999547	0.830313	0.957073	0.957882
6610	0.967741	0.999554	0.999547	0.830369	0.957073	0.957882
6620	0.967826	0.999554	0.999547	0.830434	0.957073	0.957882
6630	0.967881	0.999554	0.999547	0.830484	0.957073	0.957882
6640	0.967934	0.999554	0.999547	0.830513	0.957073	0.957882
6650	0.967981	0.999554	0.999547	0.830501	0.957073	0.957882
6660	0.968016	0.999554	0.999547	0.830574	0.957073	0.957882
6670	0.968071	0.999554	0.999547	0.830612	0.957073	0.957882
6680	0.968105	0.999554	0.999547	0.830642	0.957073	0.957882
6690	0.968166	0.999554	0.999547	0.830697	0.957073	0.957882
6700	0.968212	0.999554	0.999547	0.830743	0.957073	0.957882
6710	0.968256	0.999554	0.999547	0.830865	0.957073	0.957882
6720	0.968351	0.999554	0.999547	0.830947	0.957073	0.957882
6730	0.968382	0.999554	0.999547	0.830962	0.957073	0.957882
6740	0.968422	0.999554	0.999547	0.831036	0.957073	0.957882
6750	0.968461	0.999554	0.999547	0.831081	0.957073	0.957882
6760	0.968499	0.999554	0.999547	0.831154	0.957073	0.957882
6770	0.968567	0.999554	0.999547	0.831245	0.957073	0.957882
6780	0.968605	0.999554	0.999547	0.831297	0.957073	0.957882
6790	0.968717	0.999554	0.999547	0.831431	0.957073	0.957882
6800	0.968757	0.999554	0.999547	0.831489	0.957073	0.957882
6810	0.968788	0.999554	0.999547	0.831550	0.957073	0.957882
6820	0.968857	0.999554	0.999547	0.831684	0.957073	0.957882
6830	0.968892	0.999554	0.999547	0.831820	0.957073	0.957882
6840	0.968913	0.999554	0.999547	0.831867	0.957073	0.957882
6850	0.968975	0.999554	0.999547	0.831923	0.956585	0.957360
6860	0.969023	0.999554	0.999547	0.832072	0.957073	0.957882
6870	0.969064	0.999554	0.999547	0.832085	0.957073	0.957882
6880	0.969150	0.999554	0.999547	0.832175	0.957073	0.957882
6890	0.969229	0.999554	0.999547	0.832366	0.957073	0.957882
6900	0.969264	0.999554	0.999547	0.832406	0.956585	0.957397
6910	0.969292	0.999554	0.999547	0.832447	0.956585	0.957397
6920	0.969365	0.999554	0.999547	0.832516	0.956098	0.956933
6930	0.969412	0.999554	0.999547	0.832591	0.956098	0.956933
6940	0.969498	0.999554	0.999547	0.832695	0.956098	0.956933
6950	0.969592	0.999554	0.999547	0.832791	0.956098	0.956920
6960	0.969617	0.999554	0.999547	0.832830	0.956098	0.956920
6970	0.969655	0.999554	0.999547	0.832854	0.955610	0.956440
6980	0.969733	0.999554	0.999547	0.832964	0.956098	0.956909
6990	0.969819	0.999554	0.999547	0.833042	0.955610	0.956447
7000	0.969857	0.999554	0.999547	0.833024	0.955610	0.956401
7010	0.969912	0.999554	0.999547	0.833122	0.956098	0.956866
7020	0.969992	0.999554	0.999547	0.833211	0.956585	0.957416
7030	0.970042	0.999554	0.999547	0.833295	0.956098	0.956886
7040	0.970113	0.999554	0.999547	0.833378	0.955610	0.956406
7050	0.970153	0.999554	0.999547	0.833469	0.955610	0.956406
7060	0.970192	0.999554	0.999547	0.833513	0.955610	0.956406
7070	0.970250	0.999554	0.999547	0.833553	0.956098	0.956890
7080	0.970273	0.999554	0.999547	0.833605	0.956098	0.956890
7090	0.970345	0.999554	0.999547	0.833657	0.956098	0.956890
7100	0.970394	0.999554	0.999547	0.833740	0.956585	0.957412
7110	0.970440	0.999554	0.999547	0.833965	0.956585	0.957280
7120	0.970495	0.999554	0.999547	0.833986	0.956585	0.957280
7130	0.970542	0.999554	0.999547	0.834051	0.956098	0.956890
7140	0.970625	0.999554	0.999547	0.834126	0.956098	0.956890
7150	0.970664	0.999554	0.999547	0.834198	0.956585	0.957412
7160	0.970734	0.999554	0.999547	0.834316	0.956585	0.957412
7170	0.970783	0.999554	0.999547	0.834377	0.956585	0.957280
7180	0.970850	0.999554	0.999547	0.834483	0.956585	0.957280
7190	0.970888	0.999554	0.999547	0.834514	0.956585	0.957280
7200	0.970939	0.999554	0.999547	0.834539	0.956585	0.957412
7210	0.971011	0.999554	0.999547	0.834599	0.956585	0.957370
7220	0.971046	0.999554	0.999547	0.834627	0.956098	0.956890
7230	0.971111	0.999554	0.999547	0.834767	0.956098	0.956890
7240	0.971132	0.999554	0.999547	0.834787	0.956098	0.956890
7250	0.971187	0.999554	0.999547	0.834809	0.956098	0.956890
7260	0.971240	0.999554	0.999547	0.834878	0.956585	0.957349
7270	0.971278	0.999554	0.999547	0.834907	0.957073	0.957740
7280	0.971347	0.999554	0.999547	0.834996	0.956585	0.957349
7290	0.971403	0.999554	0.999547	0.835048	0.956585	0.957370
7300	0.971433	0.999554	0.999547	0.835105	0.956585	0.957370
7310	0.971496	0.999554	0.999547	0.835155	0.956585	0.957370
7320	0.971529	0.999554	0.999547	0.835166	0.956098	0.956890
7330	0.971594	0.999554	0.999547	0.835267	0.956098	0.956890
7340	0.971658	0.999554	0.999547	0.835355	0.956098	0.956890
7350	0.971676	0.999554	0.999547	0.835328	0.956098	0.956890
7360	0.971695	0.999554	0.999547	0.835352	0.956098	0.956890
7370	0.971744	0.999554	0.999547	0.835370	0.957073	0.957760
7380	0.971784	0.999554	0.999547	0.835395	0.956098	0.956816
7390	0.971812	0.999554	0.999547	0.835415	0.956098	0.956816
7400	0.971887	0.999554	0.999547	0.835492	0.956585	0.957296
7410	0.971929	0.999554	0.999547	0.835551	0.956585	0.957296
7420	0.971963	0.999554	0.999547	0.835597	0.956585	0.957296
7430	0.972035	0.999554	0.999547	0.835662	0.956585	0.957296
7440	0.972071	0.999554	0.999547	0.835723	0.956585	0.957296
7450	0.972085	0.999554	0.999547	0.835748	0.956585	0.957276
7460	0.972134	0.999554	0.999547	0.835797	0.956585	0.957276
7470	0.972166	0.999554	0.999547	0.835858	0.956585	0.957276
7480	0.972206	0.999554	0.999547	0.835969	0.956585	0.957296
7490	0.972287	0.999554	0.999547	0.836013	0.956585	0.957276
7500	0.972323	0.999554	0.999547	0.836103	0.956585	0.957276
7510	0.972388	0.999554	0.999547	0.836225	0.956585	0.957276
7520	0.972434	0.999554	0.999547	0.836304	0.956585	0.957276
7530	0.972478	0.999554	0.999547	0.836327	0.956585	0.957276
7540	0.972537	0.999554	0.999547	0.836399	0.956585	0.957276
7550	0.972568	0.999554	0.999547	0.836435	0.956585	0.957276
7560	0.972629	0.999554	0.999547	0.836504	0.956585	0.957276
7570	0.972655	0.999554	0.999547	0.836559	0.956585	0.957276
7580	0.972713	0.999554	0.999547	0.836636	0.956585	0.957276
7590	0.972740	0.999554	0.999547	0.836649	0.956585	0.957276
7600	0.972783	0.999554	0.999547	0.836760	0.956585	0.957276
7610	0.972856	0.999554	0.999547	0.836834	0.956585	0.957276
7620	0.972879	0.999554	0.999547	0.836852	0.956585	0.957276
7630	0.972894	0.999554	0.999547	0.836898	0.956585	0.957276
7640	0.972933	0.999554	0.999547	0.837019	0.957073	0.957763
7650	0.972969	0.999554	0.999547	0.837053	0.957073	0.957763
7660	0.972983	0.999554	0.999547	0.837078	0.956585	0.957276
7670	0.973027	0.999554	0.999547	0.837129	0.956585	0.957276
7680	0.973061	0.999554	0.999547	0.837186	0.956585	0.957276
7690	0.973116	0.999554	0.999547	0.837260	0.956585	0.957276
7700	0.973148	0.999554	0.999547	0.837323	0.957073	0.957740
7710	0.973216	0.999554	0.999547	0.837403	0.957073	0.957740
7720	0.973252	0.999554	0.999547	0.837447	0.957073	0.957740
7730	0.973306	0.999554	0.999547	0.837530	0.957073	0.957740
7740	0.973339	0.999554	0.999547	0.837548	0.956585	0.957276
7750	0.973392	0.999554	0.999547	0.837609	0.956585	0.957276
7760	0.973428	0.999554	0.999547	0.837675	0.957073	0.957740
7770	0.973482	0.999554	0.999547	0.837776	0.957073	0.957740
7780	0.973517	0.999554	0.999547	0.837804	0.956585	0.957272
7790	0.973545	0.999554	0.999547	0.837818	0.956585	0.957272
7800	0.973611	0.999554	0.999547	0.837904	0.956585	0.957272
7810	0.973644	0.999554	0.999547	0.837965	0.956585	0.957272
7820	0.973699	0.999554	0.999547	0.838049	0.956585	0.957272
7830	0.973731	0.999554	0.999547	0.838109	0.956585	0.957272
7840	0.973773	0.999554	0.999547	0.838147	0.956585	0.957272
7850	0.973805	0.999554	0.999547	0.838217	0.956585	0.957272
7860	0.973858	0.999554	0.999547	0.838305	0.956585	0.957272
7870	0.973889	0.999554	0.999547	0.838310	0.956585	0.957272
7880	0.973930	0.999554	0.999547	0.838380	0.956585	0.957272
7890	0.973961	0.999554	0.999547	0.838446	0.956585	0.957272
7900	0.973983	0.999554	0.999547	0.838469	0.956585	0.957272
7910	0.974034	0.999554	0.999547	0.838509	0.956585	0.957272
7920	0.974070	0.999554	0.999547	0.838567	0.956585	0.957272
7930	0.974107	0.999554	0.999547	0.838582	0.956585	0.957272
7940	0.974149	0.999554	0.999547	0.838628	0.956585	0.957272
7950	0.974172	0.999554	0.999547	0.838659	0.956585	0.957272
7960	0.974189	0.999554	0.999547	0.838668	0.956585	0.957272
7970	0.974238	0.999554	0.999547	0.838720	0.956585	0.957272
7980	0.974259	0.999554	0.999547	0.838738	0.956585	0.957272
7990	0.974327	0.999554	0.999547	0.838794	0.956585	0.957272
8000	0.974372	0.999554	0.999547	0.838855	0.956585	0.957272
8010	0.974405	0.999554	0.999547	0.838881	0.956585	0.957272
8020	0.974463	0.999554	0.999547	0.838916	0.956585	0.957272
8030	0.974492	0.999554	0.999547	0.838946	0.956585	0.957272
8040	0.974562	0.999554	0.999547	0.839056	0.956585	0.957272
8050	0.974594	0.999554	0.999547	0.839054	0.956585	0.957272
8060	0.974631	0.999554	0.999547	0.839118	0.956585	0.957272
8070	0.974676	0.999554	0.999547	0.839201	0.956585	0.957272
8080	0.974702	0.999554	0.999547	0.839235	0.956585	0.957272
8090	0.974755	0.999554	0.999547	0.839307	0.956585	0.957272
8100	0.974779	0.999554	0.999547	0.839325	0.957073	0.957795
8110	0.974825	0.999610	0.999604	0.839373	0.957073	0.957795
8120	0.974850	0.999610	0.999604	0.839396	0.957073	0.957795
8130	0.974891	0.999610	0.999604	0.839449	0.957073	0.957795
8140	0.974916	0.999554	0.999547	0.839479	0.957073	0.957795
8150	0.974958	0.999554	0.999547	0.839554	0.957073	0.957795
8160	0.974994	0.999610	0.999604	0.839580	0.957073	0.957795
8170	0.975019	0.999554	0.999547	0.839562	0.957073	0.957795
8180	0.975050	0.999554	0.999547	0.839545	0.957073	0.957795
8190	0.975088	0.999610	0.999604	0.839568	0.957073	0.957795
8200	0.975161	0.999610	0.999604	0.839655	0.957073	0.957795
8210	0.975181	0.999610	0.999604	0.839687	0.957073	0.957795
8220	0.975213	0.999666	0.999661	0.839707	0.957073	0.957795
8230	0.975256	0.999721	0.999718	0.839727	0.957073	0.957795
8240	0.975295	0.999721	0.999718	0.839773	0.957073	0.957757
8250	0.975348	0.999666	0.999661	0.839825	0.957073	0.957757
8260	0.975378	0.999666	0.999661	0.839905	0.957073	0.957757
8270	0.975427	0.999721	0.999718	0.839917	0.957073	0.957757
8280	0.975447	0.999721	0.999718	0.839961	0.957561	0.958246
8290	0.975509	0.999721	0.999718	0.840020	0.957561	0.958246
8300	0.975540	0.999721	0.999718	0.840061	0.957561	0.958246
8310	0.975584	0.999721	0.999718	0.840113	0.957561	0.958246
8320	0.975632	0.999721	0.999718	0.840164	0.957561	0.958246
8330	0.975673	0.999721	0.999718	0.840221	0.957561	0.958246
8340	0.975696	0.999721	0.999718	0.840245	0.957561	0.958246
8350	0.975746	0.999721	0.999718	0.840307	0.957561	0.958246
8360	0.975806	0.999721	0.999718	0.840376	0.957561	0.958246
8370	0.975824	0.999721	0.999718	0.840385	0.957561	0.958246
8380	0.975873	0.999777	0.999774	0.840455	0.957561	0.958246
8390	0.975891	0.999777	0.999774	0.840496	0.957561	0.958246
8400	0.975935	0.999777	0.999774	0.840554	0.958049	0.958770
8410	0.975959	0.999777	0.999774	0.840587	0.957561	0.958284
8420	0.975998	0.999777	0.999774	0.840646	0.958537	0.959284
8430	0.976034	0.999777	0.999774	0.840658	0.958049	0.958808
8440	0.976060	0.999777	0.999774	0.840664	0.958049	0.958748
8450	0.976109	0.999777	0.999774	0.840786	0.958049	0.958748
8460	0.976123	0.999777	0.999774	0.840799	0.958049	0.958748
8470	0.976147	0.999777	0.999774	0.840817	0.958049	0.958748
8480	0.976181	0.999777	0.999774	0.840874	0.958049	0.958748
8490	0.976203	0.999777	0.999774	0.840929	0.958537	0.959224
8500	0.976251	0.999777	0.999774	0.840990	0.958537	0.959186
8510	0.976263	0.999777	0.999774	0.841004	0.958537	0.959186
8520	0.976276	0.999777	0.999774	0.841028	0.958537	0.959186
8530	0.976301	0.999777	0.999774	0.841031	0.958537	0.959186
8540	0.976354	0.999777	0.999774	0.841116	0.958049	0.958722
8550	0.976418	0.999777	0.999774	0.841197	0.958049	0.958722
8560	0.976441	0.999777	0.999774	0.841257	0.958049	0.958722
8570	0.976469	0.999777	0.999774	0.841298	0.958049	0.958722
8580	0.976501	0.999777	0.999774	0.841332	0.958537	0.959186
8590	0.976547	0.999777	0.999774	0.841343	0.958049	0.958722
8600	0.976573	0.999777	0.999774	0.841369	0.958537	0.959186
8610	0.976622	0.999777	0.999774	0.841429	0.958537	0.959186
8620	0.976650	0.999777	0.999774	0.841488	0.958537	0.959186
8630	0.976692	0.999777	0.999774	0.841518	0.958537	0.959186
8640	0.976712	0.999777	0.999774	0.841536	0.958537	0.959186
8650	0.976741	0.999777	0.999774	0.841602	0.958537	0.959186
8660	0.976782	0.999777	0.999774	0.841680	0.958537	0.959186
8670	0.976809	0.999777	0.999774	0.841716	0.958537	0.959186
8680	0.976858	0.999777	0.999774	0.841802	0.958537	0.959186
8690	0.976896	0.999777	0.999774	0.841860	0.958537	0.959186
8700	0.976950	0.999777	0.999774	0.841924	0.958049	0.958722
8710	0.976977	0.999777	0.999774	0.841936	0.958537	0.959284
8720	0.977006	0.999777	0.999774	0.841981	0.958537	0.959284
8730	0.977048	0.999777	0.999774	0.841965	0.959024	0.959748
8740	0.977076	0.999777	0.999774	0.841994	0.958537	0.959284
8750	0.977097	0.999777	0.999774	0.842026	0.958537	0.959284
8760	0.977138	0.999777	0.999774	0.842024	0.959024	0.959748
8770	0.977175	0.999833	0.999830	0.842081	0.959024	0.959710
8780	0.977206	0.999833	0.999830	0.842164	0.959024	0.959710
8790	0.977237	0.999833	0.999830	0.842204	0.958537	0.959284
8800	0.977272	0.999833	0.999830	0.842239	0.958049	0.958770
8810	0.977337	0.999833	0.999830	0.842334	0.958049	0.958808
8820	0.977361	0.999833	0.999830	0.842362	0.958537	0.959284
8830	0.977382	0.999833	0.999830	0.842394	0.958537	0.959284
8840	0.977419	0.999833	0.999830	0.842431	0.959024	0.959748
8850	0.977460	0.999833	0.999830	0.842468	0.958537	0.959284
8860	0.977499	0.999833	0.999830	0.842506	0.958537	0.959284
8870	0.977516	0.999833	0.999830	0.842549	0.958537	0.959284
8880	0.977549	0.999833	0.999830	0.842587	0.958537	0.959284
8890	0.977587	0.999889	0.999887	0.842645	0.958537	0.959284
8900	0.977618	0.999889	0.999887	0.842668	0.958537	0.959284
8910	0.977655	0.999889	0.999887	0.842711	0.958537	0.959284
8920	0.977664	0.999889	0.999887	0.842707	0.958537	0.959284
8930	0.977685	0.999889	0.999887	0.842726	0.958537	0.959284
8940	0.977725	0.999889	0.999887	0.842756	0.958537	0.959284
8950	0.977749	0.999889	0.999887	0.842794	0.958537	0.959284
8960	0.977770	0.999889	0.999887	0.842852	0.958537	0.959284
8970	0.977803	0.999889	0.999887	0.842873	0.958537	0.959284
8980	0.977841	0.999889	0.999887	0.842937	0.958537	0.959284
8990	0.977872	0.999889	0.999887	0.842971	0.958537	0.959284
9000	0.977909	0.999944	0.999944	0.842998	0.958537	0.959284
9010	0.977930	0.999944	0.999944	0.843029	0.958537	0.959284
9020	0.977965	0.999944	0.999944	0.843073	0.958537	0.959284
9030	0.977995	0.999944	0.999944	0.843101	0.958537	0.959284
9040	0.978036	0.999944	0.999944	0.843157	0.958537	0.959284
9050	0.978072	0.999944	0.999944	0.843165	0.959024	0.959748
9060	0.978120	0.999944	0.999944	0.843177	0.958537	0.959284
9070	0.978152	0.999944	0.999944	0.843222	0.958537	0.959284
9080	0.978180	0.999944	0.999944	0.843248	0.958537	0.959284
9090	0.978209	0.999944	0.999944	0.843299	0.958537	0.959284
9100	0.978259	0.999944	0.999944	0.843356	0.958537	0.959284
9110	0.978281	0.999944	0.999944	0.843408	0.959024	0.959788
9120	0.978323	0.999944	0.999944	0.843485	0.959024	0.959788
9130	0.978363	0.999944	0.999944	0.843522	0.959024	0.959788
9140	0.978390	0.999944	0.999944	0.843554	0.959024	0.959788
9150	0.978418	0.999944	0.999944	0.843612	0.959024	0.959788
9160	0.978460	0.999944	0.999944	0.843683	0.959024	0.959788
9170	0.978507	0.999944	0.999944	0.843750	0.959024	0.959788
9180	0.978552	0.999944	0.999944	0.843808	0.959024	0.959788
9190	0.978576	0.999944	0.999944	0.843837	0.959512	0.960252
9200	0.978606	0.999944	0.999944	0.843891	0.959024	0.959788
9210	0.978637	0.999944	0.999944	0.843948	0.959512	0.960252
9220	0.978677	0.999944	0.999944	0.844009	0.959024	0.959788
9230	0.978729	0.999944	0.999944	0.844089	0.959024	0.959757
9240	0.978749	0.999944	0.999944	0.844104	0.959024	0.959757
9250	0.978779	0.999944	0.999944	0.844158	0.959024	0.959757
9260	0.978831	0.999944	0.999944	0.844196	0.959024	0.959757
9270	0.978859	0.999944	0.999944	0.844254	0.959024	0.959757
9280	0.978882	0.999944	0.999944	0.844311	0.959024	0.959757
9290	0.978905	0.999944	0.999944	0.844322	0.959024	0.959757
9300	0.978936	0.999944	0.999944	0.844355	0.959024	0.959757
9310	0.979000	0.999944	0.999944	0.844452	0.959024	0.959757
9320	0.979029	0.999944	0.999944	0.844464	0.959024	0.959757
9330	0.979050	0.999944	0.999944	0.844539	0.958537	0.959237
9340	0.979107	0.999944	0.999944	0.844605	0.958537	0.959237
9350	0.979125	0.999944	0.999944	0.844609	0.959024	0.959757
9360	0.979149	0.999944	0.999944	0.844643	0.959024	0.959757
9370	0.979177	0.999944	0.999944	0.844699	0.959024	0.959757
9380	0.979200	0.999944	0.999944	0.844706	0.958537	0.959237
9390	0.979227	0.999944	0.999944	0.844795	0.958537	0.959237
9400	0.979254	0.999944	0.999944	0.844806	0.959024	0.959757
9410	0.979285	0.999944	0.999944	0.844832	0.958537	0.959237
9420	0.979322	0.999944	0.999944	0.844914	0.958049	0.958791
9430	0.979342	0.999944	0.999944	0.844940	0.958537	0.959314
9440	0.979392	0.999944	0.999944	0.844959	0.958537	0.959314
9450	0.979422	0.999944	0.999944	0.845006	0.958537	0.959314
9460	0.979445	0.999944	0.999944	0.845058	0.958537	0.959314
9470	0.979474	0.999944	0.999944	0.845086	0.958537	0.959314
9480	0.979499	0.999944	0.999944	0.845147	0.958537	0.959314
9490	0.979528	0.999944	0.999944	0.845181	0.959024	0.959788
9500	0.979551	0.999944	0.999944	0.845209	0.958537	0.959314
9510	0.979587	0.999944	0.999944	0.845251	0.958537	0.959314
9520	0.979615	0.999944	0.999944	0.845294	0.958049	0.958791
9530	0.979638	0.999944	0.999944	0.845352	0.958537	0.959314
9540	0.979677	0.999944	0.999944	0.845402	0.959024	0.959788
9550	0.979713	0.999944	0.999944	0.845471	0.958537	0.959314
9560	0.979750	0.999944	0.999944	0.845515	0.958537	0.959314
9570	0.979766	0.999944	0.999944	0.845549	0.958537	0.959314
9580	0.979803	0.999944	0.999944	0.845589	0.958537	0.959283
9590	0.979835	0.999944	0.999944	0.845627	0.958537	0.959314
9600	0.979872	0.999944	0.999944	0.845667	0.958537	0.959314
9610	0.979904	0.999944	0.999944	0.845708	0.958537	0.959314
9620	0.979923	0.999944	0.999944	0.845738	0.959024	0.959757
9630	0.979947	0.999944	0.999944	0.845793	0.959512	0.960221
9640	0.979985	0.999944	0.999944	0.845835	0.959512	0.960221
9650	0.980009	0.999944	0.999944	0.845895	0.959024	0.959747
9660	0.980034	0.999944	0.999944	0.845958	0.959024	0.959747
9670	0.980053	0.999944	0.999944	0.845957	0.959024	0.959747
9680	0.980091	0.999944	0.999944	0.846003	0.959024	0.959747
9690	0.980105	0.999944	0.999944	0.846030	0.959024	0.959747
9700	0.980133	0.999944	0.999944	0.846083	0.959512	0.960221
9710	0.980157	0.999944	0.999944	0.846100	0.959512	0.960221
9720	0.980177	0.999944	0.999944	0.846140	0.959512	0.960221
9730	0.980195	0.999944	0.999944	0.846173	0.959512	0.960221
9740	0.980210	0.999944	0.999944	0.846200	0.959512	0.960221
9750	0.980221	0.999944	0.999944	0.846210	0.959512	0.960221
9760	0.980264	0.999944	0.999944	0.846265	0.959512	0.960221
9770	0.980290	0.999944	0.999944	0.846311	0.959512	0.960221
9780	0.980321	0.999944	0.999944	0.846343	0.959512	0.960221
9790	0.980344	0.999944	0.999944	0.846362	0.959512	0.960221
9800	0.980371	0.999944	0.999944	0.846420	0.959024	0.959747
9810	0.980384	0.999944	0.999944	0.846468	0.959024	0.959757
9820	0.980393	0.999944	0.999944	0.846476	0.959024	0.959757
9830	0.980425	0.999944	0.999944	0.846500	0.959024	0.959757
9840	0.980438	0.999944	0.999944	0.846520	0.959024	0.959757
9850	0.980478	0.999944	0.999944	0.846599	0.959512	0.960221
9860	0.980489	0.999944	0.999944	0.846615	0.959512	0.960221
9870	0.980508	0.999944	0.999944	0.846726	0.959512	0.960252
9880	0.980542	0.999944	0.999944	0.846769	0.959512	0.960252
9890	0.980572	0.999944	0.999944	0.846798	0.959512	0.960252
9900	0.980591	0.999944	0.999944	0.846853	0.959512	0.960252
9910	0.980616	0.999944	0.999944	0.846889	0.959512	0.960252
9920	0.980634	0.999944	0.999944	0.846906	0.959512	0.960252
9930	0.980666	0.999944	0.999944	0.846942	0.959512	0.960252
9940	0.980685	0.999944	0.999944	0.846952	0.959512	0.960221
9950	0.980717	0.999944	0.999944	0.847038	0.960000	0.960759
9960	0.980740	0.999944	0.999944	0.847070	0.959512	0.960252
9970	0.980770	0.999944	0.999944	0.847099	0.959512	0.960252
9980	0.980787	0.999944	0.999944	0.847128	0.959512	0.960221
9990	0.980817	0.999944	0.999944	0.847182	0.959512	0.960252
10000	0.980851	0.999944	0.999944	0.847208	0.959512	0.960252
