10	0.082328	0.363272	0.278562	0.078558	0.348687	0.272181
20	0.154276	0.657583	0.663710	0.147009	0.644874	0.652507
30	0.201775	0.683555	0.685199	0.194871	0.675087	0.676450
40	0.238690	0.712419	0.713921	0.229693	0.698861	0.702960
50	0.262808	0.726767	0.728444	0.252043	0.716691	0.720305
60	0.283665	0.749180	0.749932	0.270890	0.739475	0.742142
70	0.300115	0.761860	0.761986	0.286566	0.748390	0.751078
80	0.319655	0.772371	0.771602	0.304283	0.758296	0.759936
90	0.335024	0.783104	0.781738	0.317653	0.769193	0.769473
100	0.349009	0.790501	0.788190	0.331735	0.776127	0.775351
110	0.360990	0.798343	0.795010	0.342253	0.782070	0.779712
120	0.372573	0.805294	0.801656	0.353507	0.789500	0.786344
130	0.383184	0.812580	0.807795	0.363383	0.793462	0.789546
140	0.394672	0.818475	0.812954	0.373949	0.804359	0.798994
150	0.406141	0.824203	0.817848	0.384195	0.810797	0.804928
160	0.416972	0.828041	0.821185	0.394417	0.815750	0.808944
170	0.425721	0.830988	0.823746	0.403256	0.817732	0.810587
180	0.434395	0.835938	0.828188	0.411976	0.827142	0.819584
190	0.441412	0.839720	0.831753	0.418016	0.829619	0.821229
200	0.449632	0.843891	0.835216	0.424286	0.833086	0.824243
210	0.458145	0.847839	0.838704	0.431962	0.837543	0.827952
220	0.466599	0.850787	0.841039	0.438599	0.839525	0.829365
230	0.475189	0.855069	0.844575	0.445435	0.842001	0.831038
240	0.481635	0.857016	0.846333	0.451013	0.844477	0.833653
250	0.488411	0.860297	0.849296	0.456589	0.847449	0.836147
260	0.494440	0.862966	0.851731	0.461499	0.849926	0.838403
270	0.501054	0.865024	0.853577	0.467889	0.851412	0.839838
280	0.507651	0.867360	0.855640	0.473789	0.852897	0.841370
290	0.513767	0.869974	0.858016	0.478863	0.855374	0.843828
300	0.519287	0.872421	0.860179	0.483232	0.857355	0.845446
310	0.525552	0.874534	0.862026	0.487933	0.859336	0.847252
320	0.531501	0.876203	0.863773	0.492312	0.859336	0.847035
330	0.537088	0.878483	0.865649	0.497349	0.858346	0.845802
340	0.542484	0.881708	0.868483	0.502936	0.863794	0.850425
350	0.547930	0.883321	0.869928	0.507795	0.866766	0.852994
360	0.552498	0.885212	0.871683	0.511523	0.868252	0.854145
370	0.556903	0.887103	0.873415	0.514520	0.869737	0.855635
380	0.562843	0.889717	0.875686	0.520264	0.868747	0.854540
390	0.568238	0.891163	0.877031	0.525249	0.870728	0.856395
400	0.573527	0.893443	0.879064	0.529236	0.872709	0.858024
410	0.579369	0.895834	0.881217	0.533586	0.873700	0.858949
420	0.583792	0.897614	0.882839	0.537382	0.875681	0.860875
430	0.588779	0.899060	0.884112	0.543015	0.879643	0.864366
440	0.593451	0.901730	0.886608	0.547445	0.883606	0.868150
450	0.597627	0.904121	0.888824	0.549936	0.883110	0.867748
460	0.602796	0.906068	0.890691	0.555469	0.889549	0.874417
470	0.606583	0.907569	0.891947	0.558377	0.887073	0.871499
480	0.610114	0.908515	0.892763	0.560798	0.885587	0.870160
490	0.613447	0.909404	0.893536	0.563728	0.887073	0.871214
500	0.616663	0.910016	0.894047	0.566166	0.888559	0.872776
510	0.621441	0.911629	0.895516	0.570368	0.890045	0.874083
520	0.624925	0.912241	0.896211	0.573746	0.891530	0.876061
530	0.627889	0.913353	0.897201	0.575984	0.894502	0.879063
540	0.630974	0.914354	0.898155	0.578347	0.894998	0.879587
550	0.633644	0.915355	0.899054	0.580382	0.895493	0.879981
560	0.637384	0.916356	0.900014	0.583225	0.894998	0.879285
570	0.641121	0.917969	0.901474	0.587146	0.897969	0.882004
580	0.644456	0.919804	0.903154	0.589668	0.897969	0.881781
590	0.647472	0.920750	0.904016	0.592459	0.898960	0.882810
600	0.650995	0.921250	0.904495	0.595253	0.901436	0.885176
610	0.654386	0.921528	0.904716	0.598281	0.900941	0.884517
620	0.657151	0.922140	0.905228	0.600557	0.900941	0.884457
630	0.659564	0.923419	0.906334	0.602559	0.902427	0.885875
640	0.662543	0.924031	0.906941	0.604553	0.901436	0.884976
650	0.665186	0.925199	0.908055	0.607293	0.901932	0.885514
660	0.667975	0.926367	0.909171	0.609020	0.903913	0.887195
670	0.670623	0.926978	0.909731	0.610459	0.903913	0.887266
680	0.673045	0.927701	0.910447	0.612882	0.903913	0.887282
690	0.675321	0.928536	0.911212	0.614811	0.904408	0.887563
700	0.677123	0.929426	0.912057	0.615992	0.901932	0.885310
710	0.679472	0.929926	0.912494	0.618281	0.904408	0.887502
720	0.681769	0.930816	0.913344	0.619563	0.905399	0.888436
730	0.684368	0.931483	0.914028	0.620991	0.904903	0.888076
740	0.686590	0.932484	0.914943	0.623163	0.906389	0.889480
750	0.688542	0.932874	0.915296	0.624399	0.906885	0.890026
760	0.690109	0.933263	0.915725	0.625490	0.906885	0.889881
770	0.692193	0.933819	0.916218	0.627139	0.908370	0.891353
780	0.694070	0.934320	0.916712	0.628700	0.908866	0.892019
790	0.696414	0.934653	0.916992	0.630479	0.909361	0.892361
800	0.698268	0.935265	0.917603	0.631993	0.909361	0.892554
810	0.700365	0.935654	0.917967	0.633205	0.909361	0.892407
820	0.702566	0.936433	0.918675	0.634359	0.909361	0.892282
830	0.705179	0.936989	0.919212	0.636961	0.909856	0.892735
840	0.707577	0.937323	0.919536	0.638775	0.909361	0.892076
850	0.709728	0.938101	0.920251	0.640491	0.910847	0.893480
860	0.711369	0.938324	0.920457	0.641403	0.910352	0.893087
870	0.713566	0.938880	0.920956	0.642584	0.911342	0.894147
880	0.715301	0.939380	0.921412	0.643932	0.912333	0.894997
890	0.716916	0.939325	0.921310	0.645467	0.911838	0.894468
900	0.718763	0.940103	0.922078	0.646979	0.912828	0.895722
910	0.720482	0.940548	0.922536	0.648134	0.913323	0.896196
920	0.722381	0.941216	0.923159	0.649152	0.913323	0.896021
930	0.723708	0.941549	0.923473	0.650075	0.913323	0.895976
940	0.725041	0.941939	0.923820	0.650830	0.913323	0.896024
950	0.726281	0.941994	0.923849	0.652203	0.913819	0.896431
960	0.727767	0.942495	0.924331	0.653306	0.914314	0.896901
970	0.729487	0.942995	0.924804	0.654477	0.914314	0.897028
980	0.730754	0.943273	0.925077	0.655325	0.914809	0.897382
990	0.731862	0.943552	0.925292	0.655951	0.915305	0.897901
1000	0.733533	0.943830	0.925629	0.657044	0.915800	0.898310
1010	0.735351	0.944052	0.925793	0.658547	0.916295	0.898652
1020	0.736700	0.944664	0.926402	0.659637	0.914809	0.897386
1030	0.738779	0.945498	0.927212	0.659858	0.914809	0.897599
1040	0.740249	0.945887	0.927536	0.660983	0.914314	0.897284
1050	0.741748	0.946054	0.927698	0.662217	0.915800	0.898620
1060	0.742913	0.946499	0.928161	0.662544	0.915800	0.898462
1070	0.744065	0.946499	0.928153	0.663663	0.915305	0.898180
1080	0.745044	0.946666	0.928276	0.664386	0.915800	0.898701
1090	0.746375	0.947000	0.928545	0.665404	0.915305	0.898185
1100	0.747263	0.947445	0.928981	0.665907	0.915305	0.898187
1110	0.748378	0.947500	0.929008	0.667085	0.915305	0.898108
1120	0.749342	0.947667	0.929164	0.667770	0.914809	0.897479
1130	0.751150	0.948056	0.929542	0.667782	0.914809	0.897386
1140	0.752731	0.948279	0.929743	0.668815	0.915305	0.897794
1150	0.755303	0.948890	0.930320	0.670629	0.915800	0.898259
1160	0.756529	0.948779	0.930192	0.671584	0.916790	0.899076
1170	0.757491	0.949002	0.930397	0.672671	0.916295	0.898671
1180	0.758441	0.949113	0.930488	0.673463	0.915800	0.898126
1190	0.759286	0.949280	0.930638	0.674155	0.916295	0.898564
1200	0.760146	0.949335	0.930709	0.675020	0.916295	0.898515
1210	0.761334	0.949836	0.931223	0.675858	0.916295	0.898493
1220	0.762599	0.949892	0.931253	0.676858	0.916295	0.898490
1230	0.763460	0.950003	0.931409	0.677336	0.916295	0.898644
1240	0.764199	0.950225	0.931584	0.677890	0.916295	0.898468
1250	0.765053	0.950225	0.931555	0.678530	0.916295	0.898409
1260	0.766079	0.950670	0.931999	0.679515	0.915305	0.897563
1270	0.767098	0.950837	0.932192	0.680310	0.915305	0.897729
1280	0.767950	0.951171	0.932500	0.681084	0.915305	0.897719
1290	0.768657	0.951504	0.932843	0.681745	0.915305	0.897729
1300	0.769524	0.951616	0.932925	0.682175	0.915305	0.897770
1310	0.770464	0.951727	0.933015	0.682845	0.915305	0.897747
1320	0.771422	0.951727	0.933069	0.683779	0.915305	0.897627
1330	0.772279	0.951727	0.932991	0.684542	0.916295	0.898637
1340	0.773065	0.952005	0.933258	0.685264	0.916295	0.898510
1350	0.774112	0.952061	0.933275	0.685796	0.916790	0.898887
1360	0.774836	0.952172	0.933400	0.686268	0.916295	0.898275
1370	0.775727	0.952227	0.933461	0.686806	0.915305	0.897377
1380	0.776573	0.952450	0.933655	0.687473	0.915305	0.897212
1390	0.777630	0.952783	0.933922	0.688473	0.915305	0.897214
1400	0.778441	0.952783	0.933904	0.689463	0.915800	0.897389
1410	0.779259	0.953117	0.934232	0.690134	0.916790	0.898354
1420	0.780128	0.953284	0.934351	0.690519	0.916790	0.898294
1430	0.780656	0.953395	0.934465	0.691034	0.917286	0.898781
1440	0.781440	0.953506	0.934581	0.691669	0.917286	0.898781
1450	0.782273	0.953506	0.934551	0.692319	0.916790	0.898350
1460	0.783278	0.953729	0.934677	0.693128	0.916790	0.898373
1470	0.783924	0.953785	0.934745	0.693752	0.916295	0.897905
1480	0.784666	0.953840	0.934794	0.694411	0.917286	0.898695
1490	0.785325	0.954007	0.934989	0.694812	0.917286	0.898723
1500	0.785988	0.953896	0.934879	0.695373	0.917286	0.898732
1510	0.787066	0.954007	0.934949	0.696336	0.918276	0.899702
1520	0.787982	0.954229	0.935111	0.696845	0.918276	0.899719
1530	0.788566	0.954285	0.935172	0.697421	0.917286	0.898841
1540	0.789244	0.954341	0.935221	0.697896	0.917781	0.899235
1550	0.789803	0.954508	0.935407	0.698393	0.917781	0.899231
1560	0.791842	0.955397	0.955677	0.700024	0.917781	0.899159
1570	0.792385	0.955842	0.956124	0.700483	0.918276	0.899590
1580	0.793141	0.955954	0.956226	0.701181	0.919267	0.900514
1590	0.794489	0.957399	0.957617	0.702025	0.920258	0.921080
1600	0.796813	0.962516	0.962699	0.703952	0.925706	0.926459
1610	0.797744	0.962405	0.962584	0.704412	0.925706	0.926428
1620	0.798365	0.962627	0.962810	0.704777	0.926201	0.926952
1630	0.799136	0.962850	0.963034	0.705355	0.926696	0.927455
1640	0.802956	0.968355	0.968494	0.708456	0.932145	0.932866
1650	0.806753	0.971192	0.971310	0.711574	0.936107	0.936751
1660	0.807601	0.971414	0.971522	0.712136	0.936602	0.937268
1670	0.808327	0.971637	0.971743	0.712574	0.935612	0.936256
1680	0.810474	0.973138	0.973226	0.714369	0.937098	0.937712
1690	0.811735	0.973528	0.973603	0.715212	0.937593	0.938228
1700	0.812252	0.973639	0.973717	0.715547	0.937593	0.938228
1710	0.812854	0.973583	0.973667	0.716097	0.937098	0.937725
1720	0.813391	0.973750	0.973839	0.716310	0.937098	0.937725
1730	0.814471	0.973973	0.974052	0.717202	0.936602	0.937213
1740	0.819968	0.976086	0.976138	0.721626	0.937098	0.937683
1750	0.820467	0.976308	0.976368	0.721979	0.937098	0.937683
1760	0.821047	0.976253	0.976312	0.722388	0.937098	0.937683
1770	0.821763	0.976531	0.976584	0.722472	0.937098	0.937654
1780	0.822271	0.976586	0.976642	0.723072	0.936107	0.936715
1790	0.822987	0.976642	0.976693	0.723457	0.937098	0.937642
1800	0.827278	0.978144	0.978171	0.726956	0.938088	0.938564
1810	0.827991	0.978144	0.978162	0.727471	0.938583	0.939077
1820	0.828699	0.978310	0.978329	0.727660	0.938088	0.938573
1830	0.829193	0.978366	0.978380	0.728021	0.938583	0.939019
1840	0.829965	0.978422	0.978440	0.728657	0.939574	0.940141
1850	0.832642	0.979367	0.979367	0.730827	0.940069	0.940645
1860	0.833035	0.979478	0.979475	0.731100	0.939574	0.940061
1870	0.833403	0.979645	0.979639	0.731410	0.939574	0.940038
1880	0.833945	0.979534	0.979537	0.731761	0.939574	0.940038
1890	0.835325	0.980424	0.980404	0.732900	0.940069	0.940520
1900	0.836848	0.980757	0.980738	0.733983	0.940069	0.940506
1910	0.837398	0.980869	0.980850	0.734342	0.940069	0.940400
1920	0.837874	0.980980	0.980962	0.734682	0.940069	0.940477
1930	0.838660	0.981202	0.981177	0.735356	0.940565	0.940959
1940	0.840678	0.981536	0.981501	0.737000	0.940565	0.940947
1950	0.841238	0.981759	0.981718	0.737181	0.941060	0.941440
1960	0.841709	0.981925	0.981884	0.737406	0.940565	0.940965
1970	0.842162	0.981759	0.981717	0.737862	0.941060	0.941335
1980	0.844266	0.982537	0.982483	0.739599	0.941555	0.941816
1990	0.844780	0.982593	0.982538	0.740001	0.941555	0.941816
2000	0.845221	0.982537	0.982481	0.740386	0.941555	0.941841
2010	0.845646	0.982537	0.982482	0.740755	0.941555	0.941841
2020	0.846486	0.982815	0.982759	0.741173	0.941060	0.941409
2030	0.848461	0.983705	0.983636	0.742948	0.941555	0.941947
2040	0.849036	0.984039	0.983971	0.743336	0.941555	0.941917
2050	0.849426	0.984094	0.984028	0.743628	0.941555	0.942063
2060	0.849893	0.984094	0.984027	0.744222	0.942051	0.942398
2070	0.850221	0.984094	0.984029	0.744430	0.942051	0.942416
2080	0.851996	0.984372	0.984299	0.745821	0.942546	0.942888
2090	0.852505	0.984484	0.984411	0.746339	0.942546	0.942950
2100	0.852918	0.984539	0.984466	0.746560	0.943041	0.943466
2110	0.853473	0.984706	0.984630	0.746847	0.943041	0.943448
2120	0.855048	0.984984	0.984907	0.748147	0.943041	0.943470
2130	0.855436	0.984984	0.984907	0.748573	0.942546	0.943091
2140	0.855662	0.985040	0.984964	0.748758	0.943041	0.943559
2150	0.855994	0.985207	0.985138	0.749222	0.943536	0.944088
2160	0.856526	0.985373	0.985299	0.749802	0.943536	0.944101
2170	0.858341	0.985652	0.985573	0.751139	0.943041	0.943471
2180	0.858843	0.985707	0.985627	0.751597	0.943536	0.944004
2190	0.859283	0.985707	0.985630	0.751905	0.943536	0.944101
2200	0.859878	0.985707	0.985632	0.752314	0.943041	0.943511
2210	0.861198	0.985707	0.985631	0.753181	0.943041	0.943511
2220	0.861624	0.985763	0.985689	0.753634	0.943536	0.943986
2230	0.862450	0.985874	0.985800	0.754172	0.943536	0.943960
2240	0.863159	0.985985	0.985906	0.754706	0.943041	0.943503
2250	0.863616	0.985985	0.985908	0.755016	0.943536	0.943960
2260	0.864153	0.986208	0.986130	0.755596	0.943536	0.943960
2270	0.865427	0.986319	0.986239	0.756571	0.943536	0.944006
2280	0.865775	0.986486	0.986407	0.756809	0.944032	0.944447
2290	0.866116	0.986653	0.986575	0.757099	0.945022	0.945435
2300	0.866448	0.986708	0.986626	0.757370	0.944527	0.945077
2310	0.867739	0.987042	0.986961	0.758383	0.944527	0.944988
2320	0.868158	0.986986	0.986908	0.758651	0.944527	0.944929
2330	0.868489	0.987042	0.986966	0.758880	0.945022	0.945431
2340	0.869428	0.987153	0.987073	0.759636	0.944032	0.944462
2350	0.869746	0.987209	0.987128	0.759986	0.944032	0.944462
2360	0.870101	0.987320	0.987239	0.760256	0.943536	0.943983
2370	0.870521	0.987320	0.987237	0.760810	0.945518	0.945925
2380	0.871798	0.987487	0.987404	0.761728	0.946508	0.946928
2390	0.872351	0.987542	0.987455	0.762152	0.946508	0.946942
2400	0.872813	0.987598	0.987510	0.762541	0.946013	0.946442
2410	0.873183	0.987709	0.987622	0.762845	0.946013	0.946442
2420	0.874552	0.987932	0.987837	0.764097	0.946013	0.946442
2430	0.874897	0.987932	0.987842	0.764471	0.945518	0.945949
2440	0.875323	0.987932	0.987843	0.764763	0.946013	0.946577
2450	0.875673	0.987987	0.987900	0.765116	0.946508	0.947071
2460	0.876869	0.988210	0.988118	0.766035	0.946508	0.947071
2470	0.877411	0.988154	0.988062	0.766330	0.947994	0.948488
2480	0.877722	0.988265	0.988169	0.766671	0.948985	0.949357
2490	0.878141	0.988432	0.988333	0.767058	0.948985	0.949306
2500	0.878984	0.988599	0.988499	0.767831	0.949480	0.949751
2510	0.879375	0.988710	0.988604	0.768013	0.949480	0.949662
2520	0.879888	0.988710	0.988605	0.768517	0.949480	0.949662
2530	0.880628	0.988988	0.988881	0.768986	0.949480	0.949662
2540	0.881027	0.988933	0.988827	0.768970	0.949480	0.949686
2550	0.882155	0.988988	0.988878	0.769525	0.949480	0.949730
2560	0.882581	0.989100	0.988988	0.770177	0.949480	0.949730
2570	0.883566	0.989155	0.989046	0.770930	0.949480	0.949819
2580	0.884031	0.989266	0.989153	0.771226	0.949480	0.949819
2590	0.884480	0.989266	0.989152	0.771639	0.948985	0.949374
2600	0.885256	0.989378	0.989261	0.772204	0.947994	0.948379
2610	0.885691	0.989266	0.989154	0.772873	0.948489	0.948814
2620	0.886523	0.989433	0.989320	0.773472	0.949480	0.949665
2630	0.886846	0.989433	0.989318	0.773933	0.948985	0.949344
2640	0.887189	0.989433	0.989318	0.774234	0.948985	0.949344
2650	0.887935	0.989545	0.989433	0.774773	0.948985	0.949297
2660	0.888369	0.989489	0.989379	0.775046	0.948985	0.949297
2670	0.888834	0.989545	0.989434	0.775625	0.949480	0.949734
2680	0.889528	0.989600	0.989486	0.776211	0.949480	0.949734
2690	0.889964	0.989656	0.989541	0.776486	0.948489	0.948787
2700	0.890907	0.989711	0.989593	0.777158	0.948489	0.948787
2710	0.891185	0.989767	0.989649	0.777382	0.948489	0.948773
2720	0.891449	0.989767	0.989649	0.777628	0.948489	0.948787
2730	0.891708	0.989823	0.989705	0.777776	0.948985	0.949246
2740	0.892572	0.990045	0.989922	0.778643	0.949975	0.950210
2750	0.892909	0.990212	0.990091	0.778850	0.949480	0.949751
2760	0.893269	0.990268	0.990145	0.779038	0.949480	0.949693
2770	0.894149	0.990323	0.990201	0.779694	0.949480	0.949661
2780	0.894393	0.990490	0.990372	0.779871	0.949480	0.949678
2790	0.894691	0.990490	0.990369	0.780123	0.949975	0.950184
2800	0.895437	0.990601	0.990481	0.780809	0.950471	0.950680
2810	0.895725	0.990657	0.990540	0.780950	0.950471	0.950671
2820	0.896370	0.990657	0.990539	0.781529	0.950966	0.951182
2830	0.896752	0.990657	0.990539	0.781898	0.950966	0.951182
2840	0.896962	0.990712	0.990592	0.782086	0.950966	0.951196
2850	0.897280	0.990712	0.990594	0.782346	0.951461	0.951668
2860	0.898251	0.990768	0.990647	0.783245	0.951461	0.951668
2870	0.898514	0.990824	0.990700	0.783410	0.951461	0.951708
2880	0.898971	0.990768	0.990647	0.783835	0.951956	0.952226
2890	0.899320	0.990824	0.990701	0.784088	0.951461	0.951708
2900	0.899666	0.990879	0.990756	0.784383	0.951461	0.951650
2910	0.900296	0.990935	0.990811	0.784888	0.951461	0.951650
2920	0.900562	0.990990	0.990869	0.785183	0.951956	0.952168
2930	0.901015	0.990990	0.990872	0.785501	0.951956	0.952082
2940	0.901349	0.990990	0.990867	0.785832	0.951956	0.952082
2950	0.901494	0.990990	0.990868	0.785935	0.951956	0.952082
2960	0.901731	0.990990	0.990867	0.786109	0.951956	0.952082
2970	0.902591	0.991324	0.991204	0.787059	0.952452	0.952575
2980	0.902872	0.991269	0.991145	0.787249	0.952452	0.952575
2990	0.903541	0.991324	0.991206	0.787881	0.952947	0.953082
3000	0.903760	0.991269	0.991153	0.787887	0.952947	0.953071
3010	0.904006	0.991324	0.991208	0.788097	0.952947	0.953071
3020	0.904651	0.991769	0.991659	0.788767	0.952452	0.952592
3030	0.905110	0.991769	0.991659	0.789027	0.952452	0.952606
3040	0.905377	0.991880	0.991772	0.789276	0.952452	0.952606
3050	0.905921	0.992047	0.991938	0.789782	0.952452	0.952606
3060	0.906157	0.992047	0.991941	0.789952	0.952452	0.952606
3070	0.906322	0.991992	0.991885	0.790146	0.952452	0.952606
3080	0.907014	0.992158	0.992054	0.790811	0.951956	0.952139
3090	0.907203	0.992214	0.992109	0.791011	0.951956	0.952179
3100	0.907436	0.992214	0.992109	0.791178	0.952452	0.952646
3110	0.907672	0.992270	0.992161	0.791365	0.952452	0.952646
3120	0.908285	0.992270	0.992162	0.791882	0.952452	0.952592
3130	0.908497	0.992270	0.992162	0.792060	0.952452	0.952592
3140	0.908612	0.992325	0.992218	0.792111	0.952452	0.952592
3150	0.908808	0.992325	0.992219	0.792437	0.952452	0.952592
3160	0.909358	0.992436	0.992330	0.792883	0.952452	0.952576
3170	0.909529	0.992325	0.992220	0.793002	0.952452	0.952576
3180	0.909700	0.992381	0.992275	0.793142	0.952452	0.952576
3190	0.910283	0.992492	0.992387	0.793585	0.952452	0.952576
3200	0.910455	0.992603	0.992498	0.793672	0.952452	0.952576
3210	0.910609	0.992548	0.992446	0.793743	0.952452	0.952576
3220	0.910691	0.992548	0.992447	0.793854	0.952452	0.952592
3230	0.911212	0.992770	0.992671	0.794344	0.952452	0.952592
3240	0.911389	0.992826	0.992730	0.794372	0.952452	0.952592
3250	0.911586	0.992826	0.992728	0.794559	0.952452	0.952573
3260	0.911783	0.992881	0.992781	0.794720	0.952452	0.952592
3270	0.912405	0.992993	0.992893	0.795164	0.952947	0.952984
3280	0.912595	0.993048	0.992946	0.795417	0.952947	0.952984
3290	0.912798	0.993048	0.992944	0.795648	0.952947	0.952984
3300	0.913420	0.993048	0.992946	0.796077	0.952947	0.952984
3310	0.913680	0.993048	0.992944	0.796330	0.952947	0.952984
3320	0.913865	0.993048	0.992941	0.796507	0.952947	0.952984
3330	0.914463	0.993104	0.993002	0.796916	0.952947	0.952984
3340	0.914612	0.993104	0.993002	0.797033	0.952947	0.952984
3350	0.914807	0.993048	0.992948	0.797132	0.952947	0.952984
3360	0.915332	0.993215	0.993115	0.797545	0.953442	0.953487
3370	0.915499	0.993215	0.993116	0.797660	0.952947	0.953024
3380	0.915784	0.993215	0.993116	0.797952	0.953442	0.953487
3390	0.916354	0.993159	0.993062	0.798444	0.953938	0.953970
3400	0.916546	0.993159	0.993062	0.798550	0.953938	0.953970
3410	0.916774	0.993159	0.993062	0.798778	0.953938	0.953970
3420	0.917222	0.993215	0.993117	0.799167	0.953938	0.953954
3430	0.917376	0.993215	0.993117	0.799246	0.953938	0.953951
3440	0.917745	0.993382	0.993284	0.799570	0.954928	0.954953
3450	0.918006	0.993382	0.993286	0.799752	0.954928	0.954969
3460	0.918571	0.993382	0.993286	0.800303	0.954928	0.954990
3470	0.918750	0.993438	0.993340	0.800422	0.953938	0.954046
3480	0.919244	0.993438	0.993340	0.800838	0.953938	0.954074
3490	0.919439	0.993493	0.993397	0.801004	0.954433	0.954539
3500	0.919598	0.993493	0.993397	0.801081	0.953938	0.954074
3510	0.919998	0.993493	0.993397	0.801447	0.954433	0.954539
3520	0.920220	0.993549	0.993453	0.801513	0.954433	0.954539
3530	0.920391	0.993549	0.993451	0.801680	0.954928	0.955040
3540	0.920836	0.993549	0.993450	0.802032	0.954928	0.955040
3550	0.921041	0.993660	0.993561	0.802186	0.954928	0.955040
3560	0.921563	0.993771	0.993674	0.802562	0.954928	0.955125
3570	0.921821	0.993771	0.993674	0.802790	0.954928	0.955040
3580	0.922314	0.993771	0.993677	0.803271	0.954928	0.955125
3590	0.922632	0.993882	0.993789	0.803475	0.954928	0.955040
3600	0.923080	0.993994	0.993903	0.803824	0.954928	0.955030
3610	0.923241	0.993994	0.993901	0.804032	0.954928	0.955040
3620	0.923707	0.993994	0.993901	0.804583	0.954928	0.955040
3630	0.923860	0.994049	0.993959	0.804667	0.954928	0.955040
3640	0.924043	0.994049	0.993956	0.804801	0.954928	0.955040
3650	0.924458	0.994105	0.994013	0.805329	0.954928	0.955040
3660	0.924615	0.994105	0.994013	0.805419	0.954928	0.955040
3670	0.924926	0.994216	0.994127	0.805628	0.954928	0.955040
3680	0.925127	0.994383	0.994294	0.805831	0.954928	0.955040
3690	0.925340	0.994383	0.994292	0.805877	0.954928	0.955040
3700	0.925803	0.994383	0.994293	0.806198	0.954433	0.954530
3710	0.925979	0.994383	0.994293	0.806424	0.954433	0.954530
3720	0.926381	0.994327	0.994236	0.806836	0.954433	0.954530
3730	0.926518	0.994327	0.994234	0.806928	0.954433	0.954530
3740	0.926657	0.994327	0.994234	0.807158	0.954433	0.954520
3750	0.926983	0.994550	0.994464	0.807383	0.954433	0.954520
3760	0.927163	0.994550	0.994464	0.807542	0.954433	0.954520
3770	0.927441	0.994550	0.994464	0.807852	0.954433	0.954520
3780	0.927756	0.994550	0.994466	0.808057	0.954433	0.954520
3790	0.927977	0.994550	0.994468	0.808310	0.954433	0.954520
3800	0.928641	0.994605	0.994522	0.808987	0.954433	0.954520
3810	0.928935	0.994661	0.994577	0.809228	0.954928	0.954973
3820	0.929126	0.994717	0.994633	0.809442	0.954433	0.954520
3830	0.929377	0.994717	0.994634	0.809667	0.954928	0.955030
3840	0.929489	0.994661	0.994579	0.809752	0.954928	0.955012
3850	0.929713	0.994661	0.994576	0.809939	0.954928	0.955012
3860	0.930005	0.994772	0.994690	0.810128	0.954928	0.955012
3870	0.930171	0.994772	0.994690	0.810319	0.953938	0.954001
3880	0.930577	0.994828	0.994750	0.810653	0.953938	0.954017
3890	0.930749	0.994828	0.994750	0.810756	0.953938	0.954017
3900	0.931077	0.994883	0.994807	0.811058	0.953938	0.954017
3910	0.931198	0.994883	0.994807	0.811236	0.954433	0.954477
3920	0.931304	0.994883	0.994808	0.811410	0.954433	0.954493
3930	0.931592	0.994883	0.994807	0.811617	0.954928	0.954980
3940	0.931717	0.994883	0.994808	0.811748	0.954433	0.954451
3950	0.932014	0.994939	0.994864	0.812033	0.954433	0.954504
3960	0.932141	0.994883	0.994806	0.812144	0.953938	0.954017
3970	0.932292	0.994883	0.994806	0.812355	0.953938	0.954017
3980	0.932720	0.995106	0.995034	0.812676	0.954433	0.954474
3990	0.932853	0.995162	0.995091	0.812791	0.954433	0.954458
4000	0.933211	0.995162	0.995091	0.813088	0.954433	0.954506
4010	0.933384	0.995273	0.995202	0.813275	0.954928	0.954993
4020	0.933528	0.995273	0.995202	0.813392	0.955423	0.955517
4030	0.933897	0.995217	0.995145	0.813730	0.955423	0.955472
4040	0.934060	0.995217	0.995144	0.813844	0.955423	0.955472
4050	0.934367	0.995384	0.995312	0.814088	0.955423	0.955472
4060	0.934523	0.995384	0.995311	0.814231	0.954928	0.954948
4070	0.934859	0.995384	0.995311	0.814577	0.954928	0.954948
4080	0.934985	0.995384	0.995311	0.814597	0.954928	0.954948
4090	0.935126	0.995440	0.995366	0.814712	0.954928	0.954948
4100	0.935532	0.995551	0.995478	0.815079	0.954928	0.954948
4110	0.935599	0.995606	0.995535	0.815186	0.954928	0.954948
4120	0.935677	0.995606	0.995535	0.815248	0.954433	0.954492
4130	0.935800	0.995606	0.995535	0.815343	0.954433	0.954492
4140	0.936124	0.995606	0.995535	0.815587	0.955423	0.955417
4150	0.936269	0.995606	0.995535	0.815852	0.955919	0.955881
4160	0.936576	0.995606	0.995535	0.816120	0.955919	0.955881
4170	0.936718	0.995606	0.995536	0.816294	0.955423	0.955417
4180	0.936852	0.995606	0.995536	0.816423	0.955919	0.955858
4190	0.937242	0.995662	0.995591	0.816815	0.955919	0.955858
4200	0.937420	0.995662	0.995591	0.816910	0.955919	0.955858
4210	0.937708	0.995718	0.995648	0.817139	0.955919	0.955858
4220	0.937876	0.995718	0.995648	0.817226	0.955919	0.955858
4230	0.938190	0.995718	0.995649	0.817474	0.956414	0.956430
4240	0.938347	0.995718	0.995648	0.817747	0.956414	0.956430
4250	0.938643	0.995773	0.995703	0.818030	0.956414	0.956430
4260	0.938829	0.995829	0.995759	0.818146	0.956909	0.956954
4270	0.939242	0.995829	0.995760	0.818479	0.957405	0.957389
4280	0.939375	0.995829	0.995760	0.818753	0.956414	0.956492
4290	0.939662	0.995996	0.995929	0.819105	0.957405	0.957444
4300	0.939849	0.996051	0.995983	0.819294	0.957405	0.957444
4310	0.940257	0.996107	0.996041	0.819646	0.957405	0.957487
4320	0.940466	0.996163	0.996096	0.819882	0.957405	0.957432
4330	0.940590	0.996163	0.996096	0.819995	0.957405	0.957432
4340	0.941061	0.996274	0.996208	0.820394	0.957900	0.957977
4350	0.941214	0.996274	0.996208	0.820504	0.957900	0.957977
4360	0.941558	0.996274	0.996208	0.820711	0.957405	0.957499
4370	0.941821	0.996329	0.996265	0.820845	0.957900	0.957977
4380	0.941973	0.996385	0.996322	0.820989	0.957405	0.957499
4390	0.942142	0.996385	0.996322	0.821265	0.957900	0.957993
4400	0.942438	0.996385	0.996322	0.821518	0.957900	0.957988
4410	0.942552	0.996385	0.996322	0.821547	0.957900	0.957988
4420	0.942872	0.996441	0.996380	0.821832	0.958395	0.958508
4430	0.943034	0.996441	0.996380	0.821938	0.958395	0.958508
4440	0.943106	0.996441	0.996380	0.821995	0.958395	0.958508
4450	0.943429	0.996496	0.996437	0.822311	0.957900	0.957963
4460	0.943557	0.996552	0.996493	0.822398	0.958395	0.958476
4470	0.943939	0.996774	0.996717	0.822667	0.957900	0.957931
4480	0.944043	0.996774	0.996717	0.822773	0.958395	0.958364
4490	0.944138	0.996774	0.996717	0.822847	0.958891	0.958908
4500	0.944513	0.996719	0.996660	0.823217	0.958395	0.958476
4510	0.944631	0.996774	0.996717	0.823265	0.958395	0.958476
4520	0.944838	0.996830	0.996775	0.823383	0.957900	0.957989
4530	0.945104	0.996941	0.996889	0.823699	0.957900	0.957989
4540	0.945293	0.996941	0.996889	0.823888	0.957900	0.957989
4550	0.945538	0.996997	0.996945	0.824040	0.957900	0.957989
4560	0.945801	0.997052	0.997001	0.824294	0.957900	0.957989
4570	0.945904	0.997052	0.997002	0.824491	0.958395	0.958525
4580	0.946168	0.997052	0.997002	0.824759	0.958395	0.958525
4590	0.946284	0.997052	0.997002	0.824853	0.957900	0.957999
4600	0.946517	0.997052	0.997002	0.825061	0.958891	0.959002
4610	0.946629	0.997052	0.997002	0.825153	0.958891	0.959002
4620	0.946950	0.997108	0.997058	0.825562	0.958891	0.959002
4630	0.947045	0.997164	0.997111	0.825598	0.958395	0.958476
4640	0.947355	0.997219	0.997167	0.825886	0.957900	0.957989
4650	0.947481	0.997219	0.997167	0.826045	0.958395	0.958476
4660	0.947581	0.997164	0.997111	0.826074	0.957900	0.957989
4670	0.947901	0.997275	0.997224	0.826382	0.957900	0.957989
4680	0.948017	0.997275	0.997224	0.826529	0.958891	0.959002
4690	0.948231	0.997331	0.997284	0.826735	0.958891	0.959002
4700	0.948324	0.997331	0.997284	0.826831	0.958891	0.959002
4710	0.948509	0.997331	0.997284	0.826990	0.958395	0.958481
4720	0.948609	0.997331	0.997282	0.827120	0.957900	0.957999
4730	0.948857	0.997497	0.997453	0.827418	0.958395	0.958489
4740	0.948938	0.997553	0.997511	0.827486	0.958891	0.958971
4750	0.949252	0.997664	0.997625	0.827818	0.958891	0.958955
4760	0.949350	0.997720	0.997682	0.827887	0.958395	0.958510
4770	0.949550	0.997775	0.997737	0.828114	0.958891	0.959000
4780	0.949678	0.997720	0.997681	0.828254	0.959386	0.959502
4790	0.949790	0.997664	0.997623	0.828417	0.959386	0.959502
4800	0.949943	0.997831	0.997792	0.828592	0.959386	0.959502
4810	0.950019	0.997831	0.997792	0.828671	0.959386	0.959502
4820	0.950087	0.997831	0.997792	0.828712	0.959386	0.959502
4830	0.950317	0.997887	0.997850	0.828882	0.959881	0.959935
4840	0.950406	0.997887	0.997850	0.828946	0.959881	0.959935
4850	0.950632	0.997887	0.997850	0.829182	0.959881	0.959935
4860	0.950748	0.997942	0.997907	0.829334	0.959881	0.959935
4870	0.950856	0.997942	0.997907	0.829391	0.959881	0.959935
4880	0.951050	0.997998	0.997965	0.829661	0.960376	0.960440
4890	0.951210	0.997998	0.997964	0.829811	0.960376	0.960440
4900	0.951380	0.998109	0.998078	0.829961	0.960376	0.960440
4910	0.951532	0.998220	0.998193	0.830108	0.959881	0.960007
4920	0.951655	0.998220	0.998193	0.830200	0.959881	0.959938
4930	0.951707	0.998220	0.998193	0.830226	0.959881	0.959938
4940	0.951797	0.998165	0.998136	0.830314	0.959881	0.959938
4950	0.952020	0.998220	0.998193	0.830517	0.959881	0.959938
4960	0.952123	0.998220	0.998193	0.830647	0.960872	0.960907
4970	0.952354	0.998220	0.998193	0.830846	0.960376	0.960440
4980	0.952460	0.998165	0.998138	0.831078	0.960376	0.960440
4990	0.952661	0.998276	0.998251	0.831329	0.960872	0.960907
5000	0.952728	0.998276	0.998251	0.831366	0.960872	0.960907
5010	0.952942	0.998276	0.998252	0.831584	0.960872	0.960907
5020	0.953023	0.998276	0.998252	0.831687	0.960872	0.960907
5030	0.953128	0.998332	0.998307	0.831801	0.960872	0.960907
5040	0.953312	0.998387	0.998365	0.832044	0.960872	0.960907
5050	0.953393	0.998387	0.998365	0.832155	0.960872	0.960907
5060	0.953643	0.998387	0.998365	0.832365	0.960872	0.960907
5070	0.953728	0.998387	0.998365	0.832441	0.960872	0.960907
5080	0.953866	0.998387	0.998365	0.832531	0.960872	0.960907
5090	0.953966	0.998387	0.998365	0.832605	0.960872	0.960907
5100	0.954043	0.998387	0.998364	0.832663	0.960376	0.960406
5110	0.954215	0.998387	0.998364	0.832801	0.960376	0.960406
5120	0.954352	0.998387	0.998363	0.832908	0.960376	0.960406
5130	0.954465	0.998387	0.998363	0.833043	0.960376	0.960406
5140	0.954535	0.998387	0.998363	0.833198	0.960376	0.960406
5150	0.954758	0.998498	0.998477	0.833455	0.960872	0.960876
5160	0.954894	0.998554	0.998535	0.833623	0.961367	0.961344
5170	0.954978	0.998554	0.998535	0.833767	0.961367	0.961344
5180	0.955049	0.998498	0.998477	0.833819	0.960872	0.960876
5190	0.955206	0.998498	0.998477	0.833967	0.960872	0.960868
5200	0.955400	0.998554	0.998535	0.834070	0.961367	0.961337
5210	0.955495	0.998610	0.998591	0.834247	0.961862	0.961803
5220	0.955582	0.998610	0.998591	0.834353	0.961862	0.961763
5230	0.955765	0.998610	0.998591	0.834516	0.961367	0.961309
5240	0.955847	0.998610	0.998591	0.834559	0.961367	0.961332
5250	0.956040	0.998554	0.998533	0.834755	0.961862	0.961773
5260	0.956125	0.998610	0.998589	0.834876	0.961862	0.961813
5270	0.956257	0.998610	0.998589	0.834967	0.961862	0.961813
5280	0.956324	0.998610	0.998589	0.835012	0.961862	0.961813
5290	0.956518	0.998610	0.998589	0.835233	0.961367	0.961317
5300	0.956595	0.998610	0.998591	0.835193	0.961367	0.961317
5310	0.956744	0.998665	0.998648	0.835336	0.961367	0.961317
5320	0.956804	0.998721	0.998705	0.835394	0.961367	0.961317
5330	0.956968	0.998776	0.998763	0.835575	0.961367	0.961317
5340	0.957049	0.998721	0.998703	0.835635	0.961367	0.961317
5350	0.957205	0.998776	0.998761	0.835695	0.961367	0.961317
5360	0.957318	0.998832	0.998816	0.835835	0.961367	0.961317
5370	0.957505	0.998832	0.998816	0.836083	0.961367	0.961317
5380	0.957582	0.998776	0.998760	0.836186	0.961862	0.961813
5390	0.957717	0.998776	0.998760	0.836356	0.962358	0.962282
5400	0.957841	0.998776	0.998760	0.836444	0.962358	0.962282
5410	0.957918	0.998776	0.998760	0.836502	0.961862	0.961789
5420	0.958070	0.998776	0.998761	0.836621	0.961862	0.961789
5430	0.958186	0.998776	0.998761	0.836706	0.961862	0.961789
5440	0.958280	0.998776	0.998760	0.836956	0.961862	0.961789
5450	0.958444	0.998776	0.998762	0.837176	0.961862	0.961749
5460	0.958505	0.998776	0.998762	0.837183	0.962358	0.962241
5470	0.958661	0.998776	0.998761	0.837439	0.962358	0.962241
5480	0.958717	0.998776	0.998761	0.837502	0.962358	0.962282
5490	0.958818	0.998776	0.998761	0.837579	0.962358	0.962282
5500	0.958925	0.998776	0.998761	0.837631	0.961862	0.961789
5510	0.959036	0.998776	0.998761	0.837711	0.961862	0.961789
5520	0.959154	0.998776	0.998761	0.837772	0.962358	0.962282
5530	0.959238	0.998776	0.998761	0.837839	0.962358	0.962282
5540	0.959354	0.998776	0.998761	0.837957	0.962358	0.962282
5550	0.959490	0.998776	0.998761	0.838123	0.962358	0.962282
5560	0.959555	0.998776	0.998761	0.838230	0.962853	0.962765
5570	0.959680	0.998776	0.998761	0.838370	0.962358	0.962282
5580	0.959809	0.998776	0.998761	0.838492	0.962358	0.962282
5590	0.959872	0.998776	0.998761	0.838551	0.962358	0.962282
5600	0.960001	0.998776	0.998761	0.838702	0.962358	0.962282
5610	0.960077	0.998776	0.998762	0.838755	0.962358	0.962282
5620	0.960220	0.998776	0.998762	0.838893	0.962853	0.962765
5630	0.960305	0.998776	0.998760	0.838972	0.962853	0.962765
5640	0.960430	0.998776	0.998760	0.839140	0.962358	0.962282
5650	0.960470	0.998776	0.998762	0.839213	0.962358	0.962282
5660	0.960548	0.998776	0.998762	0.839363	0.962853	0.962779
5670	0.960642	0.998776	0.998760	0.839402	0.962853	0.962779
5680	0.960753	0.998832	0.998816	0.839492	0.962853	0.962779
5690	0.960830	0.998832	0.998816	0.839532	0.962358	0.962295
5700	0.960966	0.998888	0.998871	0.839666	0.962358	0.962295
5710	0.961014	0.998888	0.998871	0.839699	0.962358	0.962282
5720	0.961082	0.998888	0.998871	0.839737	0.962358	0.962282
5730	0.961207	0.998888	0.998871	0.839855	0.962358	0.962282
5740	0.961279	0.998943	0.998927	0.839951	0.962358	0.962282
5750	0.961324	0.998943	0.998927	0.839970	0.962358	0.962282
5760	0.961350	0.998943	0.998927	0.840059	0.962358	0.962282
5770	0.961489	0.998943	0.998927	0.840232	0.962358	0.962282
5780	0.961559	0.998943	0.998927	0.840377	0.962358	0.962282
5790	0.961690	0.998943	0.998927	0.840458	0.962358	0.962282
5800	0.961746	0.998943	0.998927	0.840529	0.962358	0.962282
5810	0.961850	0.998943	0.998927	0.840684	0.962853	0.962765
5820	0.961949	0.998943	0.998927	0.840791	0.962358	0.962282
5830	0.962001	0.998943	0.998927	0.840857	0.962358	0.962282
5840	0.962053	0.998943	0.998927	0.840879	0.962853	0.962779
5850	0.962186	0.998943	0.998927	0.841019	0.962853	0.962779
5860	0.962245	0.998943	0.998927	0.841030	0.962853	0.962765
5870	0.962333	0.998943	0.998927	0.841089	0.962853	0.962765
5880	0.962463	0.998943	0.998927	0.841206	0.962853	0.962765
5890	0.962535	0.998943	0.998927	0.841343	0.962853	0.962765
5900	0.962604	0.998943	0.998927	0.841407	0.962853	0.962765
5910	0.962646	0.998943	0.998927	0.841400	0.963348	0.963243
5920	0.962714	0.998943	0.998927	0.841451	0.963348	0.963243
5930	0.962818	0.998943	0.998927	0.841536	0.963348	0.963243
5940	0.962857	0.998943	0.998927	0.841559	0.963348	0.963243
5950	0.962982	0.998999	0.998984	0.841669	0.963348	0.963243
5960	0.963032	0.998999	0.998984	0.841761	0.963348	0.963243
5970	0.963083	0.998999	0.998986	0.841797	0.963348	0.963243
5980	0.963196	0.998999	0.998986	0.841872	0.963348	0.963243
5990	0.963250	0.998999	0.998986	0.841895	0.963348	0.963243
6000	0.963355	0.998999	0.998984	0.842005	0.963348	0.963243
6010	0.963441	0.998999	0.998984	0.842075	0.963348	0.963243
6020	0.963521	0.998999	0.998984	0.842125	0.963348	0.963243
6030	0.963567	0.998999	0.998984	0.842142	0.963348	0.963243
6040	0.963633	0.998999	0.998983	0.842209	0.963348	0.963243
6050	0.963723	0.998999	0.998983	0.842343	0.963348	0.963243
6060	0.963779	0.998999	0.998983	0.842365	0.962853	0.962760
6070	0.963890	0.998999	0.998983	0.842503	0.962853	0.962760
6080	0.963925	0.998999	0.998983	0.842537	0.962853	0.962760
6090	0.964008	0.998999	0.998983	0.842593	0.962853	0.962760
6100	0.964091	0.998999	0.998983	0.842726	0.962853	0.962760
6110	0.964160	0.998999	0.998983	0.842791	0.962853	0.962760
6120	0.964208	0.998999	0.998983	0.842884	0.962853	0.962760
6130	0.964328	0.998999	0.998983	0.842958	0.962853	0.962760
6140	0.964365	0.998999	0.998983	0.842996	0.962853	0.962760
6150	0.964402	0.998999	0.998983	0.843024	0.962853	0.962760
6160	0.964503	0.999055	0.999040	0.843127	0.962853	0.962760
6170	0.964541	0.999055	0.999040	0.843158	0.962853	0.962760
6180	0.964634	0.999055	0.999040	0.843241	0.962853	0.962720
6190	0.964683	0.999055	0.999040	0.843321	0.962853	0.962720
6200	0.964736	0.999055	0.999040	0.843397	0.962853	0.962720
6210	0.964843	0.999055	0.999040	0.843493	0.962853	0.962720
6220	0.964909	0.999055	0.999040	0.843626	0.962853	0.962720
6230	0.965019	0.999055	0.999040	0.843789	0.962853	0.962720
6240	0.965072	0.999055	0.999040	0.843902	0.962853	0.962720
6250	0.965195	0.999055	0.999041	0.844035	0.962853	0.962720
6260	0.965262	0.999055	0.999041	0.844115	0.962853	0.962720
6270	0.965392	0.999055	0.999041	0.844218	0.962853	0.962760
6280	0.965427	0.999110	0.999097	0.844269	0.962853	0.962760
6290	0.965476	0.999110	0.999097	0.844324	0.962853	0.962760
6300	0.965563	0.999166	0.999155	0.844404	0.962853	0.962760
6310	0.965633	0.999166	0.999155	0.844505	0.962853	0.962760
6320	0.965694	0.999166	0.999155	0.844574	0.962853	0.962760
6330	0.965785	0.999166	0.999155	0.844684	0.962853	0.962760
6340	0.965877	0.999166	0.999155	0.844829	0.962853	0.962760
6350	0.965937	0.999166	0.999155	0.844906	0.962853	0.962760
6360	0.966035	0.999221	0.999211	0.844992	0.962853	0.962760
6370	0.966080	0.999221	0.999211	0.845052	0.962853	0.962760
6380	0.966147	0.999221	0.999210	0.845159	0.962853	0.962760
6390	0.966233	0.999221	0.999210	0.845229	0.962853	0.962760
6400	0.966273	0.999221	0.999210	0.845254	0.962853	0.962760
6410	0.966337	0.999221	0.999210	0.845318	0.962853	0.962760
6420	0.966395	0.999221	0.999210	0.845377	0.962853	0.962760
6430	0.966441	0.999221	0.999210	0.845452	0.963348	0.963243
6440	0.966529	0.999277	0.999267	0.845530	0.963348	0.963243
6450	0.966566	0.999277	0.999267	0.845563	0.963348	0.963243
6460	0.966621	0.999277	0.999267	0.845600	0.963348	0.963243
6470	0.966679	0.999277	0.999268	0.845666	0.963348	0.963234
6480	0.966788	0.999277	0.999268	0.845788	0.963348	0.963234
6490	0.966830	0.999277	0.999268	0.845814	0.963348	0.963243
6500	0.966882	0.999277	0.999268	0.845857	0.963348	0.963234
6510	0.966955	0.999277	0.999268	0.845974	0.963348	0.963234
6520	0.967022	0.999333	0.999325	0.846030	0.963348	0.963234
6530	0.967055	0.999333	0.999325	0.846064	0.963348	0.963234
6540	0.967115	0.999333	0.999325	0.846148	0.962853	0.962751
6550	0.967149	0.999333	0.999325	0.846074	0.962853	0.962751
6560	0.967244	0.999333	0.999325	0.846202	0.962853	0.962751
6570	0.967284	0.999333	0.999325	0.846305	0.962853	0.962751
6580	0.967358	0.999333	0.999323	0.846386	0.962853	0.962711
6590	0.967397	0.999333	0.999323	0.846474	0.962853	0.962711
6600	0.967503	0.999333	0.999323	0.846499	0.962853	0.962711
6610	0.967529	0.999333	0.999323	0.846564	0.962853	0.962711
6620	0.967563	0.999333	0.999323	0.846581	0.962853	0.962711
6630	0.967658	0.999388	0.999379	0.846614	0.963348	0.963170
6640	0.967684	0.999388	0.999379	0.846629	0.963843	0.963653
6650	0.967742	0.999388	0.999379	0.846657	0.963843	0.963696
6660	0.967801	0.999388	0.999379	0.846710	0.963348	0.963175
6670	0.967884	0.999388	0.999379	0.846821	0.963843	0.963696
6680	0.967935	0.999444	0.999436	0.846858	0.963348	0.963175
6690	0.968043	0.999444	0.999436	0.846916	0.963843	0.963696
6700	0.968095	0.999444	0.999436	0.846957	0.962853	0.962714
6710	0.968171	0.999444	0.999436	0.847096	0.963348	0.963234
6720	0.968208	0.999444	0.999436	0.847149	0.963348	0.963234
6730	0.968254	0.999444	0.999436	0.847219	0.963843	0.963696
6740	0.968320	0.999444	0.999436	0.847317	0.963348	0.963209
6750	0.968381	0.999444	0.999436	0.847350	0.962853	0.962688
6760	0.968410	0.999444	0.999436	0.847402	0.962853	0.962688
6770	0.968469	0.999444	0.999436	0.847451	0.963348	0.963150
6780	0.968507	0.999444	0.999436	0.847525	0.963348	0.963150
6790	0.968583	0.999444	0.999436	0.847608	0.963348	0.963150
6800	0.968634	0.999444	0.999436	0.847650	0.963348	0.963150
6810	0.968697	0.999444	0.999436	0.847751	0.963348	0.963150
6820	0.968768	0.999444	0.999436	0.847832	0.963348	0.963150
6830	0.968808	0.999444	0.999436	0.847856	0.963348	0.963150
6840	0.968877	0.999444	0.999436	0.847976	0.963348	0.963150
6850	0.968905	0.999444	0.999436	0.848027	0.963843	0.963670
6860	0.968993	0.999444	0.999436	0.848151	0.963348	0.963150
6870	0.969044	0.999444	0.999436	0.848203	0.963348	0.963150
6880	0.969098	0.999444	0.999436	0.848300	0.963348	0.963150
6890	0.969175	0.999444	0.999436	0.848409	0.963843	0.963670
6900	0.969241	0.999444	0.999436	0.848525	0.963843	0.963670
6910	0.969284	0.999444	0.999436	0.848556	0.963843	0.963670
6920	0.969358	0.999444	0.999436	0.848695	0.963843	0.963670
6930	0.969411	0.999444	0.999436	0.848775	0.963843	0.963670
6940	0.969465	0.999444	0.999436	0.848832	0.963843	0.963670
6950	0.969551	0.999444	0.999436	0.848925	0.963843	0.963670
6960	0.969574	0.999444	0.999436	0.848957	0.963843	0.963670
6970	0.969619	0.999444	0.999436	0.848996	0.963843	0.963670
6980	0.969690	0.999444	0.999436	0.849030	0.963843	0.963670
6990	0.969750	0.999444	0.999436	0.849089	0.963843	0.963670
7000	0.969822	0.999444	0.999436	0.849221	0.963843	0.963670
7010	0.969906	0.999444	0.999436	0.849257	0.964339	0.964166
7020	0.969938	0.999444	0.999436	0.849295	0.964339	0.964166
7030	0.969991	0.999444	0.999436	0.849342	0.964339	0.964166
7040	0.970041	0.999444	0.999436	0.849391	0.963843	0.963670
7050	0.970074	0.999444	0.999436	0.849434	0.964339	0.964166
7060	0.970104	0.999444	0.999436	0.849458	0.964339	0.964166
7070	0.970172	0.999499	0.999492	0.849521	0.964339	0.964166
7080	0.970203	0.999499	0.999492	0.849512	0.964339	0.964166
7090	0.970258	0.999499	0.999492	0.849553	0.964339	0.964166
7100	0.970292	0.999499	0.999492	0.849574	0.964339	0.964166
7110	0.970347	0.999499	0.999492	0.849674	0.964339	0.964166
7120	0.970378	0.999499	0.999492	0.849705	0.964339	0.964166
7130	0.970436	0.999499	0.999492	0.849781	0.964339	0.964166
7140	0.970466	0.999499	0.999492	0.849802	0.964339	0.964166
7150	0.970527	0.999499	0.999492	0.849887	0.964339	0.964166
7160	0.970561	0.999499	0.999492	0.849911	0.964339	0.964166
7170	0.970635	0.999499	0.999492	0.850087	0.964339	0.964166
7180	0.970671	0.999499	0.999492	0.850157	0.963843	0.963670
7190	0.970760	0.999499	0.999492	0.850215	0.963843	0.963670
7200	0.970777	0.999499	0.999492	0.850227	0.963843	0.963670
7210	0.970801	0.999499	0.999492	0.850253	0.963843	0.963670
7220	0.970833	0.999499	0.999492	0.850293	0.963843	0.963670
7230	0.970882	0.999499	0.999492	0.850279	0.963843	0.963670
7240	0.970919	0.999499	0.999492	0.850307	0.963843	0.963670
7250	0.970979	0.999499	0.999492	0.850300	0.963843	0.963670
7260	0.971030	0.999499	0.999492	0.850309	0.963843	0.963670
7270	0.971106	0.999555	0.999548	0.850399	0.963843	0.963670
7280	0.971153	0.999611	0.999605	0.850426	0.963843	0.963670
7290	0.971199	0.999611	0.999605	0.850428	0.963843	0.963670
7300	0.971249	0.999611	0.999605	0.850471	0.963348	0.963150
7310	0.971302	0.999611	0.999605	0.850525	0.963348	0.963150
7320	0.971394	0.999611	0.999605	0.850624	0.963348	0.963150
7330	0.971454	0.999611	0.999605	0.850686	0.963348	0.963150
7340	0.971511	0.999611	0.999605	0.850721	0.963348	0.963150
7350	0.971572	0.999611	0.999605	0.850833	0.963348	0.963150
7360	0.971626	0.999611	0.999605	0.850875	0.963348	0.963150
7370	0.971684	0.999611	0.999605	0.850940	0.963348	0.963150
7380	0.971742	0.999611	0.999605	0.851005	0.963348	0.963150
7390	0.971770	0.999611	0.999605	0.851020	0.963348	0.963150
7400	0.971815	0.999611	0.999605	0.851037	0.963348	0.963150
7410	0.971885	0.999611	0.999605	0.851090	0.963348	0.963150
7420	0.971953	0.999611	0.999605	0.851139	0.963348	0.963150
7430	0.971985	0.999611	0.999605	0.851161	0.963348	0.963150
7440	0.972033	0.999611	0.999605	0.851224	0.963348	0.963150
7450	0.972084	0.999611	0.999604	0.851253	0.963348	0.963150
7460	0.972118	0.999611	0.999604	0.851307	0.963348	0.963150
7470	0.972142	0.999611	0.999604	0.851364	0.963348	0.963150
7480	0.972190	0.999611	0.999604	0.851425	0.963348	0.963150
7490	0.972200	0.999611	0.999604	0.851459	0.963348	0.963150
7500	0.972234	0.999611	0.999604	0.851458	0.963348	0.963150
7510	0.972294	0.999611	0.999604	0.851562	0.963348	0.963150
7520	0.972316	0.999611	0.999604	0.851579	0.963348	0.963150
7530	0.972365	0.999611	0.999604	0.851674	0.963348	0.963150
7540	0.972381	0.999611	0.999604	0.851709	0.963348	0.963150
7550	0.972413	0.999611	0.999605	0.851725	0.963348	0.963150
7560	0.972488	0.999611	0.999604	0.851816	0.963348	0.963150
7570	0.972538	0.999611	0.999604	0.851839	0.963348	0.963150
7580	0.972571	0.999611	0.999604	0.851877	0.963348	0.963150
7590	0.972597	0.999611	0.999604	0.851890	0.963348	0.963150
7600	0.972664	0.999611	0.999604	0.851957	0.963348	0.963150
7610	0.972712	0.999611	0.999604	0.852002	0.963348	0.963150
7620	0.972775	0.999611	0.999604	0.852081	0.963348	0.963150
7630	0.972817	0.999611	0.999604	0.852099	0.963348	0.963150
7640	0.972872	0.999611	0.999604	0.852128	0.963348	0.963150
7650	0.972938	0.999611	0.999604	0.852213	0.963348	0.963150
7660	0.972985	0.999611	0.999604	0.852301	0.963348	0.963150
7670	0.973048	0.999611	0.999604	0.852483	0.963843	0.963649
7680	0.973114	0.999611	0.999604	0.852553	0.963843	0.963649
7690	0.973137	0.999611	0.999604	0.852600	0.963843	0.963649
7700	0.973145	0.999611	0.999604	0.852612	0.963843	0.963649
7710	0.973172	0.999611	0.999604	0.852625	0.963843	0.963649
7720	0.973213	0.999666	0.999662	0.852688	0.963843	0.963649
7730	0.973248	0.999666	0.999662	0.852758	0.963843	0.963649
7740	0.973284	0.999666	0.999662	0.852846	0.963843	0.963649
7750	0.973335	0.999666	0.999662	0.852906	0.963843	0.963649
7760	0.973395	0.999666	0.999662	0.852965	0.963843	0.963649
7770	0.973426	0.999666	0.999662	0.853030	0.964339	0.964167
7780	0.973453	0.999666	0.999662	0.853065	0.964339	0.964167
7790	0.973495	0.999666	0.999662	0.853112	0.964339	0.964167
7800	0.973528	0.999666	0.999662	0.853106	0.964339	0.964167
7810	0.973577	0.999666	0.999662	0.853148	0.964339	0.964167
7820	0.973599	0.999666	0.999662	0.853170	0.964339	0.964167
7830	0.973654	0.999666	0.999662	0.853228	0.964339	0.964167
7840	0.973682	0.999666	0.999662	0.853238	0.964339	0.964167
7850	0.973717	0.999722	0.999718	0.853300	0.964339	0.964167
7860	0.973738	0.999722	0.999718	0.853363	0.964339	0.964167
7870	0.973792	0.999722	0.999717	0.853446	0.964339	0.964167
7880	0.973827	0.999722	0.999717	0.853465	0.963843	0.963649
7890	0.973875	0.999722	0.999717	0.853559	0.964339	0.964167
7900	0.973905	0.999722	0.999717	0.853579	0.964339	0.964167
7910	0.973970	0.999722	0.999717	0.853689	0.964339	0.964167
7920	0.973989	0.999722	0.999717	0.853716	0.964339	0.964167
7930	0.974017	0.999722	0.999717	0.853751	0.964339	0.964167
7940	0.974080	0.999722	0.999717	0.853806	0.963843	0.963649
7950	0.974132	0.999722	0.999717	0.853886	0.963843	0.963649
7960	0.974163	0.999722	0.999718	0.853922	0.963843	0.963649
7970	0.974211	0.999722	0.999718	0.853987	0.963843	0.963649
7980	0.974236	0.999722	0.999718	0.854008	0.963843	0.963649
7990	0.974279	0.999722	0.999718	0.854086	0.963843	0.963649
8000	0.974320	0.999722	0.999718	0.854132	0.963843	0.963649
8010	0.974366	0.999722	0.999718	0.854184	0.963843	0.963649
8020	0.974400	0.999722	0.999718	0.854238	0.963843	0.963649
8030	0.974449	0.999722	0.999718	0.854284	0.963843	0.963649
8040	0.974490	0.999722	0.999718	0.854364	0.963843	0.963649
8050	0.974572	0.999722	0.999718	0.854244	0.963843	0.963649
8060	0.974618	0.999722	0.999718	0.854291	0.963843	0.963649
8070	0.974673	0.999722	0.999718	0.854354	0.963843	0.963649
8080	0.974705	0.999722	0.999718	0.854425	0.964339	0.964167
8090	0.974749	0.999722	0.999718	0.854428	0.963843	0.963649
8100	0.974805	0.999778	0.999775	0.854466	0.963843	0.963649
8110	0.974835	0.999778	0.999775	0.854485	0.963843	0.963649
8120	0.974895	0.999778	0.999775	0.854518	0.963843	0.963649
8130	0.974939	0.999778	0.999775	0.854555	0.963843	0.963649
8140	0.975001	0.999778	0.999774	0.854654	0.964339	0.964145
8150	0.975028	0.999778	0.999774	0.854681	0.964339	0.964145
8160	0.975080	0.999778	0.999775	0.854714	0.964339	0.964145
8170	0.975110	0.999778	0.999774	0.854771	0.964339	0.964145
8180	0.975168	0.999778	0.999775	0.854786	0.964339	0.964145
8190	0.975210	0.999778	0.999775	0.854865	0.964834	0.964662
8200	0.975233	0.999778	0.999774	0.854887	0.964834	0.964662
8210	0.975288	0.999778	0.999774	0.854925	0.964834	0.964662
8220	0.975317	0.999778	0.999774	0.854945	0.964834	0.964662
8230	0.975341	0.999778	0.999774	0.854947	0.964834	0.964662
8240	0.975378	0.999778	0.999774	0.854971	0.964834	0.964662
8250	0.975425	0.999778	0.999774	0.855041	0.964834	0.964662
8260	0.975472	0.999778	0.999774	0.855083	0.964834	0.964662
8270	0.975515	0.999778	0.999774	0.855106	0.964834	0.964662
8280	0.975564	0.999778	0.999774	0.855154	0.964834	0.964662
8290	0.975588	0.999778	0.999774	0.855152	0.964834	0.964662
8300	0.975628	0.999778	0.999774	0.855201	0.964834	0.964662
8310	0.975654	0.999778	0.999774	0.855225	0.964834	0.964662
8320	0.975692	0.999778	0.999774	0.855260	0.964834	0.964662
8330	0.975738	0.999778	0.999774	0.855337	0.964834	0.964662
8340	0.975770	0.999778	0.999774	0.855338	0.964834	0.964662
8350	0.975817	0.999778	0.999774	0.855405	0.965825	0.965626
8360	0.975846	0.999778	0.999774	0.855367	0.965825	0.965626
8370	0.975879	0.999778	0.999774	0.855365	0.965825	0.965626
8380	0.975929	0.999778	0.999774	0.855364	0.965825	0.965626
8390	0.975957	0.999778	0.999774	0.855436	0.965825	0.965626
8400	0.975998	0.999778	0.999774	0.855493	0.965825	0.965626
8410	0.976025	0.999778	0.999774	0.855555	0.965825	0.965626
8420	0.976074	0.999778	0.999775	0.855613	0.965329	0.965165
8430	0.976106	0.999778	0.999775	0.855657	0.965329	0.965165
8440	0.976143	0.999778	0.999775	0.855688	0.965329	0.965165
8450	0.976177	0.999778	0.999775	0.855665	0.965329	0.965165
8460	0.976215	0.999778	0.999775	0.855691	0.965329	0.965165
8470	0.976250	0.999778	0.999775	0.855760	0.965329	0.965165
8480	0.976296	0.999778	0.999775	0.855841	0.965825	0.965626
8490	0.976339	0.999778	0.999775	0.855878	0.965825	0.965626
8500	0.976389	0.999778	0.999775	0.855927	0.965825	0.965626
8510	0.976418	0.999778	0.999775	0.856002	0.965825	0.965626
8520	0.976464	0.999778	0.999775	0.856038	0.965825	0.965626
8530	0.976508	0.999778	0.999775	0.856110	0.966320	0.966100
8540	0.976546	0.999778	0.999775	0.856194	0.965825	0.965626
8550	0.976588	0.999778	0.999775	0.856245	0.965825	0.965626
8560	0.976645	0.999778	0.999775	0.856311	0.965825	0.965626
8570	0.976677	0.999722	0.999720	0.856380	0.965825	0.965626
8580	0.976730	0.999778	0.999775	0.856497	0.966320	0.966100
8590	0.976755	0.999778	0.999775	0.856557	0.966320	0.966100
8600	0.976793	0.999778	0.999775	0.856583	0.966320	0.966100
8610	0.976842	0.999778	0.999775	0.856632	0.966320	0.966100
8620	0.976865	0.999778	0.999775	0.856626	0.966320	0.966100
8630	0.976897	0.999778	0.999775	0.856661	0.966320	0.966100
8640	0.976921	0.999778	0.999775	0.856685	0.966320	0.966100
8650	0.976953	0.999778	0.999775	0.856685	0.966320	0.966100
8660	0.976976	0.999778	0.999775	0.856679	0.966320	0.966100
8670	0.977034	0.999778	0.999775	0.856718	0.966320	0.966100
8680	0.977068	0.999778	0.999775	0.856761	0.966320	0.966100
8690	0.977086	0.999778	0.999775	0.856791	0.966320	0.966100
8700	0.977123	0.999778	0.999775	0.856864	0.966320	0.966100
8710	0.977139	0.999778	0.999775	0.856869	0.966320	0.966100
8720	0.977155	0.999778	0.999775	0.856909	0.966320	0.966100
8730	0.977188	0.999778	0.999775	0.856932	0.966320	0.966100
8740	0.977213	0.999778	0.999775	0.856953	0.966320	0.966100
8750	0.977247	0.999778	0.999775	0.856988	0.966320	0.966100
8760	0.977286	0.999778	0.999775	0.857024	0.966320	0.966100
8770	0.977323	0.999778	0.999775	0.857082	0.966320	0.966100
8780	0.977384	0.999778	0.999775	0.857183	0.966320	0.966100
8790	0.977423	0.999778	0.999775	0.857260	0.966320	0.966100
8800	0.977462	0.999778	0.999775	0.857321	0.966320	0.966100
8810	0.977486	0.999778	0.999775	0.857344	0.965825	0.965626
8820	0.977520	0.999778	0.999775	0.857391	0.965329	0.965112
8830	0.977540	0.999778	0.999775	0.857430	0.965329	0.965112
8840	0.977577	0.999778	0.999774	0.857510	0.965825	0.965586
8850	0.977601	0.999778	0.999774	0.857560	0.965825	0.965586
8860	0.977642	0.999778	0.999774	0.857689	0.965825	0.965586
8870	0.977668	0.999778	0.999774	0.857724	0.965825	0.965586
8880	0.977702	0.999778	0.999774	0.857799	0.965825	0.965586
8890	0.977747	0.999778	0.999774	0.857802	0.965825	0.965586
8900	0.977781	0.999778	0.999774	0.857851	0.965825	0.965586
8910	0.977802	0.999778	0.999774	0.857912	0.965825	0.965586
8920	0.977830	0.999778	0.999774	0.857938	0.965825	0.965586
8930	0.977853	0.999778	0.999774	0.857954	0.965825	0.965586
8940	0.977889	0.999778	0.999774	0.857996	0.965825	0.965586
8950	0.977917	0.999778	0.999774	0.858060	0.965825	0.965586
8960	0.977962	0.999778	0.999774	0.858057	0.965825	0.965586
8970	0.977992	0.999778	0.999774	0.858094	0.965825	0.965586
8980	0.978021	0.999778	0.999774	0.858145	0.965825	0.965586
8990	0.978076	0.999778	0.999774	0.858175	0.965825	0.965586
9000	0.978097	0.999778	0.999774	0.858199	0.965825	0.965586
9010	0.978139	0.999778	0.999774	0.858242	0.965825	0.965586
9020	0.978170	0.999778	0.999774	0.858282	0.965329	0.965112
9030	0.978205	0.999778	0.999774	0.858323	0.965329	0.965112
9040	0.978220	0.999778	0.999774	0.858339	0.965329	0.965112
9050	0.978240	0.999778	0.999774	0.858382	0.965329	0.965112
9060	0.978292	0.999778	0.999774	0.858412	0.965329	0.965112
9070	0.978309	0.999778	0.999774	0.858426	0.965329	0.965112
9080	0.978326	0.999778	0.999774	0.858438	0.965329	0.965112
9090	0.978356	0.999833	0.999831	0.858492	0.965329	0.965112
9100	0.978371	0.999833	0.999831	0.858504	0.965329	0.965112
9110	0.978384	0.999833	0.999831	0.858515	0.965329	0.965112
9120	0.978404	0.999833	0.999831	0.858586	0.965329	0.965112
9130	0.978428	0.999833	0.999831	0.858635	0.965329	0.965112
9140	0.978443	0.999833	0.999831	0.858686	0.965329	0.965112
9150	0.978482	0.999833	0.999831	0.858748	0.965329	0.965112
9160	0.978502	0.999833	0.999831	0.858707	0.965329	0.965112
9170	0.978536	0.999833	0.999831	0.858714	0.965329	0.965112
9180	0.978558	0.999833	0.999831	0.858741	0.965329	0.965112
9190	0.978574	0.999833	0.999831	0.858723	0.965329	0.965112
9200	0.978609	0.999833	0.999831	0.858777	0.965329	0.965112
9210	0.978619	0.999833	0.999831	0.858799	0.965329	0.965112
9220	0.978626	0.999833	0.999831	0.858808	0.965329	0.965112
9230	0.978629	0.999833	0.999831	0.858806	0.965329	0.965112
9240	0.978638	0.999833	0.999831	0.858790	0.965329	0.965112
9250	0.978653	0.999833	0.999831	0.858799	0.965329	0.965112
9260	0.978689	0.999833	0.999831	0.858856	0.965329	0.965112
9270	0.978703	0.999833	0.999831	0.858859	0.965329	0.965112
9280	0.978728	0.999833	0.999831	0.858878	0.965329	0.965112
9290	0.978742	0.999833	0.999831	0.858887	0.965329	0.965112
9300	0.978791	0.999833	0.999831	0.858923	0.965329	0.965112
9310	0.978813	0.999833	0.999831	0.858907	0.965329	0.965112
9320	0.978829	0.999833	0.999831	0.858943	0.965329	0.965112
9330	0.978863	0.999833	0.999831	0.859023	0.965329	0.965112
9340	0.978894	0.999833	0.999831	0.859060	0.965329	0.965112
9350	0.978918	0.999833	0.999831	0.859094	0.965329	0.965112
9360	0.978957	0.999833	0.999831	0.859128	0.965329	0.965112
9370	0.978972	0.999833	0.999831	0.859142	0.965329	0.965112
9380	0.978999	0.999833	0.999831	0.859152	0.965329	0.965112
9390	0.979023	0.999833	0.999831	0.859196	0.965329	0.965112
9400	0.979057	0.999833	0.999831	0.859238	0.965329	0.965112
9410	0.979081	0.999833	0.999831	0.859260	0.965329	0.965112
9420	0.979094	0.999833	0.999831	0.859283	0.965329	0.965112
9430	0.979110	0.999833	0.999831	0.859325	0.965329	0.965112
9440	0.979132	0.999833	0.999831	0.859364	0.965329	0.965112
9450	0.979163	0.999833	0.999831	0.859434	0.965329	0.965112
9460	0.979181	0.999833	0.999831	0.859458	0.965329	0.965112
9470	0.979213	0.999833	0.999831	0.859474	0.965329	0.965112
9480	0.979240	0.999833	0.999831	0.859505	0.965329	0.965112
9490	0.979280	0.999833	0.999831	0.859541	0.965329	0.965112
9500	0.979303	0.999833	0.999831	0.859597	0.965825	0.965628
9510	0.979326	0.999833	0.999831	0.859625	0.965329	0.965112
9520	0.979356	0.999833	0.999831	0.859657	0.965825	0.965628
9530	0.979381	0.999833	0.999831	0.859681	0.965825	0.965628
9540	0.979409	0.999833	0.999831	0.859738	0.965825	0.965628
9550	0.979438	0.999833	0.999831	0.859758	0.965825	0.965628
9560	0.979471	0.999833	0.999831	0.859809	0.965825	0.965628
9570	0.979515	0.999833	0.999831	0.859872	0.965825	0.965628
9580	0.979541	0.999833	0.999831	0.859887	0.965825	0.965628
9590	0.979574	0.999833	0.999831	0.859935	0.965825	0.965628
9600	0.979593	0.999833	0.999831	0.859948	0.965825	0.965628
9610	0.979627	0.999833	0.999831	0.859946	0.965825	0.965628
9620	0.979644	0.999833	0.999831	0.859986	0.965825	0.965628
9630	0.979663	0.999833	0.999831	0.860007	0.965825	0.965628
9640	0.979691	0.999889	0.999888	0.860042	0.965825	0.965628
9650	0.979707	0.999889	0.999888	0.860055	0.965825	0.965628
9660	0.979738	0.999889	0.999888	0.860068	0.965825	0.965628
9670	0.979757	0.999889	0.999888	0.860076	0.965825	0.965628
9680	0.979786	0.999889	0.999888	0.860116	0.965825	0.965628
9690	0.979806	0.999889	0.999888	0.860123	0.965825	0.965628
9700	0.979832	0.999889	0.999888	0.860140	0.965825	0.965628
9710	0.979856	0.999889	0.999888	0.860155	0.965825	0.965628
9720	0.979877	0.999889	0.999888	0.860167	0.965825	0.965628
9730	0.979914	0.999889	0.999888	0.860217	0.965825	0.965628
9740	0.979928	0.999889	0.999888	0.860221	0.965825	0.965628
9750	0.979952	0.999889	0.999888	0.860262	0.965825	0.965628
9760	0.979968	0.999889	0.999888	0.860274	0.965825	0.965628
9770	0.980006	0.999889	0.999888	0.860301	0.965825	0.965628
9780	0.980017	0.999889	0.999888	0.860321	0.965825	0.965628
9790	0.980036	0.999889	0.999888	0.860343	0.965825	0.965628
9800	0.980047	0.999889	0.999888	0.860357	0.965825	0.965628
9810	0.980069	0.999889	0.999888	0.860387	0.965825	0.965628
9820	0.980088	0.999889	0.999888	0.860400	0.965825	0.965628
9830	0.980121	0.999889	0.999888	0.860433	0.965825	0.965628
9840	0.980163	0.999944	0.999944	0.860509	0.965825	0.965628
9850	0.980178	0.999944	0.999944	0.860560	0.965825	0.965628
9860	0.980195	0.999944	0.999944	0.860574	0.965825	0.965628
9870	0.980215	0.999944	0.999944	0.860634	0.965825	0.965628
9880	0.980251	0.999944	0.999944	0.860668	0.965825	0.965628
9890	0.980281	0.999944	0.999944	0.860704	0.965825	0.965628
9900	0.980301	0.999944	0.999944	0.860723	0.965825	0.965628
9910	0.980326	0.999944	0.999944	0.860739	0.965825	0.965628
9920	0.980351	0.999944	0.999944	0.860764	0.965825	0.965628
9930	0.980372	0.999944	0.999944	0.860803	0.965825	0.965628
9940	0.980399	0.999944	0.999944	0.860821	0.965825	0.965628
9950	0.980429	0.999944	0.999944	0.860847	0.965825	0.965628
9960	0.980446	0.999944	0.999944	0.860864	0.965825	0.965628
9970	0.980473	0.999944	0.999944	0.860893	0.965825	0.965628
9980	0.980491	0.999944	0.999944	0.860935	0.965825	0.965628
9990	0.980515	0.999944	0.999944	0.861004	0.965825	0.965628
10000	0.980546	0.999944	0.999944	0.861033	0.966320	0.966141
