10	0.082719	0.410170	0.353909	0.080126	0.401831	0.356659
20	0.152037	0.654042	0.662863	0.151227	0.646999	0.662355
30	0.200947	0.685317	0.686537	0.201905	0.684639	0.692333
40	0.234676	0.706832	0.707510	0.235594	0.708545	0.715184
50	0.260671	0.732672	0.730073	0.258905	0.729908	0.735043
60	0.280431	0.749251	0.747000	0.277307	0.748728	0.753634
70	0.296449	0.758900	0.756246	0.290016	0.752289	0.756700
80	0.313127	0.771099	0.767482	0.307642	0.766531	0.768463
90	0.330421	0.780304	0.775925	0.322487	0.775687	0.777275
100	0.345455	0.789010	0.783975	0.337078	0.785351	0.785472
110	0.361181	0.798935	0.792650	0.349480	0.790946	0.790157
120	0.374425	0.806421	0.799313	0.362346	0.803154	0.799831
130	0.386368	0.813242	0.805806	0.374298	0.809766	0.806108
140	0.399087	0.821060	0.812668	0.385233	0.815870	0.811027
150	0.408858	0.826772	0.817743	0.393081	0.819939	0.814181
160	0.418355	0.829378	0.819655	0.402622	0.822991	0.816963
170	0.429390	0.836143	0.825859	0.412247	0.830112	0.823287
180	0.440072	0.841577	0.830620	0.420480	0.831638	0.823870
190	0.450550	0.845791	0.834423	0.429286	0.835198	0.827162
200	0.461109	0.848009	0.836480	0.436116	0.836216	0.827907
210	0.469581	0.851780	0.839876	0.443276	0.839776	0.830828
220	0.477604	0.854885	0.842597	0.449162	0.840285	0.831621
230	0.484976	0.858101	0.845763	0.454854	0.844863	0.834916
240	0.491749	0.860430	0.847983	0.460001	0.847915	0.837969
250	0.498937	0.863924	0.851005	0.465466	0.848423	0.838340
260	0.505973	0.868249	0.855086	0.472256	0.851984	0.841594
270	0.513350	0.870522	0.857125	0.477944	0.853001	0.842422
280	0.521663	0.874903	0.861348	0.484724	0.854527	0.843873
290	0.527359	0.877676	0.863807	0.489628	0.859613	0.848802
300	0.533956	0.880670	0.866611	0.493778	0.860122	0.849486
310	0.540397	0.882666	0.868512	0.498966	0.861648	0.850836
320	0.545503	0.884773	0.870438	0.502410	0.862665	0.851459
330	0.550776	0.886049	0.871503	0.507005	0.863174	0.851604
340	0.556381	0.887878	0.873236	0.511815	0.867243	0.855317
350	0.561120	0.888987	0.874234	0.515469	0.867752	0.855499
360	0.564704	0.890817	0.875869	0.517920	0.867752	0.855246
370	0.568681	0.892093	0.877045	0.520890	0.869278	0.857078
380	0.572708	0.893701	0.878551	0.523509	0.870295	0.857855
390	0.578089	0.895808	0.880552	0.528218	0.871312	0.859234
400	0.582874	0.897305	0.881872	0.532633	0.871312	0.859405
410	0.587855	0.899579	0.884008	0.536037	0.874873	0.862806
420	0.592385	0.901020	0.885321	0.539108	0.875381	0.862824
430	0.595968	0.902351	0.886374	0.541183	0.876907	0.864380
440	0.599727	0.903682	0.887614	0.544336	0.878942	0.866187
450	0.603056	0.905068	0.888878	0.546648	0.877925	0.865303
460	0.607042	0.906843	0.890512	0.549531	0.880977	0.868450
470	0.610275	0.907730	0.891328	0.551715	0.880468	0.868093
480	0.613503	0.908673	0.892201	0.553846	0.881485	0.868995
490	0.617454	0.910114	0.893558	0.556043	0.880977	0.868530
500	0.620391	0.910669	0.894074	0.558599	0.881994	0.869504
510	0.625142	0.912000	0.895350	0.560776	0.881994	0.869603
520	0.629388	0.913829	0.896943	0.562803	0.882503	0.870066
530	0.633359	0.914938	0.897947	0.565457	0.882503	0.869937
540	0.637007	0.916103	0.899071	0.567419	0.883520	0.870656
550	0.639583	0.917378	0.900252	0.569117	0.883520	0.870571
560	0.642268	0.917711	0.900566	0.571310	0.884028	0.871112
570	0.645993	0.918820	0.901621	0.572796	0.885554	0.872374
580	0.648948	0.919818	0.902531	0.574899	0.885554	0.872261
590	0.651806	0.920872	0.903535	0.577000	0.886063	0.872905
600	0.654964	0.921981	0.904594	0.579090	0.887589	0.874300
610	0.657253	0.922979	0.905582	0.580880	0.888098	0.874905
620	0.659337	0.923866	0.906422	0.582105	0.889115	0.875754
630	0.661813	0.924365	0.906859	0.584311	0.889115	0.875665
640	0.664436	0.924809	0.907301	0.586112	0.889624	0.876311
650	0.667578	0.925751	0.908165	0.587982	0.889624	0.876316
660	0.670971	0.926805	0.909144	0.591045	0.890132	0.876871
670	0.673073	0.927470	0.909777	0.593111	0.891150	0.878045
680	0.675442	0.928524	0.910724	0.594566	0.889624	0.876430
690	0.677916	0.929799	0.911955	0.595875	0.890132	0.876779
700	0.680546	0.930686	0.912791	0.597273	0.889624	0.876231
710	0.683550	0.931685	0.913765	0.600453	0.890641	0.877071
720	0.685843	0.932184	0.914200	0.601926	0.890641	0.877278
730	0.688260	0.932516	0.914533	0.604445	0.890641	0.877138
740	0.690470	0.932683	0.914710	0.606196	0.890132	0.876588
750	0.692845	0.933681	0.915654	0.608078	0.890641	0.877167
760	0.694954	0.934513	0.916481	0.609205	0.891150	0.877468
770	0.697244	0.935067	0.916993	0.611264	0.891658	0.878023
780	0.699155	0.935123	0.917015	0.612242	0.891150	0.877571
790	0.701062	0.936010	0.917778	0.613409	0.891658	0.877892
800	0.703291	0.936731	0.918477	0.614922	0.891658	0.877881
810	0.705091	0.937174	0.918920	0.616242	0.891150	0.877409
820	0.706822	0.937840	0.919517	0.617546	0.891658	0.877774
830	0.708398	0.937784	0.919464	0.618308	0.892675	0.878880
840	0.709828	0.938339	0.919963	0.619184	0.891658	0.878095
850	0.711926	0.938727	0.920366	0.620525	0.892167	0.878795
860	0.714080	0.939170	0.920783	0.621902	0.892675	0.879310
870	0.715521	0.939170	0.920765	0.622689	0.893184	0.879181
880	0.717168	0.939392	0.920966	0.624245	0.895219	0.881240
890	0.718670	0.939670	0.921249	0.625218	0.896236	0.882302
900	0.720441	0.940058	0.921623	0.626387	0.896745	0.882834
910	0.721818	0.940446	0.921929	0.627577	0.896745	0.883022
920	0.724005	0.941000	0.922495	0.628687	0.896745	0.882901
930	0.725416	0.941388	0.922872	0.629610	0.896745	0.882869
940	0.727297	0.941666	0.923163	0.630998	0.897762	0.883831
950	0.728641	0.941943	0.923399	0.632297	0.897762	0.883955
960	0.730357	0.942664	0.924103	0.633742	0.897762	0.883781
970	0.731786	0.942941	0.924380	0.634822	0.897762	0.883492
980	0.732890	0.943218	0.924628	0.635371	0.897762	0.883607
990	0.734204	0.943717	0.925076	0.636047	0.897762	0.883623
1000	0.735639	0.943828	0.925218	0.637144	0.898271	0.883850
1010	0.736736	0.943995	0.925303	0.637858	0.897253	0.883076
1020	0.738257	0.944327	0.925641	0.639323	0.898271	0.884242
1030	0.739486	0.944716	0.926007	0.640681	0.898271	0.883994
1040	0.741114	0.945159	0.926451	0.641907	0.898271	0.883998
1050	0.742588	0.945603	0.926870	0.642841	0.898779	0.884850
1060	0.743836	0.946102	0.927319	0.643152	0.897762	0.883757
1070	0.744792	0.946213	0.927409	0.643778	0.898271	0.883931
1080	0.745987	0.946435	0.927550	0.644515	0.899288	0.884936
1090	0.747270	0.947155	0.928223	0.645500	0.900305	0.886420
1100	0.748322	0.947155	0.928224	0.645928	0.900305	0.886357
1110	0.749167	0.947599	0.928640	0.646441	0.900814	0.886935
1120	0.750234	0.947932	0.928982	0.647204	0.901322	0.887355
1130	0.751407	0.948153	0.929178	0.648467	0.902340	0.887987
1140	0.753199	0.948431	0.929409	0.650917	0.903357	0.889131
1150	0.755045	0.949096	0.930087	0.652636	0.904883	0.890359
1160	0.756280	0.949263	0.930269	0.653398	0.904883	0.890252
1170	0.757206	0.949706	0.930671	0.654330	0.905900	0.891187
1180	0.758234	0.950039	0.930990	0.655373	0.906409	0.891691
1190	0.758959	0.950316	0.931250	0.655921	0.906409	0.891730
1200	0.759753	0.950372	0.931279	0.656272	0.906918	0.892292
1210	0.761054	0.950593	0.931483	0.657413	0.907426	0.892850
1220	0.762064	0.950649	0.931552	0.658620	0.906918	0.892381
1230	0.763045	0.950871	0.931766	0.659278	0.907426	0.892872
1240	0.763971	0.950926	0.931811	0.659885	0.907426	0.892813
1250	0.764769	0.950981	0.931858	0.660457	0.906918	0.892309
1260	0.765526	0.951148	0.932017	0.661032	0.906918	0.892166
1270	0.766459	0.951314	0.932179	0.661301	0.906409	0.891660
1280	0.767419	0.951481	0.932370	0.662248	0.907426	0.892764
1290	0.768321	0.951758	0.932614	0.662747	0.907935	0.893164
1300	0.769145	0.951980	0.932856	0.663590	0.907935	0.893158
1310	0.769920	0.952090	0.932962	0.663623	0.908444	0.893719
1320	0.770818	0.952146	0.932993	0.664539	0.907426	0.892491
1330	0.771598	0.952368	0.933227	0.664867	0.908444	0.893526
1340	0.772485	0.952479	0.933345	0.665566	0.908952	0.894052
1350	0.773392	0.952534	0.933399	0.666285	0.908444	0.893546
1360	0.774193	0.952700	0.933543	0.667014	0.908444	0.893645
1370	0.775305	0.952922	0.933761	0.667529	0.908444	0.893625
1380	0.775962	0.953033	0.933853	0.667953	0.908444	0.893400
1390	0.776650	0.953255	0.934032	0.668434	0.908444	0.893415
1400	0.777298	0.953366	0.934142	0.668977	0.908444	0.893506
1410	0.778124	0.953588	0.934396	0.669417	0.908444	0.893480
1420	0.778709	0.953588	0.934370	0.669822	0.908952	0.894181
1430	0.779619	0.953588	0.934365	0.670482	0.909461	0.894509
1440	0.780451	0.953643	0.934370	0.671219	0.909969	0.894931
1450	0.781077	0.953865	0.934589	0.671769	0.908952	0.893946
1460	0.781822	0.953865	0.934614	0.672491	0.908952	0.894157
1470	0.782773	0.954031	0.934765	0.672996	0.908952	0.894246
1480	0.783492	0.954364	0.935100	0.673776	0.909969	0.895172
1490	0.784680	0.954641	0.935323	0.674901	0.909969	0.895090
1500	0.785373	0.954752	0.935414	0.675166	0.910478	0.895429
1510	0.786049	0.954808	0.935470	0.675800	0.910478	0.895478
1520	0.786695	0.954918	0.935590	0.676282	0.910478	0.895525
1530	0.787407	0.955085	0.935746	0.676907	0.910478	0.895735
1540	0.788532	0.955140	0.935764	0.677879	0.909969	0.895027
1550	0.789508	0.955418	0.936030	0.678635	0.909461	0.894475
1560	0.790414	0.955750	0.936334	0.679631	0.909461	0.894413
1570	0.791661	0.955750	0.936319	0.680678	0.909969	0.894838
1580	0.792530	0.955972	0.956024	0.681230	0.909969	0.895003
1590	0.793188	0.955917	0.955976	0.681791	0.910987	0.896057
1600	0.793885	0.956028	0.956083	0.682184	0.910987	0.915417
1610	0.794465	0.955972	0.936483	0.682661	0.910478	0.914881
1620	0.795199	0.956305	0.936799	0.683183	0.910478	0.895202
1630	0.798426	0.961517	0.961409	0.686070	0.916073	0.919780
1640	0.799308	0.962404	0.962291	0.686914	0.916073	0.919907
1650	0.799995	0.963292	0.963164	0.687456	0.915565	0.919418
1660	0.801061	0.964290	0.964190	0.688418	0.917091	0.920904
1670	0.805094	0.969835	0.969702	0.692376	0.922686	0.925945
1680	0.806008	0.970334	0.970187	0.693218	0.923194	0.926387
1690	0.806472	0.970334	0.970195	0.693490	0.923703	0.926937
1700	0.807180	0.970334	0.970197	0.694332	0.923194	0.926466
1710	0.807855	0.970667	0.970526	0.694568	0.923194	0.926483
1720	0.812625	0.974215	0.974054	0.699277	0.927772	0.930753
1730	0.813674	0.974382	0.974227	0.700278	0.927263	0.930252
1740	0.814160	0.974382	0.974229	0.700673	0.927263	0.930252
1750	0.814707	0.974604	0.974448	0.701033	0.927263	0.930223
1760	0.815434	0.974714	0.974554	0.701423	0.927772	0.930571
1770	0.819530	0.976711	0.976560	0.705472	0.931841	0.934221
1780	0.820311	0.976877	0.976722	0.706099	0.931841	0.934210
1790	0.820817	0.976877	0.976719	0.706394	0.931841	0.934210
1800	0.821302	0.976988	0.976823	0.706619	0.931841	0.934185
1810	0.824082	0.977653	0.977480	0.709305	0.932350	0.934650
1820	0.824717	0.977764	0.977596	0.709907	0.932859	0.935065
1830	0.825335	0.977986	0.977806	0.710520	0.932350	0.934650
1840	0.826052	0.977820	0.977642	0.711257	0.932859	0.935115
1850	0.826640	0.978152	0.977975	0.712129	0.932859	0.935115
1860	0.829984	0.979040	0.978869	0.715405	0.934385	0.936582
1870	0.830577	0.979150	0.978971	0.715730	0.934385	0.936537
1880	0.831011	0.979150	0.978975	0.715956	0.934385	0.936543
1890	0.831474	0.979317	0.979133	0.716330	0.933876	0.936086
1900	0.832032	0.979483	0.979300	0.716502	0.933876	0.936109
1910	0.834816	0.980204	0.980007	0.719195	0.934385	0.936481
1920	0.835847	0.980370	0.980175	0.720272	0.934385	0.936481
1930	0.836312	0.980315	0.980128	0.720642	0.934385	0.936590
1940	0.836850	0.980759	0.980566	0.720957	0.934893	0.937136
1950	0.837576	0.980925	0.980729	0.721443	0.934893	0.937171
1960	0.839493	0.981258	0.981063	0.723223	0.934893	0.937148
1970	0.839849	0.981369	0.981172	0.723524	0.934893	0.937148
1980	0.840154	0.981313	0.981113	0.723725	0.935402	0.937708
1990	0.840658	0.981369	0.981167	0.724138	0.934893	0.937227
2000	0.841176	0.981424	0.981225	0.724452	0.934893	0.937227
2010	0.843411	0.982644	0.982440	0.726612	0.935402	0.937486
2020	0.843784	0.982588	0.982383	0.727009	0.935402	0.937500
2030	0.844244	0.982755	0.982555	0.727526	0.935402	0.937552
2040	0.844858	0.982755	0.982551	0.727940	0.935402	0.937555
2050	0.846196	0.982755	0.982551	0.729156	0.934893	0.937035
2060	0.848165	0.983531	0.983327	0.731062	0.935910	0.938018
2070	0.848653	0.983697	0.983491	0.731539	0.936419	0.938436
2080	0.849120	0.983864	0.983656	0.731739	0.936419	0.938436
2090	0.849711	0.984030	0.983827	0.732117	0.935910	0.937837
2100	0.851657	0.984640	0.984444	0.734025	0.936419	0.938286
2110	0.852119	0.984696	0.984499	0.734273	0.937436	0.939317
2120	0.852518	0.984862	0.984665	0.734499	0.937436	0.939317
2130	0.852900	0.984862	0.984663	0.734795	0.937436	0.939388
2140	0.854645	0.985084	0.984888	0.736475	0.938454	0.940323
2150	0.855259	0.985139	0.984942	0.736956	0.938962	0.940731
2160	0.855768	0.985195	0.984995	0.737390	0.938962	0.940731
2170	0.856119	0.985084	0.984885	0.737660	0.938454	0.940275
2180	0.856459	0.985139	0.984941	0.737865	0.937945	0.939855
2190	0.858089	0.985527	0.985334	0.739597	0.937436	0.939344
2200	0.858451	0.985638	0.985447	0.739879	0.937945	0.939763
2210	0.858790	0.985638	0.985446	0.740138	0.937945	0.939763
2220	0.859217	0.985749	0.985560	0.740351	0.937945	0.939763
2230	0.860051	0.985915	0.985728	0.740899	0.937945	0.939763
2240	0.861315	0.986026	0.985839	0.742185	0.937945	0.939763
2250	0.861651	0.986026	0.985838	0.742314	0.938454	0.940244
2260	0.862022	0.986137	0.985947	0.742667	0.938962	0.940779
2270	0.862248	0.986082	0.985894	0.742848	0.938454	0.940280
2280	0.862638	0.986137	0.985951	0.743417	0.938962	0.940811
2290	0.864295	0.986359	0.986170	0.745145	0.938962	0.940811
2300	0.864787	0.986304	0.986116	0.745467	0.938962	0.940811
2310	0.865250	0.986359	0.986173	0.746017	0.939471	0.941377
2320	0.865910	0.986470	0.986285	0.746685	0.939471	0.941268
2330	0.866667	0.986470	0.986286	0.747388	0.940997	0.942634
2340	0.867069	0.986470	0.986282	0.747789	0.940997	0.942713
2350	0.867631	0.986525	0.986340	0.748365	0.940488	0.942304
2360	0.868521	0.986636	0.986448	0.749382	0.940488	0.942226
2370	0.868833	0.986636	0.986448	0.749757	0.939980	0.941693
2380	0.869180	0.986803	0.986613	0.750109	0.939980	0.941693
2390	0.869527	0.986803	0.986616	0.750421	0.940488	0.942195
2400	0.870866	0.986914	0.986730	0.751619	0.940488	0.942195
2410	0.871331	0.986969	0.986788	0.751886	0.938962	0.940649
2420	0.871667	0.987025	0.986840	0.752187	0.938962	0.940727
2430	0.872466	0.987135	0.986952	0.752995	0.939471	0.941198
2440	0.873205	0.987191	0.987006	0.753775	0.939980	0.941606
2450	0.873612	0.987135	0.986952	0.754157	0.939471	0.941109
2460	0.874534	0.987191	0.987006	0.755063	0.939980	0.941579
2470	0.874837	0.987246	0.987057	0.755158	0.939980	0.941579
2480	0.875157	0.987302	0.987118	0.755348	0.939980	0.941579
2490	0.875437	0.987302	0.987117	0.755609	0.940488	0.942103
2500	0.875770	0.987468	0.987279	0.756034	0.940488	0.942103
2510	0.876701	0.987579	0.987393	0.757056	0.940997	0.942580
2520	0.877053	0.987690	0.987505	0.757461	0.941506	0.943072
2530	0.877364	0.987745	0.987562	0.757615	0.941506	0.943072
2540	0.878218	0.987856	0.987672	0.758322	0.941506	0.943072
2550	0.878663	0.987967	0.987787	0.758556	0.941506	0.943140
2560	0.878956	0.988023	0.987839	0.758723	0.940997	0.942655
2570	0.879228	0.987967	0.987785	0.758956	0.941506	0.943140
2580	0.879946	0.987967	0.987786	0.759595	0.942014	0.943610
2590	0.880374	0.988134	0.987952	0.759786	0.942014	0.943610
2600	0.880782	0.988134	0.987950	0.760080	0.942014	0.943581
2610	0.881949	0.988355	0.988174	0.761245	0.943032	0.944710
2620	0.882396	0.988411	0.988225	0.761743	0.943540	0.945221
2630	0.882789	0.988466	0.988279	0.762028	0.943540	0.945201
2640	0.883756	0.988577	0.988393	0.763130	0.944049	0.945699
2650	0.884057	0.988633	0.988446	0.763383	0.944049	0.945719
2660	0.884459	0.988743	0.988558	0.764025	0.944049	0.945733
2670	0.885189	0.988743	0.988557	0.764728	0.944557	0.946194
2680	0.885589	0.988910	0.988724	0.764503	0.945066	0.946751
2690	0.885932	0.988965	0.988779	0.764847	0.944557	0.946194
2700	0.886648	0.989021	0.988831	0.765554	0.944049	0.945665
2710	0.886955	0.989132	0.988947	0.765906	0.943540	0.945152
2720	0.887444	0.989132	0.988948	0.766372	0.943540	0.945152
2730	0.888159	0.989187	0.989004	0.767124	0.944049	0.945588
2740	0.888440	0.989243	0.989061	0.767476	0.945066	0.946544
2750	0.888668	0.989187	0.989003	0.767606	0.945066	0.946632
2760	0.889228	0.989298	0.989114	0.768156	0.945066	0.946632
2770	0.889433	0.989298	0.989112	0.768421	0.945066	0.946632
2780	0.889704	0.989298	0.989112	0.768745	0.945575	0.947077
2790	0.890374	0.989409	0.989225	0.769474	0.945575	0.947077
2800	0.890645	0.989409	0.989225	0.769617	0.945066	0.946713
2810	0.891249	0.989575	0.989390	0.770255	0.945575	0.947059
2820	0.891471	0.989575	0.989392	0.770465	0.945575	0.947059
2830	0.891700	0.989575	0.989391	0.770631	0.945575	0.947151
2840	0.892305	0.989631	0.989446	0.771214	0.945066	0.946639
2850	0.892545	0.989631	0.989446	0.771295	0.944557	0.946179
2860	0.892830	0.989631	0.989449	0.771563	0.945066	0.946550
2870	0.893656	0.989631	0.989447	0.772258	0.945066	0.946643
2880	0.893931	0.989686	0.989503	0.772502	0.946083	0.947559
2890	0.894233	0.989686	0.989503	0.773065	0.946083	0.947559
2900	0.895026	0.989853	0.989670	0.773864	0.946083	0.947559
2910	0.895232	0.989908	0.989729	0.773972	0.946083	0.947551
2920	0.895549	0.989908	0.989727	0.774200	0.946083	0.947480
2930	0.896272	0.990019	0.989843	0.774822	0.946083	0.947480
2940	0.896550	0.990074	0.989899	0.775135	0.946083	0.947480
2950	0.896778	0.990019	0.989843	0.775322	0.946083	0.947614
2960	0.897423	0.990074	0.989899	0.775974	0.946592	0.948019
2970	0.897677	0.990130	0.989956	0.776089	0.946083	0.947502
2980	0.897919	0.990130	0.989953	0.776235	0.946083	0.947502
2990	0.898744	0.990296	0.990126	0.776925	0.946083	0.947508
3000	0.899003	0.990352	0.990182	0.777092	0.946083	0.947508
3010	0.899241	0.990352	0.990182	0.777706	0.946083	0.947508
3020	0.899553	0.990462	0.990293	0.777940	0.946083	0.947484
3030	0.900229	0.990573	0.990409	0.778692	0.946592	0.947870
3040	0.900787	0.990629	0.990468	0.779188	0.946592	0.947870
3050	0.901117	0.990573	0.990412	0.779396	0.946592	0.947910
3060	0.901732	0.990684	0.990524	0.779918	0.946592	0.947910
3070	0.902013	0.990740	0.990579	0.780079	0.946592	0.947910
3080	0.902200	0.990740	0.990578	0.780223	0.946592	0.947910
3090	0.902666	0.991017	0.990860	0.780797	0.946592	0.947914
3100	0.902904	0.991017	0.990859	0.780904	0.946592	0.947842
3110	0.903565	0.991183	0.991026	0.781441	0.946083	0.947417
3120	0.903821	0.991350	0.991197	0.781662	0.946083	0.947417
3130	0.904359	0.991461	0.991305	0.782131	0.946083	0.947417
3140	0.904649	0.991516	0.991360	0.782432	0.946083	0.947417
3150	0.904865	0.991516	0.991361	0.782521	0.945575	0.946841
3160	0.905504	0.991571	0.991416	0.783081	0.945575	0.946872
3170	0.905659	0.991571	0.991416	0.783231	0.946083	0.947343
3180	0.905876	0.991682	0.991529	0.783409	0.946083	0.947343
3190	0.906385	0.991849	0.991693	0.783967	0.946083	0.947343
3200	0.906687	0.991793	0.991639	0.784347	0.946083	0.947343
3210	0.906891	0.991849	0.991696	0.784356	0.946083	0.947343
3220	0.907413	0.991904	0.991751	0.784951	0.946592	0.947818
3230	0.907603	0.991904	0.991752	0.785102	0.946592	0.947818
3240	0.907765	0.991904	0.991752	0.785342	0.946592	0.947826
3250	0.907947	0.991904	0.991752	0.785552	0.946592	0.947818
3260	0.908418	0.991960	0.991806	0.786083	0.947101	0.948371
3270	0.908851	0.992071	0.991921	0.786747	0.947609	0.948790
3280	0.909044	0.992181	0.992033	0.786814	0.947609	0.948798
3290	0.909241	0.992181	0.992033	0.787035	0.947609	0.948790
3300	0.909850	0.992292	0.992148	0.787688	0.947609	0.948857
3310	0.910070	0.992292	0.992147	0.788007	0.947609	0.948857
3320	0.910228	0.992292	0.992147	0.788124	0.947609	0.948857
3330	0.910743	0.992348	0.992205	0.788566	0.947609	0.948857
3340	0.910970	0.992348	0.992205	0.788630	0.947609	0.948857
3350	0.911149	0.992348	0.992206	0.788802	0.947609	0.948857
3360	0.911751	0.992459	0.992316	0.789412	0.948627	0.949811
3370	0.912020	0.992459	0.992317	0.789598	0.948118	0.949238
3380	0.912594	0.992514	0.992374	0.790079	0.948118	0.949238
3390	0.912766	0.992570	0.992431	0.790250	0.948627	0.949811
3400	0.912938	0.992570	0.992432	0.790328	0.948627	0.949871
3410	0.913387	0.992570	0.992431	0.790878	0.948627	0.949871
3420	0.913626	0.992570	0.992431	0.790954	0.948627	0.949871
3430	0.913840	0.992625	0.992489	0.791133	0.949135	0.950429
3440	0.914331	0.992736	0.992601	0.791532	0.948627	0.949871
3450	0.914690	0.992680	0.992548	0.791877	0.948627	0.949863
3460	0.914825	0.992736	0.992606	0.791946	0.949135	0.950370
3470	0.915001	0.992736	0.992605	0.791953	0.949135	0.950370
3480	0.915521	0.992736	0.992601	0.792381	0.949135	0.950421
3490	0.915786	0.992680	0.992543	0.792588	0.949135	0.950421
3500	0.916205	0.992625	0.992493	0.793053	0.949135	0.950324
3510	0.916397	0.992625	0.992492	0.793130	0.948627	0.949740
3520	0.916659	0.992791	0.992655	0.793354	0.948627	0.949626
3530	0.917134	0.992902	0.992768	0.793766	0.948627	0.949740
3540	0.917339	0.992847	0.992711	0.793983	0.949135	0.950180
3550	0.917652	0.992847	0.992707	0.794299	0.948627	0.949647
3560	0.918250	0.993013	0.992876	0.794886	0.948627	0.949740
3570	0.918469	0.993069	0.992928	0.794992	0.948627	0.949740
3580	0.919059	0.993290	0.993150	0.795494	0.949644	0.950715
3590	0.919261	0.993290	0.993151	0.795660	0.949135	0.950341
3600	0.919538	0.993290	0.993153	0.795903	0.949135	0.950251
3610	0.919651	0.993290	0.993153	0.795960	0.949135	0.950251
3620	0.919842	0.993290	0.993154	0.796109	0.949135	0.950244
3630	0.920115	0.993290	0.993154	0.796364	0.949135	0.950244
3640	0.920261	0.993290	0.993154	0.796465	0.949135	0.950244
3650	0.920392	0.993290	0.993153	0.796583	0.949135	0.950244
3660	0.920917	0.993512	0.993381	0.796946	0.948627	0.949686
3670	0.921065	0.993512	0.993381	0.796930	0.948627	0.949686
3680	0.921471	0.993623	0.993493	0.797261	0.949135	0.950237
3690	0.921728	0.993679	0.993550	0.797341	0.949644	0.950745
3700	0.921943	0.993679	0.993550	0.797416	0.950153	0.951309
3710	0.922515	0.993845	0.993720	0.797939	0.950153	0.951302
3720	0.922706	0.993845	0.993718	0.798191	0.949644	0.950745
3730	0.922851	0.993845	0.993719	0.798400	0.949644	0.950745
3740	0.923065	0.993845	0.993719	0.798514	0.949644	0.950675
3750	0.923425	0.993900	0.993776	0.799026	0.949644	0.950675
3760	0.923722	0.994011	0.993890	0.799323	0.949644	0.950675
3770	0.923985	0.994011	0.993890	0.799077	0.949644	0.950675
3780	0.924228	0.994011	0.993890	0.799275	0.949644	0.950728
3790	0.924648	0.994011	0.993892	0.799704	0.949644	0.950766
3800	0.924833	0.994011	0.993891	0.799934	0.949644	0.950713
3810	0.925288	0.994067	0.993948	0.800324	0.949644	0.950805
3820	0.925544	0.994122	0.994006	0.800622	0.949644	0.950805
3830	0.925882	0.994178	0.994063	0.800901	0.950153	0.951360
3840	0.926073	0.994122	0.994007	0.801120	0.950153	0.951360
3850	0.926483	0.994233	0.994120	0.801422	0.950153	0.951360
3860	0.926679	0.994233	0.994118	0.801571	0.950153	0.951360
3870	0.927021	0.994344	0.994230	0.801878	0.950153	0.951360
3880	0.927119	0.994344	0.994230	0.801991	0.950153	0.951360
3890	0.927270	0.994289	0.994174	0.802131	0.950153	0.951360
3900	0.927727	0.994455	0.994339	0.802534	0.950153	0.951360
3910	0.927866	0.994510	0.994395	0.802733	0.950153	0.951359
3920	0.928206	0.994510	0.994397	0.803071	0.950153	0.951359
3930	0.928351	0.994510	0.994397	0.803218	0.951170	0.952263
3940	0.928418	0.994510	0.994397	0.803274	0.950661	0.951782
3950	0.928671	0.994510	0.994397	0.803549	0.951170	0.952308
3960	0.928906	0.994566	0.994451	0.803695	0.951170	0.952308
3970	0.929095	0.994455	0.994339	0.803880	0.951170	0.952308
3980	0.929658	0.994677	0.994565	0.804582	0.951679	0.952574
3990	0.929804	0.994732	0.994620	0.804575	0.951170	0.952052
4000	0.930158	0.994732	0.994620	0.804983	0.950661	0.951571
4010	0.930481	0.994732	0.994621	0.805386	0.951170	0.951999
4020	0.930642	0.994788	0.994677	0.805592	0.951170	0.951999
4030	0.930795	0.994788	0.994677	0.805835	0.951679	0.952533
4040	0.931212	0.994899	0.994791	0.806206	0.952187	0.953076
4050	0.931380	0.994899	0.994791	0.806411	0.952187	0.953168
4060	0.931743	0.995009	0.994905	0.806744	0.951679	0.952625
4070	0.931925	0.995009	0.994905	0.806789	0.951679	0.952625
4080	0.932057	0.994954	0.994850	0.806878	0.952187	0.953233
4090	0.932476	0.995065	0.994961	0.807189	0.952187	0.953168
4100	0.932597	0.995065	0.994961	0.807471	0.951679	0.952668
4110	0.932736	0.995065	0.994961	0.807561	0.950661	0.951733
4120	0.933043	0.995065	0.994961	0.807768	0.950661	0.951615
4130	0.933200	0.995065	0.994961	0.807978	0.951170	0.952062
4140	0.933352	0.995120	0.995017	0.808079	0.951170	0.952023
4150	0.933731	0.995231	0.995129	0.808363	0.951170	0.952023
4160	0.933891	0.995231	0.995129	0.808428	0.951679	0.952490
4170	0.934226	0.995287	0.995188	0.808815	0.952187	0.952977
4180	0.934361	0.995287	0.995188	0.808905	0.952187	0.952977
4190	0.934742	0.995342	0.995242	0.809215	0.952696	0.953461
4200	0.934946	0.995287	0.995188	0.809379	0.952696	0.953461
4210	0.935113	0.995398	0.995301	0.809492	0.952696	0.953496
4220	0.935431	0.995398	0.995301	0.809771	0.952696	0.953496
4230	0.935551	0.995398	0.995301	0.809911	0.952696	0.953496
4240	0.935947	0.995675	0.995585	0.810282	0.951679	0.952621
4250	0.936046	0.995619	0.995528	0.810379	0.951679	0.952621
4260	0.936144	0.995675	0.995584	0.810534	0.951679	0.952621
4270	0.936510	0.995897	0.995808	0.810870	0.952187	0.952992
4280	0.936712	0.995897	0.995808	0.811035	0.952696	0.953538
4290	0.937069	0.996008	0.995925	0.811197	0.952696	0.953614
4300	0.937350	0.996063	0.995981	0.811495	0.952187	0.953186
4310	0.937724	0.996174	0.996093	0.811853	0.952187	0.953186
4320	0.937848	0.996174	0.996095	0.811875	0.952187	0.953186
4330	0.938002	0.996174	0.996095	0.812015	0.952696	0.953614
4340	0.938291	0.996229	0.996151	0.812286	0.952696	0.953614
4350	0.938384	0.996174	0.996094	0.812354	0.952696	0.953614
4360	0.938543	0.996118	0.996036	0.812578	0.952696	0.953614
4370	0.938916	0.996396	0.996320	0.812940	0.952696	0.953614
4380	0.939060	0.996451	0.996376	0.813066	0.952187	0.953094
4390	0.939362	0.996396	0.996320	0.813260	0.952187	0.953094
4400	0.939560	0.996396	0.996319	0.813565	0.953204	0.954163
4410	0.939662	0.996396	0.996319	0.813680	0.953204	0.954163
4420	0.939998	0.996507	0.996429	0.814024	0.952696	0.953614
4430	0.940123	0.996507	0.996429	0.814278	0.952696	0.953614
4440	0.940221	0.996507	0.996429	0.814339	0.952187	0.953167
4450	0.940555	0.996562	0.996488	0.814602	0.952187	0.953167
4460	0.940656	0.996562	0.996487	0.814730	0.951679	0.952647
4470	0.940770	0.996562	0.996487	0.814827	0.951679	0.952647
4480	0.941133	0.996728	0.996659	0.815107	0.951679	0.952647
4490	0.941242	0.996728	0.996657	0.815197	0.951679	0.952647
4500	0.941345	0.996728	0.996657	0.815223	0.951679	0.952530
4510	0.941668	0.996895	0.996827	0.815607	0.951679	0.952530
4520	0.941838	0.996895	0.996827	0.815795	0.952187	0.953049
4530	0.941932	0.996895	0.996828	0.815882	0.952187	0.953049
4540	0.942211	0.996950	0.996885	0.816112	0.951679	0.952530
4550	0.942310	0.997006	0.996938	0.816209	0.951679	0.952530
4560	0.942400	0.997006	0.996938	0.816276	0.952187	0.953049
4570	0.942526	0.996950	0.996881	0.816351	0.952187	0.953049
4580	0.942768	0.997061	0.996994	0.816533	0.952187	0.953049
4590	0.942899	0.997061	0.996994	0.816664	0.952187	0.953049
4600	0.943072	0.997061	0.996994	0.816829	0.952187	0.953049
4610	0.943216	0.997061	0.996994	0.816910	0.952696	0.953496
4620	0.943294	0.997061	0.996994	0.816977	0.952187	0.953049
4630	0.943389	0.997061	0.996994	0.817177	0.952187	0.953049
4640	0.943710	0.997227	0.997164	0.817483	0.952187	0.953049
4650	0.943817	0.997227	0.997164	0.817526	0.952187	0.953049
4660	0.944029	0.997227	0.997164	0.817741	0.952696	0.953559
4670	0.944116	0.997227	0.997164	0.817880	0.952696	0.953559
4680	0.944144	0.997227	0.997164	0.817933	0.952696	0.953559
4690	0.944210	0.997227	0.997164	0.817993	0.952696	0.953488
4700	0.944464	0.997283	0.997221	0.818162	0.952187	0.952974
4710	0.944566	0.997283	0.997221	0.818245	0.952696	0.953488
4720	0.944675	0.997338	0.997278	0.818394	0.952187	0.952974
4730	0.945006	0.997338	0.997275	0.818575	0.952696	0.953606
4740	0.945165	0.997394	0.997333	0.818712	0.952696	0.953606
4750	0.945268	0.997394	0.997333	0.818748	0.952696	0.953606
4760	0.945483	0.997505	0.997444	0.818934	0.952696	0.953606
4770	0.945755	0.997560	0.997500	0.819161	0.952696	0.953606
4780	0.945911	0.997560	0.997500	0.819266	0.952696	0.953606
4790	0.946166	0.997560	0.997500	0.819516	0.952696	0.953581
4800	0.946288	0.997616	0.997556	0.819696	0.952187	0.953142
4810	0.946405	0.997616	0.997556	0.819778	0.952187	0.953104
4820	0.946633	0.997616	0.997556	0.819888	0.952187	0.953104
4830	0.946776	0.997616	0.997556	0.819972	0.952187	0.953104
4840	0.947037	0.997616	0.997558	0.820181	0.952187	0.953104
4850	0.947126	0.997616	0.997558	0.820237	0.952187	0.953104
4860	0.947328	0.997727	0.997672	0.820482	0.952187	0.953104
4870	0.947540	0.997782	0.997728	0.820780	0.952187	0.953104
4880	0.947649	0.997782	0.997728	0.820900	0.952187	0.953104
4890	0.947773	0.997782	0.997729	0.820912	0.952187	0.953025
4900	0.948043	0.997782	0.997729	0.821111	0.952696	0.953536
4910	0.948107	0.997782	0.997729	0.821304	0.952696	0.953536
4920	0.948347	0.997782	0.997729	0.821532	0.952187	0.953025
4930	0.948468	0.997782	0.997729	0.821652	0.952187	0.953025
4940	0.948578	0.997782	0.997729	0.821841	0.952187	0.953025
4950	0.948863	0.997837	0.997787	0.822099	0.952187	0.953025
4960	0.948950	0.997837	0.997787	0.822215	0.952187	0.953025
4970	0.949054	0.997837	0.997787	0.822373	0.952187	0.953025
4980	0.949283	0.997893	0.997844	0.822598	0.952187	0.952949
4990	0.949482	0.997893	0.997844	0.822814	0.952187	0.952949
5000	0.949709	0.997948	0.997901	0.823068	0.952187	0.952949
5010	0.949832	0.997893	0.997844	0.823222	0.952187	0.952949
5020	0.950022	0.997948	0.997900	0.823426	0.953204	0.953893
5030	0.950149	0.998004	0.997956	0.823553	0.953204	0.953893
5040	0.950246	0.997948	0.997900	0.823661	0.953204	0.953893
5050	0.950491	0.998059	0.998013	0.823852	0.953204	0.953893
5060	0.950592	0.998059	0.998013	0.824010	0.953713	0.954399
5070	0.950713	0.998059	0.998013	0.824108	0.953204	0.953839
5080	0.950933	0.998059	0.998013	0.824299	0.953713	0.954345
5090	0.951168	0.998059	0.998013	0.824461	0.953713	0.954345
5100	0.951269	0.998059	0.998013	0.824600	0.954222	0.954810
5110	0.951399	0.998059	0.998013	0.824401	0.953713	0.954345
5120	0.951642	0.998059	0.998013	0.824572	0.953713	0.954345
5130	0.951737	0.998059	0.998013	0.824838	0.953713	0.954345
5140	0.951981	0.998115	0.998070	0.824963	0.953713	0.954345
5150	0.952144	0.998115	0.998070	0.825088	0.954222	0.954810
5160	0.952259	0.998115	0.998070	0.825270	0.954222	0.954810
5170	0.952469	0.998226	0.998183	0.825433	0.954222	0.954810
5180	0.952625	0.998281	0.998241	0.825597	0.954222	0.954810
5190	0.952804	0.998336	0.998298	0.825704	0.954222	0.954810
5200	0.952889	0.998336	0.998298	0.825761	0.954222	0.954810
5210	0.952961	0.998336	0.998298	0.825852	0.954222	0.954810
5220	0.953179	0.998392	0.998355	0.826020	0.954222	0.954810
5230	0.953276	0.998392	0.998355	0.826101	0.954222	0.954810
5240	0.953340	0.998392	0.998355	0.826173	0.954222	0.954810
5250	0.953469	0.998392	0.998355	0.826284	0.954222	0.954810
5260	0.953629	0.998392	0.998355	0.826501	0.954222	0.954787
5270	0.953709	0.998392	0.998355	0.826623	0.954730	0.955306
5280	0.953944	0.998392	0.998355	0.826857	0.954730	0.955306
5290	0.954047	0.998392	0.998355	0.826950	0.954730	0.955299
5300	0.954144	0.998447	0.998412	0.827067	0.954730	0.955299
5310	0.954304	0.998447	0.998412	0.827211	0.954730	0.955299
5320	0.954390	0.998447	0.998412	0.827322	0.955239	0.955855
5330	0.954516	0.998447	0.998412	0.827475	0.955239	0.955848
5340	0.954633	0.998503	0.998469	0.827539	0.954222	0.954780
5350	0.954859	0.998614	0.998580	0.827761	0.954222	0.954738
5360	0.954952	0.998558	0.998524	0.827810	0.954222	0.954738
5370	0.955133	0.998614	0.998580	0.827931	0.954730	0.955287
5380	0.955201	0.998558	0.998524	0.827985	0.954730	0.955287
5390	0.955327	0.998558	0.998524	0.828088	0.954222	0.954738
5400	0.955403	0.998558	0.998524	0.828168	0.954222	0.954738
5410	0.955590	0.998614	0.998580	0.828315	0.954730	0.955287
5420	0.955652	0.998614	0.998580	0.828342	0.954222	0.954789
5430	0.955812	0.998614	0.998580	0.828539	0.954222	0.954789
5440	0.955878	0.998614	0.998580	0.828654	0.954730	0.955287
5450	0.955925	0.998614	0.998580	0.828705	0.954222	0.954738
5460	0.956000	0.998614	0.998580	0.828795	0.953713	0.954240
5470	0.956202	0.998669	0.998638	0.828925	0.954222	0.954731
5480	0.956283	0.998669	0.998638	0.828992	0.954730	0.955229
5490	0.956340	0.998669	0.998638	0.829036	0.954730	0.955229
5500	0.956477	0.998669	0.998636	0.829151	0.954730	0.955229
5510	0.956552	0.998669	0.998636	0.829226	0.955239	0.955748
5520	0.956692	0.998669	0.998638	0.829338	0.955239	0.955748
5530	0.956760	0.998669	0.998638	0.829372	0.955239	0.955776
5540	0.956938	0.998669	0.998636	0.829476	0.955239	0.955776
5550	0.956989	0.998669	0.998636	0.829482	0.955239	0.955776
5560	0.957069	0.998669	0.998636	0.829526	0.955239	0.955776
5570	0.957248	0.998669	0.998636	0.829673	0.955239	0.955776
5580	0.957338	0.998669	0.998638	0.829754	0.955748	0.956295
5590	0.957462	0.998669	0.998636	0.829801	0.955239	0.955776
5600	0.957579	0.998669	0.998636	0.829866	0.955748	0.956295
5610	0.957729	0.998725	0.998692	0.829905	0.955239	0.955776
5620	0.957850	0.998725	0.998692	0.830019	0.955239	0.955799
5630	0.957899	0.998725	0.998692	0.830002	0.955748	0.956319
5640	0.958062	0.998725	0.998692	0.830224	0.955239	0.955798
5650	0.958124	0.998725	0.998692	0.830282	0.955748	0.956319
5660	0.958341	0.998725	0.998692	0.830635	0.956256	0.956793
5670	0.958428	0.998725	0.998692	0.830790	0.956256	0.956793
5680	0.958505	0.998725	0.998692	0.830874	0.956256	0.956793
5690	0.958658	0.998725	0.998694	0.830958	0.956256	0.956793
5700	0.958724	0.998725	0.998694	0.830985	0.956256	0.956793
5710	0.958793	0.998725	0.998694	0.831066	0.956256	0.956793
5720	0.958932	0.998725	0.998694	0.831179	0.956765	0.957375
5730	0.959006	0.998725	0.998694	0.831226	0.956765	0.957375
5740	0.959162	0.998725	0.998694	0.831291	0.956765	0.957375
5750	0.959284	0.998725	0.998694	0.831528	0.956765	0.957375
5760	0.959368	0.998725	0.998694	0.831664	0.956765	0.957375
5770	0.959500	0.998780	0.998750	0.831866	0.956765	0.957375
5780	0.959551	0.998780	0.998750	0.831968	0.956765	0.957375
5790	0.959689	0.998780	0.998752	0.832135	0.956765	0.957375
5800	0.959753	0.998780	0.998750	0.832237	0.957274	0.957870
5810	0.959828	0.998780	0.998750	0.832355	0.957274	0.957870
5820	0.959977	0.998780	0.998752	0.832458	0.957274	0.957870
5830	0.960060	0.998780	0.998752	0.832554	0.957274	0.957870
5840	0.960184	0.998780	0.998750	0.832665	0.957274	0.957870
5850	0.960244	0.998780	0.998750	0.832716	0.957274	0.957870
5860	0.960368	0.998836	0.998807	0.832815	0.957274	0.957870
5870	0.960416	0.998836	0.998807	0.832872	0.957274	0.957870
5880	0.960462	0.998836	0.998807	0.832935	0.957274	0.957870
5890	0.960567	0.998836	0.998807	0.833014	0.957274	0.957870
5900	0.960646	0.998836	0.998807	0.833103	0.957274	0.957870
5910	0.960692	0.998836	0.998807	0.833090	0.956765	0.957344
5920	0.960808	0.998836	0.998807	0.833196	0.957274	0.957870
5930	0.960854	0.998836	0.998807	0.833287	0.957274	0.957870
5940	0.960952	0.998836	0.998807	0.833365	0.957274	0.957870
5950	0.961017	0.998836	0.998807	0.833419	0.957274	0.957870
5960	0.961072	0.998836	0.998807	0.833421	0.957274	0.957870
5970	0.961141	0.998836	0.998807	0.833504	0.957274	0.957870
5980	0.961264	0.998836	0.998807	0.833598	0.957274	0.957870
5990	0.961333	0.998891	0.998863	0.833695	0.957274	0.957870
6000	0.961377	0.998946	0.998921	0.833750	0.956765	0.957344
6010	0.961439	0.998946	0.998921	0.833801	0.956765	0.957344
6020	0.961555	0.998946	0.998921	0.833902	0.956765	0.957239
6030	0.961610	0.998946	0.998921	0.833964	0.956765	0.957239
6040	0.961683	0.998946	0.998921	0.834041	0.956765	0.957239
6050	0.961810	0.998946	0.998921	0.834131	0.956765	0.957239
6060	0.961860	0.998946	0.998921	0.834195	0.956765	0.957239
6070	0.961985	0.999002	0.998978	0.834388	0.956765	0.957239
6080	0.962038	0.999002	0.998978	0.834435	0.956765	0.957239
6090	0.962167	0.999002	0.998978	0.834565	0.956765	0.957239
6100	0.962219	0.999002	0.998978	0.834649	0.956765	0.957239
6110	0.962264	0.999002	0.998978	0.834695	0.956765	0.957239
6120	0.962334	0.999002	0.998978	0.834809	0.956765	0.957239
6130	0.962457	0.999002	0.998978	0.834950	0.956765	0.957239
6140	0.962501	0.999002	0.998978	0.835012	0.956765	0.957239
6150	0.962564	0.999002	0.998978	0.835054	0.956765	0.957239
6160	0.962692	0.999002	0.998978	0.835236	0.956765	0.957239
6170	0.962757	0.999002	0.998978	0.835312	0.956765	0.957239
6180	0.962822	0.999002	0.998978	0.835355	0.956765	0.957239
6190	0.962929	0.999057	0.999037	0.835432	0.956765	0.957239
6200	0.962987	0.999057	0.999037	0.835531	0.956765	0.957239
6210	0.963105	0.999057	0.999037	0.835637	0.956765	0.957239
6220	0.963218	0.999113	0.999092	0.835737	0.956765	0.957239
6230	0.963285	0.999057	0.999037	0.835785	0.956765	0.957239
6240	0.963337	0.999057	0.999037	0.835822	0.956765	0.957239
6250	0.963442	0.999113	0.999092	0.835892	0.956765	0.957239
6260	0.963531	0.999224	0.999207	0.835963	0.956765	0.957239
6270	0.963582	0.999168	0.999150	0.836029	0.956765	0.957239
6280	0.963699	0.999279	0.999264	0.836165	0.956765	0.957239
6290	0.963758	0.999224	0.999207	0.836243	0.956765	0.957239
6300	0.963847	0.999279	0.999266	0.836329	0.956765	0.957239
6310	0.963908	0.999279	0.999266	0.836544	0.956765	0.957239
6320	0.963967	0.999279	0.999266	0.836644	0.956765	0.957239
6330	0.964054	0.999279	0.999266	0.836691	0.956765	0.957239
6340	0.964178	0.999335	0.999322	0.836817	0.956765	0.957239
6350	0.964226	0.999279	0.999266	0.836896	0.956765	0.957239
6360	0.964290	0.999279	0.999266	0.836951	0.956765	0.957239
6370	0.964364	0.999279	0.999266	0.837002	0.956765	0.957239
6380	0.964442	0.999279	0.999266	0.837064	0.956765	0.957239
6390	0.964520	0.999335	0.999322	0.837149	0.956765	0.957239
6400	0.964567	0.999279	0.999266	0.837234	0.956765	0.957239
6410	0.964700	0.999279	0.999266	0.837293	0.956765	0.957239
6420	0.964806	0.999335	0.999322	0.837383	0.956765	0.957239
6430	0.964904	0.999335	0.999322	0.837502	0.956765	0.957239
6440	0.965005	0.999335	0.999322	0.837584	0.956765	0.957344
6450	0.965061	0.999335	0.999322	0.837648	0.956765	0.957239
6460	0.965159	0.999335	0.999322	0.837753	0.956765	0.957239
6470	0.965238	0.999335	0.999322	0.837787	0.956765	0.957344
6480	0.965294	0.999335	0.999322	0.837825	0.956765	0.957239
6490	0.965392	0.999335	0.999322	0.837933	0.956765	0.957239
6500	0.965450	0.999335	0.999322	0.837957	0.956765	0.957239
6510	0.965554	0.999335	0.999322	0.838012	0.956765	0.957239
6520	0.965699	0.999335	0.999322	0.838139	0.956765	0.957239
6530	0.965748	0.999335	0.999322	0.838229	0.956765	0.957239
6540	0.965851	0.999445	0.999435	0.838322	0.956765	0.957239
6550	0.965905	0.999445	0.999435	0.838381	0.956765	0.957239
6560	0.966021	0.999445	0.999435	0.838393	0.956765	0.957239
6570	0.966092	0.999445	0.999435	0.838550	0.956765	0.957239
6580	0.966188	0.999445	0.999435	0.838600	0.956256	0.956747
6590	0.966240	0.999445	0.999435	0.838659	0.956256	0.956747
6600	0.966337	0.999445	0.999435	0.838756	0.956256	0.956747
6610	0.966426	0.999445	0.999435	0.838857	0.956256	0.956747
6620	0.966470	0.999445	0.999435	0.838873	0.956256	0.956747
6630	0.966594	0.999445	0.999435	0.838946	0.956256	0.956747
6640	0.966639	0.999445	0.999435	0.838996	0.956256	0.956747
6650	0.966667	0.999445	0.999435	0.838993	0.956256	0.956747
6660	0.966724	0.999445	0.999435	0.839012	0.956256	0.956747
6670	0.966816	0.999445	0.999435	0.839124	0.956256	0.956747
6680	0.966866	0.999445	0.999435	0.839214	0.956765	0.957239
6690	0.966948	0.999445	0.999435	0.839280	0.956765	0.957239
6700	0.966970	0.999445	0.999435	0.839295	0.957274	0.957765
6710	0.967030	0.999445	0.999435	0.839338	0.956765	0.957239
6720	0.967096	0.999445	0.999435	0.839384	0.956765	0.957239
6730	0.967196	0.999445	0.999435	0.839470	0.956765	0.957239
6740	0.967226	0.999445	0.999435	0.839537	0.957274	0.957765
6750	0.967265	0.999445	0.999435	0.839565	0.957274	0.957765
6760	0.967350	0.999445	0.999435	0.839610	0.957274	0.957800
6770	0.967383	0.999445	0.999435	0.839647	0.957274	0.957800
6780	0.967425	0.999445	0.999435	0.839684	0.957274	0.957800
6790	0.967514	0.999445	0.999435	0.839726	0.957274	0.957800
6800	0.967573	0.999445	0.999435	0.839804	0.957274	0.957800
6810	0.967647	0.999445	0.999435	0.839846	0.956256	0.956818
6820	0.967709	0.999445	0.999435	0.839880	0.956256	0.956818
6830	0.967824	0.999445	0.999435	0.839990	0.956256	0.956818
6840	0.967863	0.999445	0.999435	0.840009	0.956256	0.956818
6850	0.967911	0.999445	0.999435	0.840055	0.956256	0.956818
6860	0.967994	0.999445	0.999435	0.840103	0.956765	0.957344
6870	0.968054	0.999445	0.999435	0.840114	0.956765	0.957344
6880	0.968127	0.999445	0.999435	0.840167	0.956765	0.957344
6890	0.968212	0.999445	0.999435	0.840225	0.956256	0.956818
6900	0.968259	0.999445	0.999435	0.840296	0.956256	0.956818
6910	0.968341	0.999445	0.999435	0.840309	0.956256	0.956818
6920	0.968393	0.999445	0.999435	0.840353	0.956256	0.956818
6930	0.968499	0.999445	0.999435	0.840457	0.956256	0.956818
6940	0.968552	0.999445	0.999435	0.840473	0.956256	0.956818
6950	0.968647	0.999501	0.999492	0.840556	0.956256	0.956818
6960	0.968690	0.999501	0.999492	0.840609	0.956256	0.956818
6970	0.968729	0.999501	0.999492	0.840717	0.956256	0.956818
6980	0.968819	0.999501	0.999492	0.840817	0.956256	0.956818
6990	0.968871	0.999501	0.999492	0.840880	0.956256	0.956818
7000	0.968926	0.999501	0.999492	0.840926	0.955748	0.956273
7010	0.968975	0.999501	0.999492	0.840998	0.956256	0.956818
7020	0.968999	0.999501	0.999492	0.841027	0.956256	0.956818
7030	0.969056	0.999501	0.999492	0.841062	0.956256	0.956818
7040	0.969133	0.999501	0.999492	0.840986	0.955748	0.956273
7050	0.969177	0.999501	0.999492	0.841057	0.955748	0.956273
7060	0.969271	0.999501	0.999492	0.841094	0.955748	0.956273
7070	0.969297	0.999501	0.999492	0.841050	0.955748	0.956273
7080	0.969321	0.999501	0.999492	0.841070	0.955748	0.956273
7090	0.969329	0.999501	0.999492	0.841080	0.955748	0.956273
7100	0.969344	0.999501	0.999492	0.841066	0.955748	0.956273
7110	0.969437	0.999501	0.999492	0.841151	0.955748	0.956273
7120	0.969495	0.999501	0.999492	0.841186	0.955748	0.956273
7130	0.969538	0.999501	0.999492	0.841184	0.955748	0.956273
7140	0.969584	0.999501	0.999492	0.841210	0.955748	0.956273
7150	0.969658	0.999501	0.999492	0.841296	0.955748	0.956273
7160	0.969735	0.999501	0.999492	0.841383	0.955748	0.956273
7170	0.969784	0.999501	0.999492	0.841429	0.955748	0.956273
7180	0.969843	0.999501	0.999492	0.841484	0.955748	0.956273
7190	0.969870	0.999501	0.999492	0.841517	0.955748	0.956273
7200	0.969909	0.999501	0.999492	0.841591	0.955748	0.956273
7210	0.969964	0.999501	0.999492	0.841661	0.955748	0.956273
7220	0.969997	0.999501	0.999492	0.841712	0.955748	0.956273
7230	0.970084	0.999501	0.999492	0.841825	0.955748	0.956273
7240	0.970122	0.999501	0.999492	0.841819	0.955748	0.956273
7250	0.970179	0.999501	0.999492	0.841851	0.955748	0.956273
7260	0.970226	0.999501	0.999492	0.841912	0.955748	0.956273
7270	0.970304	0.999501	0.999492	0.841989	0.955748	0.956273
7280	0.970334	0.999501	0.999492	0.841999	0.955748	0.956273
7290	0.970365	0.999501	0.999492	0.842028	0.955748	0.956273
7300	0.970430	0.999501	0.999492	0.842096	0.955748	0.956273
7310	0.970459	0.999501	0.999492	0.842153	0.955748	0.956273
7320	0.970498	0.999501	0.999492	0.842185	0.955748	0.956273
7330	0.970537	0.999501	0.999492	0.842246	0.955748	0.956273
7340	0.970595	0.999501	0.999492	0.842328	0.955748	0.956273
7350	0.970653	0.999501	0.999492	0.842363	0.956256	0.956818
7360	0.970697	0.999501	0.999492	0.842398	0.956256	0.956818
7370	0.970754	0.999501	0.999492	0.842427	0.955748	0.956291
7380	0.970789	0.999501	0.999492	0.842451	0.955748	0.956331
7390	0.970868	0.999501	0.999492	0.842564	0.955748	0.956331
7400	0.970909	0.999501	0.999492	0.842678	0.955748	0.956331
7410	0.970964	0.999501	0.999492	0.842770	0.955748	0.956331
7420	0.970994	0.999501	0.999492	0.842799	0.955748	0.956331
7430	0.971031	0.999501	0.999492	0.842863	0.955748	0.956331
7440	0.971083	0.999501	0.999492	0.842947	0.955748	0.956331
7450	0.971107	0.999501	0.999492	0.842972	0.955748	0.956331
7460	0.971173	0.999501	0.999492	0.843052	0.955748	0.956331
7470	0.971210	0.999501	0.999492	0.843134	0.956256	0.956858
7480	0.971251	0.999501	0.999492	0.843183	0.955748	0.956331
7490	0.971325	0.999501	0.999492	0.843269	0.955748	0.956331
7500	0.971367	0.999501	0.999492	0.843321	0.956256	0.956782
7510	0.971409	0.999501	0.999492	0.843394	0.956256	0.956782
7520	0.971468	0.999501	0.999492	0.843495	0.956256	0.956782
7530	0.971511	0.999501	0.999492	0.843539	0.956256	0.956782
7540	0.971542	0.999501	0.999492	0.843576	0.956256	0.956782
7550	0.971621	0.999501	0.999492	0.843633	0.956765	0.957232
7560	0.971651	0.999501	0.999492	0.843672	0.956765	0.957232
7570	0.971698	0.999501	0.999492	0.843776	0.956765	0.957232
7580	0.971739	0.999501	0.999492	0.843803	0.956765	0.957232
7590	0.971770	0.999501	0.999492	0.843857	0.956765	0.957232
7600	0.971841	0.999501	0.999492	0.843896	0.956765	0.957232
7610	0.971872	0.999501	0.999492	0.843930	0.956765	0.957232
7620	0.971937	0.999501	0.999492	0.844013	0.956256	0.956781
7630	0.971992	0.999501	0.999492	0.844084	0.956256	0.956781
7640	0.972030	0.999501	0.999492	0.844145	0.956765	0.957232
7650	0.972088	0.999501	0.999492	0.844229	0.956765	0.957232
7660	0.972113	0.999501	0.999492	0.844268	0.957274	0.957756
7670	0.972146	0.999501	0.999492	0.844368	0.956765	0.957232
7680	0.972201	0.999501	0.999492	0.844387	0.956765	0.957232
7690	0.972251	0.999501	0.999492	0.844467	0.956765	0.957232
7700	0.972301	0.999501	0.999492	0.844554	0.956765	0.957232
7710	0.972342	0.999501	0.999492	0.844607	0.956765	0.957232
7720	0.972386	0.999501	0.999492	0.844646	0.956765	0.957272
7730	0.972425	0.999501	0.999492	0.844726	0.956765	0.957272
7740	0.972481	0.999556	0.999549	0.844802	0.956765	0.957272
7750	0.972510	0.999556	0.999549	0.844846	0.956765	0.957232
7760	0.972545	0.999556	0.999549	0.844886	0.956765	0.957232
7770	0.972591	0.999556	0.999549	0.844874	0.956765	0.957232
7780	0.972615	0.999556	0.999549	0.844927	0.956765	0.957232
7790	0.972653	0.999556	0.999549	0.845027	0.956765	0.957232
7800	0.972688	0.999556	0.999549	0.845071	0.956765	0.957232
7810	0.972710	0.999556	0.999549	0.845113	0.956765	0.957232
7820	0.972765	0.999556	0.999549	0.845163	0.956765	0.957232
7830	0.972803	0.999556	0.999549	0.845175	0.956765	0.957232
7840	0.972859	0.999556	0.999549	0.845241	0.956765	0.957232
7850	0.972883	0.999556	0.999549	0.845290	0.956765	0.957232
7860	0.972941	0.999556	0.999549	0.845318	0.956765	0.957272
7870	0.972972	0.999556	0.999549	0.845367	0.956765	0.957272
7880	0.973019	0.999556	0.999549	0.845438	0.956765	0.957272
7890	0.973054	0.999556	0.999547	0.845488	0.956765	0.957272
7900	0.973107	0.999556	0.999547	0.845529	0.956765	0.957272
7910	0.973171	0.999556	0.999547	0.845616	0.956765	0.957272
7920	0.973230	0.999556	0.999547	0.845688	0.956765	0.957272
7930	0.973253	0.999556	0.999547	0.845694	0.956765	0.957272
7940	0.973306	0.999556	0.999547	0.845773	0.956765	0.957272
7950	0.973347	0.999556	0.999547	0.845864	0.956256	0.956729
7960	0.973396	0.999556	0.999547	0.845889	0.956256	0.956729
7970	0.973453	0.999556	0.999547	0.845955	0.956256	0.956729
7980	0.973515	0.999556	0.999547	0.846045	0.957274	0.957705
7990	0.973595	0.999556	0.999549	0.846089	0.956256	0.956729
8000	0.973621	0.999556	0.999549	0.846124	0.957274	0.957676
8010	0.973670	0.999556	0.999547	0.846218	0.956256	0.956729
8020	0.973706	0.999556	0.999547	0.846241	0.956256	0.956729
8030	0.973760	0.999556	0.999547	0.846285	0.956256	0.956729
8040	0.973782	0.999556	0.999547	0.846277	0.956256	0.956729
8050	0.973837	0.999556	0.999547	0.846319	0.956256	0.956729
8060	0.973877	0.999556	0.999547	0.846386	0.956256	0.956729
8070	0.973929	0.999556	0.999547	0.846424	0.956256	0.956729
8080	0.973984	0.999556	0.999549	0.846530	0.956765	0.957256
8090	0.974041	0.999612	0.999606	0.846582	0.956765	0.957256
8100	0.974090	0.999612	0.999606	0.846652	0.956765	0.957256
8110	0.974142	0.999612	0.999606	0.846690	0.956765	0.957256
8120	0.974199	0.999612	0.999606	0.846725	0.956765	0.957256
8130	0.974257	0.999612	0.999606	0.846800	0.956765	0.957256
8140	0.974332	0.999612	0.999606	0.846886	0.956765	0.957256
8150	0.974383	0.999612	0.999606	0.846910	0.956765	0.957256
8160	0.974413	0.999612	0.999606	0.846913	0.956765	0.957256
8170	0.974468	0.999667	0.999662	0.846933	0.956765	0.957256
8180	0.974504	0.999667	0.999662	0.846987	0.956256	0.956729
8190	0.974550	0.999667	0.999661	0.847033	0.956256	0.956729
8200	0.974572	0.999667	0.999661	0.847068	0.956256	0.956834
8210	0.974639	0.999667	0.999662	0.847120	0.956256	0.956834
8220	0.974670	0.999667	0.999662	0.847126	0.956765	0.957272
8230	0.974704	0.999667	0.999662	0.847176	0.957274	0.957828
8240	0.974736	0.999667	0.999662	0.847211	0.956765	0.957272
8250	0.974781	0.999667	0.999662	0.847246	0.956765	0.957272
8260	0.974823	0.999667	0.999662	0.847274	0.956256	0.956822
8270	0.974849	0.999667	0.999662	0.847292	0.956256	0.956822
8280	0.974861	0.999667	0.999662	0.847321	0.956256	0.956822
8290	0.974908	0.999667	0.999662	0.847359	0.956256	0.956822
8300	0.974913	0.999667	0.999662	0.847381	0.956256	0.956822
8310	0.974940	0.999667	0.999662	0.847415	0.956256	0.956822
8320	0.975008	0.999667	0.999662	0.847501	0.956256	0.956729
8330	0.975042	0.999667	0.999662	0.847549	0.956765	0.957272
8340	0.975088	0.999667	0.999662	0.847599	0.957274	0.957828
8350	0.975123	0.999667	0.999662	0.847630	0.957274	0.957828
8360	0.975153	0.999667	0.999662	0.847672	0.957274	0.957828
8370	0.975163	0.999667	0.999662	0.847707	0.957274	0.957828
8380	0.975169	0.999667	0.999662	0.847732	0.957274	0.957828
8390	0.975172	0.999667	0.999662	0.847735	0.957274	0.957828
8400	0.975174	0.999667	0.999662	0.847744	0.957274	0.957828
8410	0.975211	0.999667	0.999662	0.847764	0.956765	0.957285
8420	0.975238	0.999667	0.999662	0.847803	0.956765	0.957285
8430	0.975272	0.999667	0.999662	0.847895	0.956765	0.957285
8440	0.975295	0.999667	0.999662	0.847920	0.956765	0.957285
8450	0.975358	0.999667	0.999662	0.848011	0.956765	0.957285
8460	0.975389	0.999667	0.999662	0.848081	0.956765	0.957285
8470	0.975421	0.999667	0.999662	0.848070	0.956765	0.957285
8480	0.975470	0.999667	0.999662	0.848093	0.956765	0.957285
8490	0.975530	0.999723	0.999718	0.848120	0.956765	0.957285
8500	0.975570	0.999723	0.999718	0.848179	0.956765	0.957285
8510	0.975622	0.999723	0.999718	0.848239	0.956765	0.957285
8520	0.975645	0.999723	0.999718	0.848264	0.956765	0.957285
8530	0.975686	0.999723	0.999718	0.848305	0.956765	0.957285
8540	0.975737	0.999723	0.999718	0.848333	0.956765	0.957285
8550	0.975781	0.999723	0.999718	0.848386	0.957274	0.957828
8560	0.975819	0.999723	0.999718	0.848459	0.956765	0.957285
8570	0.975862	0.999723	0.999718	0.848439	0.956765	0.957285
8580	0.975893	0.999723	0.999718	0.848463	0.956765	0.957285
8590	0.975949	0.999723	0.999718	0.848548	0.956765	0.957285
8600	0.975966	0.999723	0.999718	0.848574	0.956765	0.957285
8610	0.975991	0.999723	0.999718	0.848609	0.956765	0.957285
8620	0.976035	0.999778	0.999775	0.848687	0.956765	0.957285
8630	0.976052	0.999778	0.999775	0.848706	0.956765	0.957285
8640	0.976105	0.999778	0.999775	0.848763	0.956765	0.957285
8650	0.976129	0.999778	0.999775	0.848812	0.956765	0.957285
8660	0.976166	0.999778	0.999775	0.848833	0.956765	0.957285
8670	0.976189	0.999778	0.999775	0.848887	0.956765	0.957285
8680	0.976224	0.999778	0.999775	0.848937	0.956765	0.957285
8690	0.976251	0.999778	0.999775	0.849003	0.957274	0.957783
8700	0.976291	0.999778	0.999775	0.849094	0.957782	0.958309
8710	0.976324	0.999778	0.999775	0.849164	0.957274	0.957783
8720	0.976356	0.999778	0.999775	0.849218	0.957782	0.958309
8730	0.976383	0.999778	0.999775	0.849275	0.957782	0.958309
8740	0.976402	0.999778	0.999775	0.849299	0.957782	0.958309
8750	0.976425	0.999778	0.999775	0.849330	0.957782	0.958309
8760	0.976465	0.999778	0.999775	0.849349	0.957782	0.958309
8770	0.976502	0.999778	0.999775	0.849385	0.957782	0.958309
8780	0.976520	0.999778	0.999775	0.849422	0.957782	0.958309
8790	0.976559	0.999778	0.999775	0.849452	0.957782	0.958309
8800	0.976584	0.999778	0.999775	0.849472	0.957782	0.958309
8810	0.976633	0.999834	0.999831	0.849485	0.957274	0.957783
8820	0.976660	0.999834	0.999831	0.849513	0.957274	0.957783
8830	0.976687	0.999834	0.999831	0.849548	0.957782	0.958309
8840	0.976715	0.999834	0.999831	0.849576	0.957782	0.958309
8850	0.976768	0.999834	0.999831	0.849622	0.957782	0.958309
8860	0.976786	0.999834	0.999831	0.849646	0.957782	0.958309
8870	0.976818	0.999834	0.999831	0.849673	0.957782	0.958309
8880	0.976860	0.999834	0.999831	0.849704	0.957274	0.957783
8890	0.976878	0.999834	0.999831	0.849724	0.957274	0.957783
8900	0.976918	0.999834	0.999831	0.849751	0.957274	0.957783
8910	0.976955	0.999834	0.999831	0.849817	0.957274	0.957783
8920	0.976974	0.999834	0.999831	0.849848	0.957274	0.957783
8930	0.977035	0.999834	0.999831	0.849903	0.957274	0.957783
8940	0.977072	0.999834	0.999831	0.849945	0.957274	0.957783
8950	0.977129	0.999889	0.999887	0.850005	0.957274	0.957783
8960	0.977174	0.999889	0.999887	0.850075	0.957274	0.957783
8970	0.977217	0.999889	0.999887	0.850126	0.957274	0.957783
8980	0.977256	0.999889	0.999887	0.850182	0.957274	0.957783
8990	0.977301	0.999945	0.999943	0.850222	0.957782	0.958309
9000	0.977325	0.999945	0.999943	0.850227	0.957782	0.958309
9010	0.977380	0.999945	0.999943	0.850219	0.957782	0.958309
9020	0.977416	0.999945	0.999943	0.850260	0.957782	0.958309
9030	0.977428	0.999945	0.999943	0.850261	0.957782	0.958309
9040	0.977448	0.999945	0.999943	0.850297	0.957782	0.958309
9050	0.977490	0.999945	0.999943	0.850356	0.957782	0.958309
9060	0.977495	0.999945	0.999943	0.850357	0.957782	0.958309
9070	0.977498	0.999945	0.999943	0.850350	0.957782	0.958309
9080	0.977501	0.999945	0.999943	0.850325	0.957782	0.958309
9090	0.977519	0.999945	0.999943	0.850340	0.957782	0.958309
9100	0.977538	0.999945	0.999943	0.850437	0.957782	0.958309
9110	0.977549	0.999945	0.999943	0.850446	0.957782	0.958309
9120	0.977581	0.999945	0.999943	0.850503	0.957782	0.958309
9130	0.977593	0.999945	0.999943	0.850519	0.957782	0.958309
9140	0.977596	0.999945	0.999943	0.850519	0.957782	0.958309
9150	0.977598	0.999945	0.999943	0.850507	0.957782	0.958309
9160	0.977604	0.999945	0.999943	0.850505	0.957274	0.957783
9170	0.977620	0.999945	0.999943	0.850544	0.957782	0.958309
9180	0.977660	0.999945	0.999943	0.850586	0.957782	0.958309
9190	0.977695	0.999945	0.999943	0.850626	0.957274	0.957783
9200	0.977722	0.999945	0.999943	0.850680	0.957274	0.957783
9210	0.977743	0.999945	0.999943	0.850741	0.957782	0.958309
9220	0.977753	0.999945	0.999943	0.850772	0.957782	0.958309
9230	0.977781	0.999945	0.999943	0.850790	0.957782	0.958309
9240	0.977800	0.999945	0.999943	0.850828	0.957782	0.958309
9250	0.977810	0.999945	0.999943	0.850834	0.957782	0.958309
9260	0.977843	0.999945	0.999943	0.850828	0.956765	0.957201
9270	0.977861	0.999945	0.999943	0.850848	0.956765	0.957201
9280	0.977899	0.999945	0.999943	0.850891	0.957274	0.957743
9290	0.977914	0.999945	0.999943	0.850912	0.957782	0.958324
9300	0.977939	0.999945	0.999943	0.850930	0.957782	0.958324
9310	0.977989	0.999945	0.999943	0.851041	0.957782	0.958324
9320	0.978008	0.999945	0.999943	0.851083	0.957274	0.957743
9330	0.978045	0.999945	0.999943	0.851106	0.957274	0.957743
9340	0.978064	0.999945	0.999943	0.851129	0.957274	0.957743
9350	0.978090	0.999945	0.999943	0.851181	0.957782	0.958324
9360	0.978113	0.999945	0.999943	0.851209	0.957782	0.958324
9370	0.978144	0.999945	0.999943	0.851253	0.957782	0.958324
9380	0.978158	0.999945	0.999943	0.851281	0.957782	0.958324
9390	0.978188	0.999945	0.999943	0.851320	0.957782	0.958324
9400	0.978214	0.999945	0.999943	0.851373	0.957782	0.958324
9410	0.978253	0.999945	0.999943	0.851412	0.957782	0.958324
9420	0.978275	0.999945	0.999943	0.851464	0.957782	0.958324
9430	0.978300	0.999945	0.999943	0.851530	0.957782	0.958324
9440	0.978311	0.999945	0.999943	0.851545	0.957274	0.957743
9450	0.978335	0.999945	0.999943	0.851577	0.957274	0.957743
9460	0.978352	0.999945	0.999943	0.851621	0.957274	0.957743
9470	0.978364	0.999945	0.999943	0.851628	0.957274	0.957743
9480	0.978400	0.999945	0.999943	0.851719	0.957274	0.957743
9490	0.978408	0.999945	0.999943	0.851735	0.957274	0.957743
9500	0.978424	0.999945	0.999943	0.851751	0.957274	0.957743
9510	0.978447	0.999945	0.999943	0.851788	0.957274	0.957743
9520	0.978478	0.999945	0.999943	0.851857	0.957274	0.957743
9530	0.978517	0.999945	0.999943	0.851950	0.957274	0.957743
9540	0.978537	0.999945	0.999943	0.852019	0.957274	0.957743
9550	0.978577	0.999945	0.999943	0.852072	0.957274	0.957743
9560	0.978610	0.999945	0.999943	0.852118	0.957274	0.957743
9570	0.978625	0.999945	0.999943	0.852139	0.957274	0.957743
9580	0.978659	0.999945	0.999943	0.852186	0.957274	0.957743
9590	0.978690	0.999945	0.999943	0.852238	0.957274	0.957743
9600	0.978717	0.999945	0.999943	0.852270	0.957274	0.957743
9610	0.978745	0.999945	0.999943	0.852299	0.957274	0.957743
9620	0.978770	0.999945	0.999943	0.852334	0.957274	0.957743
9630	0.978778	0.999945	0.999943	0.852347	0.957274	0.957743
9640	0.978812	0.999945	0.999943	0.852368	0.957274	0.957743
9650	0.978830	0.999945	0.999943	0.852390	0.957274	0.957743
9660	0.978854	0.999945	0.999943	0.852423	0.957274	0.957743
9670	0.978884	0.999945	0.999943	0.852449	0.957274	0.957743
9680	0.978903	0.999945	0.999943	0.852476	0.957274	0.957743
9690	0.978929	0.999945	0.999943	0.852546	0.957274	0.957743
9700	0.978968	0.999945	0.999943	0.852614	0.957274	0.957743
9710	0.978987	0.999945	0.999943	0.852649	0.957782	0.958257
9720	0.979012	0.999945	0.999943	0.852691	0.957782	0.958257
9730	0.979035	0.999945	0.999943	0.852741	0.957782	0.958257
9740	0.979062	0.999945	0.999943	0.852761	0.957782	0.958257
9750	0.979074	0.999945	0.999943	0.852784	0.957782	0.958257
9760	0.979108	0.999945	0.999943	0.852842	0.957782	0.958257
9770	0.979112	0.999945	0.999943	0.852862	0.957782	0.958257
9780	0.979138	0.999945	0.999943	0.852894	0.957782	0.958257
9790	0.979155	0.999945	0.999943	0.852942	0.957782	0.958257
9800	0.979188	0.999945	0.999943	0.852959	0.957782	0.958257
9810	0.979208	0.999945	0.999943	0.852989	0.957782	0.958257
9820	0.979241	0.999945	0.999943	0.853046	0.957782	0.958257
9830	0.979271	0.999945	0.999943	0.853074	0.957782	0.958257
9840	0.979278	0.999945	0.999943	0.853097	0.957782	0.958257
9850	0.979299	0.999945	0.999943	0.853123	0.957782	0.958257
9860	0.979347	0.999945	0.999943	0.853155	0.957782	0.958257
9870	0.979364	0.999945	0.999943	0.853160	0.957782	0.958257
9880	0.979379	0.999945	0.999943	0.853168	0.957782	0.958257
9890	0.979396	0.999945	0.999943	0.853215	0.957782	0.958257
9900	0.979423	0.999945	0.999943	0.853241	0.957782	0.958257
9910	0.979457	0.999945	0.999943	0.853267	0.957782	0.958257
9920	0.979506	0.999945	0.999943	0.853320	0.957782	0.958257
9930	0.979521	0.999945	0.999943	0.853341	0.957782	0.958257
9940	0.979538	0.999945	0.999943	0.853370	0.957782	0.958257
9950	0.979565	0.999945	0.999943	0.853372	0.957782	0.958257
9960	0.979591	0.999945	0.999943	0.853405	0.957782	0.958257
9970	0.979633	0.999945	0.999943	0.853472	0.957782	0.958257
9980	0.979670	0.999945	0.999943	0.853515	0.957782	0.958257
9990	0.979689	0.999945	0.999943	0.853551	0.957782	0.958257
10000	0.979711	0.999945	0.999943	0.853585	0.957782	0.958257
