10	0.085260	0.412408	0.323800	0.082488	0.402223	0.326618
20	0.160366	0.670884	0.675962	0.155581	0.655382	0.665467
30	0.219743	0.702569	0.705243	0.210042	0.690248	0.696331
40	0.251966	0.720826	0.721509	0.239882	0.707428	0.711707
50	0.274179	0.740192	0.740425	0.259277	0.728146	0.730963
60	0.295488	0.751679	0.750135	0.278009	0.731683	0.732222
70	0.310894	0.765496	0.761993	0.289894	0.744315	0.744210
80	0.324642	0.774263	0.770636	0.299767	0.748358	0.748297
90	0.338358	0.782920	0.779001	0.311577	0.752906	0.752776
100	0.354865	0.794351	0.789309	0.326176	0.767559	0.767103
110	0.366935	0.800289	0.794817	0.334862	0.769581	0.768784
120	0.380005	0.807447	0.800912	0.344009	0.772612	0.770373
130	0.389098	0.811831	0.805054	0.351411	0.772612	0.771246
140	0.399733	0.818046	0.810526	0.359029	0.781203	0.778522
150	0.412112	0.824649	0.816478	0.367888	0.781708	0.779072
160	0.421325	0.829144	0.820542	0.374789	0.789288	0.786161
170	0.428853	0.834138	0.825328	0.380494	0.794341	0.791113
180	0.439085	0.839021	0.829641	0.387292	0.797372	0.793544
190	0.446194	0.840852	0.831646	0.392160	0.801415	0.797229
200	0.455295	0.845514	0.835851	0.399882	0.804952	0.800306
210	0.465042	0.850508	0.840441	0.407455	0.806468	0.801716
220	0.473298	0.854004	0.843389	0.413998	0.811521	0.806505
230	0.480885	0.858332	0.847026	0.420566	0.814553	0.809423
240	0.486623	0.859719	0.848468	0.425045	0.817079	0.811586
250	0.493190	0.863604	0.851907	0.430706	0.818090	0.812972
260	0.501341	0.867155	0.855191	0.436269	0.821627	0.815179
270	0.508065	0.869430	0.857072	0.441282	0.821122	0.814766
280	0.514362	0.871761	0.859217	0.447131	0.822638	0.816214
290	0.520951	0.874757	0.861973	0.452809	0.828701	0.822045
300	0.528085	0.878697	0.865506	0.458450	0.832239	0.824432
310	0.536350	0.882138	0.868379	0.463370	0.835776	0.827292
320	0.542842	0.884857	0.870880	0.469039	0.834765	0.826179
330	0.548077	0.886965	0.872762	0.473951	0.839313	0.830444
340	0.552590	0.888463	0.874256	0.477714	0.838302	0.829411
350	0.558208	0.890572	0.876353	0.481923	0.838807	0.829579
360	0.562618	0.891293	0.876967	0.485357	0.841839	0.833084
370	0.567269	0.893569	0.879029	0.488019	0.843355	0.834364
380	0.571353	0.894179	0.879569	0.491905	0.845376	0.836313
390	0.576387	0.896066	0.881249	0.496582	0.843861	0.834803
400	0.583300	0.898341	0.883402	0.501313	0.846387	0.836376
410	0.587551	0.899673	0.884567	0.503354	0.848408	0.838416
420	0.591973	0.901504	0.886263	0.505827	0.851440	0.841558
430	0.596207	0.902503	0.887057	0.509355	0.851440	0.841001
440	0.600181	0.903779	0.888184	0.512131	0.851945	0.841303
450	0.604541	0.905388	0.889729	0.514784	0.854472	0.843574
460	0.608116	0.906664	0.890858	0.517094	0.857504	0.846086
470	0.611989	0.907830	0.891817	0.519909	0.857504	0.846228
480	0.615382	0.908385	0.892332	0.522006	0.856493	0.845467
490	0.618350	0.909162	0.893047	0.524058	0.856998	0.845997
500	0.621963	0.910604	0.894401	0.527034	0.856998	0.845951
510	0.624891	0.911714	0.895463	0.529009	0.858009	0.847034
520	0.628205	0.912380	0.896022	0.531829	0.859525	0.848404
530	0.632062	0.914156	0.897718	0.535544	0.860030	0.848592
540	0.636633	0.916264	0.899659	0.539353	0.861546	0.849566
550	0.640167	0.917097	0.900461	0.543052	0.864073	0.851951
560	0.643452	0.918151	0.901338	0.545303	0.865083	0.852618
570	0.646729	0.919205	0.902295	0.548145	0.865083	0.852383
580	0.649671	0.919372	0.902452	0.550345	0.866094	0.853115
590	0.652153	0.919982	0.902931	0.552050	0.868621	0.855348
600	0.655164	0.921591	0.904470	0.554638	0.869631	0.856533
610	0.658949	0.923034	0.905795	0.556821	0.871652	0.858191
620	0.662693	0.923922	0.906602	0.560281	0.872158	0.858582
630	0.665311	0.924643	0.907229	0.561784	0.871147	0.857432
640	0.668629	0.926308	0.908777	0.564053	0.871652	0.857860
650	0.671847	0.927196	0.909604	0.567139	0.872663	0.858920
660	0.674320	0.928195	0.910516	0.569124	0.871652	0.857950
670	0.676745	0.928528	0.910823	0.570810	0.873674	0.859730
680	0.679332	0.929249	0.911503	0.572944	0.874684	0.860306
690	0.681100	0.929693	0.911968	0.573957	0.875189	0.860827
700	0.683250	0.930248	0.912507	0.575282	0.876200	0.861636
710	0.685313	0.930858	0.913089	0.577062	0.878221	0.863620
720	0.687390	0.931136	0.913333	0.578537	0.878727	0.864162
730	0.689580	0.931580	0.913713	0.579657	0.878221	0.863527
740	0.691504	0.932079	0.914104	0.580773	0.879232	0.864186
750	0.693669	0.933245	0.915204	0.582636	0.879737	0.864694
760	0.695821	0.933688	0.915679	0.584409	0.881253	0.866084
770	0.697946	0.934354	0.916300	0.586580	0.880748	0.865564
780	0.699972	0.935242	0.917106	0.588395	0.881253	0.866128
790	0.701943	0.935631	0.917515	0.589955	0.881253	0.866265
800	0.703824	0.936075	0.917916	0.591581	0.882264	0.867287
810	0.705575	0.936297	0.918082	0.592963	0.882264	0.867106
820	0.707587	0.937517	0.919262	0.594350	0.882264	0.867080
830	0.709184	0.938294	0.920013	0.595456	0.884790	0.869259
840	0.711021	0.938849	0.920504	0.596802	0.885801	0.870523
850	0.713165	0.939238	0.920849	0.598454	0.885801	0.870480
860	0.714733	0.939959	0.921512	0.599355	0.885296	0.869882
870	0.716797	0.940403	0.921919	0.601070	0.886306	0.870832
880	0.718657	0.940625	0.922161	0.603055	0.886306	0.870598
890	0.720204	0.940958	0.922453	0.604196	0.886306	0.870452
900	0.721868	0.941568	0.923026	0.604939	0.886812	0.870765
910	0.723464	0.941846	0.923274	0.606353	0.886812	0.870733
920	0.725023	0.942345	0.923749	0.607488	0.886812	0.870686
930	0.726365	0.942678	0.924069	0.608596	0.886812	0.870714
940	0.727833	0.943066	0.924466	0.610029	0.887822	0.871624
950	0.728963	0.943510	0.924893	0.610776	0.886812	0.870582
960	0.730056	0.943732	0.925067	0.611519	0.887822	0.871561
970	0.731282	0.943899	0.925241	0.612733	0.888327	0.872046
980	0.732906	0.944232	0.925553	0.613883	0.888327	0.872050
990	0.734418	0.944620	0.925934	0.614793	0.887317	0.871164
1000	0.736294	0.945231	0.926525	0.615278	0.887317	0.871124
1010	0.737679	0.945175	0.926456	0.615785	0.888327	0.872163
1020	0.738632	0.945508	0.926744	0.616681	0.888327	0.872241
1030	0.739688	0.945785	0.926971	0.617511	0.889338	0.873089
1040	0.740916	0.945841	0.927005	0.618524	0.889338	0.873249
1050	0.742264	0.946174	0.927331	0.619524	0.889338	0.873103
1060	0.743764	0.946451	0.927586	0.620881	0.889338	0.873053
1070	0.745029	0.947062	0.928155	0.622075	0.892370	0.876088
1080	0.746654	0.947561	0.928648	0.622979	0.892370	0.875842
1090	0.747866	0.947783	0.928788	0.623758	0.891359	0.874764
1100	0.749255	0.948283	0.929261	0.624609	0.891359	0.874742
1110	0.750538	0.948671	0.929667	0.625428	0.891865	0.875313
1120	0.751936	0.948948	0.929929	0.626487	0.892370	0.875643
1130	0.752959	0.949004	0.929974	0.627223	0.893380	0.876628
1140	0.753995	0.949004	0.929977	0.628338	0.893380	0.876668
1150	0.755222	0.949226	0.930181	0.629349	0.893886	0.877083
1160	0.756552	0.949448	0.930396	0.630876	0.894391	0.877436
1170	0.757297	0.949503	0.930464	0.631376	0.893886	0.876914
1180	0.758204	0.949836	0.930779	0.631968	0.894391	0.877368
1190	0.759027	0.949892	0.930831	0.632838	0.894391	0.877368
1200	0.759793	0.950003	0.930944	0.633300	0.894391	0.877468
1210	0.760809	0.950058	0.931016	0.634008	0.894391	0.877369
1220	0.761778	0.950169	0.931100	0.634801	0.893886	0.876831
1230	0.762445	0.950225	0.931167	0.635085	0.893886	0.876891
1240	0.763178	0.950336	0.931309	0.635697	0.893380	0.876421
1250	0.764069	0.950502	0.931472	0.636536	0.894896	0.877687
1260	0.765034	0.950669	0.931633	0.637349	0.894896	0.877640
1270	0.766206	0.950835	0.931790	0.638499	0.895907	0.878711
1280	0.767078	0.951057	0.931999	0.639180	0.896918	0.879686
1290	0.768098	0.951390	0.932319	0.639796	0.895907	0.878697
1300	0.769035	0.951390	0.932266	0.640074	0.896412	0.879223
1310	0.770148	0.951723	0.932592	0.640769	0.897423	0.880186
1320	0.770772	0.951834	0.932690	0.641101	0.896918	0.879671
1330	0.772166	0.952278	0.933096	0.641684	0.896918	0.879630
1340	0.772921	0.952611	0.933420	0.642202	0.897928	0.880575
1350	0.773637	0.952666	0.933485	0.643021	0.897928	0.880619
1360	0.774354	0.952777	0.933568	0.643379	0.898434	0.881011
1370	0.774897	0.952833	0.933625	0.643899	0.898434	0.881134
1380	0.775808	0.953055	0.933847	0.644412	0.898939	0.881667
1390	0.776597	0.953443	0.934207	0.645104	0.899444	0.882026
1400	0.777299	0.953610	0.934383	0.645754	0.898434	0.881151
1410	0.778098	0.953665	0.934409	0.646283	0.898434	0.881109
1420	0.779197	0.953887	0.934624	0.647509	0.898434	0.881034
1430	0.779784	0.953943	0.934674	0.647962	0.898434	0.881109
1440	0.780424	0.953943	0.934677	0.648256	0.898434	0.881055
1450	0.781280	0.954109	0.934843	0.649064	0.898434	0.881032
1460	0.782078	0.954387	0.935090	0.649700	0.898939	0.881397
1470	0.782683	0.954331	0.935060	0.650135	0.898939	0.881285
1480	0.783421	0.954442	0.935142	0.650902	0.898939	0.881452
1490	0.784130	0.954609	0.935300	0.651347	0.898939	0.881356
1500	0.784934	0.954719	0.935400	0.651973	0.899949	0.882274
1510	0.785793	0.954664	0.935358	0.652705	0.899949	0.882198
1520	0.786282	0.954719	0.935409	0.653137	0.899444	0.881615
1530	0.786772	0.954830	0.935569	0.653443	0.899444	0.881546
1540	0.787701	0.954941	0.935637	0.654193	0.898939	0.881049
1550	0.788328	0.954941	0.935637	0.654961	0.898939	0.881151
1560	0.789038	0.955052	0.935749	0.655648	0.899949	0.882064
1570	0.789816	0.955052	0.935759	0.656705	0.900455	0.882475
1580	0.791718	0.955496	0.955707	0.658321	0.899949	0.882002
1590	0.792285	0.955330	0.955521	0.658726	0.901465	0.902989
1600	0.792847	0.955718	0.955903	0.659342	0.901465	0.903020
1610	0.793410	0.955330	0.955525	0.659773	0.900455	0.882567
1620	0.794072	0.955496	0.955694	0.660306	0.900960	0.883113
1630	0.795224	0.956662	0.956948	0.661389	0.902476	0.884560
1640	0.798608	0.963598	0.963659	0.664368	0.910056	0.911563
1650	0.799611	0.966040	0.966061	0.665175	0.911572	0.913008
1660	0.800327	0.966262	0.966281	0.665638	0.911572	0.913002
1670	0.801062	0.966151	0.966159	0.666403	0.912582	0.914020
1680	0.805196	0.970423	0.970418	0.670009	0.916119	0.917497
1690	0.807988	0.971700	0.971690	0.672487	0.918646	0.919833
1700	0.808620	0.971977	0.971969	0.672853	0.918646	0.919771
1710	0.809127	0.972088	0.972086	0.673017	0.918140	0.919358
1720	0.809663	0.972033	0.972025	0.673573	0.918140	0.919358
1730	0.810529	0.972088	0.972084	0.673898	0.916625	0.917813
1740	0.814401	0.974252	0.974223	0.677241	0.921172	0.921989
1750	0.815990	0.974696	0.974660	0.678609	0.920667	0.921506
1760	0.816448	0.974863	0.974827	0.679172	0.921172	0.921989
1770	0.817087	0.974807	0.974773	0.679392	0.921172	0.922125
1780	0.817491	0.974863	0.974829	0.679810	0.920667	0.921556
1790	0.818183	0.975029	0.975001	0.680232	0.921678	0.922494
1800	0.820903	0.975695	0.975653	0.682593	0.922183	0.922987
1810	0.823409	0.976250	0.976186	0.684803	0.923194	0.923941
1820	0.823869	0.976305	0.976244	0.685317	0.923194	0.924065
1830	0.824385	0.976416	0.976352	0.685995	0.922688	0.923501
1840	0.824896	0.976472	0.976418	0.686550	0.923699	0.924505
1850	0.825725	0.976638	0.976588	0.687191	0.923699	0.924416
1860	0.828290	0.977637	0.977570	0.689419	0.923699	0.924434
1870	0.830596	0.978026	0.977963	0.691467	0.924204	0.924939
1880	0.831022	0.978081	0.978016	0.691893	0.924709	0.925499
1890	0.831585	0.978026	0.977957	0.692302	0.924709	0.925499
1900	0.832047	0.978248	0.978176	0.692788	0.925215	0.925938
1910	0.833653	0.978803	0.978722	0.694058	0.925215	0.925938
1920	0.835545	0.979524	0.979438	0.695725	0.925215	0.925938
1930	0.836326	0.979413	0.979325	0.696298	0.925215	0.925938
1940	0.836777	0.979468	0.979383	0.696583	0.924709	0.925443
1950	0.837232	0.979746	0.979656	0.696812	0.924204	0.924939
1960	0.839045	0.980356	0.980263	0.698447	0.924204	0.924939
1970	0.840467	0.980745	0.980648	0.699696	0.924709	0.925398
1980	0.840868	0.980634	0.980534	0.700173	0.924709	0.925398
1990	0.841451	0.980856	0.980753	0.700500	0.925215	0.925870
2000	0.842038	0.980911	0.980808	0.700946	0.924709	0.925398
2010	0.843839	0.981633	0.981520	0.702603	0.926731	0.927258
2020	0.845203	0.981744	0.981628	0.703752	0.926731	0.927258
2030	0.845588	0.981910	0.981793	0.704016	0.927236	0.927653
2040	0.846179	0.981910	0.981790	0.704680	0.926731	0.927231
2050	0.846675	0.982021	0.981904	0.705082	0.926731	0.927253
2060	0.848640	0.982909	0.982795	0.706879	0.928247	0.928671
2070	0.849176	0.983075	0.982956	0.707182	0.928247	0.928671
2080	0.849663	0.983186	0.983063	0.707549	0.928752	0.929128
2090	0.850012	0.983242	0.983121	0.707879	0.928247	0.928633
2100	0.850579	0.983186	0.983060	0.708212	0.927741	0.928154
2110	0.852485	0.983630	0.983507	0.709808	0.929257	0.929629
2120	0.853595	0.983797	0.983676	0.710823	0.929763	0.930064
2130	0.854070	0.983852	0.983728	0.711184	0.928247	0.928705
2140	0.854543	0.983741	0.983614	0.711540	0.928752	0.929171
2150	0.854954	0.983908	0.983777	0.711904	0.927741	0.928264
2160	0.856897	0.984352	0.984225	0.713634	0.927741	0.928264
2170	0.857356	0.984352	0.984228	0.713922	0.928247	0.928745
2180	0.857751	0.984407	0.984284	0.714411	0.928752	0.929248
2190	0.858314	0.984574	0.984446	0.714802	0.928247	0.928745
2200	0.860246	0.984851	0.984722	0.716366	0.928752	0.929245
2210	0.860683	0.984906	0.984776	0.716686	0.928247	0.928739
2220	0.861012	0.985017	0.984883	0.716804	0.928752	0.929239
2230	0.861510	0.985128	0.984992	0.717246	0.928752	0.929177
2240	0.862815	0.985406	0.985270	0.718380	0.928752	0.929220
2250	0.863264	0.985461	0.985320	0.718802	0.928752	0.929259
2260	0.863668	0.985461	0.985320	0.719330	0.928752	0.929259
2270	0.864888	0.985739	0.985595	0.720370	0.929257	0.929743
2280	0.865337	0.985794	0.985654	0.720629	0.929257	0.929743
2290	0.865744	0.985850	0.985705	0.721134	0.929257	0.929743
2300	0.866240	0.985683	0.985547	0.721465	0.929257	0.929743
2310	0.867501	0.985905	0.985756	0.722588	0.929257	0.929743
2320	0.867833	0.985850	0.985704	0.722750	0.929257	0.929743
2330	0.868136	0.985961	0.985813	0.722852	0.929257	0.929743
2340	0.868532	0.986016	0.985872	0.723165	0.929763	0.930247
2350	0.868870	0.986127	0.985980	0.723411	0.929763	0.930247
2360	0.870455	0.986571	0.986425	0.724811	0.929763	0.930247
2370	0.870839	0.986682	0.986538	0.725312	0.929763	0.930247
2380	0.871302	0.986682	0.986536	0.725735	0.930268	0.930775
2390	0.872063	0.986793	0.986648	0.726358	0.930268	0.930714
2400	0.872448	0.986793	0.986647	0.726975	0.930268	0.930714
2410	0.872875	0.986904	0.986757	0.727464	0.929763	0.930210
2420	0.873720	0.987126	0.986980	0.728030	0.930268	0.930730
2430	0.873985	0.987126	0.986982	0.728373	0.930268	0.930730
2440	0.874546	0.987570	0.987414	0.728811	0.930773	0.931283
2450	0.875165	0.987570	0.987411	0.729204	0.930773	0.931283
2460	0.876084	0.987737	0.987578	0.730022	0.930773	0.931283
2470	0.876393	0.987792	0.987634	0.730169	0.930268	0.930730
2480	0.876668	0.987792	0.987632	0.730542	0.930773	0.931234
2490	0.877300	0.987792	0.987636	0.731026	0.931278	0.931674
2500	0.878051	0.988069	0.987913	0.731684	0.931278	0.931674
2510	0.878447	0.988125	0.987967	0.731974	0.931278	0.931674
2520	0.878711	0.988014	0.987855	0.732286	0.931784	0.932135
2530	0.879508	0.988291	0.988134	0.732848	0.931784	0.932135
2540	0.879957	0.988291	0.988135	0.733345	0.931784	0.932135
2550	0.880207	0.988402	0.988246	0.733528	0.932289	0.932662
2560	0.880502	0.988458	0.988303	0.733663	0.932289	0.932662
2570	0.881526	0.988680	0.988523	0.734533	0.932289	0.932662
2580	0.881802	0.988680	0.988523	0.734873	0.932289	0.932687
2590	0.882040	0.988735	0.988574	0.735192	0.932289	0.932662
2600	0.882295	0.988791	0.988629	0.735360	0.932289	0.932687
2610	0.882957	0.988791	0.988630	0.735922	0.932289	0.932687
2620	0.883189	0.988846	0.988684	0.736172	0.932289	0.932662
2630	0.883412	0.988902	0.988738	0.736318	0.932289	0.932687
2640	0.883746	0.988902	0.988741	0.736627	0.932289	0.932662
2650	0.884681	0.989068	0.988909	0.737423	0.932289	0.932662
2660	0.884885	0.989124	0.988967	0.737760	0.932289	0.932662
2670	0.885056	0.989068	0.988912	0.737973	0.932289	0.932662
2680	0.885426	0.989124	0.988969	0.738227	0.932289	0.932662
2690	0.886422	0.989290	0.989137	0.738976	0.932289	0.932662
2700	0.886789	0.989290	0.989142	0.739338	0.931784	0.932146
2710	0.887420	0.989346	0.989192	0.739786	0.931784	0.932171
2720	0.887786	0.989346	0.989196	0.740003	0.931784	0.932171
2730	0.888137	0.989401	0.989251	0.740387	0.932289	0.932725
2740	0.888508	0.989512	0.989360	0.740653	0.932289	0.932725
2750	0.889537	0.989512	0.989350	0.741432	0.932794	0.933202
2760	0.889737	0.989512	0.989352	0.741600	0.932794	0.933202
2770	0.890073	0.989568	0.989413	0.742093	0.932794	0.933202
2780	0.890871	0.989568	0.989413	0.742713	0.932794	0.933256
2790	0.891188	0.989568	0.989415	0.742915	0.932289	0.932725
2800	0.891865	0.989623	0.989470	0.743501	0.932289	0.932725
2810	0.892261	0.989679	0.989526	0.743799	0.932289	0.932725
2820	0.892632	0.989734	0.989584	0.744237	0.932794	0.933274
2830	0.893417	0.989790	0.989639	0.744952	0.932794	0.933274
2840	0.893711	0.989790	0.989634	0.745147	0.932794	0.933274
2850	0.893888	0.989790	0.989632	0.745239	0.932794	0.933274
2860	0.894640	0.989901	0.989742	0.745927	0.932794	0.933274
2870	0.894972	0.989956	0.989800	0.746301	0.932794	0.933274
2880	0.895229	0.989956	0.989803	0.746621	0.932794	0.933222
2890	0.895816	0.990067	0.989918	0.747170	0.932794	0.933222
2900	0.896105	0.990067	0.989918	0.747554	0.932794	0.933198
2910	0.896731	0.990123	0.989973	0.748168	0.932794	0.933198
2920	0.896976	0.990178	0.990028	0.748391	0.932794	0.933198
2930	0.897336	0.990234	0.990083	0.748707	0.932794	0.933198
2940	0.898146	0.990234	0.990084	0.749501	0.932289	0.932659
2950	0.898426	0.990234	0.990083	0.749898	0.932794	0.933060
2960	0.898888	0.990345	0.990195	0.750231	0.932794	0.933060
2970	0.899220	0.990400	0.990250	0.750539	0.933805	0.934070
2980	0.899565	0.990456	0.990303	0.750848	0.933805	0.934070
2990	0.900131	0.990622	0.990475	0.751321	0.933805	0.934070
3000	0.900418	0.990678	0.990534	0.751579	0.933805	0.934070
3010	0.901086	0.990844	0.990702	0.752099	0.934310	0.934565
3020	0.901377	0.990900	0.990760	0.752205	0.933805	0.934085
3030	0.901613	0.990900	0.990758	0.752481	0.934310	0.934535
3040	0.902201	0.991010	0.990870	0.753012	0.934310	0.934562
3050	0.902369	0.991066	0.990922	0.753241	0.933805	0.934010
3060	0.902587	0.991066	0.990927	0.753579	0.933805	0.934010
3070	0.903077	0.991066	0.990931	0.754008	0.933805	0.934020
3080	0.903422	0.991232	0.991094	0.754342	0.934310	0.934570
3090	0.903554	0.991288	0.991150	0.754438	0.933805	0.934065
3100	0.903793	0.991288	0.991153	0.754840	0.933805	0.934131
3110	0.904565	0.991621	0.991489	0.755542	0.933805	0.934206
3120	0.904706	0.991676	0.991544	0.755680	0.933300	0.933701
3130	0.904883	0.991676	0.991544	0.755930	0.933805	0.934206
3140	0.905352	0.991565	0.991432	0.756334	0.933805	0.934143
3150	0.905829	0.991843	0.991714	0.756676	0.933805	0.933999
3160	0.906077	0.991898	0.991769	0.756909	0.933805	0.934012
3170	0.906371	0.991843	0.991712	0.757183	0.934310	0.934494
3180	0.906963	0.991954	0.991827	0.757851	0.934816	0.935040
3190	0.907221	0.991898	0.991775	0.758018	0.935321	0.935623
3200	0.907731	0.991954	0.991832	0.758431	0.935321	0.935582
3210	0.907935	0.992065	0.991943	0.758625	0.935321	0.935582
3220	0.908491	0.992120	0.992000	0.759162	0.935321	0.935566
3230	0.908709	0.992176	0.992054	0.759388	0.935321	0.935560
3240	0.908904	0.992287	0.992165	0.759538	0.935321	0.935566
3250	0.909387	0.992287	0.992165	0.759952	0.934816	0.935087
3260	0.909698	0.992287	0.992164	0.760228	0.935321	0.935578
3270	0.910190	0.992342	0.992222	0.760657	0.936331	0.936578
3280	0.910359	0.992342	0.992222	0.760837	0.936331	0.936578
3290	0.910559	0.992342	0.992220	0.761031	0.935826	0.936079
3300	0.911076	0.992398	0.992276	0.761454	0.936837	0.937064
3310	0.911241	0.992509	0.992388	0.761677	0.936837	0.937076
3320	0.911399	0.992509	0.992388	0.761896	0.936837	0.937076
3330	0.911643	0.992509	0.992388	0.762130	0.936837	0.937076
3340	0.912126	0.992509	0.992389	0.762487	0.936837	0.937114
3350	0.912258	0.992564	0.992444	0.762674	0.936837	0.937114
3360	0.912420	0.992564	0.992444	0.762812	0.936837	0.937114
3370	0.912951	0.992564	0.992444	0.762965	0.937342	0.937543
3380	0.913377	0.992675	0.992555	0.763404	0.937847	0.937985
3390	0.913575	0.992731	0.992608	0.763492	0.936837	0.937042
3400	0.913837	0.992842	0.992716	0.763795	0.937847	0.937981
3410	0.914376	0.992786	0.992665	0.764304	0.939869	0.939954
3420	0.914707	0.992842	0.992714	0.764611	0.939869	0.939954
3430	0.914904	0.992897	0.992769	0.765025	0.939869	0.939954
3440	0.915527	0.993008	0.992882	0.765659	0.939869	0.939954
3450	0.915709	0.993008	0.992882	0.765830	0.940374	0.940413
3460	0.915902	0.993008	0.992882	0.766037	0.940374	0.940413
3470	0.916054	0.993008	0.992882	0.766159	0.939869	0.939901
3480	0.916621	0.993008	0.992884	0.766691	0.939869	0.939911
3490	0.916823	0.993008	0.992882	0.766923	0.939363	0.939399
3500	0.917158	0.993064	0.992940	0.767362	0.939869	0.939901
3510	0.917372	0.993119	0.992999	0.767548	0.939869	0.939901
3520	0.917520	0.993119	0.992999	0.767659	0.940374	0.940353
3530	0.917904	0.993119	0.992998	0.767951	0.940374	0.940353
3540	0.918165	0.993119	0.992998	0.768119	0.940374	0.940353
3550	0.918336	0.993119	0.992997	0.768360	0.939869	0.939901
3560	0.918735	0.993064	0.992941	0.768756	0.940374	0.940353
3570	0.918891	0.993064	0.992941	0.768841	0.940374	0.940353
3580	0.919380	0.993175	0.993051	0.769219	0.940374	0.940353
3590	0.919568	0.993119	0.992996	0.769324	0.939869	0.939835
3600	0.920063	0.993230	0.993110	0.769775	0.940374	0.940353
3610	0.920301	0.993230	0.993109	0.770100	0.940374	0.940353
3620	0.920521	0.993175	0.993053	0.770270	0.940374	0.940353
3630	0.920983	0.993341	0.993224	0.770623	0.939869	0.939943
3640	0.921234	0.993397	0.993279	0.771056	0.939869	0.939952
3650	0.921528	0.993452	0.993337	0.771216	0.940879	0.940911
3660	0.921739	0.993508	0.993393	0.771452	0.940374	0.940400
3670	0.921974	0.993563	0.993449	0.771651	0.940374	0.940400
3680	0.922109	0.993508	0.993393	0.771830	0.940374	0.940400
3690	0.922334	0.993508	0.993395	0.772182	0.940879	0.940951
3700	0.922690	0.993563	0.993451	0.772536	0.940879	0.940951
3710	0.922868	0.993563	0.993449	0.772596	0.940879	0.940951
3720	0.923263	0.993674	0.993561	0.773005	0.940374	0.940400
3730	0.923439	0.993674	0.993561	0.773303	0.940879	0.940911
3740	0.923739	0.993674	0.993563	0.773503	0.940879	0.940911
3750	0.923908	0.993674	0.993563	0.773678	0.940374	0.940502
3760	0.924078	0.993730	0.993619	0.773750	0.941385	0.941515
3770	0.924539	0.993730	0.993619	0.774240	0.941385	0.941515
3780	0.924668	0.993674	0.993562	0.774373	0.941385	0.941515
3790	0.925003	0.993674	0.993562	0.774755	0.941385	0.941515
3800	0.925107	0.993674	0.993562	0.774797	0.941385	0.941515
3810	0.925184	0.993674	0.993562	0.774984	0.941385	0.941515
3820	0.925360	0.993674	0.993562	0.775096	0.941385	0.941515
3830	0.925737	0.993730	0.993618	0.775379	0.941385	0.941515
3840	0.925863	0.993785	0.993671	0.775535	0.941385	0.941515
3850	0.926165	0.993952	0.993842	0.775857	0.940879	0.941004
3860	0.926412	0.994007	0.993899	0.776125	0.940879	0.941004
3870	0.926530	0.994007	0.993901	0.776215	0.940879	0.941004
3880	0.926915	0.994173	0.994071	0.776656	0.940879	0.941004
3890	0.927109	0.994173	0.994069	0.776890	0.940879	0.941004
3900	0.927284	0.994229	0.994124	0.777025	0.940879	0.941004
3910	0.927648	0.994229	0.994126	0.777269	0.940374	0.940452
3920	0.927878	0.994229	0.994123	0.777660	0.939869	0.939873
3930	0.928314	0.994340	0.994233	0.778008	0.939869	0.939873
3940	0.928469	0.994340	0.994234	0.778076	0.939869	0.939873
3950	0.928919	0.994395	0.994292	0.778556	0.939363	0.939380
3960	0.929137	0.994451	0.994347	0.778714	0.939363	0.939380
3970	0.929275	0.994451	0.994346	0.778884	0.939363	0.939380
3980	0.929593	0.994451	0.994345	0.779105	0.939363	0.939380
3990	0.930014	0.994451	0.994348	0.779629	0.939869	0.939958
4000	0.930187	0.994506	0.994406	0.779789	0.939869	0.939958
4010	0.930551	0.994562	0.994462	0.779998	0.939363	0.939293
4020	0.930702	0.994617	0.994518	0.780119	0.939363	0.939293
4030	0.931013	0.994673	0.994574	0.780449	0.939363	0.939293
4040	0.931149	0.994728	0.994628	0.780613	0.939363	0.939293
4050	0.931291	0.994728	0.994630	0.780917	0.939363	0.939293
4060	0.931692	0.994673	0.994572	0.781347	0.940374	0.940297
4070	0.931818	0.994673	0.994572	0.781546	0.940374	0.940297
4080	0.932201	0.994895	0.994800	0.781878	0.939869	0.939806
4090	0.932303	0.994895	0.994798	0.781970	0.939869	0.939806
4100	0.932412	0.994895	0.994801	0.782125	0.940374	0.940297
4110	0.932499	0.994895	0.994801	0.782184	0.940374	0.940297
4120	0.932922	0.994950	0.994857	0.782684	0.940879	0.940802
4130	0.933012	0.994950	0.994856	0.782857	0.940879	0.940802
4140	0.933145	0.995006	0.994911	0.783032	0.940879	0.940802
4150	0.933479	0.995006	0.994911	0.783317	0.940879	0.940802
4160	0.933608	0.995006	0.994911	0.783558	0.940879	0.940802
4170	0.933760	0.995061	0.994967	0.783684	0.940879	0.940802
4180	0.934140	0.995117	0.995024	0.784036	0.940879	0.940802
4190	0.934280	0.995061	0.994967	0.784155	0.940879	0.940802
4200	0.934585	0.995172	0.995081	0.784514	0.940879	0.940802
4210	0.934636	0.995172	0.995081	0.784543	0.940879	0.940802
4220	0.934899	0.995172	0.995080	0.784763	0.941385	0.941259
4230	0.935010	0.995172	0.995079	0.784924	0.941385	0.941259
4240	0.935267	0.995228	0.995137	0.785083	0.941385	0.941259
4250	0.935392	0.995228	0.995134	0.785241	0.941890	0.941722
4260	0.935637	0.995228	0.995134	0.785520	0.941890	0.941722
4270	0.935748	0.995283	0.995191	0.785702	0.941890	0.941722
4280	0.936029	0.995339	0.995244	0.786028	0.941890	0.941722
4290	0.936190	0.995339	0.995244	0.786166	0.941890	0.941722
4300	0.936428	0.995339	0.995244	0.786401	0.942395	0.942240
4310	0.936513	0.995339	0.995244	0.786502	0.942900	0.942728
4320	0.936662	0.995339	0.995244	0.786712	0.942900	0.942728
4330	0.936723	0.995339	0.995244	0.786789	0.942395	0.942240
4340	0.937109	0.995339	0.995245	0.787158	0.942900	0.942728
4350	0.937308	0.995339	0.995244	0.787301	0.942900	0.942728
4360	0.937548	0.995561	0.995473	0.787575	0.942900	0.942728
4370	0.937677	0.995561	0.995473	0.787770	0.942900	0.942728
4380	0.937828	0.995561	0.995473	0.788109	0.942900	0.942728
4390	0.938157	0.995561	0.995472	0.788461	0.942395	0.942264
4400	0.938284	0.995616	0.995529	0.788676	0.942395	0.942264
4410	0.938584	0.995783	0.995698	0.788958	0.942395	0.942264
4420	0.938778	0.995838	0.995751	0.789095	0.942395	0.942264
4430	0.938939	0.995838	0.995751	0.789171	0.942395	0.942264
4440	0.939117	0.996005	0.995922	0.789616	0.942395	0.942264
4450	0.939331	0.996005	0.995921	0.789804	0.942395	0.942264
4460	0.939470	0.996005	0.995922	0.789973	0.942395	0.942264
4470	0.939846	0.996005	0.995922	0.790304	0.941890	0.941762
4480	0.939998	0.996005	0.995922	0.790456	0.941890	0.941762
4490	0.940375	0.996171	0.996090	0.790801	0.941385	0.941200
4500	0.940528	0.996282	0.996200	0.790871	0.941385	0.941200
4510	0.940616	0.996282	0.996200	0.791048	0.941385	0.941200
4520	0.940967	0.996449	0.996372	0.791382	0.941385	0.941200
4530	0.941153	0.996449	0.996373	0.791763	0.941890	0.941702
4540	0.941277	0.996449	0.996372	0.791848	0.941890	0.941702
4550	0.941430	0.996615	0.996539	0.792019	0.941890	0.941702
4560	0.941792	0.996615	0.996539	0.792437	0.941890	0.941709
4570	0.941900	0.996615	0.996539	0.792599	0.941890	0.941786
4580	0.942221	0.996726	0.996651	0.792836	0.942395	0.942292
4590	0.942336	0.996726	0.996653	0.792995	0.942395	0.942292
4600	0.942564	0.996782	0.996708	0.793240	0.942395	0.942292
4610	0.942682	0.996782	0.996705	0.793383	0.942395	0.942292
4620	0.942818	0.996782	0.996705	0.793498	0.942395	0.942292
4630	0.942921	0.996782	0.996705	0.793612	0.942395	0.942292
4640	0.943132	0.996782	0.996705	0.793903	0.942900	0.942788
4650	0.943315	0.996782	0.996706	0.794122	0.942900	0.942788
4660	0.943485	0.996893	0.996818	0.794329	0.942900	0.942796
4670	0.943687	0.996893	0.996820	0.794478	0.942900	0.942796
4680	0.943785	0.996893	0.996822	0.794539	0.942900	0.942796
4690	0.943856	0.996893	0.996823	0.794670	0.942900	0.942796
4700	0.944053	0.996948	0.996878	0.794902	0.942900	0.942796
4710	0.944137	0.996948	0.996878	0.795043	0.942900	0.942796
4720	0.944334	0.997059	0.996989	0.795277	0.942900	0.942796
4730	0.944705	0.997059	0.996991	0.795304	0.942900	0.942796
4740	0.945037	0.997114	0.997050	0.795616	0.944416	0.944386
4750	0.945152	0.997114	0.997050	0.795731	0.943911	0.943816
4760	0.945476	0.997170	0.997108	0.796010	0.944416	0.944386
4770	0.945598	0.997225	0.997165	0.796172	0.944416	0.944386
4780	0.945880	0.997336	0.997279	0.796400	0.944922	0.944861
4790	0.945994	0.997392	0.997334	0.796579	0.944922	0.944861
4800	0.946267	0.997447	0.997391	0.796814	0.944416	0.944386
4810	0.946374	0.997447	0.997391	0.796967	0.944416	0.944386
4820	0.946455	0.997447	0.997391	0.797089	0.944416	0.944386
4830	0.946705	0.997447	0.997391	0.797300	0.944922	0.944861
4840	0.946785	0.997503	0.997447	0.797320	0.944922	0.944861
4850	0.946970	0.997558	0.997504	0.797446	0.945427	0.945437
4860	0.947331	0.997614	0.997560	0.797686	0.944922	0.944861
4870	0.947438	0.997614	0.997560	0.797806	0.945427	0.945315
4880	0.947697	0.997614	0.997560	0.798070	0.945427	0.945315
4890	0.947814	0.997614	0.997560	0.798181	0.944922	0.944861
4900	0.948135	0.997780	0.997731	0.798491	0.944416	0.944377
4910	0.948242	0.997780	0.997731	0.798579	0.944416	0.944377
4920	0.948357	0.997780	0.997731	0.798668	0.944416	0.944377
4930	0.948600	0.997780	0.997731	0.798872	0.944416	0.944377
4940	0.948708	0.997780	0.997731	0.798957	0.944416	0.944377
4950	0.949066	0.998002	0.997958	0.799271	0.944922	0.944832
4960	0.949289	0.998002	0.997958	0.799449	0.944922	0.944832
4970	0.949430	0.998002	0.997958	0.799565	0.944922	0.944832
4980	0.949690	0.998058	0.998015	0.799924	0.944922	0.944832
4990	0.949786	0.998058	0.998015	0.800027	0.945427	0.945315
5000	0.950101	0.998113	0.998068	0.800262	0.945427	0.945315
5010	0.950201	0.998113	0.998068	0.800334	0.945427	0.945315
5020	0.950307	0.998113	0.998069	0.800442	0.945932	0.945800
5030	0.950575	0.998113	0.998069	0.800604	0.945932	0.945800
5040	0.950657	0.998113	0.998068	0.800730	0.945932	0.945800
5050	0.950789	0.998113	0.998068	0.800862	0.945932	0.945800
5060	0.950909	0.998169	0.998124	0.801036	0.945932	0.945868
5070	0.950967	0.998169	0.998125	0.801083	0.945932	0.945868
5080	0.951175	0.998224	0.998182	0.801214	0.945932	0.945827
5090	0.951306	0.998224	0.998182	0.801339	0.945427	0.945376
5100	0.951504	0.998224	0.998182	0.801374	0.945932	0.945868
5110	0.951595	0.998224	0.998182	0.801502	0.945932	0.945868
5120	0.951784	0.998280	0.998240	0.801779	0.944922	0.944873
5130	0.951840	0.998280	0.998240	0.801813	0.944922	0.944873
5140	0.951916	0.998280	0.998240	0.801901	0.945427	0.945315
5150	0.952215	0.998335	0.998298	0.802173	0.945932	0.945770
5160	0.952319	0.998335	0.998298	0.802381	0.945932	0.945770
5170	0.952514	0.998391	0.998351	0.802549	0.945932	0.945827
5180	0.952626	0.998391	0.998351	0.802755	0.945427	0.945324
5190	0.952827	0.998391	0.998350	0.803037	0.945427	0.945324
5200	0.952920	0.998391	0.998350	0.803121	0.945932	0.945827
5210	0.953117	0.998502	0.998467	0.803302	0.945932	0.945931
5220	0.953204	0.998502	0.998467	0.803417	0.945932	0.945882
5230	0.953372	0.998502	0.998467	0.803617	0.945932	0.945882
5240	0.953574	0.998502	0.998467	0.803780	0.945427	0.945428
5250	0.953658	0.998502	0.998464	0.803860	0.945427	0.945428
5260	0.953866	0.998557	0.998520	0.804031	0.945932	0.945856
5270	0.953942	0.998557	0.998520	0.804121	0.945932	0.945856
5280	0.954011	0.998557	0.998520	0.804165	0.945932	0.945856
5290	0.954202	0.998557	0.998523	0.804285	0.945932	0.945856
5300	0.954275	0.998557	0.998523	0.804385	0.945932	0.945856
5310	0.954376	0.998557	0.998523	0.804451	0.945932	0.945856
5320	0.954606	0.998668	0.998636	0.804648	0.945932	0.945856
5330	0.954732	0.998724	0.998693	0.804815	0.945932	0.945856
5340	0.954916	0.998724	0.998693	0.805013	0.945932	0.945856
5350	0.955036	0.998724	0.998694	0.805150	0.945932	0.945856
5360	0.955162	0.998724	0.998694	0.805297	0.945932	0.945856
5370	0.955285	0.998724	0.998693	0.805434	0.945932	0.945856
5380	0.955377	0.998724	0.998694	0.805534	0.946438	0.946359
5390	0.955452	0.998724	0.998693	0.805617	0.946438	0.946359
5400	0.955620	0.998724	0.998693	0.805771	0.946438	0.946359
5410	0.955687	0.998724	0.998693	0.805831	0.946438	0.946359
5420	0.955851	0.998724	0.998694	0.806030	0.946438	0.946359
5430	0.955944	0.998724	0.998691	0.806133	0.946438	0.946359
5440	0.956082	0.998724	0.998691	0.806208	0.945932	0.945800
5450	0.956183	0.998724	0.998691	0.806359	0.946438	0.946359
5460	0.956325	0.998724	0.998691	0.806498	0.946943	0.946928
5470	0.956404	0.998724	0.998693	0.806561	0.946438	0.946372
5480	0.956555	0.998724	0.998693	0.806710	0.946438	0.946372
5490	0.956634	0.998724	0.998693	0.806730	0.946438	0.946372
5500	0.956719	0.998724	0.998693	0.806776	0.945932	0.945864
5510	0.956906	0.998724	0.998693	0.806964	0.945932	0.945864
5520	0.956968	0.998724	0.998693	0.807003	0.945932	0.945864
5530	0.957027	0.998724	0.998693	0.807090	0.945932	0.945864
5540	0.957240	0.998724	0.998693	0.807370	0.946438	0.946308
5550	0.957307	0.998724	0.998693	0.807511	0.946438	0.946308
5560	0.957378	0.998724	0.998693	0.807574	0.946438	0.946308
5570	0.957520	0.998724	0.998693	0.807732	0.945932	0.945864
5580	0.957596	0.998779	0.998750	0.807898	0.946438	0.946372
5590	0.957720	0.998779	0.998750	0.808076	0.946438	0.946372
5600	0.957787	0.998779	0.998750	0.808097	0.946438	0.946372
5610	0.957978	0.998835	0.998806	0.808246	0.946438	0.946372
5620	0.958037	0.998835	0.998806	0.808363	0.946438	0.946308
5630	0.958087	0.998835	0.998806	0.808401	0.946438	0.946308
5640	0.958234	0.998835	0.998807	0.808540	0.946438	0.946308
5650	0.958294	0.998835	0.998807	0.808612	0.946438	0.946308
5660	0.958468	0.998835	0.998807	0.808818	0.946943	0.946815
5670	0.958534	0.998835	0.998807	0.808974	0.947448	0.947334
5680	0.958610	0.998835	0.998807	0.809109	0.947448	0.947334
5690	0.958778	0.998890	0.998863	0.809349	0.947448	0.947334
5700	0.958851	0.998890	0.998863	0.809420	0.946943	0.946828
5710	0.959011	0.998890	0.998863	0.809586	0.947448	0.947334
5720	0.959063	0.998890	0.998863	0.809656	0.947954	0.947890
5730	0.959176	0.998890	0.998863	0.809856	0.947448	0.947334
5740	0.959277	0.998890	0.998863	0.809948	0.947448	0.947334
5750	0.959351	0.998890	0.998863	0.810165	0.946943	0.946831
5760	0.959466	0.998890	0.998863	0.810292	0.947448	0.947526
5770	0.959538	0.998890	0.998861	0.810316	0.947954	0.948011
5780	0.959686	0.998890	0.998861	0.810525	0.948459	0.948566
5790	0.959759	0.998890	0.998861	0.810598	0.947954	0.948011
5800	0.959814	0.998890	0.998861	0.810693	0.948459	0.948573
5810	0.959952	0.998890	0.998861	0.810785	0.947954	0.947997
5820	0.960005	0.998890	0.998861	0.810863	0.947954	0.947997
5830	0.960136	0.998890	0.998861	0.811022	0.947448	0.947494
5840	0.960246	0.998890	0.998861	0.811151	0.947448	0.947494
5850	0.960332	0.998946	0.998919	0.811220	0.947448	0.947494
5860	0.960402	0.998946	0.998919	0.811295	0.947954	0.948049
5870	0.960510	0.999001	0.998974	0.811442	0.947954	0.948049
5880	0.960586	0.999001	0.998974	0.811498	0.947954	0.948049
5890	0.960722	0.999001	0.998974	0.811753	0.948459	0.948492
5900	0.960795	0.999001	0.998974	0.811904	0.948459	0.948492
5910	0.960938	0.999001	0.998974	0.812066	0.948459	0.948492
5920	0.960994	0.999001	0.998974	0.812188	0.948459	0.948492
5930	0.961119	0.999001	0.998974	0.812317	0.948459	0.948492
5940	0.961192	0.999001	0.998974	0.812370	0.947954	0.947936
5950	0.961256	0.999001	0.998974	0.812462	0.947954	0.947936
5960	0.961393	0.999001	0.998975	0.812568	0.947954	0.947936
5970	0.961465	0.999001	0.998975	0.812693	0.947954	0.947936
5980	0.961577	0.999001	0.998975	0.812811	0.947954	0.947936
5990	0.961623	0.999001	0.998975	0.812831	0.947954	0.947936
6000	0.961709	0.999001	0.998975	0.812940	0.947954	0.947936
6010	0.961760	0.999001	0.998975	0.813027	0.947954	0.947936
6020	0.961828	0.999001	0.998975	0.813078	0.947954	0.947936
6030	0.961994	0.999001	0.998975	0.813208	0.947954	0.947936
6040	0.962056	0.999001	0.998975	0.813254	0.947954	0.947936
6050	0.962134	0.999001	0.998975	0.813343	0.948459	0.948492
6060	0.962261	0.999001	0.998975	0.813444	0.948459	0.948492
6070	0.962351	0.999001	0.998975	0.813540	0.948459	0.948492
6080	0.962431	0.999001	0.998975	0.813647	0.948459	0.948492
6090	0.962504	0.999001	0.998975	0.813709	0.947954	0.947987
6100	0.962649	0.999001	0.998975	0.813865	0.947448	0.947432
6110	0.962773	0.999001	0.998975	0.813968	0.947954	0.947987
6120	0.962827	0.999001	0.998975	0.814079	0.947954	0.947987
6130	0.962962	0.999001	0.998975	0.814254	0.947448	0.947432
6140	0.963026	0.999001	0.998973	0.814400	0.947954	0.947999
6150	0.963126	0.999001	0.998973	0.814361	0.947954	0.947999
6160	0.963185	0.999001	0.998973	0.814503	0.947954	0.947999
6170	0.963300	0.999001	0.998973	0.814647	0.948459	0.948574
6180	0.963377	0.999001	0.998973	0.814816	0.948459	0.948574
6190	0.963509	0.999001	0.998973	0.815081	0.948964	0.949060
6200	0.963631	0.999001	0.998975	0.815269	0.948964	0.949060
6210	0.963674	0.999001	0.998975	0.815366	0.948964	0.949060
6220	0.963772	0.999001	0.998975	0.815473	0.948964	0.949060
6230	0.963872	0.999001	0.998975	0.815677	0.948459	0.948574
6240	0.963951	0.999001	0.998973	0.815801	0.948964	0.949060
6250	0.964057	0.999001	0.998973	0.815932	0.948964	0.949060
6260	0.964133	0.999001	0.998972	0.816062	0.948964	0.949060
6270	0.964249	0.999001	0.998972	0.816225	0.948964	0.949060
6280	0.964297	0.999001	0.998972	0.816315	0.948964	0.949060
6290	0.964349	0.999001	0.998972	0.816457	0.948964	0.949060
6300	0.964434	0.999057	0.999028	0.816536	0.948964	0.949060
6310	0.964485	0.999057	0.999028	0.816628	0.949469	0.949564
6320	0.964547	0.999057	0.999028	0.816726	0.949469	0.949564
6330	0.964640	0.999112	0.999085	0.816831	0.949469	0.949564
6340	0.964695	0.999112	0.999087	0.816877	0.949469	0.949564
6350	0.964804	0.999112	0.999087	0.817036	0.949469	0.949564
6360	0.964864	0.999112	0.999087	0.817155	0.949469	0.949564
6370	0.964983	0.999112	0.999087	0.817288	0.948964	0.949060
6380	0.965031	0.999112	0.999087	0.817335	0.948964	0.949060
6390	0.965134	0.999112	0.999087	0.817458	0.949469	0.949564
6400	0.965184	0.999112	0.999087	0.817597	0.948964	0.949060
6410	0.965248	0.999112	0.999087	0.817653	0.948964	0.949060
6420	0.965326	0.999112	0.999087	0.817715	0.948964	0.949060
6430	0.965374	0.999112	0.999087	0.817842	0.948964	0.949060
6440	0.965483	0.999112	0.999087	0.817867	0.949469	0.949564
6450	0.965557	0.999112	0.999087	0.818138	0.948964	0.949060
6460	0.965632	0.999112	0.999087	0.818237	0.948964	0.949060
6470	0.965697	0.999112	0.999087	0.818334	0.948964	0.949060
6480	0.965747	0.999112	0.999085	0.818316	0.948964	0.949060
6490	0.965876	0.999112	0.999085	0.818409	0.948964	0.949060
6500	0.965928	0.999112	0.999085	0.818445	0.948964	0.949060
6510	0.966051	0.999112	0.999085	0.818636	0.948964	0.949060
6520	0.966123	0.999112	0.999085	0.818753	0.948964	0.949060
6530	0.966231	0.999168	0.999143	0.818828	0.948964	0.949060
6540	0.966273	0.999168	0.999143	0.818853	0.948964	0.949060
6550	0.966364	0.999168	0.999143	0.818952	0.948964	0.949060
6560	0.966458	0.999223	0.999201	0.819037	0.948964	0.949060
6570	0.966510	0.999223	0.999201	0.819175	0.948964	0.949060
6580	0.966610	0.999223	0.999201	0.819265	0.949469	0.949612
6590	0.966666	0.999223	0.999201	0.819285	0.949469	0.949612
6600	0.966765	0.999223	0.999201	0.819382	0.949469	0.949612
6610	0.966854	0.999223	0.999201	0.819437	0.949469	0.949612
6620	0.966904	0.999223	0.999202	0.819503	0.949469	0.949612
6630	0.966956	0.999223	0.999202	0.819604	0.948964	0.949060
6640	0.967058	0.999223	0.999202	0.819704	0.949469	0.949612
6650	0.967138	0.999223	0.999202	0.819787	0.949469	0.949612
6660	0.967244	0.999223	0.999202	0.819916	0.948964	0.949060
6670	0.967304	0.999223	0.999202	0.820011	0.948964	0.949060
6680	0.967408	0.999223	0.999202	0.820120	0.949469	0.949612
6690	0.967449	0.999223	0.999202	0.820191	0.949975	0.950116
6700	0.967486	0.999223	0.999202	0.820188	0.949975	0.950059
6710	0.967552	0.999223	0.999202	0.820225	0.949975	0.950059
6720	0.967590	0.999223	0.999202	0.820240	0.949975	0.950059
6730	0.967628	0.999223	0.999202	0.820291	0.949975	0.950059
6740	0.967715	0.999223	0.999202	0.820399	0.950480	0.950581
6750	0.967772	0.999223	0.999202	0.820493	0.949975	0.950059
6760	0.967838	0.999279	0.999259	0.820577	0.950480	0.950581
6770	0.967924	0.999279	0.999259	0.820691	0.950480	0.950581
6780	0.967970	0.999279	0.999259	0.820802	0.950985	0.951072
6790	0.968056	0.999334	0.999314	0.820916	0.950985	0.951072
6800	0.968129	0.999334	0.999314	0.820984	0.950985	0.951072
6810	0.968210	0.999334	0.999314	0.821095	0.950480	0.950519
6820	0.968301	0.999334	0.999315	0.821114	0.950480	0.950519
6830	0.968364	0.999334	0.999314	0.821219	0.950480	0.950519
6840	0.968458	0.999334	0.999314	0.821302	0.950480	0.950519
6850	0.968500	0.999334	0.999314	0.821332	0.950480	0.950519
6860	0.968558	0.999334	0.999314	0.821437	0.950480	0.950519
6870	0.968629	0.999334	0.999314	0.821496	0.950480	0.950519
6880	0.968702	0.999390	0.999372	0.821554	0.950480	0.950519
6890	0.968782	0.999390	0.999374	0.821676	0.950480	0.950519
6900	0.968848	0.999334	0.999316	0.821776	0.950480	0.950519
6910	0.968895	0.999334	0.999316	0.821860	0.950480	0.950519
6920	0.968983	0.999390	0.999374	0.821981	0.950480	0.950519
6930	0.969016	0.999390	0.999374	0.822023	0.950480	0.950519
6940	0.969079	0.999390	0.999374	0.822081	0.950480	0.950519
6950	0.969146	0.999445	0.999431	0.822147	0.950480	0.950519
6960	0.969189	0.999445	0.999431	0.822207	0.950480	0.950519
6970	0.969272	0.999445	0.999431	0.822271	0.949975	0.949944
6980	0.969333	0.999445	0.999431	0.822402	0.949975	0.949944
6990	0.969392	0.999445	0.999431	0.822498	0.949975	0.949944
7000	0.969417	0.999445	0.999431	0.822512	0.949975	0.949944
7010	0.969445	0.999445	0.999431	0.822572	0.949975	0.949944
7020	0.969514	0.999445	0.999431	0.822652	0.949975	0.949944
7030	0.969545	0.999445	0.999431	0.822687	0.949975	0.949944
7040	0.969576	0.999445	0.999431	0.822735	0.949975	0.949944
7050	0.969642	0.999445	0.999431	0.822816	0.949975	0.949944
7060	0.969723	0.999445	0.999431	0.822947	0.949975	0.949944
7070	0.969767	0.999445	0.999431	0.823006	0.949975	0.949944
7080	0.969828	0.999445	0.999431	0.823101	0.949975	0.949944
7090	0.969871	0.999445	0.999431	0.823153	0.949975	0.949944
7100	0.969923	0.999445	0.999431	0.823230	0.949975	0.949944
7110	0.969980	0.999501	0.999488	0.823274	0.949975	0.949944
7120	0.970016	0.999445	0.999431	0.823302	0.949975	0.949944
7130	0.970080	0.999556	0.999546	0.823379	0.949975	0.949944
7140	0.970115	0.999556	0.999546	0.823443	0.949975	0.949944
7150	0.970145	0.999556	0.999546	0.823473	0.950480	0.950519
7160	0.970223	0.999556	0.999546	0.823563	0.950985	0.951022
7170	0.970295	0.999556	0.999546	0.823618	0.950480	0.950447
7180	0.970326	0.999556	0.999546	0.823644	0.950480	0.950447
7190	0.970403	0.999556	0.999546	0.823739	0.950480	0.950447
7200	0.970468	0.999556	0.999546	0.823796	0.950480	0.950447
7210	0.970508	0.999556	0.999546	0.823885	0.950480	0.950447
7220	0.970566	0.999556	0.999546	0.823940	0.950480	0.950447
7230	0.970600	0.999556	0.999546	0.823985	0.950480	0.950447
7240	0.970653	0.999612	0.999603	0.824030	0.950480	0.950447
7250	0.970693	0.999612	0.999603	0.824136	0.950480	0.950447
7260	0.970768	0.999612	0.999603	0.824194	0.950480	0.950447
7270	0.970805	0.999612	0.999603	0.824293	0.950480	0.950447
7280	0.970870	0.999612	0.999603	0.824346	0.950480	0.950447
7290	0.970915	0.999612	0.999603	0.824438	0.950480	0.950447
7300	0.970986	0.999612	0.999603	0.824524	0.950480	0.950447
7310	0.971035	0.999612	0.999603	0.824633	0.949975	0.949925
7320	0.971071	0.999612	0.999603	0.824700	0.950985	0.951022
7330	0.971136	0.999612	0.999604	0.824787	0.950985	0.951022
7340	0.971199	0.999667	0.999659	0.824848	0.950985	0.951022
7350	0.971284	0.999667	0.999659	0.824841	0.950985	0.951022
7360	0.971321	0.999667	0.999659	0.824910	0.950985	0.951022
7370	0.971396	0.999667	0.999659	0.824955	0.950985	0.951022
7380	0.971456	0.999667	0.999659	0.824975	0.950985	0.951022
7390	0.971476	0.999667	0.999659	0.825014	0.950985	0.951022
7400	0.971508	0.999667	0.999659	0.825039	0.951491	0.951547
7410	0.971558	0.999667	0.999659	0.825099	0.950985	0.951022
7420	0.971583	0.999667	0.999659	0.825110	0.951491	0.951547
7430	0.971641	0.999612	0.999604	0.825218	0.951491	0.951547
7440	0.971675	0.999612	0.999604	0.825289	0.951491	0.951547
7450	0.971753	0.999612	0.999604	0.825385	0.951491	0.951547
7460	0.971804	0.999667	0.999659	0.825458	0.951491	0.951527
7470	0.971858	0.999667	0.999659	0.825484	0.951996	0.952051
7480	0.971904	0.999667	0.999659	0.825581	0.951996	0.952016
7490	0.971951	0.999667	0.999659	0.825605	0.951491	0.951492
7500	0.971994	0.999667	0.999659	0.825640	0.951996	0.952016
7510	0.972022	0.999667	0.999659	0.825699	0.951996	0.952016
7520	0.972073	0.999667	0.999659	0.825755	0.951491	0.951547
7530	0.972115	0.999667	0.999659	0.825829	0.950985	0.951024
7540	0.972158	0.999667	0.999659	0.825874	0.951491	0.951547
7550	0.972185	0.999667	0.999659	0.825944	0.951996	0.952016
7560	0.972233	0.999667	0.999659	0.826015	0.951996	0.952016
7570	0.972268	0.999667	0.999659	0.826054	0.951996	0.952016
7580	0.972313	0.999667	0.999659	0.826152	0.951996	0.952016
7590	0.972351	0.999667	0.999659	0.826247	0.951996	0.952016
7600	0.972384	0.999667	0.999659	0.826290	0.951996	0.952016
7610	0.972421	0.999667	0.999659	0.826314	0.951996	0.952016
7620	0.972471	0.999667	0.999659	0.826383	0.951996	0.952016
7630	0.972522	0.999667	0.999659	0.826432	0.951996	0.952016
7640	0.972574	0.999667	0.999659	0.826553	0.951996	0.952016
7650	0.972680	0.999667	0.999659	0.826637	0.952501	0.952486
7660	0.972717	0.999667	0.999659	0.826686	0.952501	0.952486
7670	0.972775	0.999667	0.999659	0.826758	0.952501	0.952486
7680	0.972800	0.999667	0.999659	0.826788	0.952501	0.952486
7690	0.972839	0.999667	0.999659	0.826808	0.952501	0.952486
7700	0.972872	0.999667	0.999659	0.826897	0.952501	0.952486
7710	0.972931	0.999667	0.999659	0.826953	0.952501	0.952439
7720	0.972985	0.999667	0.999659	0.827010	0.953007	0.952990
7730	0.973034	0.999667	0.999659	0.827067	0.953007	0.952941
7740	0.973101	0.999667	0.999659	0.827137	0.953007	0.952941
7750	0.973129	0.999667	0.999659	0.827201	0.953007	0.952941
7760	0.973215	0.999667	0.999659	0.827305	0.953007	0.952941
7770	0.973255	0.999667	0.999659	0.827373	0.953007	0.952941
7780	0.973303	0.999667	0.999659	0.827477	0.953007	0.952941
7790	0.973376	0.999667	0.999659	0.827596	0.953007	0.952941
7800	0.973418	0.999667	0.999659	0.827648	0.953007	0.952941
7810	0.973477	0.999667	0.999659	0.827707	0.953007	0.952941
7820	0.973542	0.999667	0.999659	0.827744	0.953007	0.952941
7830	0.973570	0.999667	0.999659	0.827768	0.953007	0.952941
7840	0.973588	0.999667	0.999659	0.827775	0.953007	0.952941
7850	0.973633	0.999667	0.999659	0.827835	0.953007	0.952941
7860	0.973680	0.999723	0.999716	0.827878	0.953007	0.952941
7870	0.973725	0.999723	0.999716	0.827923	0.953007	0.952941
7880	0.973753	0.999723	0.999716	0.827961	0.953007	0.952941
7890	0.973785	0.999723	0.999716	0.827983	0.953007	0.952941
7900	0.973854	0.999723	0.999716	0.828057	0.953007	0.952941
7910	0.973896	0.999723	0.999716	0.828149	0.953007	0.952941
7920	0.973957	0.999723	0.999716	0.828227	0.953007	0.952941
7930	0.973989	0.999723	0.999716	0.828238	0.953007	0.952941
7940	0.974056	0.999723	0.999716	0.828300	0.953007	0.952941
7950	0.974081	0.999723	0.999716	0.828332	0.953007	0.952941
7960	0.974129	0.999723	0.999716	0.828359	0.953007	0.952941
7970	0.974166	0.999723	0.999716	0.828429	0.953007	0.952941
7980	0.974221	0.999723	0.999716	0.828498	0.953007	0.952941
7990	0.974277	0.999723	0.999716	0.828590	0.953007	0.952991
8000	0.974326	0.999723	0.999716	0.828678	0.953007	0.952991
8010	0.974378	0.999723	0.999716	0.828774	0.953007	0.952991
8020	0.974438	0.999723	0.999716	0.828826	0.953007	0.952941
8030	0.974465	0.999723	0.999716	0.828807	0.953007	0.952941
8040	0.974505	0.999723	0.999716	0.828890	0.953007	0.952991
8050	0.974540	0.999723	0.999716	0.828942	0.953007	0.952991
8060	0.974576	0.999723	0.999716	0.828972	0.953007	0.952991
8070	0.974622	0.999723	0.999716	0.829059	0.953007	0.952941
8080	0.974655	0.999723	0.999716	0.829137	0.953007	0.952991
8090	0.974687	0.999723	0.999716	0.829131	0.953007	0.952991
8100	0.974739	0.999723	0.999716	0.829199	0.953007	0.952941
8110	0.974804	0.999723	0.999716	0.829299	0.953007	0.952941
8120	0.974833	0.999723	0.999716	0.829382	0.953007	0.952941
8130	0.974876	0.999723	0.999716	0.829486	0.953007	0.952941
8140	0.974940	0.999723	0.999716	0.829580	0.953007	0.952941
8150	0.974986	0.999723	0.999716	0.829622	0.952501	0.952472
8160	0.975011	0.999723	0.999716	0.829632	0.951996	0.951957
8170	0.975064	0.999723	0.999716	0.829671	0.951996	0.951900
8180	0.975087	0.999723	0.999716	0.829692	0.951996	0.951900
8190	0.975141	0.999723	0.999716	0.829758	0.951996	0.951900
8200	0.975174	0.999723	0.999716	0.829818	0.951996	0.951900
8210	0.975223	0.999723	0.999716	0.829872	0.951996	0.951900
8220	0.975282	0.999723	0.999716	0.829945	0.951996	0.951900
8230	0.975316	0.999723	0.999716	0.830006	0.951996	0.951900
8240	0.975366	0.999723	0.999716	0.830087	0.951996	0.951900
8250	0.975397	0.999723	0.999716	0.830154	0.951996	0.951900
8260	0.975455	0.999723	0.999716	0.830223	0.951996	0.951900
8270	0.975488	0.999723	0.999716	0.830277	0.951996	0.951900
8280	0.975537	0.999723	0.999716	0.830313	0.951996	0.951900
8290	0.975580	0.999778	0.999772	0.830355	0.951996	0.951900
8300	0.975624	0.999778	0.999772	0.830393	0.952501	0.952369
8310	0.975674	0.999778	0.999772	0.830418	0.952501	0.952369
8320	0.975691	0.999778	0.999772	0.830448	0.952501	0.952369
8330	0.975734	0.999778	0.999772	0.830494	0.952501	0.952369
8340	0.975781	0.999778	0.999772	0.830527	0.952501	0.952369
8350	0.975823	0.999778	0.999772	0.830577	0.952501	0.952369
8360	0.975850	0.999778	0.999772	0.830652	0.952501	0.952369
8370	0.975894	0.999778	0.999772	0.830694	0.951996	0.951900
8380	0.975946	0.999778	0.999772	0.830784	0.951491	0.951398
8390	0.975974	0.999778	0.999772	0.830798	0.951491	0.951398
8400	0.976018	0.999778	0.999772	0.830833	0.951491	0.951398
8410	0.976062	0.999778	0.999772	0.830886	0.951996	0.951867
8420	0.976081	0.999778	0.999772	0.830909	0.951491	0.951398
8430	0.976114	0.999778	0.999772	0.830987	0.951491	0.951398
8440	0.976144	0.999778	0.999772	0.831010	0.951491	0.951398
8450	0.976169	0.999778	0.999772	0.831015	0.951996	0.951900
8460	0.976211	0.999778	0.999772	0.831094	0.951996	0.951867
8470	0.976244	0.999778	0.999772	0.831137	0.951996	0.951867
8480	0.976279	0.999778	0.999772	0.831209	0.951996	0.951867
8490	0.976338	0.999778	0.999772	0.831220	0.951996	0.951867
8500	0.976378	0.999778	0.999772	0.831275	0.951996	0.951867
8510	0.976412	0.999778	0.999772	0.831312	0.951996	0.951867
8520	0.976436	0.999778	0.999772	0.831371	0.951996	0.951867
8530	0.976476	0.999778	0.999772	0.831416	0.951996	0.951867
8540	0.976523	0.999778	0.999772	0.831467	0.951996	0.951867
8550	0.976554	0.999778	0.999772	0.831522	0.951996	0.951867
8560	0.976591	0.999778	0.999772	0.831543	0.951996	0.951867
8570	0.976610	0.999778	0.999772	0.831563	0.952501	0.952369
8580	0.976638	0.999778	0.999772	0.831592	0.952501	0.952369
8590	0.976678	0.999778	0.999772	0.831600	0.952501	0.952369
8600	0.976712	0.999778	0.999772	0.831659	0.951996	0.951867
8610	0.976731	0.999778	0.999772	0.831687	0.953007	0.952890
8620	0.976765	0.999778	0.999772	0.831734	0.952501	0.952388
8630	0.976805	0.999778	0.999772	0.831757	0.952501	0.952388
8640	0.976850	0.999778	0.999772	0.831811	0.952501	0.952369
8650	0.976874	0.999778	0.999772	0.831822	0.951996	0.951914
8660	0.976918	0.999778	0.999772	0.831917	0.951996	0.951914
8670	0.976937	0.999778	0.999772	0.831906	0.951996	0.951914
8680	0.976980	0.999778	0.999772	0.831953	0.951996	0.951914
8690	0.977015	0.999778	0.999772	0.831981	0.952501	0.952434
8700	0.977041	0.999778	0.999772	0.832004	0.952501	0.952434
8710	0.977097	0.999778	0.999772	0.832077	0.951996	0.951959
8720	0.977125	0.999778	0.999772	0.832149	0.951996	0.951959
8730	0.977143	0.999778	0.999772	0.832203	0.951996	0.951959
8740	0.977156	0.999778	0.999772	0.832199	0.951996	0.951913
8750	0.977176	0.999778	0.999772	0.832212	0.951996	0.951913
8760	0.977216	0.999778	0.999772	0.832267	0.951491	0.951439
8770	0.977240	0.999778	0.999772	0.832321	0.951996	0.951913
8780	0.977272	0.999778	0.999772	0.832344	0.951996	0.951913
8790	0.977303	0.999778	0.999772	0.832405	0.951996	0.951913
8800	0.977327	0.999778	0.999772	0.832418	0.951996	0.951913
8810	0.977370	0.999778	0.999772	0.832472	0.952501	0.952415
8820	0.977428	0.999778	0.999772	0.832526	0.951996	0.951941
8830	0.977466	0.999778	0.999772	0.832592	0.951996	0.951941
8840	0.977501	0.999778	0.999772	0.832634	0.951996	0.951941
8850	0.977552	0.999778	0.999772	0.832740	0.951996	0.951941
8860	0.977572	0.999778	0.999772	0.832762	0.951996	0.951941
8870	0.977593	0.999778	0.999772	0.832803	0.951996	0.951941
8880	0.977619	0.999778	0.999772	0.832849	0.951996	0.951941
8890	0.977654	0.999778	0.999772	0.832896	0.952501	0.952415
8900	0.977697	0.999778	0.999772	0.832906	0.952501	0.952415
8910	0.977719	0.999778	0.999772	0.832944	0.952501	0.952415
8920	0.977760	0.999778	0.999772	0.832958	0.952501	0.952415
8930	0.977787	0.999778	0.999772	0.833014	0.952501	0.952415
8940	0.977830	0.999778	0.999772	0.833058	0.952501	0.952415
8950	0.977854	0.999778	0.999772	0.833151	0.952501	0.952415
8960	0.977885	0.999778	0.999772	0.833168	0.952501	0.952415
8970	0.977908	0.999778	0.999772	0.833184	0.951996	0.951941
8980	0.977936	0.999778	0.999772	0.833237	0.951996	0.951941
8990	0.977960	0.999778	0.999772	0.833288	0.951996	0.951941
9000	0.977999	0.999778	0.999772	0.833317	0.951996	0.951941
9010	0.978022	0.999778	0.999772	0.833354	0.952501	0.952415
9020	0.978056	0.999778	0.999772	0.833380	0.952501	0.952415
9030	0.978080	0.999834	0.999831	0.833441	0.952501	0.952464
9040	0.978122	0.999834	0.999831	0.833501	0.952501	0.952464
9050	0.978143	0.999834	0.999831	0.833531	0.952501	0.952511
9060	0.978166	0.999834	0.999831	0.833580	0.952501	0.952464
9070	0.978191	0.999834	0.999831	0.833596	0.951996	0.952042
9080	0.978217	0.999834	0.999831	0.833619	0.951996	0.952042
9090	0.978240	0.999834	0.999831	0.833667	0.951996	0.952042
9100	0.978275	0.999834	0.999831	0.833715	0.951996	0.952042
9110	0.978324	0.999834	0.999831	0.833763	0.951996	0.952042
9120	0.978345	0.999834	0.999831	0.833783	0.951996	0.952042
9130	0.978363	0.999834	0.999831	0.833817	0.951996	0.952042
9140	0.978399	0.999834	0.999831	0.833862	0.951996	0.952042
9150	0.978418	0.999834	0.999831	0.833898	0.952501	0.952464
9160	0.978459	0.999834	0.999831	0.833961	0.951491	0.951485
9170	0.978483	0.999834	0.999831	0.834002	0.951491	0.951485
9180	0.978528	0.999834	0.999831	0.834063	0.951996	0.952052
9190	0.978548	0.999834	0.999831	0.834088	0.952501	0.952556
9200	0.978584	0.999834	0.999831	0.834107	0.951996	0.951990
9210	0.978615	0.999834	0.999831	0.834165	0.952501	0.952556
9220	0.978635	0.999834	0.999831	0.834201	0.952501	0.952556
9230	0.978658	0.999834	0.999831	0.834220	0.952501	0.952556
9240	0.978679	0.999834	0.999831	0.834255	0.952501	0.952464
9250	0.978720	0.999834	0.999831	0.834301	0.951996	0.951990
9260	0.978746	0.999834	0.999831	0.834299	0.951996	0.951990
9270	0.978787	0.999834	0.999831	0.834327	0.951996	0.951990
9280	0.978809	0.999834	0.999831	0.834365	0.951996	0.951990
9290	0.978841	0.999889	0.999887	0.834394	0.951996	0.951990
9300	0.978872	0.999889	0.999887	0.834406	0.951996	0.951990
9310	0.978880	0.999889	0.999887	0.834423	0.951996	0.951990
9320	0.978899	0.999889	0.999887	0.834469	0.951996	0.951990
9330	0.978916	0.999889	0.999887	0.834485	0.951996	0.951990
9340	0.978942	0.999889	0.999887	0.834522	0.951996	0.951990
9350	0.978961	0.999889	0.999887	0.834562	0.951996	0.951990
9360	0.978983	0.999889	0.999887	0.834571	0.951996	0.951990
9370	0.979031	0.999889	0.999887	0.834612	0.952501	0.952464
9380	0.979054	0.999889	0.999887	0.834657	0.952501	0.952464
9390	0.979080	0.999889	0.999887	0.834687	0.952501	0.952464
9400	0.979103	0.999889	0.999887	0.834724	0.952501	0.952464
9410	0.979138	0.999889	0.999887	0.834770	0.952501	0.952511
9420	0.979157	0.999889	0.999887	0.834785	0.952501	0.952464
9430	0.979198	0.999889	0.999887	0.834837	0.952501	0.952511
9440	0.979223	0.999889	0.999887	0.834867	0.952501	0.952511
9450	0.979290	0.999889	0.999887	0.834893	0.952501	0.952511
9460	0.979310	0.999889	0.999887	0.834909	0.952501	0.952511
9470	0.979329	0.999889	0.999887	0.834963	0.952501	0.952511
9480	0.979347	0.999889	0.999887	0.834997	0.952501	0.952511
9490	0.979382	0.999889	0.999887	0.835002	0.952501	0.952511
9500	0.979423	0.999945	0.999944	0.835064	0.952501	0.952463
9510	0.979442	0.999945	0.999944	0.835084	0.952501	0.952463
9520	0.979475	0.999945	0.999944	0.835121	0.952501	0.952463
9530	0.979505	0.999945	0.999944	0.835086	0.952501	0.952463
9540	0.979541	0.999889	0.999887	0.835131	0.953007	0.953029
9550	0.979571	0.999945	0.999944	0.835156	0.953007	0.953029
9560	0.979590	0.999945	0.999944	0.835189	0.953007	0.953029
9570	0.979625	0.999945	0.999944	0.835231	0.953007	0.952936
9580	0.979643	0.999945	0.999944	0.835272	0.953007	0.952936
9590	0.979673	0.999945	0.999944	0.835268	0.953007	0.952936
9600	0.979699	0.999945	0.999944	0.835274	0.953007	0.952936
9610	0.979722	0.999945	0.999944	0.835296	0.953007	0.952936
9620	0.979755	0.999945	0.999944	0.835308	0.953007	0.952936
9630	0.979776	0.999945	0.999944	0.835365	0.953007	0.952936
9640	0.979794	0.999945	0.999944	0.835387	0.953007	0.952936
9650	0.979813	0.999945	0.999944	0.835415	0.953007	0.952936
9660	0.979837	0.999945	0.999944	0.835465	0.953007	0.952936
9670	0.979872	0.999945	0.999944	0.835512	0.953007	0.952936
9680	0.979893	0.999945	0.999944	0.835535	0.953007	0.952936
9690	0.979921	0.999945	0.999944	0.835568	0.953007	0.952936
9700	0.979939	0.999945	0.999944	0.835600	0.953007	0.952936
9710	0.979957	0.999945	0.999944	0.835637	0.953007	0.952936
9720	0.979989	0.999945	0.999944	0.835683	0.953007	0.952936
9730	0.980019	0.999945	0.999944	0.835708	0.953007	0.952984
9740	0.980049	0.999945	0.999944	0.835712	0.953007	0.952984
9750	0.980076	0.999945	0.999944	0.835812	0.953007	0.952984
9760	0.980108	0.999945	0.999944	0.835878	0.953007	0.952984
9770	0.980133	0.999945	0.999944	0.835890	0.953007	0.952984
9780	0.980145	0.999945	0.999944	0.835900	0.953007	0.952984
9790	0.980173	0.999945	0.999944	0.835938	0.953007	0.952984
9800	0.980188	0.999945	0.999944	0.835942	0.953007	0.952984
9810	0.980219	0.999945	0.999944	0.835978	0.953007	0.952984
9820	0.980248	0.999945	0.999944	0.836039	0.953007	0.952984
9830	0.980262	0.999945	0.999944	0.836076	0.953512	0.953458
9840	0.980294	0.999945	0.999944	0.836147	0.953512	0.953458
9850	0.980312	0.999945	0.999944	0.836178	0.953512	0.953458
9860	0.980331	0.999945	0.999944	0.836140	0.953512	0.953458
9870	0.980334	0.999945	0.999944	0.836138	0.953512	0.953458
9880	0.980336	0.999945	0.999944	0.836141	0.953512	0.953458
9890	0.980339	0.999945	0.999944	0.836143	0.953512	0.953458
9900	0.980340	0.999945	0.999944	0.836145	0.953512	0.953458
9910	0.980347	0.999945	0.999944	0.836152	0.953512	0.953458
9920	0.980369	0.999945	0.999944	0.836184	0.953512	0.953458
9930	0.980398	0.999945	0.999944	0.836217	0.953512	0.953458
9940	0.980409	0.999945	0.999944	0.836226	0.953512	0.953458
9950	0.980426	0.999945	0.999944	0.836247	0.953512	0.953458
9960	0.980462	0.999945	0.999944	0.836311	0.953512	0.953458
9970	0.980482	0.999945	0.999944	0.836347	0.953512	0.953458
9980	0.980510	0.999945	0.999944	0.836368	0.954522	0.954479
9990	0.980535	0.999945	0.999944	0.836418	0.955028	0.954994
10000	0.980557	0.999945	0.999944	0.836464	0.955028	0.954994
