10	0.081029	0.393152	0.294786	0.079357	0.369884	0.281543
20	0.150792	0.655347	0.665026	0.148658	0.644265	0.649914
30	0.200809	0.699351	0.710622	0.197627	0.689237	0.697833
40	0.235667	0.716497	0.726134	0.232353	0.708439	0.716029
50	0.266281	0.737195	0.743127	0.260272	0.724103	0.727768
60	0.285333	0.751734	0.755088	0.276990	0.734715	0.737689
70	0.306564	0.766772	0.767936	0.295127	0.747852	0.747969
80	0.321796	0.778758	0.778096	0.306942	0.754421	0.752699
90	0.335740	0.789301	0.787141	0.319155	0.765538	0.762012
100	0.349242	0.795905	0.793122	0.330768	0.769075	0.765085
110	0.363038	0.803784	0.800211	0.342568	0.779687	0.774541
120	0.376303	0.812497	0.807505	0.354851	0.788782	0.782049
130	0.389242	0.816436	0.810863	0.363059	0.784234	0.778081
140	0.401309	0.821653	0.815551	0.372331	0.789288	0.783173
150	0.410603	0.826758	0.819918	0.379101	0.794846	0.788072
160	0.419423	0.829810	0.822927	0.386964	0.798383	0.791830
170	0.429378	0.834082	0.826566	0.394456	0.803436	0.795841
180	0.439060	0.839354	0.831081	0.402304	0.808994	0.800103
190	0.446182	0.843016	0.833961	0.409394	0.814553	0.804007
200	0.454091	0.846568	0.837080	0.416448	0.821627	0.810429
210	0.461002	0.850730	0.840873	0.421838	0.825670	0.813898
220	0.467874	0.854337	0.844015	0.427406	0.827185	0.815571
230	0.476206	0.857777	0.847118	0.435079	0.833754	0.821216
240	0.484329	0.861162	0.850187	0.441162	0.834765	0.822289
250	0.490498	0.864491	0.853208	0.446242	0.835270	0.822463
260	0.498692	0.869652	0.858029	0.452129	0.838302	0.825547
270	0.506839	0.872704	0.860766	0.458673	0.838302	0.825654
280	0.512680	0.875146	0.862856	0.462752	0.842345	0.829422
290	0.518650	0.876755	0.864242	0.467200	0.844366	0.831184
300	0.526220	0.880140	0.867411	0.472431	0.845882	0.832951
310	0.530229	0.881694	0.868712	0.475096	0.845882	0.833258
320	0.535654	0.883247	0.870139	0.479652	0.847398	0.834460
330	0.540294	0.884468	0.871391	0.483399	0.850430	0.837360
340	0.544267	0.885190	0.871869	0.486401	0.850430	0.837259
350	0.549303	0.887076	0.873657	0.490890	0.854472	0.840768
360	0.554802	0.889407	0.875763	0.495487	0.854472	0.840781
370	0.560091	0.891183	0.877447	0.499601	0.856998	0.843129
380	0.564058	0.892514	0.878754	0.502880	0.857504	0.843428
390	0.569274	0.894512	0.880462	0.507318	0.857504	0.842758
400	0.573275	0.895455	0.881427	0.510540	0.859525	0.844531
410	0.577556	0.896621	0.882500	0.514548	0.861041	0.846161
420	0.582318	0.897841	0.883599	0.518604	0.864073	0.848563
430	0.586726	0.898785	0.884377	0.522238	0.863062	0.847707
440	0.591616	0.900949	0.886382	0.526935	0.866599	0.850852
450	0.594928	0.901892	0.887220	0.528933	0.865589	0.850066
460	0.598477	0.903501	0.888724	0.531702	0.866599	0.850841
470	0.602377	0.905277	0.890361	0.533776	0.866599	0.850982
480	0.605827	0.906387	0.891377	0.537141	0.868621	0.852897
490	0.609043	0.906942	0.891943	0.539510	0.869631	0.854043
500	0.613145	0.908607	0.893490	0.542916	0.871652	0.855471
510	0.616085	0.909661	0.894446	0.545045	0.871147	0.854678
520	0.619441	0.910771	0.895448	0.547035	0.872663	0.856250
530	0.622905	0.912047	0.896562	0.549500	0.876200	0.859492
540	0.626730	0.912879	0.897267	0.551986	0.876705	0.860069
550	0.629848	0.914267	0.898582	0.554461	0.877211	0.860519
560	0.633709	0.915876	0.900028	0.557386	0.878221	0.861509
570	0.637099	0.917374	0.901337	0.560152	0.878221	0.860959
580	0.640660	0.919150	0.903021	0.562516	0.879737	0.862251
590	0.644007	0.920426	0.904254	0.565139	0.880243	0.862935
600	0.646644	0.920981	0.904759	0.567258	0.881758	0.864362
610	0.649601	0.921758	0.905538	0.569624	0.884285	0.866689
620	0.653180	0.923367	0.907024	0.572784	0.884285	0.866754
630	0.655859	0.923756	0.907413	0.575622	0.884285	0.866251
640	0.658888	0.924865	0.908436	0.578225	0.886306	0.868234
650	0.661663	0.925642	0.909077	0.579678	0.887317	0.868970
660	0.664481	0.925975	0.909418	0.581291	0.887317	0.868879
670	0.667404	0.926919	0.910349	0.583899	0.889338	0.870869
680	0.669848	0.927529	0.910906	0.585670	0.889338	0.870869
690	0.672062	0.927973	0.911208	0.587434	0.889843	0.871426
700	0.674714	0.928528	0.911696	0.589339	0.890349	0.871600
710	0.676780	0.929471	0.912626	0.591153	0.891865	0.873043
720	0.679847	0.930359	0.913467	0.593372	0.890854	0.872202
730	0.681962	0.931136	0.914215	0.595550	0.892875	0.874190
740	0.684531	0.931913	0.914873	0.597196	0.895402	0.876273
750	0.686470	0.932301	0.915314	0.598689	0.894391	0.875401
760	0.688593	0.933134	0.916112	0.599949	0.893886	0.874928
770	0.690748	0.934021	0.916968	0.601448	0.894391	0.875293
780	0.693085	0.935187	0.917989	0.603630	0.894896	0.876015
790	0.695060	0.935353	0.918120	0.604910	0.894391	0.875333
800	0.696903	0.935797	0.918573	0.606224	0.895907	0.876798
810	0.699596	0.936297	0.919030	0.608385	0.897928	0.878771
820	0.701571	0.936574	0.919230	0.609350	0.897928	0.878713
830	0.703732	0.937073	0.919541	0.610495	0.898434	0.879378
840	0.705382	0.937351	0.919769	0.610945	0.898939	0.879779
850	0.706971	0.937184	0.919603	0.612433	0.897928	0.879021
860	0.708999	0.937517	0.919886	0.613919	0.897928	0.879098
870	0.710849	0.938128	0.920537	0.615094	0.896918	0.878161
880	0.712712	0.938516	0.920847	0.616329	0.896918	0.878059
890	0.714247	0.938905	0.921222	0.617722	0.897423	0.878522
900	0.715734	0.939127	0.921459	0.619030	0.897928	0.879184
910	0.717810	0.939848	0.922129	0.621204	0.898939	0.879996
920	0.719901	0.940347	0.922576	0.623037	0.899444	0.880454
930	0.721904	0.941069	0.923244	0.624271	0.898939	0.879774
940	0.724001	0.941568	0.923747	0.625240	0.899444	0.880336
950	0.725462	0.942012	0.924152	0.626310	0.898434	0.879216
960	0.726647	0.942234	0.924384	0.627445	0.898939	0.879683
970	0.728257	0.942789	0.924910	0.628751	0.898939	0.879833
980	0.730017	0.943177	0.925308	0.630266	0.901971	0.882874
990	0.731473	0.943788	0.925900	0.631857	0.903487	0.884197
1000	0.733287	0.944232	0.926324	0.633920	0.904497	0.885084
1010	0.734741	0.944287	0.926367	0.635507	0.906518	0.886993
1020	0.736448	0.944842	0.926880	0.636817	0.907024	0.887624
1030	0.737924	0.944953	0.926924	0.637891	0.907024	0.887404
1040	0.738901	0.945397	0.927394	0.639231	0.906518	0.886874
1050	0.740262	0.945785	0.927727	0.639820	0.906013	0.886353
1060	0.741535	0.946063	0.927968	0.640694	0.906013	0.886283
1070	0.742901	0.946285	0.928236	0.641438	0.906013	0.886177
1080	0.743993	0.946340	0.928271	0.642201	0.907024	0.887181
1090	0.745020	0.946729	0.928646	0.643004	0.907024	0.886999
1100	0.746257	0.947117	0.928973	0.644000	0.907024	0.887146
1110	0.747310	0.947339	0.929170	0.644537	0.907024	0.887139
1120	0.748393	0.947506	0.929262	0.645486	0.906518	0.886604
1130	0.749605	0.947450	0.929178	0.646296	0.906518	0.886508
1140	0.750726	0.947894	0.929566	0.647217	0.907024	0.886924
1150	0.751861	0.948227	0.929868	0.648233	0.907024	0.887027
1160	0.753023	0.948671	0.930281	0.649447	0.907024	0.886946
1170	0.754039	0.948948	0.930547	0.649905	0.907024	0.886960
1180	0.755175	0.949004	0.930598	0.650862	0.907024	0.886960
1190	0.756369	0.949337	0.930919	0.651432	0.907024	0.886961
1200	0.757496	0.949503	0.931103	0.652234	0.907024	0.886900
1210	0.758465	0.949614	0.931224	0.653144	0.907024	0.886927
1220	0.759491	0.949836	0.931431	0.653697	0.907024	0.886950
1230	0.760378	0.949947	0.931535	0.654754	0.907529	0.887399
1240	0.761254	0.950169	0.931724	0.655452	0.907024	0.886972
1250	0.762432	0.950336	0.931874	0.656053	0.908034	0.887961
1260	0.763654	0.950613	0.932145	0.656811	0.907529	0.887412
1270	0.764662	0.950724	0.932220	0.657709	0.908034	0.887879
1280	0.765504	0.950946	0.932435	0.658577	0.908540	0.888403
1290	0.766395	0.951224	0.932605	0.659181	0.909045	0.888888
1300	0.767428	0.951390	0.932754	0.660120	0.909550	0.889279
1310	0.768508	0.951723	0.932979	0.660833	0.909550	0.889365
1320	0.769218	0.951778	0.933075	0.661486	0.909550	0.889321
1330	0.770074	0.951834	0.933075	0.662269	0.910561	0.890351
1340	0.770770	0.952056	0.933296	0.663015	0.911066	0.890851
1350	0.771416	0.952222	0.933444	0.663603	0.911066	0.890880
1360	0.772113	0.952167	0.933374	0.664339	0.911066	0.890910
1370	0.772991	0.952389	0.933623	0.664770	0.911066	0.890855
1380	0.773933	0.952555	0.933731	0.665453	0.911066	0.890802
1390	0.774823	0.952611	0.933778	0.666583	0.912077	0.891805
1400	0.775574	0.952888	0.934067	0.667266	0.912582	0.892237
1410	0.776579	0.952944	0.934163	0.668250	0.912582	0.892188
1420	0.777261	0.952944	0.934088	0.668768	0.912077	0.891659
1430	0.778134	0.952999	0.934109	0.669313	0.912077	0.891654
1440	0.778770	0.953110	0.934219	0.669786	0.912077	0.891712
1450	0.779614	0.953277	0.934375	0.670550	0.912077	0.891646
1460	0.780681	0.953443	0.934536	0.671029	0.911572	0.891062
1470	0.781505	0.953499	0.934551	0.671722	0.911572	0.890920
1480	0.782259	0.953665	0.934736	0.672473	0.911572	0.891023
1490	0.782967	0.953776	0.934857	0.673013	0.912077	0.891609
1500	0.783549	0.953998	0.935094	0.673444	0.911572	0.891060
1510	0.784621	0.954054	0.935132	0.674224	0.912077	0.891673
1520	0.785159	0.954054	0.935127	0.674782	0.912582	0.892414
1530	0.785680	0.954220	0.935293	0.675263	0.912582	0.892308
1540	0.786559	0.954331	0.935420	0.675273	0.912582	0.892087
1550	0.787432	0.954609	0.935648	0.675972	0.912582	0.892200
1560	0.788676	0.954830	0.935765	0.676892	0.912582	0.892135
1570	0.789509	0.954830	0.935830	0.677448	0.912582	0.892374
1580	0.790454	0.954830	0.935859	0.678237	0.913087	0.892944
1590	0.791238	0.955052	0.936078	0.678608	0.912582	0.892346
1600	0.791910	0.955219	0.936263	0.678887	0.913087	0.892929
1610	0.795599	0.960934	0.961203	0.681659	0.917635	0.916833
1620	0.796827	0.963099	0.963312	0.682618	0.918646	0.917736
1630	0.797540	0.963654	0.963861	0.683183	0.918646	0.917763
1640	0.798501	0.963265	0.963472	0.684009	0.918646	0.917796
1650	0.802411	0.968981	0.969111	0.686977	0.922183	0.921318
1660	0.804065	0.970978	0.971083	0.688223	0.924709	0.923824
1670	0.804733	0.971200	0.971300	0.688934	0.924709	0.923788
1680	0.805313	0.971311	0.971396	0.689579	0.924709	0.923759
1690	0.805886	0.971367	0.971456	0.690032	0.924709	0.923759
1700	0.809824	0.973753	0.973832	0.692976	0.927236	0.926359
1710	0.812168	0.974474	0.974539	0.694735	0.928752	0.927936
1720	0.812680	0.974530	0.974594	0.695295	0.928752	0.927944
1730	0.813301	0.974696	0.974765	0.695780	0.928752	0.927908
1740	0.813860	0.974641	0.974712	0.696102	0.929257	0.928416
1750	0.817455	0.976250	0.976298	0.698831	0.930268	0.929394
1760	0.817994	0.976361	0.976409	0.699257	0.930268	0.929394
1770	0.818649	0.976638	0.976685	0.699897	0.930268	0.929490
1780	0.819175	0.976805	0.976846	0.700516	0.931278	0.930409
1790	0.819813	0.977027	0.977064	0.700971	0.930773	0.929926
1800	0.822068	0.977637	0.977675	0.702588	0.932289	0.931482
1810	0.825015	0.978248	0.978269	0.704793	0.932794	0.931954
1820	0.825754	0.978303	0.978326	0.705588	0.932794	0.931921
1830	0.826416	0.978414	0.978438	0.705862	0.933300	0.932354
1840	0.827001	0.978303	0.978331	0.706612	0.933805	0.932983
1850	0.827598	0.978470	0.978495	0.707104	0.933805	0.932995
1860	0.831588	0.979857	0.979872	0.710109	0.933805	0.933015
1870	0.832390	0.980079	0.980089	0.711021	0.934310	0.933453
1880	0.832932	0.980301	0.980311	0.711568	0.934310	0.933453
1890	0.833378	0.980190	0.980206	0.711927	0.934816	0.933963
1900	0.833873	0.980301	0.980320	0.712420	0.935321	0.934408
1910	0.835904	0.981078	0.981076	0.713938	0.936331	0.935465
1920	0.837286	0.981466	0.981454	0.714904	0.936331	0.935541
1930	0.837930	0.981855	0.981837	0.715317	0.936331	0.935544
1940	0.838483	0.981799	0.981786	0.715663	0.935826	0.935135
1950	0.838973	0.981855	0.981838	0.716006	0.935826	0.935113
1960	0.841462	0.982742	0.982727	0.717857	0.937342	0.936676
1970	0.841824	0.982742	0.982723	0.718357	0.937847	0.937170
1980	0.842315	0.982853	0.982826	0.718781	0.937342	0.936696
1990	0.842960	0.982909	0.982877	0.719081	0.937847	0.937124
2000	0.843641	0.983353	0.983307	0.719333	0.937342	0.936632
2010	0.846207	0.983908	0.983862	0.721245	0.938858	0.938125
2020	0.846986	0.983797	0.983752	0.721533	0.938858	0.938125
2030	0.847369	0.984074	0.984027	0.721839	0.938353	0.937664
2040	0.847902	0.984130	0.984085	0.722176	0.938858	0.938074
2050	0.848726	0.984130	0.984090	0.722595	0.938353	0.937521
2060	0.850473	0.984296	0.984255	0.723961	0.938858	0.937989
2070	0.850934	0.984463	0.984425	0.724454	0.938858	0.937989
2080	0.851491	0.984463	0.984425	0.725076	0.938353	0.937470
2090	0.853049	0.984851	0.984807	0.726209	0.939363	0.938365
2100	0.853725	0.984962	0.984911	0.726855	0.938858	0.937856
2110	0.854317	0.985128	0.985079	0.727858	0.939363	0.938403
2120	0.854758	0.985184	0.985131	0.728203	0.939363	0.938403
2130	0.856310	0.985461	0.985408	0.729657	0.939363	0.938365
2140	0.857129	0.985461	0.985407	0.730306	0.939363	0.938403
2150	0.857622	0.985572	0.985521	0.730827	0.939363	0.938417
2160	0.858078	0.985628	0.985580	0.731196	0.939363	0.938417
2170	0.858438	0.985683	0.985636	0.731662	0.939363	0.938417
2180	0.859593	0.985850	0.985805	0.732681	0.939363	0.938417
2190	0.860676	0.986016	0.985968	0.733435	0.939363	0.938417
2200	0.861182	0.985961	0.985918	0.733823	0.939869	0.938915
2210	0.861508	0.985961	0.985912	0.734008	0.939869	0.938915
2220	0.861932	0.986183	0.986134	0.734563	0.940374	0.939374
2230	0.863236	0.986294	0.986241	0.735565	0.940374	0.939372
2240	0.863587	0.986349	0.986298	0.735831	0.939869	0.938897
2250	0.863986	0.986405	0.986353	0.736328	0.939869	0.938899
2260	0.864347	0.986460	0.986407	0.736674	0.940374	0.939388
2270	0.865534	0.986571	0.986515	0.737559	0.940879	0.939912
2280	0.865984	0.986738	0.986685	0.737882	0.940879	0.939908
2290	0.866344	0.986738	0.986685	0.738430	0.941385	0.940376
2300	0.866684	0.986682	0.986628	0.738726	0.941385	0.940376
2310	0.867911	0.987293	0.987236	0.739736	0.941385	0.940376
2320	0.868202	0.987293	0.987233	0.740249	0.941385	0.940377
2330	0.868524	0.987404	0.987344	0.740483	0.941385	0.940376
2340	0.868876	0.987459	0.987399	0.740648	0.941890	0.940895
2350	0.869176	0.987515	0.987452	0.740817	0.941890	0.940895
2360	0.870332	0.987570	0.987510	0.741747	0.941890	0.940895
2370	0.870554	0.987515	0.987453	0.741974	0.942395	0.941414
2380	0.871003	0.987459	0.987395	0.742679	0.942395	0.941414
2390	0.871523	0.987681	0.987616	0.743090	0.942395	0.941414
2400	0.872755	0.987792	0.987731	0.744024	0.942900	0.941949
2410	0.873319	0.987958	0.987892	0.744459	0.942900	0.941949
2420	0.873739	0.988069	0.988002	0.744938	0.942900	0.941949
2430	0.874200	0.988291	0.988219	0.745197	0.942900	0.941949
2440	0.875532	0.988402	0.988330	0.746265	0.943406	0.942407
2450	0.875932	0.988458	0.988383	0.746531	0.943406	0.942407
2460	0.876402	0.988513	0.988438	0.746831	0.942900	0.941949
2470	0.877725	0.988680	0.988605	0.747792	0.942900	0.941949
2480	0.878077	0.988791	0.988718	0.748179	0.942900	0.941964
2490	0.878473	0.988735	0.988665	0.748603	0.942900	0.941964
2500	0.879347	0.988791	0.988716	0.749253	0.942900	0.941964
2510	0.879605	0.988846	0.988771	0.749577	0.942395	0.941381
2520	0.880010	0.988902	0.988825	0.750084	0.942395	0.941381
2530	0.880917	0.988957	0.988884	0.750819	0.943406	0.942474
2540	0.881224	0.989013	0.988937	0.751059	0.943406	0.942474
2550	0.881568	0.989068	0.988996	0.751467	0.943406	0.942474
2560	0.882512	0.989290	0.989215	0.752194	0.943406	0.942474
2570	0.882827	0.989346	0.989271	0.752581	0.943406	0.942474
2580	0.883053	0.989346	0.989274	0.752707	0.943406	0.942474
2590	0.883654	0.989346	0.989274	0.753230	0.943406	0.942474
2600	0.883883	0.989346	0.989271	0.753469	0.942900	0.942016
2610	0.884200	0.989346	0.989266	0.753767	0.942900	0.942016
2620	0.884953	0.989346	0.989266	0.754440	0.942900	0.942016
2630	0.885420	0.989401	0.989319	0.754888	0.942900	0.942016
2640	0.885755	0.989457	0.989375	0.755348	0.942900	0.942016
2650	0.885941	0.989512	0.989432	0.755546	0.943406	0.942473
2660	0.886464	0.989568	0.989487	0.756059	0.942900	0.942030
2670	0.887124	0.989679	0.989597	0.756693	0.943406	0.942473
2680	0.887458	0.989679	0.989593	0.757018	0.943406	0.942460
2690	0.887726	0.989679	0.989598	0.757322	0.943406	0.942473
2700	0.888325	0.989734	0.989651	0.757815	0.943911	0.942976
2710	0.888628	0.989734	0.989653	0.758028	0.943911	0.942976
2720	0.888944	0.989734	0.989652	0.758218	0.943406	0.942546
2730	0.889788	0.989790	0.989707	0.758900	0.943406	0.942546
2740	0.890151	0.989734	0.989652	0.759292	0.943406	0.942516
2750	0.890472	0.989790	0.989707	0.759653	0.943911	0.943053
2760	0.891306	0.990012	0.989930	0.760284	0.943911	0.943082
2770	0.891630	0.990067	0.989983	0.760588	0.944416	0.943505
2780	0.891963	0.990067	0.989983	0.760923	0.945932	0.945052
2790	0.892565	0.990123	0.990044	0.761406	0.945932	0.945052
2800	0.892823	0.990289	0.990208	0.761575	0.946438	0.945455
2810	0.893149	0.990289	0.990206	0.761734	0.946943	0.945956
2820	0.893767	0.990345	0.990266	0.762237	0.946943	0.945986
2830	0.894149	0.990345	0.990262	0.762606	0.946438	0.945455
2840	0.894558	0.990289	0.990208	0.763123	0.947448	0.946479
2850	0.894994	0.990400	0.990317	0.763545	0.946943	0.945977
2860	0.895219	0.990345	0.990263	0.763820	0.946943	0.945977
2870	0.895695	0.990345	0.990260	0.764117	0.946943	0.945977
2880	0.896571	0.990456	0.990368	0.764888	0.947448	0.946488
2890	0.896879	0.990456	0.990369	0.765193	0.946943	0.945977
2900	0.897199	0.990567	0.990481	0.765473	0.947448	0.946488
2910	0.897989	0.990622	0.990538	0.766046	0.947448	0.946488
2920	0.898216	0.990678	0.990594	0.766181	0.947448	0.946488
2930	0.898584	0.990622	0.990536	0.766715	0.947448	0.946488
2940	0.899162	0.990622	0.990537	0.767105	0.947448	0.946488
2950	0.899394	0.990678	0.990588	0.767296	0.947448	0.946488
2960	0.899668	0.990733	0.990645	0.767348	0.947448	0.946488
2970	0.900406	0.990789	0.990693	0.768006	0.947448	0.946488
2980	0.900722	0.990733	0.990634	0.768317	0.947448	0.946488
2990	0.901068	0.990955	0.990860	0.768536	0.947448	0.946488
3000	0.901359	0.990844	0.990753	0.768778	0.946943	0.945963
3010	0.902049	0.991066	0.990977	0.769335	0.946943	0.945963
3020	0.902405	0.991121	0.991032	0.769809	0.947448	0.946471
3030	0.903138	0.991399	0.991312	0.770311	0.947448	0.946471
3040	0.903438	0.991343	0.991257	0.770493	0.946943	0.946030
3050	0.903668	0.991454	0.991364	0.770642	0.946943	0.946030
3060	0.904279	0.991454	0.991366	0.771087	0.946438	0.945489
3070	0.904526	0.991510	0.991426	0.771075	0.945932	0.945028
3080	0.904859	0.991565	0.991482	0.771363	0.946438	0.945489
3090	0.905487	0.991676	0.991597	0.771876	0.945932	0.945028
3100	0.905696	0.991621	0.991539	0.772138	0.946438	0.945489
3110	0.906325	0.991954	0.991873	0.772700	0.946438	0.945489
3120	0.906647	0.992009	0.991926	0.772897	0.946438	0.945372
3130	0.906812	0.992009	0.991928	0.772961	0.946438	0.945372
3140	0.907378	0.991954	0.991871	0.773435	0.946438	0.945372
3150	0.907648	0.992009	0.991926	0.773682	0.945932	0.944864
3160	0.907883	0.992009	0.991927	0.773960	0.945932	0.944848
3170	0.908523	0.992120	0.992038	0.774445	0.945932	0.944848
3180	0.908756	0.992120	0.992038	0.774640	0.945932	0.944848
3190	0.909238	0.992287	0.992205	0.775028	0.945932	0.944892
3200	0.909557	0.992231	0.992147	0.775366	0.945932	0.944864
3210	0.909802	0.992287	0.992205	0.775601	0.946438	0.945372
3220	0.910366	0.992287	0.992203	0.776057	0.946943	0.945835
3230	0.910566	0.992342	0.992260	0.776211	0.947448	0.946378
3240	0.910959	0.992398	0.992316	0.776466	0.947448	0.946378
3250	0.911388	0.992509	0.992430	0.776741	0.947448	0.946346
3260	0.911591	0.992509	0.992430	0.776792	0.947954	0.946904
3270	0.911872	0.992620	0.992544	0.777251	0.947448	0.946346
3280	0.912576	0.992675	0.992599	0.777765	0.947448	0.946443
3290	0.912790	0.992675	0.992599	0.777998	0.946943	0.945886
3300	0.912940	0.992675	0.992597	0.778181	0.946943	0.945886
3310	0.913333	0.992731	0.992652	0.778446	0.946943	0.945886
3320	0.913573	0.992842	0.992763	0.778609	0.946943	0.945886
3330	0.913972	0.993008	0.992932	0.778895	0.947448	0.946443
3340	0.914293	0.993008	0.992932	0.779088	0.947448	0.946441
3350	0.914631	0.993064	0.992988	0.779376	0.947448	0.946488
3360	0.915054	0.993064	0.992986	0.779608	0.948459	0.947415
3370	0.915271	0.993008	0.992932	0.779847	0.947954	0.946885
3380	0.915757	0.993064	0.992989	0.780251	0.947954	0.946901
3390	0.915942	0.993064	0.992989	0.780450	0.947954	0.946890
3400	0.916177	0.993064	0.992989	0.780616	0.947448	0.946421
3410	0.916727	0.993175	0.993101	0.781120	0.947448	0.946427
3420	0.916924	0.993175	0.993101	0.781266	0.946943	0.945961
3430	0.917095	0.993175	0.993101	0.781417	0.946943	0.945961
3440	0.917683	0.993230	0.993160	0.781927	0.947448	0.946424
3450	0.917916	0.993230	0.993160	0.782207	0.947448	0.946424
3460	0.918095	0.993230	0.993157	0.782323	0.947448	0.946424
3470	0.918699	0.993230	0.993157	0.782829	0.947954	0.946972
3480	0.918887	0.993230	0.993159	0.783042	0.947954	0.946972
3490	0.919121	0.993286	0.993215	0.783227	0.947954	0.946956
3500	0.919644	0.993397	0.993331	0.783697	0.947954	0.946950
3510	0.919810	0.993397	0.993331	0.783786	0.947954	0.946950
3520	0.920068	0.993341	0.993273	0.783982	0.947954	0.946950
3530	0.920390	0.993452	0.993384	0.784283	0.947954	0.946950
3540	0.920628	0.993508	0.993438	0.784422	0.947954	0.946950
3550	0.921149	0.993508	0.993438	0.784904	0.947448	0.946370
3560	0.921459	0.993508	0.993437	0.785165	0.947954	0.946950
3570	0.922029	0.993563	0.993494	0.785590	0.947954	0.946950
3580	0.922212	0.993619	0.993549	0.785856	0.947954	0.946950
3590	0.922676	0.993674	0.993602	0.786224	0.947954	0.946950
3600	0.922828	0.993674	0.993603	0.786393	0.948459	0.947419
3610	0.922968	0.993730	0.993660	0.786576	0.948459	0.947419
3620	0.923389	0.993841	0.993773	0.786976	0.947954	0.946950
3630	0.923608	0.993841	0.993773	0.787160	0.947954	0.946950
3640	0.923872	0.993841	0.993773	0.787315	0.947954	0.946950
3650	0.924132	0.993841	0.993774	0.787552	0.947954	0.946956
3660	0.924342	0.993785	0.993718	0.787919	0.948459	0.947424
3670	0.924674	0.993841	0.993774	0.788162	0.948459	0.947463
3680	0.924859	0.993841	0.993773	0.788418	0.948459	0.947419
3690	0.925070	0.993841	0.993773	0.788531	0.948964	0.947931
3700	0.925462	0.993841	0.993774	0.788933	0.949469	0.948467
3710	0.925621	0.993785	0.993718	0.789163	0.949469	0.948467
3720	0.925975	0.993896	0.993829	0.789383	0.949469	0.948467
3730	0.926111	0.993896	0.993828	0.789485	0.949469	0.948467
3740	0.926277	0.993896	0.993830	0.789721	0.949469	0.948467
3750	0.926778	0.993841	0.993774	0.790145	0.949469	0.948467
3760	0.926949	0.993952	0.993886	0.790252	0.949469	0.948467
3770	0.927147	0.993952	0.993889	0.790403	0.949469	0.948467
3780	0.927431	0.994062	0.994002	0.790820	0.949975	0.948888
3790	0.927726	0.994062	0.994002	0.791130	0.949975	0.948940
3800	0.927852	0.994173	0.994113	0.791259	0.949975	0.948940
3810	0.927987	0.994229	0.994168	0.791363	0.949975	0.948888
3820	0.928364	0.994173	0.994114	0.791665	0.949975	0.948940
3830	0.928492	0.994173	0.994115	0.791753	0.949975	0.948940
3840	0.928934	0.994340	0.994281	0.791951	0.949975	0.948940
3850	0.929094	0.994340	0.994283	0.792081	0.949975	0.948940
3860	0.929275	0.994340	0.994283	0.792236	0.949975	0.948888
3870	0.929495	0.994340	0.994281	0.792473	0.949975	0.948888
3880	0.929618	0.994340	0.994281	0.792636	0.949975	0.948888
3890	0.929777	0.994340	0.994282	0.792737	0.949975	0.948888
3900	0.930182	0.994340	0.994285	0.793064	0.949975	0.948888
3910	0.930336	0.994340	0.994285	0.793131	0.949469	0.948420
3920	0.930768	0.994340	0.994283	0.793396	0.949469	0.948420
3930	0.930976	0.994395	0.994340	0.793627	0.949469	0.948471
3940	0.931140	0.994451	0.994396	0.793701	0.949975	0.948940
3950	0.931574	0.994506	0.994452	0.794073	0.949975	0.948940
3960	0.931753	0.994562	0.994509	0.794177	0.949469	0.948471
3970	0.931843	0.994562	0.994512	0.794275	0.949469	0.948471
3980	0.932106	0.994562	0.994508	0.794376	0.949469	0.948471
3990	0.932243	0.994562	0.994509	0.794573	0.949975	0.948940
4000	0.932557	0.994673	0.994618	0.794886	0.949975	0.948940
4010	0.932679	0.994617	0.994560	0.795045	0.949975	0.948940
4020	0.932822	0.994617	0.994561	0.795158	0.949469	0.948487
4030	0.933222	0.994784	0.994725	0.795491	0.949469	0.948461
4040	0.933458	0.994895	0.994837	0.795682	0.949975	0.948956
4050	0.933512	0.994895	0.994837	0.795800	0.949975	0.948956
4060	0.933643	0.994895	0.994837	0.795993	0.949975	0.948956
4070	0.933840	0.994895	0.994838	0.796241	0.949975	0.948956
4080	0.934036	0.994950	0.994894	0.796389	0.949975	0.948956
4090	0.934196	0.994950	0.994894	0.796573	0.949975	0.948956
4100	0.934541	0.995006	0.994950	0.796885	0.950480	0.949471
4110	0.934659	0.995061	0.995006	0.796987	0.950480	0.949471
4120	0.934790	0.995061	0.995006	0.797155	0.950480	0.949471
4130	0.935200	0.995228	0.995171	0.797493	0.950985	0.949946
4140	0.935325	0.995228	0.995171	0.797596	0.950985	0.949946
4150	0.935616	0.995283	0.995230	0.797920	0.950985	0.949946
4160	0.935749	0.995283	0.995228	0.797999	0.950480	0.949471
4170	0.936092	0.995339	0.995283	0.798267	0.950985	0.949946
4180	0.936257	0.995339	0.995285	0.798452	0.950985	0.949946
4190	0.936399	0.995339	0.995285	0.798560	0.950985	0.949946
4200	0.936656	0.995339	0.995285	0.798729	0.950985	0.949946
4210	0.936774	0.995339	0.995285	0.798814	0.950985	0.949946
4220	0.937039	0.995339	0.995284	0.799009	0.950985	0.949946
4230	0.937154	0.995394	0.995341	0.799159	0.950985	0.949946
4240	0.937373	0.995505	0.995453	0.799335	0.950985	0.949946
4250	0.937619	0.995616	0.995563	0.799590	0.950985	0.949946
4260	0.937706	0.995672	0.995621	0.799730	0.950985	0.949946
4270	0.937989	0.995616	0.995566	0.799923	0.950985	0.949946
4280	0.938258	0.995616	0.995566	0.800220	0.950985	0.949946
4290	0.938450	0.995616	0.995565	0.800459	0.950985	0.949946
4300	0.938562	0.995616	0.995565	0.800585	0.950985	0.949946
4310	0.938730	0.995727	0.995681	0.800757	0.950985	0.949946
4320	0.938849	0.995783	0.995738	0.800837	0.950985	0.949946
4330	0.939172	0.995672	0.995624	0.801125	0.950985	0.949946
4340	0.939308	0.995672	0.995624	0.801288	0.950985	0.949946
4350	0.939461	0.995727	0.995680	0.801444	0.950985	0.949946
4360	0.939828	0.995783	0.995735	0.801761	0.950985	0.949946
4370	0.939950	0.995783	0.995735	0.801945	0.950985	0.949946
4380	0.940168	0.996005	0.995959	0.802205	0.951491	0.950451
4390	0.940366	0.996116	0.996073	0.802376	0.951491	0.950451
4400	0.940465	0.996116	0.996073	0.802437	0.951491	0.950451
4410	0.940593	0.996116	0.996073	0.802596	0.951491	0.950451
4420	0.940935	0.996227	0.996186	0.802840	0.951996	0.950996
4430	0.941062	0.996227	0.996189	0.803233	0.951996	0.950996
4440	0.941172	0.996282	0.996246	0.803306	0.952501	0.951457
4450	0.941522	0.996504	0.996468	0.803606	0.952501	0.951457
4460	0.941633	0.996504	0.996467	0.803753	0.952501	0.951457
4470	0.941712	0.996449	0.996412	0.803786	0.952501	0.951457
4480	0.942018	0.996560	0.996522	0.804034	0.953007	0.951965
4490	0.942121	0.996615	0.996579	0.804137	0.953007	0.951965
4500	0.942221	0.996560	0.996523	0.804247	0.952501	0.951538
4510	0.942623	0.996782	0.996744	0.804548	0.952501	0.951538
4520	0.942744	0.996782	0.996744	0.804684	0.952501	0.951538
4530	0.942854	0.996837	0.996800	0.804774	0.952501	0.951538
4540	0.943146	0.996837	0.996800	0.805115	0.953007	0.951965
4550	0.943298	0.996837	0.996800	0.805270	0.952501	0.951538
4560	0.943680	0.996893	0.996855	0.805602	0.952501	0.951538
4570	0.943796	0.996893	0.996857	0.805776	0.952501	0.951538
4580	0.944052	0.996948	0.996913	0.805960	0.952501	0.951538
4590	0.944189	0.997003	0.996970	0.806117	0.952501	0.951538
4600	0.944527	0.997170	0.997140	0.806415	0.952501	0.951538
4610	0.944650	0.997170	0.997140	0.806479	0.952501	0.951538
4620	0.944901	0.997225	0.997197	0.806700	0.952501	0.951538
4630	0.945038	0.997225	0.997197	0.806779	0.952501	0.951538
4640	0.945175	0.997225	0.997197	0.806937	0.952501	0.951538
4650	0.945499	0.997225	0.997197	0.807268	0.952501	0.951538
4660	0.945613	0.997225	0.997197	0.807525	0.952501	0.951538
4670	0.945906	0.997281	0.997252	0.807859	0.952501	0.951538
4680	0.946019	0.997281	0.997252	0.807953	0.952501	0.951538
4690	0.946137	0.997281	0.997252	0.808126	0.952501	0.951538
4700	0.946487	0.997503	0.997476	0.808564	0.953007	0.952004
4710	0.946586	0.997503	0.997475	0.808718	0.953512	0.952569
4720	0.946675	0.997503	0.997475	0.808786	0.953007	0.952026
4730	0.946907	0.997614	0.997587	0.808941	0.953007	0.952026
4740	0.947034	0.997614	0.997587	0.808987	0.953007	0.952026
4750	0.947369	0.997669	0.997644	0.809297	0.952501	0.951462
4760	0.947573	0.997725	0.997696	0.809448	0.953007	0.952004
4770	0.947712	0.997669	0.997641	0.809782	0.953512	0.952569
4780	0.947854	0.997725	0.997697	0.809925	0.953007	0.952026
4790	0.948039	0.997780	0.997752	0.810041	0.953007	0.952026
4800	0.948216	0.997947	0.997921	0.810116	0.953007	0.952026
4810	0.948327	0.997947	0.997920	0.810242	0.953007	0.952026
4820	0.948355	0.997947	0.997920	0.810297	0.953007	0.952026
4830	0.948441	0.997947	0.997921	0.810347	0.953007	0.952026
4840	0.948704	0.998058	0.998035	0.810593	0.953007	0.952026
4850	0.948837	0.998113	0.998092	0.810682	0.953007	0.952026
4860	0.949062	0.998169	0.998149	0.810921	0.953007	0.952026
4870	0.949135	0.998169	0.998149	0.811022	0.953512	0.952511
4880	0.949216	0.998169	0.998149	0.811097	0.952501	0.951436
4890	0.949463	0.998224	0.998206	0.811216	0.953007	0.951946
4900	0.949649	0.998169	0.998151	0.811318	0.953512	0.952511
4910	0.949782	0.998224	0.998208	0.811436	0.953007	0.951946
4920	0.950031	0.998224	0.998206	0.811624	0.953512	0.952511
4930	0.950132	0.998224	0.998205	0.811700	0.953512	0.952511
4940	0.950372	0.998224	0.998207	0.811849	0.953512	0.952511
4950	0.950533	0.998169	0.998148	0.811982	0.953512	0.952511
4960	0.950732	0.998224	0.998205	0.812190	0.953512	0.952511
4970	0.950804	0.998224	0.998205	0.812252	0.953512	0.952511
4980	0.950974	0.998280	0.998261	0.812368	0.953512	0.952511
4990	0.951060	0.998224	0.998205	0.812464	0.954017	0.953101
5000	0.951152	0.998224	0.998205	0.812601	0.953512	0.952536
5010	0.951360	0.998280	0.998261	0.812781	0.953512	0.952536
5020	0.951459	0.998280	0.998261	0.812840	0.953512	0.952536
5030	0.951551	0.998280	0.998261	0.812936	0.953512	0.952536
5040	0.951748	0.998280	0.998262	0.813144	0.953512	0.952536
5050	0.951825	0.998280	0.998262	0.813113	0.953512	0.952511
5060	0.951941	0.998280	0.998263	0.813146	0.953512	0.952511
5070	0.952164	0.998280	0.998263	0.813274	0.953512	0.952511
5080	0.952226	0.998280	0.998263	0.813343	0.953512	0.952511
5090	0.952290	0.998280	0.998263	0.813419	0.953512	0.952536
5100	0.952522	0.998391	0.998372	0.813613	0.953512	0.952536
5110	0.952619	0.998391	0.998372	0.813647	0.953512	0.952511
5120	0.952775	0.998446	0.998429	0.813718	0.953512	0.952511
5130	0.952823	0.998446	0.998429	0.813782	0.953512	0.952511
5140	0.952892	0.998446	0.998429	0.813773	0.953512	0.952511
5150	0.953100	0.998446	0.998428	0.813947	0.953512	0.952511
5160	0.953185	0.998446	0.998428	0.814079	0.953512	0.952511
5170	0.953301	0.998446	0.998428	0.814188	0.953512	0.952511
5180	0.953471	0.998446	0.998427	0.814456	0.953512	0.952511
5190	0.953552	0.998446	0.998427	0.814471	0.953512	0.952511
5200	0.953773	0.998502	0.998482	0.814685	0.953512	0.952511
5210	0.953890	0.998502	0.998482	0.814938	0.954017	0.953002
5220	0.954034	0.998557	0.998539	0.815074	0.954017	0.953027
5230	0.954155	0.998557	0.998541	0.815071	0.954017	0.953027
5240	0.954262	0.998557	0.998541	0.815199	0.954017	0.953027
5250	0.954400	0.998557	0.998539	0.815394	0.954017	0.953027
5260	0.954559	0.998557	0.998541	0.815595	0.955028	0.954131
5270	0.954646	0.998557	0.998541	0.815670	0.954522	0.953592
5280	0.954854	0.998613	0.998596	0.815759	0.954522	0.953592
5290	0.954933	0.998613	0.998594	0.815874	0.954522	0.953592
5300	0.955024	0.998613	0.998594	0.815902	0.954017	0.953027
5310	0.955202	0.998613	0.998594	0.816106	0.954522	0.953566
5320	0.955393	0.998613	0.998594	0.816285	0.954522	0.953566
5330	0.955483	0.998613	0.998594	0.816428	0.954522	0.953566
5340	0.955654	0.998668	0.998651	0.816509	0.954522	0.953566
5350	0.955751	0.998668	0.998651	0.816558	0.954522	0.953566
5360	0.955824	0.998668	0.998651	0.816550	0.954522	0.953566
5370	0.955894	0.998668	0.998651	0.816676	0.954522	0.953566
5380	0.956102	0.998668	0.998651	0.816696	0.954017	0.953056
5390	0.956169	0.998668	0.998651	0.816741	0.954017	0.953056
5400	0.956346	0.998724	0.998707	0.816920	0.954017	0.953056
5410	0.956401	0.998724	0.998707	0.816989	0.954522	0.953624
5420	0.956528	0.998724	0.998707	0.817075	0.954522	0.953624
5430	0.956616	0.998724	0.998707	0.817112	0.954522	0.953624
5440	0.956799	0.998724	0.998706	0.817323	0.954522	0.953624
5450	0.956949	0.998724	0.998706	0.817394	0.954522	0.953624
5460	0.957077	0.998724	0.998706	0.817575	0.954522	0.953624
5470	0.957272	0.998779	0.998762	0.817821	0.954522	0.953624
5480	0.957345	0.998779	0.998762	0.817959	0.954522	0.953624
5490	0.957521	0.998835	0.998818	0.818164	0.955028	0.954185
5500	0.957623	0.998835	0.998818	0.818286	0.955028	0.954185
5510	0.957698	0.998890	0.998872	0.818361	0.955028	0.954185
5520	0.957847	0.998890	0.998872	0.818473	0.955028	0.954185
5530	0.957990	0.998890	0.998872	0.818592	0.955028	0.954185
5540	0.958073	0.998890	0.998872	0.818673	0.955028	0.954185
5550	0.958132	0.998890	0.998872	0.818747	0.955028	0.954185
5560	0.958331	0.998890	0.998872	0.818905	0.955028	0.954185
5570	0.958404	0.998890	0.998872	0.819038	0.955028	0.954185
5580	0.958570	0.998890	0.998872	0.819179	0.955028	0.954185
5590	0.958624	0.998890	0.998872	0.819250	0.955028	0.954185
5600	0.958707	0.998890	0.998872	0.819409	0.955028	0.954185
5610	0.958834	0.998890	0.998872	0.819517	0.955028	0.954185
5620	0.958910	0.998890	0.998872	0.819625	0.955533	0.954703
5630	0.959086	0.998890	0.998872	0.819761	0.955533	0.954703
5640	0.959184	0.998890	0.998872	0.819826	0.955533	0.954703
5650	0.959336	0.998890	0.998870	0.820084	0.955533	0.954703
5660	0.959405	0.998890	0.998870	0.820147	0.955533	0.954703
5670	0.959536	0.998890	0.998870	0.820294	0.955533	0.954703
5680	0.959664	0.999001	0.998983	0.820453	0.956038	0.955185
5690	0.959729	0.999001	0.998984	0.820521	0.956038	0.955185
5700	0.959882	0.999057	0.999040	0.820620	0.956038	0.955185
5710	0.959978	0.999057	0.999039	0.820757	0.956038	0.955185
5720	0.960094	0.999057	0.999039	0.820861	0.956038	0.955185
5730	0.960208	0.999057	0.999040	0.820947	0.955533	0.954703
5740	0.960277	0.999057	0.999040	0.821016	0.955533	0.954715
5750	0.960426	0.999112	0.999097	0.821146	0.955533	0.954715
5760	0.960490	0.999112	0.999099	0.821256	0.955028	0.954141
5770	0.960649	0.999112	0.999097	0.821465	0.955028	0.954141
5780	0.960743	0.999112	0.999098	0.821509	0.955028	0.954141
5790	0.960834	0.999112	0.999099	0.821548	0.955028	0.954141
5800	0.960954	0.999112	0.999099	0.821705	0.955028	0.954141
5810	0.961015	0.999112	0.999099	0.821760	0.955028	0.954141
5820	0.961166	0.999112	0.999099	0.821937	0.955533	0.954623
5830	0.961239	0.999112	0.999099	0.822054	0.955533	0.954623
5840	0.961353	0.999112	0.999099	0.822184	0.955533	0.954623
5850	0.961454	0.999112	0.999099	0.822254	0.955533	0.954623
5860	0.961562	0.999112	0.999099	0.822418	0.955533	0.954623
5870	0.961656	0.999112	0.999099	0.822490	0.955533	0.954623
5880	0.961743	0.999112	0.999099	0.822523	0.955533	0.954623
5890	0.961837	0.999112	0.999099	0.822590	0.955533	0.954623
5900	0.961875	0.999112	0.999099	0.822645	0.955533	0.954623
5910	0.961979	0.999112	0.999099	0.822722	0.955533	0.954623
5920	0.962047	0.999112	0.999099	0.822829	0.955533	0.954623
5930	0.962164	0.999112	0.999098	0.822862	0.955533	0.954620
5940	0.962220	0.999112	0.999098	0.822942	0.956038	0.955170
5950	0.962376	0.999168	0.999155	0.823031	0.955533	0.954513
5960	0.962501	0.999168	0.999153	0.823199	0.955533	0.954513
5970	0.962557	0.999168	0.999153	0.823273	0.955533	0.954513
5980	0.962682	0.999168	0.999153	0.823442	0.955533	0.954629
5990	0.962751	0.999168	0.999153	0.823534	0.955533	0.954629
6000	0.962845	0.999168	0.999153	0.823587	0.955533	0.954629
6010	0.962930	0.999168	0.999153	0.823646	0.956038	0.955091
6020	0.962976	0.999168	0.999153	0.823654	0.956038	0.955091
6030	0.963072	0.999168	0.999153	0.823733	0.956038	0.955091
6040	0.963114	0.999168	0.999153	0.823776	0.956038	0.955091
6050	0.963157	0.999168	0.999153	0.823857	0.956038	0.955091
6060	0.963300	0.999168	0.999153	0.824051	0.956038	0.955091
6070	0.963376	0.999168	0.999155	0.824138	0.956038	0.955065
6080	0.963454	0.999168	0.999155	0.824266	0.956544	0.955582
6090	0.963517	0.999168	0.999155	0.824316	0.956544	0.955582
6100	0.963614	0.999168	0.999155	0.824444	0.956544	0.955582
6110	0.963685	0.999168	0.999155	0.824492	0.956038	0.955065
6120	0.963830	0.999168	0.999155	0.824615	0.956038	0.955065
6130	0.963860	0.999168	0.999155	0.824649	0.955533	0.954488
6140	0.963891	0.999168	0.999155	0.824704	0.956038	0.955004
6150	0.963937	0.999168	0.999155	0.824764	0.956038	0.955004
6160	0.964058	0.999168	0.999155	0.824865	0.955533	0.954488
6170	0.964093	0.999168	0.999155	0.824882	0.955533	0.954488
6180	0.964166	0.999168	0.999155	0.824967	0.956038	0.955030
6190	0.964230	0.999168	0.999155	0.825067	0.955533	0.954513
6200	0.964278	0.999168	0.999155	0.825080	0.955533	0.954629
6210	0.964399	0.999168	0.999155	0.825223	0.956544	0.955466
6220	0.964456	0.999168	0.999155	0.825223	0.956038	0.955030
6230	0.964594	0.999168	0.999155	0.825373	0.956038	0.955030
6240	0.964651	0.999168	0.999155	0.825466	0.956038	0.955030
6250	0.964743	0.999168	0.999155	0.825548	0.956038	0.955030
6260	0.964794	0.999168	0.999155	0.825632	0.956038	0.955030
6270	0.964853	0.999168	0.999155	0.825720	0.956038	0.955030
6280	0.964955	0.999168	0.999155	0.825811	0.956038	0.955030
6290	0.964998	0.999168	0.999155	0.825877	0.956544	0.955568
6300	0.965110	0.999223	0.999213	0.825981	0.957049	0.956003
6310	0.965169	0.999223	0.999213	0.826097	0.957049	0.956003
6320	0.965270	0.999223	0.999212	0.826137	0.957049	0.956003
6330	0.965355	0.999223	0.999213	0.826269	0.957049	0.956003
6340	0.965431	0.999223	0.999213	0.826285	0.957049	0.956003
6350	0.965549	0.999223	0.999212	0.826459	0.957049	0.956003
6360	0.965593	0.999223	0.999212	0.826632	0.957049	0.955959
6370	0.965691	0.999279	0.999269	0.826725	0.957554	0.956533
6380	0.965810	0.999279	0.999269	0.826794	0.957049	0.955959
6390	0.965864	0.999279	0.999269	0.826893	0.957049	0.955959
6400	0.965940	0.999279	0.999269	0.827022	0.957049	0.955959
6410	0.965994	0.999279	0.999269	0.827090	0.956544	0.955524
6420	0.966101	0.999279	0.999269	0.827220	0.956544	0.955524
6430	0.966160	0.999279	0.999269	0.827316	0.956544	0.955568
6440	0.966266	0.999279	0.999269	0.827412	0.956544	0.955508
6450	0.966320	0.999279	0.999269	0.827557	0.956544	0.955552
6460	0.966409	0.999279	0.999269	0.827767	0.956544	0.955524
6470	0.966466	0.999279	0.999269	0.827885	0.957049	0.956141
6480	0.966560	0.999279	0.999269	0.827964	0.957049	0.956141
6490	0.966633	0.999279	0.999269	0.828061	0.957049	0.956141
6500	0.966685	0.999279	0.999269	0.828129	0.957049	0.956141
6510	0.966784	0.999279	0.999269	0.828224	0.956544	0.955607
6520	0.966850	0.999279	0.999269	0.828332	0.956544	0.955607
6530	0.966905	0.999279	0.999269	0.828370	0.956038	0.955030
6540	0.966996	0.999279	0.999269	0.828474	0.956038	0.955030
6550	0.967035	0.999279	0.999269	0.828534	0.956544	0.955607
6560	0.967132	0.999334	0.999326	0.828610	0.956544	0.955607
6570	0.967160	0.999334	0.999326	0.828647	0.956544	0.955580
6580	0.967208	0.999334	0.999326	0.828734	0.956544	0.955580
6590	0.967254	0.999334	0.999326	0.828809	0.956544	0.955580
6600	0.967341	0.999334	0.999326	0.828990	0.956544	0.955580
6610	0.967402	0.999334	0.999326	0.829069	0.956544	0.955580
6620	0.967493	0.999334	0.999326	0.829132	0.956544	0.955607
6630	0.967596	0.999334	0.999326	0.829231	0.956544	0.955605
6640	0.967664	0.999334	0.999326	0.829604	0.957049	0.956082
6650	0.967775	0.999334	0.999326	0.829714	0.957049	0.956082
6660	0.967826	0.999334	0.999326	0.829787	0.957049	0.956079
6670	0.967924	0.999334	0.999326	0.829857	0.957049	0.956054
6680	0.967960	0.999334	0.999326	0.829900	0.957049	0.956054
6690	0.968011	0.999334	0.999325	0.829986	0.957049	0.956082
6700	0.968099	0.999334	0.999325	0.830081	0.957049	0.956054
6710	0.968162	0.999334	0.999325	0.830139	0.957049	0.956082
6720	0.968201	0.999334	0.999325	0.830161	0.957049	0.956082
6730	0.968283	0.999334	0.999326	0.830238	0.957049	0.956082
6740	0.968334	0.999334	0.999326	0.830253	0.957049	0.956054
6750	0.968403	0.999334	0.999326	0.830283	0.957049	0.956082
6760	0.968464	0.999334	0.999326	0.830357	0.957554	0.956629
6770	0.968523	0.999334	0.999326	0.830435	0.957554	0.956629
6780	0.968628	0.999334	0.999326	0.830552	0.957049	0.956082
6790	0.968680	0.999334	0.999326	0.830638	0.957049	0.956082
6800	0.968765	0.999334	0.999326	0.830723	0.957049	0.956054
6810	0.968816	0.999334	0.999326	0.830725	0.957049	0.956029
6820	0.968882	0.999334	0.999326	0.830813	0.957049	0.956029
6830	0.968925	0.999334	0.999326	0.830833	0.957554	0.956601
6840	0.969001	0.999334	0.999326	0.830984	0.957049	0.956029
6850	0.969054	0.999390	0.999383	0.831056	0.957049	0.956056
6860	0.969088	0.999390	0.999383	0.831113	0.957049	0.956029
6870	0.969157	0.999390	0.999383	0.831207	0.957049	0.956029
6880	0.969205	0.999390	0.999383	0.831268	0.957049	0.956029
6890	0.969261	0.999390	0.999383	0.831307	0.957049	0.956029
6900	0.969320	0.999390	0.999383	0.831446	0.957049	0.956029
6910	0.969379	0.999390	0.999383	0.831535	0.957049	0.956029
6920	0.969438	0.999390	0.999383	0.831637	0.957049	0.956029
6930	0.969484	0.999390	0.999383	0.831741	0.957554	0.956566
6940	0.969582	0.999390	0.999383	0.831850	0.957554	0.956592
6950	0.969652	0.999390	0.999383	0.831892	0.957554	0.956592
6960	0.969692	0.999390	0.999383	0.831951	0.957554	0.956592
6970	0.969758	0.999390	0.999383	0.832023	0.957554	0.956566
6980	0.969790	0.999390	0.999383	0.832017	0.957554	0.956566
6990	0.969843	0.999390	0.999383	0.832063	0.957554	0.956566
7000	0.969921	0.999390	0.999383	0.832107	0.957554	0.956566
7010	0.970000	0.999390	0.999382	0.832232	0.957554	0.956566
7020	0.970043	0.999390	0.999382	0.832283	0.957049	0.956029
7030	0.970120	0.999390	0.999382	0.832362	0.957049	0.956029
7040	0.970181	0.999390	0.999382	0.832438	0.957049	0.956029
7050	0.970226	0.999390	0.999382	0.832480	0.957049	0.956029
7060	0.970285	0.999390	0.999382	0.832500	0.957049	0.956029
7070	0.970353	0.999390	0.999382	0.832553	0.957049	0.956029
7080	0.970410	0.999390	0.999382	0.832584	0.957049	0.956029
7090	0.970495	0.999390	0.999382	0.832718	0.957049	0.956029
7100	0.970587	0.999390	0.999382	0.832965	0.957049	0.956054
7110	0.970647	0.999390	0.999382	0.833047	0.957049	0.956054
7120	0.970699	0.999390	0.999382	0.833102	0.957049	0.956029
7130	0.970777	0.999390	0.999382	0.833137	0.957049	0.956029
7140	0.970817	0.999390	0.999382	0.833248	0.957049	0.956029
7150	0.970876	0.999390	0.999382	0.833316	0.957049	0.956029
7160	0.970915	0.999390	0.999382	0.833366	0.957049	0.956029
7170	0.970976	0.999390	0.999382	0.833475	0.957049	0.956054
7180	0.971003	0.999390	0.999382	0.833534	0.957049	0.956054
7190	0.971069	0.999390	0.999382	0.833557	0.957049	0.956054
7200	0.971097	0.999390	0.999382	0.833562	0.957554	0.956578
7210	0.971172	0.999390	0.999382	0.833663	0.957554	0.956578
7220	0.971215	0.999390	0.999382	0.833684	0.958060	0.957121
7230	0.971287	0.999390	0.999382	0.833732	0.958060	0.957121
7240	0.971315	0.999390	0.999382	0.833768	0.958060	0.957121
7250	0.971364	0.999390	0.999382	0.833786	0.958060	0.957121
7260	0.971391	0.999390	0.999382	0.833835	0.958565	0.957642
7270	0.971467	0.999445	0.999438	0.833914	0.958565	0.957642
7280	0.971495	0.999445	0.999438	0.833952	0.958565	0.957642
7290	0.971522	0.999445	0.999438	0.833973	0.958565	0.957642
7300	0.971552	0.999445	0.999438	0.834048	0.958565	0.957642
7310	0.971643	0.999445	0.999438	0.834205	0.958565	0.957642
7320	0.971683	0.999445	0.999438	0.834311	0.958565	0.957642
7330	0.971710	0.999445	0.999438	0.834399	0.958565	0.957642
7340	0.971763	0.999501	0.999494	0.834505	0.958565	0.957642
7350	0.971826	0.999501	0.999493	0.834604	0.958565	0.957642
7360	0.971862	0.999501	0.999493	0.834659	0.958565	0.957642
7370	0.971906	0.999501	0.999493	0.834706	0.958565	0.957642
7380	0.971937	0.999501	0.999493	0.834800	0.958565	0.957642
7390	0.971963	0.999501	0.999493	0.834818	0.958565	0.957642
7400	0.972028	0.999556	0.999548	0.834931	0.958565	0.957642
7410	0.972051	0.999556	0.999548	0.834961	0.958565	0.957642
7420	0.972115	0.999556	0.999548	0.835044	0.958565	0.957642
7430	0.972178	0.999612	0.999606	0.835087	0.958565	0.957616
7440	0.972222	0.999612	0.999606	0.835146	0.958565	0.957616
7450	0.972300	0.999612	0.999606	0.835254	0.958565	0.957616
7460	0.972327	0.999612	0.999606	0.835272	0.958565	0.957616
7470	0.972367	0.999612	0.999606	0.835358	0.958565	0.957616
7480	0.972426	0.999612	0.999606	0.835446	0.958565	0.957642
7490	0.972501	0.999612	0.999606	0.835491	0.958565	0.957642
7500	0.972540	0.999612	0.999606	0.835568	0.958565	0.957642
7510	0.972572	0.999612	0.999606	0.835617	0.958565	0.957642
7520	0.972591	0.999612	0.999606	0.835662	0.958565	0.957642
7530	0.972661	0.999612	0.999606	0.835699	0.958565	0.957642
7540	0.972695	0.999612	0.999606	0.835759	0.958565	0.957642
7550	0.972749	0.999612	0.999608	0.835830	0.958565	0.957642
7560	0.972789	0.999612	0.999606	0.835876	0.958565	0.957642
7570	0.972850	0.999612	0.999606	0.835989	0.958565	0.957642
7580	0.972888	0.999612	0.999606	0.836038	0.958565	0.957642
7590	0.972945	0.999612	0.999606	0.836101	0.958565	0.957642
7600	0.973005	0.999612	0.999606	0.836145	0.958565	0.957642
7610	0.973051	0.999612	0.999606	0.836220	0.958060	0.957112
7620	0.973114	0.999612	0.999606	0.836251	0.958060	0.957112
7630	0.973159	0.999612	0.999606	0.836315	0.958060	0.957112
7640	0.973204	0.999612	0.999606	0.836397	0.958060	0.957112
7650	0.973261	0.999612	0.999608	0.836440	0.958060	0.957112
7660	0.973296	0.999612	0.999608	0.836500	0.958060	0.957112
7670	0.973359	0.999612	0.999608	0.836561	0.958060	0.957112
7680	0.973405	0.999612	0.999608	0.836626	0.958565	0.957535
7690	0.973442	0.999612	0.999608	0.836685	0.958565	0.957535
7700	0.973471	0.999612	0.999608	0.836729	0.958565	0.957535
7710	0.973533	0.999612	0.999608	0.836810	0.959070	0.958064
7720	0.973567	0.999612	0.999608	0.836882	0.959070	0.958064
7730	0.973599	0.999612	0.999608	0.836973	0.959070	0.958064
7740	0.973658	0.999612	0.999608	0.837029	0.959070	0.958064
7750	0.973735	0.999612	0.999606	0.837162	0.959070	0.958064
7760	0.973755	0.999612	0.999608	0.837183	0.959070	0.958064
7770	0.973792	0.999612	0.999608	0.837227	0.959070	0.958064
7780	0.973862	0.999667	0.999664	0.837310	0.958565	0.957642
7790	0.973907	0.999667	0.999664	0.837365	0.959070	0.958064
7800	0.973960	0.999667	0.999664	0.837425	0.959070	0.958064
7810	0.973990	0.999667	0.999664	0.837289	0.959070	0.958064
7820	0.974044	0.999667	0.999664	0.837343	0.959070	0.958064
7830	0.974081	0.999667	0.999664	0.837366	0.959576	0.958608
7840	0.974120	0.999667	0.999664	0.837412	0.959576	0.958608
7850	0.974186	0.999667	0.999664	0.837494	0.959576	0.958608
7860	0.974251	0.999667	0.999664	0.837581	0.959576	0.958608
7870	0.974285	0.999667	0.999664	0.837621	0.959576	0.958608
7880	0.974325	0.999667	0.999664	0.837643	0.959576	0.958608
7890	0.974375	0.999667	0.999664	0.837713	0.959070	0.958064
7900	0.974394	0.999667	0.999664	0.837773	0.959070	0.958064
7910	0.974443	0.999667	0.999664	0.837807	0.959070	0.958064
7920	0.974478	0.999667	0.999664	0.837894	0.959070	0.958064
7930	0.974527	0.999723	0.999720	0.837964	0.959070	0.958064
7940	0.974567	0.999723	0.999720	0.838022	0.959070	0.958064
7950	0.974629	0.999723	0.999720	0.838043	0.959070	0.958064
7960	0.974657	0.999723	0.999720	0.838086	0.959070	0.958064
7970	0.974695	0.999723	0.999720	0.838142	0.959070	0.958064
7980	0.974721	0.999723	0.999720	0.838147	0.959576	0.958608
7990	0.974745	0.999723	0.999720	0.838164	0.959576	0.958608
8000	0.974787	0.999723	0.999720	0.838228	0.959576	0.958608
8010	0.974811	0.999723	0.999720	0.838274	0.959576	0.958608
8020	0.974861	0.999723	0.999720	0.838316	0.959576	0.958608
8030	0.974890	0.999723	0.999720	0.838321	0.959576	0.958608
8040	0.974934	0.999723	0.999720	0.838384	0.959576	0.958608
8050	0.974960	0.999723	0.999720	0.838422	0.959576	0.958608
8060	0.975001	0.999723	0.999720	0.838413	0.959576	0.958608
8070	0.975028	0.999723	0.999720	0.838434	0.959576	0.958608
8080	0.975089	0.999723	0.999720	0.838480	0.959576	0.958608
8090	0.975136	0.999723	0.999720	0.838559	0.960081	0.959096
8100	0.975164	0.999723	0.999720	0.838558	0.960081	0.959096
8110	0.975208	0.999723	0.999720	0.838617	0.960586	0.959557
8120	0.975236	0.999723	0.999720	0.838601	0.960586	0.959557
8130	0.975294	0.999723	0.999720	0.838649	0.960081	0.959013
8140	0.975326	0.999723	0.999720	0.838684	0.960081	0.959013
8150	0.975348	0.999723	0.999720	0.838740	0.960081	0.959013
8160	0.975391	0.999723	0.999720	0.838766	0.960081	0.959013
8170	0.975415	0.999723	0.999720	0.838750	0.960081	0.959013
8180	0.975440	0.999723	0.999720	0.838756	0.960081	0.959013
8190	0.975491	0.999723	0.999720	0.838819	0.959576	0.958469
8200	0.975528	0.999723	0.999720	0.838869	0.960081	0.959013
8210	0.975551	0.999723	0.999720	0.838923	0.960081	0.959013
8220	0.975576	0.999723	0.999718	0.838962	0.960081	0.959013
8230	0.975620	0.999723	0.999718	0.839028	0.960081	0.959013
8240	0.975657	0.999723	0.999720	0.839059	0.960081	0.959013
8250	0.975692	0.999723	0.999718	0.839116	0.960586	0.959557
8260	0.975731	0.999723	0.999720	0.839168	0.960586	0.959557
8270	0.975784	0.999723	0.999720	0.839202	0.960586	0.959557
8280	0.975803	0.999723	0.999720	0.839224	0.960586	0.959557
8290	0.975823	0.999723	0.999720	0.839238	0.960586	0.959557
8300	0.975866	0.999723	0.999720	0.839297	0.960586	0.959575
8310	0.975905	0.999723	0.999720	0.839352	0.960586	0.959575
8320	0.975948	0.999723	0.999720	0.839409	0.960586	0.959575
8330	0.975993	0.999723	0.999720	0.839495	0.960586	0.959575
8340	0.976042	0.999778	0.999776	0.839496	0.960586	0.959575
8350	0.976081	0.999778	0.999776	0.839546	0.960586	0.959575
8360	0.976133	0.999834	0.999833	0.839598	0.960586	0.959575
8370	0.976179	0.999834	0.999833	0.839675	0.961091	0.960142
8380	0.976211	0.999834	0.999833	0.839703	0.961091	0.960142
8390	0.976244	0.999834	0.999833	0.839704	0.961091	0.960142
8400	0.976276	0.999834	0.999833	0.839735	0.961091	0.960142
8410	0.976306	0.999834	0.999833	0.839767	0.961091	0.960142
8420	0.976356	0.999834	0.999833	0.839751	0.961091	0.960142
8430	0.976383	0.999834	0.999833	0.839764	0.961091	0.960142
8440	0.976461	0.999834	0.999833	0.839882	0.961091	0.960142
8450	0.976491	0.999834	0.999833	0.839917	0.961091	0.960142
8460	0.976542	0.999834	0.999833	0.839963	0.961091	0.960142
8470	0.976563	0.999834	0.999833	0.840024	0.961091	0.960142
8480	0.976584	0.999834	0.999833	0.840048	0.961091	0.960142
8490	0.976605	0.999834	0.999833	0.840075	0.961091	0.960142
8500	0.976643	0.999834	0.999833	0.840079	0.961091	0.960115
8510	0.976660	0.999834	0.999833	0.840100	0.961091	0.960115
8520	0.976695	0.999834	0.999833	0.840124	0.961091	0.960115
8530	0.976717	0.999834	0.999833	0.840154	0.961091	0.960115
8540	0.976777	0.999834	0.999833	0.840258	0.961091	0.960115
8550	0.976801	0.999834	0.999833	0.840289	0.960586	0.959572
8560	0.976847	0.999834	0.999833	0.840342	0.960586	0.959572
8570	0.976873	0.999834	0.999833	0.840401	0.960586	0.959572
8580	0.976905	0.999834	0.999833	0.840462	0.960586	0.959526
8590	0.976941	0.999834	0.999833	0.840511	0.960586	0.959536
8600	0.976982	0.999834	0.999833	0.840560	0.960586	0.959536
8610	0.976996	0.999834	0.999833	0.840589	0.960586	0.959536
8620	0.977036	0.999834	0.999833	0.840649	0.961091	0.960080
8630	0.977060	0.999834	0.999833	0.840691	0.961091	0.960070
8640	0.977109	0.999834	0.999833	0.840726	0.961091	0.960070
8650	0.977142	0.999834	0.999833	0.840713	0.961091	0.960070
8660	0.977186	0.999834	0.999833	0.840771	0.960586	0.959526
8670	0.977236	0.999834	0.999833	0.840832	0.960586	0.959526
8680	0.977281	0.999834	0.999833	0.840885	0.960586	0.959544
8690	0.977312	0.999834	0.999833	0.840925	0.960586	0.959544
8700	0.977340	0.999834	0.999833	0.840991	0.961091	0.959985
8710	0.977391	0.999834	0.999833	0.841022	0.961597	0.960528
8720	0.977415	0.999834	0.999833	0.841090	0.961597	0.960528
8730	0.977471	0.999834	0.999833	0.841157	0.961597	0.960528
8740	0.977494	0.999834	0.999833	0.841214	0.961597	0.960528
8750	0.977533	0.999834	0.999833	0.841249	0.961091	0.960088
8760	0.977578	0.999834	0.999833	0.841290	0.961091	0.960088
8770	0.977613	0.999834	0.999833	0.841347	0.961091	0.960088
8780	0.977637	0.999834	0.999833	0.841353	0.961091	0.960088
8790	0.977680	0.999834	0.999833	0.841406	0.961091	0.960088
8800	0.977699	0.999834	0.999833	0.841458	0.961091	0.960088
8810	0.977723	0.999834	0.999833	0.841471	0.960586	0.959544
8820	0.977769	0.999834	0.999833	0.841462	0.960586	0.959544
8830	0.977800	0.999834	0.999833	0.841506	0.960586	0.959544
8840	0.977836	0.999889	0.999888	0.841535	0.960586	0.959544
8850	0.977851	0.999889	0.999888	0.841550	0.960586	0.959544
8860	0.977874	0.999834	0.999833	0.841593	0.961091	0.960106
8870	0.977911	0.999889	0.999888	0.841645	0.961091	0.960106
8880	0.977951	0.999889	0.999888	0.841698	0.961091	0.960106
8890	0.977995	0.999945	0.999944	0.841647	0.961091	0.960106
8900	0.978023	0.999945	0.999944	0.841696	0.961091	0.960106
8910	0.978042	0.999945	0.999944	0.841746	0.961091	0.960106
8920	0.978087	0.999945	0.999944	0.841809	0.961091	0.960106
8930	0.978105	0.999945	0.999944	0.841821	0.961091	0.960106
8940	0.978129	0.999945	0.999944	0.841836	0.961091	0.960106
8950	0.978168	0.999945	0.999944	0.841904	0.961091	0.960106
8960	0.978213	0.999945	0.999944	0.841956	0.961091	0.960106
8970	0.978234	0.999945	0.999944	0.842008	0.961091	0.960106
8980	0.978261	0.999945	0.999944	0.842026	0.961091	0.960106
8990	0.978293	0.999945	0.999944	0.842045	0.960586	0.959562
9000	0.978316	0.999945	0.999944	0.842101	0.960586	0.959544
9010	0.978357	0.999945	0.999944	0.842080	0.960586	0.959544
9020	0.978391	0.999945	0.999944	0.842161	0.960586	0.959562
9030	0.978410	0.999945	0.999944	0.842185	0.960586	0.959562
9040	0.978426	0.999945	0.999944	0.842209	0.960586	0.959562
9050	0.978472	0.999945	0.999944	0.842249	0.960586	0.959562
9060	0.978491	0.999945	0.999944	0.842290	0.960586	0.959562
9070	0.978520	0.999945	0.999944	0.842355	0.960586	0.959562
9080	0.978538	0.999945	0.999944	0.842446	0.960586	0.959562
9090	0.978583	0.999945	0.999944	0.842499	0.960586	0.959562
9100	0.978605	0.999945	0.999944	0.842531	0.960586	0.959562
9110	0.978633	0.999945	0.999944	0.842577	0.960586	0.959562
9120	0.978674	0.999945	0.999944	0.842610	0.960586	0.959562
9130	0.978706	0.999945	0.999944	0.842601	0.960586	0.959562
9140	0.978764	0.999945	0.999944	0.842651	0.960586	0.959562
9150	0.978778	0.999945	0.999944	0.842660	0.960586	0.959562
9160	0.978807	0.999945	0.999944	0.842698	0.960586	0.959562
9170	0.978838	0.999945	0.999944	0.842742	0.960586	0.959562
9180	0.978865	0.999945	0.999944	0.842757	0.960586	0.959544
9190	0.978912	0.999945	0.999944	0.842801	0.960586	0.959544
9200	0.978922	0.999945	0.999944	0.842808	0.960586	0.959544
9210	0.978940	0.999945	0.999944	0.842841	0.960586	0.959544
9220	0.978978	0.999945	0.999944	0.842862	0.960586	0.959544
9230	0.978998	0.999945	0.999944	0.842937	0.960586	0.959544
9240	0.979026	0.999945	0.999944	0.842972	0.960586	0.959544
9250	0.979047	0.999945	0.999944	0.842990	0.960586	0.959544
9260	0.979069	0.999945	0.999944	0.843021	0.960586	0.959544
9270	0.979105	0.999945	0.999944	0.843049	0.960586	0.959544
9280	0.979151	0.999945	0.999944	0.843091	0.960586	0.959544
9290	0.979177	0.999945	0.999944	0.843128	0.960586	0.959544
9300	0.979212	0.999945	0.999944	0.843176	0.960586	0.959544
9310	0.979245	0.999945	0.999944	0.843223	0.960586	0.959544
9320	0.979263	0.999945	0.999944	0.843248	0.960586	0.959544
9330	0.979320	0.999945	0.999944	0.843312	0.960586	0.959544
9340	0.979339	0.999945	0.999944	0.843327	0.960586	0.959544
9350	0.979362	0.999945	0.999944	0.843347	0.960586	0.959544
9360	0.979381	0.999945	0.999944	0.843404	0.960586	0.959544
9370	0.979413	0.999945	0.999944	0.843450	0.960586	0.959544
9380	0.979434	0.999945	0.999944	0.843442	0.960586	0.959544
9390	0.979478	0.999945	0.999944	0.843537	0.960586	0.959544
9400	0.979508	0.999945	0.999944	0.843583	0.960081	0.959001
9410	0.979532	0.999945	0.999944	0.843540	0.960081	0.959001
9420	0.979554	0.999945	0.999944	0.843581	0.960081	0.959001
9430	0.979579	0.999945	0.999944	0.843592	0.960081	0.959001
9440	0.979608	0.999945	0.999944	0.843616	0.960081	0.959001
9450	0.979635	0.999945	0.999944	0.843650	0.960081	0.959001
9460	0.979660	0.999945	0.999944	0.843670	0.960081	0.959001
9470	0.979692	0.999945	0.999944	0.843827	0.960081	0.959001
9480	0.979736	0.999945	0.999944	0.843893	0.960586	0.959544
9490	0.979765	0.999945	0.999944	0.843919	0.960081	0.959001
9500	0.979799	0.999945	0.999944	0.843948	0.960081	0.959001
9510	0.979827	0.999945	0.999944	0.843991	0.960081	0.959001
9520	0.979847	0.999945	0.999944	0.843936	0.960586	0.959544
9530	0.979885	0.999945	0.999944	0.843970	0.960586	0.959544
9540	0.979912	0.999945	0.999944	0.844005	0.960586	0.959544
9550	0.979945	0.999945	0.999944	0.844073	0.960586	0.959544
9560	0.979958	0.999945	0.999944	0.844108	0.960586	0.959544
9570	0.979988	0.999945	0.999944	0.844109	0.960586	0.959544
9580	0.980009	0.999945	0.999944	0.844122	0.960081	0.959001
9590	0.980025	0.999945	0.999944	0.844152	0.960586	0.959544
9600	0.980056	0.999945	0.999944	0.844212	0.960586	0.959544
9610	0.980073	0.999945	0.999944	0.844235	0.960586	0.959537
9620	0.980108	0.999945	0.999944	0.844288	0.960586	0.959544
9630	0.980126	0.999945	0.999944	0.844339	0.960586	0.959544
9640	0.980171	0.999945	0.999944	0.844410	0.960586	0.959544
9650	0.980186	0.999945	0.999944	0.844435	0.960586	0.959544
9660	0.980203	0.999945	0.999944	0.844452	0.960586	0.959544
9670	0.980223	0.999945	0.999944	0.844467	0.960586	0.959544
9680	0.980245	0.999945	0.999944	0.844507	0.960586	0.959544
9690	0.980265	0.999945	0.999944	0.844553	0.960586	0.959544
9700	0.980282	0.999945	0.999944	0.844555	0.960586	0.959544
9710	0.980313	0.999945	0.999944	0.844610	0.960586	0.959544
9720	0.980329	0.999945	0.999944	0.844626	0.960586	0.959537
9730	0.980367	0.999945	0.999944	0.844713	0.960586	0.959554
9740	0.980384	0.999945	0.999944	0.844722	0.960586	0.959554
9750	0.980405	0.999945	0.999944	0.844756	0.960586	0.959554
9760	0.980419	0.999945	0.999944	0.844737	0.960586	0.959554
9770	0.980457	0.999945	0.999944	0.844719	0.960586	0.959537
9780	0.980477	0.999945	0.999944	0.844676	0.960586	0.959562
9790	0.980506	0.999945	0.999944	0.844737	0.960586	0.959554
9800	0.980518	0.999945	0.999944	0.844734	0.960586	0.959554
9810	0.980532	0.999945	0.999944	0.844780	0.960586	0.959554
9820	0.980545	0.999945	0.999944	0.844799	0.960586	0.959554
9830	0.980573	0.999945	0.999944	0.844828	0.960586	0.959554
9840	0.980590	0.999945	0.999944	0.844858	0.960586	0.959554
9850	0.980622	0.999945	0.999944	0.844911	0.960586	0.959554
9860	0.980638	0.999945	0.999944	0.844958	0.960586	0.959554
9870	0.980652	0.999945	0.999944	0.844949	0.960586	0.959554
9880	0.980676	0.999945	0.999944	0.844972	0.960586	0.959554
9890	0.980704	0.999945	0.999944	0.844906	0.960586	0.959554
9900	0.980726	0.999945	0.999944	0.844923	0.960586	0.959554
9910	0.980755	0.999945	0.999944	0.844957	0.960586	0.959554
9920	0.980771	0.999945	0.999944	0.844989	0.960586	0.959554
9930	0.980796	0.999945	0.999944	0.844991	0.960586	0.959554
9940	0.980811	0.999945	0.999944	0.845033	0.960586	0.959554
9950	0.980843	0.999945	0.999944	0.845106	0.960586	0.959554
9960	0.980872	0.999945	0.999944	0.845216	0.960586	0.959554
9970	0.980913	0.999945	0.999944	0.845245	0.960586	0.959554
9980	0.980932	0.999945	0.999944	0.845272	0.960586	0.959554
9990	0.980955	0.999945	0.999944	0.845291	0.960586	0.959554
10000	0.980976	0.999945	0.999944	0.845272	0.960586	0.959554
