10	0.081950	0.406198	0.308812	0.078588	0.380059	0.294917
20	0.158745	0.654612	0.657920	0.156662	0.637216	0.643273
30	0.218583	0.696673	0.702202	0.216689	0.694965	0.700738
40	0.244511	0.717203	0.721784	0.239935	0.709279	0.712961
50	0.264701	0.735562	0.739794	0.260265	0.729516	0.731785
60	0.281743	0.749694	0.752626	0.275916	0.740375	0.742665
70	0.298938	0.758707	0.760229	0.290903	0.754195	0.755016
80	0.316850	0.769612	0.770641	0.308701	0.763574	0.762911
90	0.332906	0.782797	0.781981	0.322915	0.766041	0.765326
100	0.342598	0.788027	0.786523	0.332316	0.769990	0.769752
110	0.355798	0.795260	0.793468	0.345575	0.778875	0.777578
120	0.365344	0.801380	0.798621	0.354450	0.786278	0.784322
130	0.375635	0.807166	0.803716	0.363364	0.788253	0.785835
140	0.385750	0.813063	0.808951	0.372471	0.797137	0.794251
150	0.397472	0.819517	0.814421	0.383462	0.803060	0.799135
160	0.408173	0.824580	0.818896	0.391964	0.806022	0.802089
170	0.417506	0.831034	0.824644	0.399232	0.808490	0.804535
180	0.425234	0.833760	0.827142	0.405848	0.818855	0.813684
190	0.434768	0.839602	0.832263	0.414330	0.824778	0.819073
200	0.442489	0.843607	0.835710	0.421457	0.825765	0.819764
210	0.452497	0.846167	0.837693	0.430190	0.829220	0.822231
220	0.462094	0.851452	0.842131	0.436966	0.832182	0.824283
230	0.469374	0.854957	0.845462	0.441936	0.835143	0.826765
240	0.477204	0.858073	0.847896	0.448501	0.837611	0.828755
250	0.484613	0.862301	0.851447	0.454139	0.841560	0.832974
260	0.491281	0.864360	0.853207	0.459540	0.842547	0.833694
270	0.498929	0.867308	0.855715	0.466229	0.845015	0.835632
280	0.506131	0.870034	0.858150	0.471924	0.848963	0.839264
290	0.512142	0.872316	0.859899	0.477189	0.848963	0.839117
300	0.517975	0.874819	0.862024	0.481268	0.852912	0.842434
310	0.524121	0.878213	0.864938	0.485815	0.855874	0.844366
320	0.530560	0.880939	0.867353	0.490558	0.858342	0.846810
330	0.536620	0.883832	0.869892	0.496353	0.859822	0.847734
340	0.541656	0.885724	0.871780	0.500012	0.861797	0.849341
350	0.546776	0.886447	0.872326	0.503966	0.862784	0.850580
360	0.553413	0.889952	0.875562	0.509527	0.864265	0.852307
370	0.558606	0.891176	0.876670	0.514080	0.867720	0.855524
380	0.562857	0.892623	0.878035	0.516272	0.865252	0.853224
390	0.567955	0.894459	0.879544	0.520565	0.866239	0.853804
400	0.572820	0.896517	0.881453	0.524815	0.867226	0.854532
410	0.577787	0.898409	0.883170	0.528480	0.870188	0.857211
420	0.582920	0.900523	0.885051	0.532547	0.868707	0.855163
430	0.588675	0.901691	0.886052	0.536585	0.869200	0.855536
440	0.592427	0.902248	0.886533	0.539541	0.870681	0.856840
450	0.595939	0.903472	0.887633	0.541438	0.870188	0.856431
460	0.601842	0.904251	0.888379	0.546134	0.871175	0.857116
470	0.605726	0.905808	0.889799	0.548425	0.871668	0.857550
480	0.609288	0.907199	0.891182	0.550723	0.871668	0.857897
490	0.612220	0.908479	0.892326	0.552938	0.872655	0.858658
500	0.615993	0.909536	0.893318	0.555596	0.873149	0.858857
510	0.620310	0.911205	0.894899	0.558732	0.873643	0.859312
520	0.623837	0.912318	0.895961	0.562370	0.873643	0.859270
530	0.627193	0.912874	0.896446	0.565378	0.875617	0.861093
540	0.630301	0.913653	0.897139	0.567238	0.879566	0.864813
550	0.633682	0.914766	0.898204	0.570480	0.878578	0.863835
560	0.636172	0.915211	0.898604	0.572518	0.878578	0.863817
570	0.639503	0.916769	0.900042	0.575241	0.880553	0.865457
580	0.643438	0.917548	0.900683	0.578659	0.883021	0.867847
590	0.646778	0.918382	0.901457	0.582065	0.882527	0.867348
600	0.649899	0.919161	0.902186	0.584855	0.884501	0.869223
610	0.653365	0.920162	0.903117	0.589004	0.887463	0.871936
620	0.656423	0.921331	0.904228	0.590544	0.887957	0.872394
630	0.659240	0.922277	0.905139	0.592395	0.890424	0.874755
640	0.662394	0.923278	0.906053	0.594770	0.891412	0.875598
650	0.665110	0.923890	0.906603	0.597094	0.891412	0.875596
660	0.667552	0.924558	0.907220	0.598627	0.891905	0.876076
670	0.670614	0.925949	0.908528	0.600400	0.891412	0.875792
680	0.673542	0.926839	0.909394	0.602171	0.890918	0.875330
690	0.675602	0.927785	0.910280	0.603939	0.890424	0.874627
700	0.678198	0.928619	0.911084	0.606226	0.891905	0.876091
710	0.681528	0.929287	0.911745	0.608907	0.893386	0.877270
720	0.683856	0.930288	0.912721	0.610806	0.893386	0.877452
730	0.685915	0.930789	0.913159	0.612461	0.894373	0.878542
740	0.687998	0.930733	0.913098	0.614292	0.895360	0.879354
750	0.690360	0.931902	0.914234	0.616402	0.896841	0.880814
760	0.691926	0.932792	0.915083	0.617571	0.897335	0.881124
770	0.693591	0.932847	0.915095	0.618702	0.896347	0.880112
780	0.695357	0.933571	0.915833	0.620294	0.896347	0.880146
790	0.696766	0.933849	0.916101	0.621511	0.896841	0.880657
800	0.699023	0.934127	0.916369	0.623299	0.897828	0.881605
810	0.701154	0.935017	0.917191	0.624932	0.897828	0.881408
820	0.702841	0.935295	0.917500	0.626184	0.896841	0.880440
830	0.704506	0.935351	0.917522	0.627619	0.897335	0.880688
840	0.706874	0.935796	0.917905	0.629279	0.897828	0.881194
850	0.708833	0.936297	0.918378	0.630771	0.897828	0.881149
860	0.710530	0.936353	0.918442	0.632365	0.899309	0.882674
870	0.712526	0.937187	0.919279	0.633921	0.899803	0.883025
880	0.714024	0.937632	0.919692	0.635220	0.901283	0.884300
890	0.715902	0.938244	0.920245	0.636699	0.902764	0.885684
900	0.717570	0.939079	0.921034	0.638267	0.903258	0.886102
910	0.719090	0.939246	0.921169	0.639411	0.902270	0.885137
920	0.721214	0.940191	0.922104	0.640972	0.903751	0.886522
930	0.722956	0.940692	0.922598	0.642555	0.904738	0.887368
940	0.724377	0.940803	0.922696	0.643621	0.904245	0.886991
950	0.725697	0.941248	0.923131	0.644622	0.904738	0.887381
960	0.727135	0.941471	0.923309	0.645834	0.905726	0.888290
970	0.728436	0.942083	0.923900	0.646998	0.905232	0.887903
980	0.729999	0.942528	0.924297	0.648136	0.906713	0.889231
990	0.731228	0.942528	0.924283	0.648896	0.906713	0.889174
1000	0.732613	0.942973	0.924712	0.649722	0.906713	0.889095
1010	0.733738	0.943029	0.924770	0.650659	0.906713	0.888998
1020	0.735143	0.943307	0.925012	0.651662	0.906219	0.888563
1030	0.736514	0.943084	0.924763	0.652751	0.906713	0.889166
1040	0.738111	0.943919	0.925562	0.653914	0.907206	0.889577
1050	0.739400	0.944197	0.925776	0.655124	0.906713	0.889137
1060	0.740946	0.944587	0.926143	0.656065	0.907206	0.889697
1070	0.742061	0.944587	0.926105	0.657180	0.907206	0.889649
1080	0.743651	0.945199	0.926680	0.657996	0.906713	0.889231
1090	0.744951	0.945532	0.926991	0.658896	0.906713	0.889149
1100	0.746290	0.946367	0.927828	0.658643	0.905726	0.888276
1110	0.749071	0.946868	0.928308	0.660362	0.906713	0.889202
1120	0.750234	0.947202	0.928672	0.660888	0.907700	0.890202
1130	0.751394	0.947202	0.928626	0.662018	0.908193	0.890585
1140	0.752506	0.947647	0.929068	0.662406	0.907206	0.889473
1150	0.753624	0.947869	0.929312	0.663033	0.907700	0.889941
1160	0.754622	0.948147	0.929512	0.663872	0.908193	0.890470
1170	0.755865	0.948203	0.929532	0.664970	0.908687	0.890957
1180	0.757046	0.948871	0.930197	0.665621	0.909181	0.891498
1190	0.758011	0.949037	0.930367	0.666146	0.909181	0.891484
1200	0.759013	0.949149	0.930456	0.667038	0.910168	0.892434
1210	0.760187	0.949538	0.930809	0.667975	0.910661	0.892928
1220	0.761206	0.949594	0.930889	0.668748	0.910168	0.892455
1230	0.762500	0.949983	0.931256	0.670072	0.910661	0.892840
1240	0.763378	0.950150	0.931401	0.670678	0.910661	0.892775
1250	0.764407	0.950595	0.931818	0.671504	0.911155	0.893136
1260	0.765177	0.950818	0.932049	0.672140	0.910661	0.892816
1270	0.766314	0.950985	0.932204	0.673191	0.912636	0.894572
1280	0.767350	0.951207	0.932407	0.674040	0.913129	0.894986
1290	0.768613	0.951430	0.932578	0.675123	0.913129	0.895059
1300	0.769519	0.951708	0.932832	0.675866	0.913129	0.895042
1310	0.770164	0.951708	0.932805	0.676374	0.913623	0.895484
1320	0.771069	0.951819	0.932907	0.676811	0.913623	0.895484
1330	0.772138	0.951986	0.933065	0.677427	0.913623	0.895582
1340	0.773146	0.952209	0.933295	0.678260	0.913129	0.895114
1350	0.774032	0.952209	0.933266	0.679132	0.913129	0.895123
1360	0.775471	0.952376	0.933440	0.680320	0.913623	0.895651
1370	0.776183	0.952431	0.933489	0.680918	0.913623	0.895691
1380	0.776920	0.952320	0.933405	0.681529	0.913623	0.895704
1390	0.777768	0.952654	0.933716	0.682121	0.913623	0.895704
1400	0.778655	0.953099	0.934103	0.683048	0.914610	0.896487
1410	0.779733	0.953210	0.934227	0.683793	0.914116	0.896109
1420	0.780609	0.953321	0.934298	0.684577	0.914116	0.895972
1430	0.781304	0.953488	0.934555	0.685277	0.914116	0.895945
1440	0.782185	0.953544	0.934539	0.685827	0.914116	0.895876
1450	0.783158	0.953878	0.934852	0.686671	0.914610	0.896339
1460	0.783904	0.953822	0.934731	0.687331	0.914610	0.896433
1470	0.784850	0.954045	0.934961	0.688270	0.915104	0.896835
1480	0.785693	0.954156	0.935070	0.689291	0.915597	0.897265
1490	0.786218	0.954267	0.935230	0.689606	0.914610	0.896281
1500	0.787415	0.954434	0.935272	0.690501	0.914610	0.896259
1510	0.788139	0.954657	0.935444	0.690817	0.915104	0.896772
1520	0.788937	0.954712	0.935515	0.691407	0.915597	0.897221
1530	0.789859	0.954824	0.935622	0.692133	0.914610	0.896249
1540	0.792378	0.956437	0.956691	0.693924	0.916091	0.917192
1550	0.793050	0.956048	0.956319	0.694545	0.915597	0.916686
1560	0.793552	0.956215	0.956469	0.694822	0.915597	0.916631
1570	0.794240	0.956326	0.956583	0.695213	0.916091	0.917147
1580	0.795040	0.956326	0.956588	0.695962	0.916091	0.917166
1590	0.796005	0.955825	0.956146	0.696704	0.915597	0.897657
1600	0.802262	0.967842	0.967924	0.702256	0.930898	0.931653
1610	0.803520	0.968955	0.969059	0.703329	0.931392	0.931980
1620	0.804091	0.969289	0.969383	0.703658	0.930898	0.931540
1630	0.805987	0.971514	0.971590	0.705264	0.932379	0.933002
1640	0.808327	0.973573	0.973614	0.707321	0.933366	0.933987
1650	0.809088	0.973962	0.974006	0.707730	0.934353	0.934967
1660	0.811219	0.974853	0.974892	0.709489	0.934353	0.934921
1670	0.812647	0.975743	0.975755	0.710804	0.935834	0.936421
1680	0.813339	0.975965	0.975979	0.711341	0.934847	0.935420
1690	0.813883	0.976077	0.976078	0.711934	0.934353	0.934886
1700	0.814387	0.976188	0.976196	0.712382	0.933366	0.933939
1710	0.818069	0.977523	0.977515	0.715609	0.934353	0.934866
1720	0.818988	0.977801	0.977787	0.716214	0.934847	0.935272
1730	0.819457	0.977857	0.977838	0.716420	0.933860	0.934308
1740	0.819986	0.977968	0.977948	0.716713	0.933860	0.934392
1750	0.820859	0.978135	0.978122	0.717323	0.933366	0.933928
1760	0.823634	0.978914	0.978888	0.719707	0.933860	0.934473
1770	0.824440	0.979303	0.979280	0.720392	0.935341	0.935820
1780	0.825113	0.979303	0.979276	0.720859	0.935834	0.936354
1790	0.825845	0.979303	0.979280	0.721531	0.936328	0.936855
1800	0.828093	0.980082	0.980047	0.723445	0.936328	0.936835
1810	0.830063	0.980639	0.980597	0.725318	0.936821	0.937354
1820	0.830469	0.980639	0.980592	0.725636	0.937315	0.937777
1830	0.831001	0.980583	0.980539	0.726023	0.936821	0.937296
1840	0.831824	0.980806	0.980758	0.726134	0.936821	0.937267
1850	0.834940	0.981585	0.981535	0.728838	0.938302	0.938746
1860	0.835523	0.981751	0.981694	0.729263	0.938302	0.938781
1870	0.836059	0.981696	0.981638	0.729824	0.938302	0.938786
1880	0.836684	0.981974	0.981914	0.730369	0.938302	0.938769
1890	0.838702	0.982697	0.982643	0.732201	0.939289	0.939749
1900	0.839158	0.982753	0.982702	0.732571	0.938796	0.939297
1910	0.839723	0.982920	0.982866	0.733016	0.938796	0.939297
1920	0.840216	0.982920	0.982870	0.733268	0.939289	0.939803
1930	0.842258	0.983420	0.983373	0.735020	0.939289	0.939779
1940	0.842710	0.983476	0.983430	0.735302	0.939783	0.940278
1950	0.843214	0.983420	0.983373	0.735785	0.939289	0.939803
1960	0.843645	0.983532	0.983487	0.736008	0.939783	0.940278
1970	0.844245	0.983365	0.983318	0.736537	0.939289	0.939770
1980	0.846379	0.984088	0.984039	0.738233	0.939783	0.940282
1990	0.847040	0.984144	0.984095	0.738569	0.940770	0.941260
2000	0.847421	0.984088	0.984037	0.738876	0.940770	0.941260
2010	0.847760	0.984088	0.984039	0.739079	0.940770	0.941260
2020	0.848168	0.984199	0.984150	0.739516	0.941264	0.941726
2030	0.850086	0.984422	0.984374	0.741080	0.940770	0.941217
2040	0.850513	0.984478	0.984432	0.741123	0.940276	0.940802
2050	0.850858	0.984366	0.984317	0.741345	0.939783	0.940336
2060	0.851376	0.984366	0.984314	0.741351	0.939289	0.939719
2070	0.853212	0.984589	0.984543	0.742988	0.939783	0.940190
2080	0.853583	0.984756	0.984714	0.743242	0.940276	0.940683
2090	0.853970	0.984756	0.984713	0.743548	0.940770	0.941131
2100	0.854302	0.984700	0.984658	0.743803	0.939783	0.940152
2110	0.854700	0.984756	0.984712	0.744079	0.938796	0.939211
2120	0.856425	0.984978	0.984932	0.745621	0.939289	0.939672
2130	0.856760	0.985201	0.985153	0.745924	0.939783	0.940090
2140	0.857214	0.985256	0.985208	0.746168	0.940276	0.940617
2150	0.857574	0.985368	0.985319	0.746496	0.940770	0.941131
2160	0.857992	0.985423	0.985373	0.746804	0.941264	0.941664
2170	0.859824	0.985646	0.985597	0.748316	0.941264	0.941664
2180	0.860312	0.985646	0.985596	0.748843	0.941757	0.942186
2190	0.860749	0.985702	0.985650	0.749258	0.940770	0.941194
2200	0.861050	0.985757	0.985708	0.749459	0.940770	0.941190
2210	0.862292	0.986202	0.986146	0.750529	0.941264	0.941712
2220	0.862705	0.986258	0.986201	0.750822	0.941264	0.941714
2230	0.863259	0.986425	0.986370	0.751523	0.942251	0.942806
2240	0.863643	0.986369	0.986309	0.751690	0.942251	0.942759
2250	0.864587	0.986592	0.986531	0.752410	0.942251	0.942809
2260	0.865646	0.987037	0.986967	0.753358	0.942744	0.943226
2270	0.866144	0.987259	0.987182	0.754072	0.942744	0.943223
2280	0.866480	0.987259	0.987181	0.754408	0.943238	0.943718
2290	0.867619	0.987259	0.987177	0.755370	0.943238	0.943774
2300	0.867963	0.987371	0.987291	0.755675	0.943238	0.943774
2310	0.868252	0.987315	0.987235	0.755744	0.943238	0.943820
2320	0.868687	0.987371	0.987294	0.756112	0.943238	0.943761
2330	0.869744	0.987538	0.987459	0.757154	0.943238	0.943715
2340	0.870476	0.987538	0.987459	0.757518	0.943238	0.943691
2350	0.870827	0.987649	0.987571	0.757654	0.942744	0.943222
2360	0.871962	0.987704	0.987624	0.758554	0.942251	0.942665
2370	0.872316	0.987760	0.987681	0.758836	0.942251	0.942693
2380	0.872657	0.987816	0.987733	0.759228	0.942251	0.942709
2390	0.873120	0.987760	0.987680	0.760007	0.942744	0.943122
2400	0.874305	0.987871	0.987788	0.760883	0.942251	0.942626
2410	0.874711	0.987927	0.987843	0.761269	0.942251	0.942648
2420	0.875689	0.987927	0.987848	0.761975	0.942744	0.943075
2430	0.876087	0.988038	0.987955	0.762279	0.942251	0.942601
2440	0.877103	0.988150	0.988064	0.763160	0.942251	0.942616
2450	0.877411	0.988261	0.988177	0.763353	0.942251	0.942588
2460	0.877723	0.988205	0.988118	0.763622	0.942251	0.942616
2470	0.878115	0.988428	0.988341	0.763944	0.941757	0.942120
2480	0.879006	0.988595	0.988509	0.764621	0.941757	0.942088
2490	0.879433	0.988539	0.988451	0.764945	0.941757	0.942120
2500	0.880251	0.988650	0.988562	0.765676	0.941757	0.942067
2510	0.880844	0.988595	0.988506	0.766129	0.942251	0.942551
2520	0.881286	0.988762	0.988671	0.766447	0.942744	0.943047
2530	0.882335	0.988873	0.988782	0.767369	0.943238	0.943530
2540	0.882607	0.988873	0.988784	0.767549	0.942744	0.943034
2550	0.882946	0.988928	0.988844	0.767583	0.942744	0.943034
2560	0.883390	0.989040	0.988957	0.767816	0.942744	0.943070
2570	0.884297	0.989095	0.989017	0.768516	0.942744	0.943070
2580	0.884579	0.989095	0.989011	0.768760	0.943731	0.944050
2590	0.884937	0.989151	0.989066	0.768732	0.943731	0.944050
2600	0.885883	0.989262	0.989173	0.769670	0.945212	0.945522
2610	0.886311	0.989318	0.989230	0.770268	0.945706	0.946048
2620	0.887036	0.989429	0.989344	0.771102	0.945212	0.945553
2630	0.887374	0.989485	0.989398	0.771454	0.945212	0.945553
2640	0.888480	0.989540	0.989452	0.772709	0.945212	0.945524
2650	0.888810	0.989540	0.989451	0.772906	0.944225	0.944544
2660	0.889092	0.989540	0.989454	0.773110	0.944719	0.945041
2670	0.889790	0.989596	0.989511	0.773745	0.945706	0.946035
2680	0.890222	0.989596	0.989505	0.774193	0.945706	0.946035
2690	0.890471	0.989596	0.989505	0.774496	0.946199	0.946561
2700	0.891201	0.989707	0.989618	0.775171	0.946199	0.946561
2710	0.891479	0.989707	0.989619	0.775528	0.946199	0.946561
2720	0.891864	0.989819	0.989730	0.775724	0.945212	0.945524
2730	0.892168	0.989819	0.989731	0.776113	0.945706	0.946035
2740	0.893032	0.989930	0.989839	0.776900	0.945212	0.945552
2750	0.893337	0.989874	0.989784	0.777059	0.944719	0.945028
2760	0.893974	0.989986	0.989897	0.777572	0.944719	0.944981
2770	0.894200	0.990041	0.989954	0.777455	0.944719	0.945007
2780	0.894612	0.990041	0.989952	0.777777	0.944719	0.945007
2790	0.895054	0.990152	0.990061	0.778260	0.945212	0.945464
2800	0.895274	0.990264	0.990166	0.778399	0.945212	0.945432
2810	0.895501	0.990264	0.990166	0.778674	0.945212	0.945496
2820	0.896208	0.990264	0.990166	0.779259	0.945706	0.945967
2830	0.896455	0.990264	0.990168	0.779537	0.945212	0.945496
2840	0.896741	0.990264	0.990166	0.779821	0.945212	0.945470
2850	0.897341	0.990319	0.990220	0.780322	0.945212	0.945489
2860	0.897699	0.990375	0.990277	0.780662	0.945212	0.945489
2870	0.897944	0.990375	0.990278	0.780845	0.945212	0.945470
2880	0.898647	0.990431	0.990339	0.781535	0.945706	0.945967
2890	0.898957	0.990486	0.990393	0.781712	0.945706	0.945986
2900	0.899402	0.990542	0.990448	0.782232	0.946199	0.946483
2910	0.899807	0.990598	0.990501	0.782421	0.945706	0.946012
2920	0.900410	0.990709	0.990608	0.782970	0.945706	0.946012
2930	0.900694	0.990709	0.990608	0.783277	0.945706	0.946012
2940	0.901265	0.990764	0.990666	0.783778	0.945706	0.946012
2950	0.901481	0.990709	0.990606	0.783990	0.945706	0.946012
2960	0.901947	0.990931	0.990824	0.784480	0.945706	0.946012
2970	0.902257	0.990931	0.990825	0.784851	0.945706	0.946012
2980	0.902425	0.991043	0.990934	0.784903	0.945706	0.946012
2990	0.903055	0.991154	0.991050	0.785582	0.946199	0.946471
3000	0.903220	0.991154	0.991050	0.785697	0.946199	0.946440
3010	0.903394	0.991154	0.991051	0.785858	0.947187	0.947318
3020	0.903629	0.991321	0.991215	0.786028	0.948174	0.948353
3030	0.904296	0.991432	0.991327	0.786589	0.948174	0.948384
3040	0.904512	0.991432	0.991326	0.786840	0.948174	0.948384
3050	0.904834	0.991376	0.991272	0.786969	0.948667	0.948850
3060	0.905591	0.991599	0.991498	0.787757	0.948174	0.948364
3070	0.905815	0.991599	0.991500	0.788049	0.948174	0.948394
3080	0.906405	0.991710	0.991612	0.788602	0.949161	0.949366
3090	0.906614	0.991766	0.991666	0.788759	0.949161	0.949370
3100	0.907238	0.991933	0.991831	0.789241	0.948667	0.948832
3110	0.907489	0.991988	0.991892	0.789470	0.948667	0.948832
3120	0.907720	0.992044	0.991951	0.789710	0.949161	0.949256
3130	0.908336	0.992155	0.992063	0.790237	0.949161	0.949237
3140	0.908514	0.992155	0.992063	0.790444	0.949654	0.949735
3150	0.909111	0.992378	0.992291	0.790998	0.950148	0.950258
3160	0.909341	0.992378	0.992291	0.791211	0.950642	0.950694
3170	0.909589	0.992322	0.992235	0.791508	0.950642	0.950694
3180	0.910135	0.992545	0.992460	0.792037	0.950642	0.950711
3190	0.910332	0.992600	0.992516	0.792265	0.950642	0.950711
3200	0.910477	0.992656	0.992571	0.792353	0.950642	0.950711
3210	0.910911	0.992656	0.992571	0.792868	0.950642	0.950711
3220	0.911150	0.992656	0.992569	0.793260	0.950642	0.950694
3230	0.911378	0.992767	0.992679	0.793436	0.950642	0.950694
3240	0.911926	0.992767	0.992681	0.793962	0.950642	0.950694
3250	0.912104	0.992767	0.992683	0.794031	0.950642	0.950679
3260	0.912289	0.992767	0.992682	0.794169	0.950642	0.950651
3270	0.912825	0.992767	0.992680	0.794628	0.950148	0.950169
3280	0.913265	0.992823	0.992736	0.794990	0.949654	0.949726
3290	0.913492	0.992823	0.992735	0.795194	0.949161	0.949271
3300	0.913903	0.992823	0.992734	0.795578	0.950148	0.950161
3310	0.914327	0.992823	0.992734	0.795982	0.949654	0.949735
3320	0.914520	0.992823	0.992735	0.796039	0.949161	0.949277
3330	0.914777	0.992823	0.992736	0.796166	0.950148	0.950123
3340	0.915423	0.992823	0.992733	0.796793	0.950642	0.950629
3350	0.915714	0.992823	0.992737	0.797209	0.951135	0.951103
3360	0.915890	0.992823	0.992735	0.797289	0.951135	0.951153
3370	0.916497	0.992879	0.992796	0.798024	0.951629	0.951730
3380	0.916711	0.992879	0.992794	0.798260	0.952122	0.952156
3390	0.917114	0.992879	0.992793	0.798641	0.952122	0.952155
3400	0.917361	0.992879	0.992793	0.798832	0.952616	0.952660
3410	0.917548	0.992879	0.992793	0.799020	0.952616	0.952661
3420	0.918107	0.993101	0.993016	0.799530	0.952616	0.952661
3430	0.918280	0.993101	0.993015	0.799788	0.951629	0.951753
3440	0.918482	0.993212	0.993127	0.800042	0.951629	0.951753
3450	0.918665	0.993268	0.993183	0.800202	0.952616	0.952661
3460	0.919276	0.993379	0.993295	0.800755	0.952122	0.952236
3470	0.919677	0.993435	0.993351	0.801130	0.952122	0.952236
3480	0.919838	0.993435	0.993349	0.801252	0.951629	0.951730
3490	0.920078	0.993324	0.993238	0.801284	0.952122	0.952235
3500	0.920562	0.993491	0.993404	0.801675	0.952122	0.952235
3510	0.920687	0.993491	0.993404	0.801778	0.952122	0.952206
3520	0.920839	0.993491	0.993403	0.801855	0.952122	0.952206
3530	0.921159	0.993491	0.993403	0.802113	0.952122	0.952206
3540	0.921631	0.993713	0.993631	0.802611	0.952122	0.952206
3550	0.921820	0.993769	0.993684	0.802572	0.953110	0.953116
3560	0.922023	0.993824	0.993740	0.802543	0.952616	0.952702
3570	0.922629	0.993824	0.993740	0.803063	0.952616	0.952702
3580	0.922899	0.993880	0.993792	0.803120	0.952616	0.952690
3590	0.923390	0.993936	0.993848	0.803687	0.954097	0.954156
3600	0.923490	0.993936	0.993848	0.803817	0.954590	0.954582
3610	0.923648	0.993991	0.993906	0.804025	0.954097	0.954100
3620	0.924099	0.994103	0.994022	0.804446	0.954590	0.954554
3630	0.924230	0.994103	0.994022	0.804560	0.954590	0.954554
3640	0.924503	0.994047	0.993967	0.804877	0.954590	0.954554
3650	0.924876	0.994103	0.994022	0.805192	0.954097	0.954084
3660	0.924979	0.994103	0.994022	0.805247	0.954097	0.954084
3670	0.925437	0.994103	0.994023	0.805674	0.954097	0.954084
3680	0.925666	0.994103	0.994023	0.806068	0.954097	0.954084
3690	0.925849	0.994103	0.994022	0.806188	0.954097	0.954118
3700	0.926183	0.994214	0.994133	0.806543	0.954097	0.954118
3710	0.926568	0.994214	0.994135	0.806836	0.954097	0.954084
3720	0.926733	0.994214	0.994135	0.807009	0.954097	0.954202
3730	0.927240	0.994325	0.994245	0.807587	0.954590	0.954627
3740	0.927409	0.994325	0.994243	0.807733	0.954097	0.954152
3750	0.927858	0.994492	0.994417	0.808126	0.954097	0.954152
3760	0.928015	0.994492	0.994417	0.808332	0.954590	0.954593
3770	0.928166	0.994492	0.994417	0.808478	0.954097	0.954110
3780	0.928554	0.994492	0.994415	0.808925	0.954590	0.954580
3790	0.928688	0.994492	0.994415	0.809076	0.954590	0.954580
3800	0.929023	0.994492	0.994415	0.809416	0.955084	0.955085
3810	0.929174	0.994548	0.994470	0.809640	0.955084	0.955085
3820	0.929550	0.994659	0.994584	0.810000	0.955084	0.955085
3830	0.929688	0.994715	0.994641	0.810104	0.955084	0.955085
3840	0.929894	0.994659	0.994584	0.810364	0.955084	0.955085
3850	0.930347	0.994937	0.994868	0.810678	0.955084	0.955085
3860	0.930496	0.994937	0.994868	0.810906	0.954590	0.954576
3870	0.930648	0.994937	0.994868	0.811053	0.954590	0.954546
3880	0.931084	0.995104	0.995038	0.811383	0.955084	0.955099
3890	0.931323	0.995160	0.995094	0.811468	0.955084	0.955070
3900	0.931542	0.995160	0.995096	0.811788	0.955084	0.955099
3910	0.932033	0.995327	0.995262	0.812283	0.955084	0.955099
3920	0.932276	0.995493	0.995427	0.812550	0.955084	0.955099
3930	0.932519	0.995493	0.995427	0.812721	0.955084	0.955099
3940	0.932923	0.995660	0.995599	0.813125	0.955577	0.955587
3950	0.933058	0.995716	0.995655	0.813285	0.955577	0.955587
3960	0.933211	0.995716	0.995653	0.813327	0.955084	0.955099
3970	0.933690	0.995827	0.995769	0.813750	0.955084	0.955099
3980	0.933867	0.995883	0.995823	0.814001	0.955577	0.955587
3990	0.934260	0.995939	0.995877	0.814441	0.955577	0.955587
4000	0.934412	0.995939	0.995877	0.814674	0.955577	0.955587
4010	0.934544	0.995939	0.995877	0.814769	0.955577	0.955587
4020	0.935048	0.995883	0.995826	0.815138	0.955577	0.955587
4030	0.935195	0.995939	0.995881	0.815264	0.955577	0.955587
4040	0.935536	0.996050	0.995993	0.815477	0.955577	0.955587
4050	0.935656	0.996050	0.995993	0.815586	0.956071	0.956096
4060	0.935808	0.996050	0.995993	0.816012	0.955577	0.955587
4070	0.936130	0.996050	0.995993	0.816250	0.956071	0.956063
4080	0.936231	0.996050	0.995993	0.816333	0.956071	0.956063
4090	0.936364	0.996050	0.995993	0.816503	0.956071	0.956063
4100	0.936829	0.996384	0.996333	0.816871	0.956071	0.956063
4110	0.936928	0.996384	0.996333	0.816951	0.956071	0.956063
4120	0.937059	0.996384	0.996333	0.817073	0.956071	0.956063
4130	0.937472	0.996439	0.996389	0.817371	0.956071	0.956063
4140	0.937739	0.996551	0.996503	0.817546	0.955577	0.955630
4150	0.937879	0.996439	0.996389	0.817688	0.955577	0.955598
4160	0.938116	0.996606	0.996558	0.817838	0.955577	0.955630
4170	0.938259	0.996551	0.996502	0.817915	0.955577	0.955598
4180	0.938483	0.996606	0.996559	0.818086	0.955577	0.955598
4190	0.938708	0.996717	0.996673	0.818309	0.955577	0.955598
4200	0.938806	0.996717	0.996673	0.818349	0.956071	0.956068
4210	0.938890	0.996717	0.996673	0.818354	0.955577	0.955627
4220	0.939309	0.996773	0.996729	0.818658	0.955577	0.955627
4230	0.939448	0.996829	0.996786	0.818748	0.955577	0.955627
4240	0.939543	0.996829	0.996786	0.818839	0.955577	0.955627
4250	0.939636	0.996829	0.996786	0.818910	0.956071	0.956147
4260	0.939970	0.996884	0.996840	0.819081	0.956071	0.956147
4270	0.940074	0.996829	0.996784	0.819199	0.956071	0.956147
4280	0.940158	0.996829	0.996784	0.819325	0.956071	0.956147
4290	0.940500	0.996996	0.996950	0.819641	0.956565	0.956613
4300	0.940626	0.997107	0.997063	0.819780	0.956071	0.956142
4310	0.940820	0.997163	0.997120	0.819935	0.956071	0.956142
4320	0.941063	0.997218	0.997175	0.820099	0.956071	0.956142
4330	0.941215	0.997218	0.997175	0.820127	0.956071	0.956144
4340	0.941536	0.997218	0.997175	0.820318	0.956071	0.956144
4350	0.941631	0.997218	0.997175	0.820466	0.956071	0.956142
4360	0.941983	0.997274	0.997233	0.820796	0.956071	0.956142
4370	0.942109	0.997329	0.997290	0.820857	0.955577	0.955620
4380	0.942216	0.997329	0.997290	0.821027	0.955577	0.955620
4390	0.942567	0.997441	0.997403	0.821379	0.955577	0.955620
4400	0.942773	0.997496	0.997460	0.821644	0.956071	0.956142
4410	0.942954	0.997496	0.997460	0.821810	0.956565	0.956577
4420	0.943055	0.997496	0.997460	0.821924	0.956565	0.956577
4430	0.943337	0.997496	0.997460	0.822073	0.956565	0.956577
4440	0.943430	0.997496	0.997460	0.822173	0.956071	0.956144
4450	0.943546	0.997608	0.997572	0.822261	0.956565	0.956577
4460	0.943855	0.997663	0.997630	0.822542	0.956071	0.956144
4470	0.944021	0.997663	0.997630	0.822708	0.956071	0.956144
4480	0.944139	0.997663	0.997630	0.822808	0.955577	0.955597
4490	0.944472	0.997663	0.997629	0.823054	0.956565	0.956594
4500	0.944577	0.997663	0.997629	0.823118	0.956565	0.956594
4510	0.944782	0.997719	0.997686	0.823287	0.956565	0.956594
4520	0.944900	0.997719	0.997686	0.823395	0.956071	0.956081
4530	0.945156	0.997830	0.997801	0.823529	0.956565	0.956594
4540	0.945266	0.997886	0.997858	0.823645	0.956565	0.956542
4550	0.945383	0.997886	0.997858	0.823685	0.956565	0.956542
4560	0.945593	0.997830	0.997800	0.823824	0.956565	0.956542
4570	0.945691	0.997830	0.997800	0.823950	0.956565	0.956542
4580	0.945782	0.997830	0.997800	0.824045	0.956565	0.956542
4590	0.946027	0.997886	0.997858	0.824258	0.956565	0.956542
4600	0.946089	0.997886	0.997858	0.824337	0.956565	0.956542
4610	0.946152	0.997886	0.997858	0.824416	0.956565	0.956542
4620	0.946244	0.997886	0.997858	0.824533	0.956565	0.956542
4630	0.946578	0.997941	0.997915	0.824739	0.956565	0.956542
4640	0.946666	0.997941	0.997915	0.824805	0.956565	0.956542
4650	0.946748	0.997941	0.997915	0.824998	0.956565	0.956542
4660	0.946946	0.997997	0.997970	0.825109	0.957058	0.957092
4670	0.947062	0.997997	0.997970	0.825190	0.957058	0.957092
4680	0.947156	0.997997	0.997970	0.825276	0.957058	0.957092
4690	0.947435	0.997997	0.997971	0.825514	0.957058	0.957092
4700	0.947522	0.997997	0.997971	0.825608	0.957058	0.957092
4710	0.947623	0.997997	0.997971	0.825811	0.957058	0.957092
4720	0.947908	0.998053	0.998026	0.826060	0.957058	0.957092
4730	0.948013	0.998053	0.998026	0.826059	0.957058	0.957092
4740	0.948242	0.998108	0.998084	0.826235	0.957058	0.957108
4750	0.948346	0.998108	0.998084	0.826368	0.957552	0.957597
4760	0.948428	0.998108	0.998084	0.826454	0.957552	0.957613
4770	0.948620	0.998164	0.998141	0.826609	0.957552	0.957613
4780	0.948846	0.998164	0.998141	0.826770	0.957552	0.957613
4790	0.948933	0.998164	0.998141	0.826929	0.957552	0.957613
4800	0.949084	0.998220	0.998197	0.827041	0.957552	0.957613
4810	0.949372	0.998275	0.998252	0.827236	0.957058	0.957062
4820	0.949480	0.998275	0.998252	0.827053	0.957552	0.957570
4830	0.949566	0.998275	0.998252	0.827131	0.957552	0.957570
4840	0.949778	0.998387	0.998365	0.827271	0.957552	0.957570
4850	0.949852	0.998387	0.998365	0.827277	0.957552	0.957570
4860	0.949939	0.998387	0.998365	0.827329	0.957552	0.957570
4870	0.950220	0.998387	0.998365	0.827496	0.958045	0.958084
4880	0.950306	0.998387	0.998365	0.827632	0.957552	0.957568
4890	0.950518	0.998387	0.998365	0.827675	0.957552	0.957568
4900	0.950651	0.998387	0.998365	0.827845	0.957552	0.957568
4910	0.950785	0.998387	0.998365	0.827960	0.957552	0.957568
4920	0.950884	0.998387	0.998365	0.828054	0.957552	0.957568
4930	0.951086	0.998387	0.998365	0.828134	0.957552	0.957524
4940	0.951187	0.998387	0.998365	0.828276	0.957552	0.957524
4950	0.951406	0.998442	0.998421	0.828468	0.957552	0.957524
4960	0.951502	0.998442	0.998421	0.828578	0.957552	0.957524
4970	0.951678	0.998442	0.998421	0.828755	0.957552	0.957524
4980	0.951789	0.998442	0.998421	0.828929	0.957552	0.957524
4990	0.951992	0.998442	0.998421	0.829137	0.957552	0.957524
5000	0.952123	0.998442	0.998421	0.829284	0.957552	0.957524
5010	0.952309	0.998442	0.998421	0.829457	0.958539	0.958518
5020	0.952482	0.998442	0.998421	0.829640	0.959033	0.958958
5030	0.952570	0.998442	0.998421	0.829715	0.959033	0.958957
5040	0.952738	0.998442	0.998421	0.829822	0.959033	0.958958
5050	0.952892	0.998442	0.998421	0.829954	0.959033	0.958958
5060	0.952993	0.998442	0.998421	0.830045	0.959033	0.958958
5070	0.953127	0.998442	0.998421	0.830175	0.959033	0.958957
5080	0.953299	0.998442	0.998419	0.830348	0.959033	0.958957
5090	0.953378	0.998442	0.998419	0.830356	0.959033	0.958957
5100	0.953571	0.998442	0.998419	0.830501	0.959033	0.958957
5110	0.953670	0.998442	0.998419	0.830554	0.959033	0.958957
5120	0.953867	0.998442	0.998419	0.830584	0.959526	0.959384
5130	0.953937	0.998442	0.998420	0.830659	0.959526	0.959384
5140	0.954085	0.998442	0.998420	0.830775	0.959526	0.959384
5150	0.954193	0.998442	0.998422	0.830889	0.959526	0.959384
5160	0.954352	0.998498	0.998475	0.830981	0.959526	0.959384
5170	0.954445	0.998498	0.998475	0.831119	0.959033	0.958903
5180	0.954553	0.998498	0.998475	0.831225	0.959526	0.959384
5190	0.954753	0.998553	0.998529	0.831410	0.959526	0.959384
5200	0.954882	0.998553	0.998529	0.831507	0.959526	0.959384
5210	0.954972	0.998553	0.998529	0.831716	0.959526	0.959384
5220	0.955155	0.998553	0.998529	0.831817	0.959526	0.959384
5230	0.955257	0.998553	0.998529	0.831960	0.959526	0.959384
5240	0.955335	0.998553	0.998529	0.831909	0.959526	0.959384
5250	0.955509	0.998498	0.998473	0.832059	0.959033	0.958903
5260	0.955559	0.998498	0.998473	0.832129	0.959033	0.958903
5270	0.955632	0.998498	0.998473	0.832163	0.959033	0.958903
5280	0.955806	0.998553	0.998529	0.832318	0.958539	0.958390
5290	0.955891	0.998553	0.998529	0.832448	0.958539	0.958390
5300	0.956078	0.998553	0.998529	0.832577	0.958539	0.958390
5310	0.956215	0.998553	0.998529	0.832710	0.958045	0.957925
5320	0.956287	0.998553	0.998529	0.832801	0.958539	0.958390
5330	0.956346	0.998553	0.998530	0.832837	0.958539	0.958390
5340	0.956510	0.998609	0.998586	0.832869	0.958045	0.957925
5350	0.956596	0.998609	0.998586	0.832932	0.958539	0.958390
5360	0.956708	0.998609	0.998586	0.833032	0.958539	0.958390
5370	0.956768	0.998609	0.998586	0.833093	0.958539	0.958441
5380	0.956925	0.998609	0.998586	0.833325	0.957552	0.957459
5390	0.956973	0.998609	0.998586	0.833416	0.958045	0.957975
5400	0.957030	0.998609	0.998586	0.833437	0.958045	0.957975
5410	0.957167	0.998609	0.998586	0.833487	0.958045	0.957975
5420	0.957229	0.998609	0.998586	0.833552	0.958045	0.957924
5430	0.957300	0.998609	0.998586	0.833612	0.957552	0.957408
5440	0.957455	0.998609	0.998586	0.833704	0.957552	0.957408
5450	0.957571	0.998609	0.998586	0.833841	0.957552	0.957408
5460	0.957648	0.998609	0.998586	0.833942	0.957552	0.957408
5470	0.957801	0.998609	0.998585	0.834118	0.957552	0.957408
5480	0.957875	0.998553	0.998530	0.834235	0.957552	0.957408
5490	0.957935	0.998553	0.998529	0.834293	0.957552	0.957498
5500	0.958064	0.998665	0.998642	0.834395	0.958045	0.957925
5510	0.958112	0.998665	0.998642	0.834420	0.958045	0.957925
5520	0.958240	0.998665	0.998642	0.834561	0.958045	0.957925
5530	0.958296	0.998665	0.998642	0.834607	0.958045	0.957925
5540	0.958386	0.998665	0.998642	0.834639	0.958045	0.957925
5550	0.958490	0.998665	0.998643	0.834692	0.958045	0.957925
5560	0.958545	0.998665	0.998643	0.834711	0.958045	0.957925
5570	0.958683	0.998665	0.998642	0.834741	0.958539	0.958447
5580	0.958801	0.998609	0.998587	0.834862	0.958539	0.958447
5590	0.958875	0.998609	0.998587	0.834946	0.958539	0.958447
5600	0.958985	0.998609	0.998587	0.835051	0.958539	0.958447
5610	0.959040	0.998609	0.998587	0.835125	0.958539	0.958447
5620	0.959117	0.998665	0.998643	0.835166	0.958045	0.957925
5630	0.959260	0.998665	0.998643	0.835241	0.958045	0.957925
5640	0.959336	0.998665	0.998643	0.835200	0.958045	0.957925
5650	0.959471	0.998665	0.998643	0.835302	0.957552	0.957408
5660	0.959550	0.998665	0.998643	0.835419	0.958045	0.957924
5670	0.959663	0.998665	0.998643	0.835560	0.958045	0.957924
5680	0.959721	0.998720	0.998700	0.835731	0.959033	0.958910
5690	0.959839	0.998776	0.998757	0.835812	0.959033	0.958910
5700	0.959897	0.998720	0.998700	0.835859	0.959033	0.958910
5710	0.960050	0.998776	0.998757	0.835850	0.959033	0.958910
5720	0.960120	0.998776	0.998757	0.835955	0.959526	0.959423
5730	0.960271	0.998776	0.998757	0.836108	0.959526	0.959423
5740	0.960325	0.998776	0.998757	0.836186	0.960020	0.959943
5750	0.960403	0.998776	0.998757	0.836267	0.960020	0.959943
5760	0.960533	0.998720	0.998700	0.836431	0.960020	0.959943
5770	0.960588	0.998720	0.998700	0.836502	0.959526	0.959427
5780	0.960727	0.998720	0.998700	0.836603	0.960020	0.959943
5790	0.960784	0.998720	0.998700	0.836661	0.960020	0.959943
5800	0.960841	0.998720	0.998699	0.836667	0.960020	0.959943
5810	0.960943	0.998720	0.998699	0.836808	0.959526	0.959427
5820	0.961036	0.998720	0.998699	0.837030	0.959526	0.959427
5830	0.961193	0.998776	0.998757	0.837156	0.960020	0.959933
5840	0.961237	0.998776	0.998757	0.837190	0.959033	0.959000
5850	0.961379	0.998776	0.998757	0.837378	0.960020	0.959933
5860	0.961455	0.998776	0.998757	0.837463	0.959526	0.959427
5870	0.961601	0.998776	0.998757	0.837583	0.960020	0.959933
5880	0.961678	0.998776	0.998757	0.837758	0.960513	0.960413
5890	0.961812	0.998832	0.998815	0.837901	0.960513	0.960413
5900	0.961909	0.998832	0.998815	0.837954	0.960513	0.960413
5910	0.962087	0.998887	0.998874	0.838157	0.960513	0.960413
5920	0.962155	0.998887	0.998874	0.838193	0.960020	0.959907
5930	0.962257	0.998887	0.998874	0.838279	0.960020	0.959907
5940	0.962334	0.998887	0.998874	0.838364	0.960020	0.959907
5950	0.962468	0.998999	0.998987	0.838445	0.960020	0.959907
5960	0.962513	0.998999	0.998987	0.838527	0.960020	0.959907
5970	0.962580	0.999054	0.999043	0.838614	0.960020	0.959907
5980	0.962687	0.999054	0.999043	0.838660	0.960020	0.959907
5990	0.962758	0.999054	0.999043	0.838730	0.960020	0.959907
6000	0.962899	0.999054	0.999043	0.838844	0.960020	0.959907
6010	0.963067	0.999054	0.999043	0.838997	0.960020	0.959907
6020	0.963138	0.999054	0.999043	0.839085	0.960020	0.959907
6030	0.963253	0.999054	0.999043	0.839235	0.960020	0.959907
6040	0.963324	0.999054	0.999043	0.839315	0.960020	0.959907
6050	0.963422	0.999054	0.999043	0.839423	0.960513	0.960388
6060	0.963484	0.999054	0.999043	0.839503	0.960513	0.960388
6070	0.963617	0.999110	0.999099	0.839743	0.960513	0.960388
6080	0.963666	0.999110	0.999099	0.839790	0.960513	0.960388
6090	0.963725	0.999054	0.999043	0.839885	0.960513	0.960388
6100	0.963826	0.999110	0.999099	0.839955	0.960513	0.960388
6110	0.963877	0.999110	0.999099	0.839944	0.960513	0.960388
6120	0.963985	0.999165	0.999155	0.840026	0.960513	0.960388
6130	0.964054	0.999165	0.999155	0.840106	0.960513	0.960388
6140	0.964156	0.999165	0.999155	0.840206	0.961007	0.960884
6150	0.964202	0.999165	0.999155	0.840252	0.961007	0.960861
6160	0.964316	0.999165	0.999155	0.840384	0.961007	0.960861
6170	0.964424	0.999165	0.999155	0.840440	0.961007	0.960861
6180	0.964481	0.999165	0.999155	0.840512	0.961007	0.960861
6190	0.964535	0.999165	0.999155	0.840592	0.961007	0.960861
6200	0.964647	0.999165	0.999155	0.840665	0.961007	0.960861
6210	0.964697	0.999165	0.999155	0.840717	0.961007	0.960861
6220	0.964807	0.999165	0.999155	0.840808	0.961007	0.960861
6230	0.964862	0.999165	0.999155	0.840884	0.961007	0.960861
6240	0.964984	0.999165	0.999155	0.841005	0.961007	0.960861
6250	0.965081	0.999221	0.999211	0.841138	0.961500	0.961361
6260	0.965137	0.999221	0.999211	0.841210	0.961994	0.961847
6270	0.965233	0.999221	0.999210	0.841319	0.961994	0.961847
6280	0.965284	0.999221	0.999211	0.841400	0.961994	0.961847
6290	0.965413	0.999221	0.999211	0.841559	0.961994	0.961847
6300	0.965449	0.999221	0.999211	0.841622	0.961994	0.961847
6310	0.965515	0.999221	0.999211	0.841734	0.961994	0.961847
6320	0.965591	0.999221	0.999211	0.841806	0.961994	0.961847
6330	0.965631	0.999221	0.999211	0.841872	0.961994	0.961847
6340	0.965725	0.999221	0.999211	0.841941	0.961500	0.961366
6350	0.965776	0.999221	0.999211	0.841944	0.961500	0.961366
6360	0.965870	0.999221	0.999211	0.842050	0.961994	0.961847
6370	0.965923	0.999221	0.999211	0.842111	0.961994	0.961847
6380	0.966018	0.999221	0.999211	0.842236	0.961994	0.961847
6390	0.966099	0.999221	0.999211	0.842315	0.961994	0.961847
6400	0.966165	0.999221	0.999211	0.842419	0.961994	0.961847
6410	0.966247	0.999221	0.999211	0.842485	0.961994	0.961847
6420	0.966304	0.999221	0.999211	0.842587	0.961994	0.961847
6430	0.966419	0.999221	0.999211	0.842584	0.961500	0.961366
6440	0.966472	0.999221	0.999211	0.842658	0.961500	0.961366
6450	0.966599	0.999221	0.999211	0.842796	0.961500	0.961366
6460	0.966677	0.999221	0.999211	0.842863	0.961994	0.961847
6470	0.966768	0.999221	0.999211	0.842974	0.961500	0.961366
6480	0.966797	0.999221	0.999211	0.843029	0.961500	0.961366
6490	0.966844	0.999221	0.999211	0.843086	0.961994	0.961831
6500	0.966941	0.999221	0.999211	0.843152	0.962488	0.962312
6510	0.966981	0.999221	0.999211	0.843181	0.961994	0.961831
6520	0.967066	0.999221	0.999211	0.843283	0.962488	0.962339
6530	0.967101	0.999221	0.999211	0.843363	0.962488	0.962339
6540	0.967180	0.999221	0.999211	0.843384	0.962488	0.962339
6550	0.967230	0.999221	0.999211	0.843410	0.962488	0.962339
6560	0.967316	0.999221	0.999211	0.843484	0.962488	0.962339
6570	0.967343	0.999277	0.999267	0.843502	0.962488	0.962339
6580	0.967433	0.999332	0.999324	0.843532	0.962488	0.962339
6590	0.967463	0.999332	0.999324	0.843549	0.962488	0.962339
6600	0.967500	0.999332	0.999324	0.843531	0.962488	0.962339
6610	0.967585	0.999332	0.999324	0.843668	0.962488	0.962339
6620	0.967648	0.999332	0.999324	0.843708	0.962488	0.962339
6630	0.967680	0.999332	0.999324	0.843740	0.962488	0.962339
6640	0.967731	0.999332	0.999324	0.843812	0.962488	0.962339
6650	0.967799	0.999332	0.999324	0.843928	0.962488	0.962339
6660	0.967847	0.999332	0.999324	0.843976	0.961994	0.961818
6670	0.967914	0.999332	0.999324	0.844000	0.962488	0.962329
6680	0.967962	0.999332	0.999324	0.844081	0.961994	0.961841
6690	0.968048	0.999332	0.999324	0.844177	0.961994	0.961841
6700	0.968086	0.999332	0.999324	0.844252	0.961994	0.961841
6710	0.968123	0.999332	0.999324	0.844296	0.962488	0.962329
6720	0.968215	0.999388	0.999380	0.844407	0.962488	0.962329
6730	0.968274	0.999388	0.999380	0.844484	0.962488	0.962329
6740	0.968358	0.999444	0.999436	0.844593	0.962488	0.962329
6750	0.968415	0.999388	0.999380	0.844648	0.962488	0.962329
6760	0.968491	0.999444	0.999436	0.844705	0.962488	0.962329
6770	0.968531	0.999444	0.999436	0.844711	0.962488	0.962329
6780	0.968608	0.999444	0.999436	0.844804	0.962488	0.962329
6790	0.968676	0.999444	0.999436	0.844883	0.962488	0.962329
6800	0.968720	0.999444	0.999436	0.844937	0.962488	0.962329
6810	0.968767	0.999444	0.999436	0.844932	0.962488	0.962329
6820	0.968817	0.999444	0.999436	0.844978	0.962488	0.962329
6830	0.968893	0.999444	0.999436	0.844998	0.962488	0.962329
6840	0.968979	0.999444	0.999436	0.845070	0.961994	0.961859
6850	0.969033	0.999444	0.999436	0.845176	0.961994	0.961859
6860	0.969122	0.999444	0.999436	0.845226	0.961994	0.961859
6870	0.969163	0.999444	0.999436	0.845282	0.961994	0.961859
6880	0.969239	0.999444	0.999436	0.845333	0.961994	0.961859
6890	0.969288	0.999444	0.999436	0.845362	0.962488	0.962370
6900	0.969347	0.999444	0.999436	0.845444	0.962488	0.962370
6910	0.969441	0.999444	0.999436	0.845517	0.962488	0.962370
6920	0.969484	0.999444	0.999436	0.845578	0.961994	0.961859
6930	0.969552	0.999444	0.999436	0.845638	0.961994	0.961859
6940	0.969594	0.999444	0.999436	0.845675	0.961994	0.961859
6950	0.969670	0.999444	0.999436	0.845730	0.961994	0.961859
6960	0.969716	0.999444	0.999436	0.845765	0.962488	0.962370
6970	0.969799	0.999444	0.999436	0.845814	0.962488	0.962370
6980	0.969842	0.999444	0.999436	0.845843	0.962488	0.962370
6990	0.969927	0.999444	0.999436	0.845944	0.962488	0.962370
7000	0.969971	0.999444	0.999436	0.846011	0.962488	0.962370
7010	0.970030	0.999444	0.999436	0.846101	0.962981	0.962870
7020	0.970085	0.999444	0.999436	0.846129	0.962981	0.962870
7030	0.970143	0.999444	0.999436	0.846195	0.962981	0.962870
7040	0.970238	0.999444	0.999436	0.846305	0.962981	0.962870
7050	0.970284	0.999444	0.999436	0.846315	0.962981	0.962870
7060	0.970351	0.999444	0.999436	0.846387	0.962981	0.962870
7070	0.970396	0.999444	0.999436	0.846442	0.963475	0.963339
7080	0.970476	0.999499	0.999491	0.846528	0.963475	0.963339
7090	0.970523	0.999499	0.999491	0.846573	0.963475	0.963339
7100	0.970563	0.999499	0.999491	0.846551	0.963475	0.963339
7110	0.970632	0.999499	0.999491	0.846641	0.963475	0.963339
7120	0.970691	0.999499	0.999491	0.846708	0.962981	0.962870
7130	0.970723	0.999499	0.999491	0.846764	0.962981	0.962870
7140	0.970755	0.999499	0.999491	0.846753	0.962981	0.962870
7150	0.970824	0.999499	0.999491	0.846829	0.962981	0.962870
7160	0.970875	0.999499	0.999491	0.846929	0.962981	0.962870
7170	0.970922	0.999499	0.999491	0.846959	0.962981	0.962870
7180	0.970969	0.999499	0.999491	0.847002	0.962981	0.962870
7190	0.971004	0.999499	0.999491	0.847019	0.962981	0.962870
7200	0.971102	0.999499	0.999491	0.847060	0.963475	0.963399
7210	0.971136	0.999499	0.999491	0.847084	0.962981	0.962880
7220	0.971164	0.999499	0.999491	0.847160	0.963475	0.963349
7230	0.971227	0.999499	0.999491	0.847189	0.963475	0.963349
7240	0.971286	0.999499	0.999491	0.847243	0.963475	0.963349
7250	0.971311	0.999499	0.999491	0.847290	0.963475	0.963349
7260	0.971366	0.999499	0.999491	0.847313	0.963475	0.963349
7270	0.971426	0.999499	0.999491	0.847298	0.962981	0.962880
7280	0.971469	0.999499	0.999491	0.847358	0.962981	0.962880
7290	0.971543	0.999499	0.999491	0.847475	0.962981	0.962870
7300	0.971614	0.999555	0.999549	0.847537	0.962981	0.962870
7310	0.971677	0.999555	0.999549	0.847603	0.962981	0.962870
7320	0.971706	0.999555	0.999549	0.847610	0.962981	0.962870
7330	0.971756	0.999555	0.999549	0.847619	0.962981	0.962870
7340	0.971788	0.999555	0.999549	0.847617	0.962981	0.962870
7350	0.971840	0.999555	0.999549	0.847647	0.963475	0.963399
7360	0.971898	0.999555	0.999549	0.847719	0.963475	0.963399
7370	0.971924	0.999555	0.999549	0.847760	0.963475	0.963399
7380	0.971976	0.999555	0.999549	0.847751	0.963475	0.963399
7390	0.972013	0.999555	0.999549	0.847823	0.963475	0.963399
7400	0.972074	0.999611	0.999606	0.847848	0.963475	0.963399
7410	0.972103	0.999611	0.999606	0.847866	0.963475	0.963399
7420	0.972159	0.999611	0.999606	0.847908	0.963475	0.963399
7430	0.972203	0.999611	0.999606	0.847988	0.963475	0.963399
7440	0.972247	0.999611	0.999606	0.848050	0.963475	0.963399
7450	0.972275	0.999611	0.999606	0.848081	0.963475	0.963399
7460	0.972333	0.999611	0.999606	0.848104	0.963475	0.963399
7470	0.972407	0.999611	0.999606	0.848215	0.963475	0.963399
7480	0.972435	0.999611	0.999606	0.848238	0.963475	0.963399
7490	0.972495	0.999611	0.999606	0.848333	0.963475	0.963399
7500	0.972537	0.999611	0.999606	0.848365	0.963475	0.963399
7510	0.972599	0.999611	0.999606	0.848437	0.963475	0.963399
7520	0.972641	0.999611	0.999606	0.848481	0.963475	0.963399
7530	0.972684	0.999611	0.999606	0.848507	0.963475	0.963399
7540	0.972743	0.999611	0.999606	0.848629	0.963968	0.963917
7550	0.972774	0.999611	0.999606	0.848618	0.963968	0.963917
7560	0.972815	0.999611	0.999606	0.848668	0.963968	0.963917
7570	0.972849	0.999611	0.999606	0.848752	0.963968	0.963917
7580	0.972922	0.999611	0.999606	0.848787	0.963968	0.963917
7590	0.972952	0.999611	0.999606	0.848800	0.963968	0.963917
7600	0.973006	0.999611	0.999606	0.848856	0.963968	0.963917
7610	0.973036	0.999611	0.999606	0.848929	0.963968	0.963917
7620	0.973084	0.999611	0.999606	0.848962	0.963968	0.963917
7630	0.973111	0.999611	0.999606	0.848998	0.963968	0.963917
7640	0.973172	0.999611	0.999606	0.849036	0.963968	0.963917
7650	0.973200	0.999611	0.999606	0.849046	0.963968	0.963917
7660	0.973248	0.999611	0.999606	0.849077	0.963968	0.963917
7670	0.973293	0.999611	0.999606	0.849123	0.963968	0.963917
7680	0.973364	0.999611	0.999606	0.849174	0.963968	0.963917
7690	0.973417	0.999611	0.999606	0.849290	0.963968	0.963917
7700	0.973453	0.999611	0.999606	0.849336	0.963968	0.963917
7710	0.973483	0.999611	0.999606	0.849371	0.963968	0.963917
7720	0.973544	0.999611	0.999606	0.849398	0.963968	0.963917
7730	0.973597	0.999611	0.999606	0.849418	0.963968	0.963917
7740	0.973633	0.999611	0.999606	0.849473	0.963968	0.963917
7750	0.973694	0.999611	0.999606	0.849532	0.963968	0.963917
7760	0.973705	0.999611	0.999606	0.849539	0.963968	0.963917
7770	0.973721	0.999611	0.999606	0.849546	0.963968	0.963917
7780	0.973761	0.999611	0.999606	0.849570	0.963968	0.963917
7790	0.973793	0.999611	0.999606	0.849583	0.963968	0.963917
7800	0.973817	0.999611	0.999606	0.849608	0.963968	0.963917
7810	0.973874	0.999611	0.999606	0.849654	0.963968	0.963917
7820	0.973903	0.999611	0.999606	0.849699	0.963968	0.963917
7830	0.973953	0.999611	0.999606	0.849757	0.963968	0.963917
7840	0.973982	0.999666	0.999662	0.849821	0.963968	0.963917
7850	0.974032	0.999666	0.999662	0.849930	0.963968	0.963917
7860	0.974056	0.999666	0.999662	0.849880	0.963968	0.963917
7870	0.974111	0.999666	0.999662	0.849902	0.963968	0.963917
7880	0.974139	0.999666	0.999662	0.849896	0.963968	0.963917
7890	0.974171	0.999666	0.999662	0.849960	0.963968	0.963917
7900	0.974225	0.999666	0.999662	0.849985	0.963968	0.963917
7910	0.974247	0.999666	0.999662	0.850029	0.963968	0.963917
7920	0.974303	0.999666	0.999662	0.850041	0.963475	0.963480
7930	0.974343	0.999722	0.999719	0.850013	0.963475	0.963480
7940	0.974361	0.999722	0.999719	0.850039	0.963475	0.963480
7950	0.974404	0.999722	0.999719	0.850103	0.963475	0.963480
7960	0.974432	0.999722	0.999719	0.850161	0.963475	0.963480
7970	0.974494	0.999722	0.999719	0.850191	0.963475	0.963480
7980	0.974525	0.999722	0.999719	0.850207	0.963475	0.963480
7990	0.974576	0.999722	0.999719	0.850242	0.963475	0.963480
8000	0.974595	0.999722	0.999719	0.850268	0.963475	0.963480
8010	0.974622	0.999722	0.999719	0.850293	0.963968	0.963917
8020	0.974672	0.999722	0.999719	0.850309	0.963968	0.963917
8030	0.974699	0.999722	0.999719	0.850336	0.963968	0.963917
8040	0.974757	0.999722	0.999719	0.850404	0.963968	0.963917
8050	0.974785	0.999722	0.999719	0.850444	0.963968	0.963917
8060	0.974845	0.999722	0.999719	0.850502	0.963968	0.963917
8070	0.974871	0.999722	0.999719	0.850538	0.963968	0.963917
8080	0.974911	0.999722	0.999719	0.850607	0.963968	0.963917
8090	0.974917	0.999722	0.999719	0.850616	0.963968	0.963917
8100	0.974939	0.999722	0.999719	0.850613	0.963968	0.963917
8110	0.974991	0.999722	0.999719	0.850678	0.963968	0.963917
8120	0.975021	0.999722	0.999719	0.850724	0.963968	0.963917
8130	0.975080	0.999722	0.999719	0.850743	0.963968	0.963917
8140	0.975104	0.999722	0.999719	0.850764	0.963968	0.963917
8150	0.975143	0.999722	0.999719	0.850812	0.963968	0.963917
8160	0.975174	0.999722	0.999719	0.850803	0.963968	0.963917
8170	0.975214	0.999722	0.999719	0.850847	0.963968	0.963917
8180	0.975229	0.999722	0.999719	0.850882	0.963968	0.963917
8190	0.975267	0.999777	0.999775	0.850926	0.963968	0.963917
8200	0.975294	0.999777	0.999775	0.850960	0.963968	0.963917
8210	0.975337	0.999777	0.999775	0.851082	0.963968	0.963917
8220	0.975382	0.999777	0.999775	0.851097	0.963968	0.963917
8230	0.975434	0.999722	0.999719	0.851139	0.963968	0.963917
8240	0.975462	0.999722	0.999719	0.851190	0.963475	0.963430
8250	0.975488	0.999722	0.999719	0.851238	0.963475	0.963430
8260	0.975540	0.999722	0.999719	0.851300	0.963475	0.963430
8270	0.975585	0.999722	0.999719	0.851308	0.963475	0.963430
8280	0.975611	0.999722	0.999719	0.851328	0.963475	0.963430
8290	0.975671	0.999777	0.999775	0.851419	0.963475	0.963430
8300	0.975716	0.999777	0.999775	0.851451	0.963475	0.963430
8310	0.975764	0.999777	0.999775	0.851472	0.963475	0.963430
8320	0.975795	0.999777	0.999775	0.851541	0.963475	0.963430
8330	0.975843	0.999777	0.999775	0.851579	0.963475	0.963430
8340	0.975872	0.999777	0.999775	0.851598	0.962981	0.962942
8350	0.975917	0.999777	0.999775	0.851643	0.962981	0.962942
8360	0.975952	0.999777	0.999775	0.851688	0.962981	0.962942
8370	0.975981	0.999722	0.999719	0.851743	0.962981	0.962942
8380	0.976030	0.999777	0.999775	0.851797	0.962981	0.962942
8390	0.976060	0.999777	0.999775	0.851853	0.962981	0.962942
8400	0.976106	0.999777	0.999775	0.851874	0.962981	0.962942
8410	0.976130	0.999777	0.999775	0.851859	0.962981	0.962942
8420	0.976171	0.999777	0.999775	0.851893	0.962981	0.962942
8430	0.976223	0.999777	0.999775	0.851794	0.962488	0.962413
8440	0.976243	0.999777	0.999775	0.851824	0.962488	0.962413
8450	0.976284	0.999777	0.999775	0.851890	0.962488	0.962413
8460	0.976303	0.999777	0.999775	0.851874	0.962488	0.962413
8470	0.976344	0.999777	0.999775	0.851897	0.962488	0.962413
8480	0.976367	0.999777	0.999775	0.851904	0.962488	0.962413
8490	0.976408	0.999777	0.999775	0.851915	0.962488	0.962413
8500	0.976443	0.999777	0.999775	0.852025	0.962981	0.962901
8510	0.976468	0.999777	0.999775	0.852059	0.962488	0.962464
8520	0.976483	0.999777	0.999775	0.852075	0.962488	0.962464
8530	0.976513	0.999777	0.999775	0.852080	0.961994	0.962014
8540	0.976554	0.999777	0.999775	0.852112	0.961994	0.962014
8550	0.976571	0.999777	0.999775	0.852125	0.961994	0.962014
8560	0.976592	0.999777	0.999775	0.852119	0.961994	0.962014
8570	0.976624	0.999777	0.999775	0.852138	0.961994	0.962014
8580	0.976658	0.999777	0.999775	0.852195	0.961994	0.962014
8590	0.976699	0.999777	0.999775	0.852200	0.961994	0.962014
8600	0.976749	0.999777	0.999775	0.852197	0.961994	0.962014
8610	0.976775	0.999777	0.999775	0.852225	0.961994	0.962014
8620	0.976812	0.999777	0.999775	0.852124	0.962488	0.962502
8630	0.976856	0.999777	0.999775	0.852183	0.962488	0.962502
8640	0.976889	0.999777	0.999775	0.852224	0.962488	0.962502
8650	0.976927	0.999777	0.999775	0.852278	0.962488	0.962502
8660	0.976976	0.999777	0.999775	0.852349	0.962981	0.963031
8670	0.977016	0.999777	0.999775	0.852406	0.962981	0.963031
8680	0.977057	0.999777	0.999775	0.852463	0.962981	0.963031
8690	0.977108	0.999777	0.999775	0.852491	0.962981	0.963031
8700	0.977129	0.999777	0.999775	0.852528	0.962981	0.963031
8710	0.977157	0.999777	0.999775	0.852576	0.962981	0.963031
8720	0.977179	0.999777	0.999775	0.852628	0.962488	0.962543
8730	0.977198	0.999777	0.999775	0.852673	0.962488	0.962543
8740	0.977251	0.999777	0.999775	0.852719	0.962981	0.963031
8750	0.977291	0.999777	0.999775	0.852752	0.962488	0.962543
8760	0.977331	0.999777	0.999775	0.852776	0.962488	0.962543
8770	0.977358	0.999777	0.999775	0.852793	0.962488	0.962543
8780	0.977389	0.999777	0.999775	0.852810	0.962488	0.962543
8790	0.977412	0.999777	0.999775	0.852822	0.962488	0.962543
8800	0.977466	0.999777	0.999775	0.852826	0.962488	0.962543
8810	0.977489	0.999777	0.999775	0.852845	0.962488	0.962543
8820	0.977517	0.999777	0.999775	0.852859	0.962488	0.962543
8830	0.977543	0.999777	0.999775	0.852875	0.962488	0.962543
8840	0.977566	0.999777	0.999775	0.852882	0.962488	0.962543
8850	0.977582	0.999777	0.999775	0.852894	0.962488	0.962543
8860	0.977593	0.999777	0.999775	0.852899	0.962488	0.962543
8870	0.977633	0.999777	0.999775	0.852939	0.962488	0.962543
8880	0.977652	0.999777	0.999775	0.852949	0.962488	0.962543
8890	0.977685	0.999777	0.999775	0.852974	0.962488	0.962543
8900	0.977705	0.999777	0.999775	0.853016	0.962488	0.962543
8910	0.977740	0.999777	0.999775	0.853051	0.962488	0.962543
8920	0.977763	0.999777	0.999775	0.853081	0.962488	0.962543
8930	0.977822	0.999777	0.999775	0.853123	0.961994	0.962071
8940	0.977846	0.999777	0.999775	0.853119	0.962488	0.962543
8950	0.977880	0.999777	0.999775	0.853168	0.962488	0.962543
8960	0.977903	0.999777	0.999775	0.853221	0.962488	0.962509
8970	0.977951	0.999777	0.999775	0.853241	0.961994	0.962071
8980	0.977964	0.999777	0.999775	0.853254	0.962488	0.962509
8990	0.977983	0.999777	0.999775	0.853282	0.962981	0.962980
9000	0.978004	0.999777	0.999775	0.853315	0.962981	0.962980
9010	0.978026	0.999777	0.999775	0.853360	0.962981	0.962980
9020	0.978066	0.999777	0.999775	0.853404	0.962488	0.962509
9030	0.978093	0.999777	0.999775	0.853449	0.962488	0.962509
9040	0.978135	0.999777	0.999775	0.853517	0.962488	0.962509
9050	0.978166	0.999777	0.999775	0.853495	0.962488	0.962509
9060	0.978191	0.999777	0.999775	0.853520	0.962488	0.962509
9070	0.978214	0.999777	0.999775	0.853553	0.962488	0.962509
9080	0.978253	0.999777	0.999775	0.853604	0.962488	0.962509
9090	0.978277	0.999777	0.999775	0.853641	0.962488	0.962509
9100	0.978313	0.999777	0.999775	0.853667	0.962488	0.962509
9110	0.978344	0.999777	0.999775	0.853692	0.962488	0.962509
9120	0.978386	0.999777	0.999775	0.853764	0.962488	0.962538
9130	0.978406	0.999777	0.999775	0.853760	0.962488	0.962538
9140	0.978446	0.999777	0.999775	0.853833	0.962488	0.962538
9150	0.978487	0.999833	0.999831	0.853890	0.962488	0.962538
9160	0.978504	0.999833	0.999831	0.853893	0.962488	0.962538
9170	0.978537	0.999833	0.999831	0.853931	0.962488	0.962538
9180	0.978552	0.999833	0.999831	0.853947	0.962488	0.962538
9190	0.978564	0.999833	0.999831	0.853953	0.962488	0.962538
9200	0.978597	0.999833	0.999831	0.853971	0.962488	0.962538
9210	0.978630	0.999833	0.999831	0.853979	0.962488	0.962538
9220	0.978651	0.999833	0.999831	0.853989	0.962488	0.962538
9230	0.978671	0.999833	0.999831	0.854033	0.962488	0.962538
9240	0.978713	0.999833	0.999831	0.854051	0.962488	0.962538
9250	0.978739	0.999833	0.999831	0.854077	0.962488	0.962538
9260	0.978753	0.999833	0.999831	0.854100	0.962488	0.962538
9270	0.978773	0.999833	0.999831	0.854102	0.962488	0.962538
9280	0.978812	0.999833	0.999831	0.854132	0.962488	0.962538
9290	0.978831	0.999833	0.999831	0.854154	0.962488	0.962538
9300	0.978853	0.999833	0.999831	0.854201	0.962488	0.962538
9310	0.978888	0.999833	0.999831	0.854209	0.962488	0.962538
9320	0.978924	0.999833	0.999831	0.854224	0.962488	0.962538
9330	0.978943	0.999833	0.999831	0.854253	0.962488	0.962538
9340	0.978972	0.999833	0.999831	0.854294	0.962488	0.962538
9350	0.978995	0.999833	0.999831	0.854308	0.962488	0.962538
9360	0.979010	0.999833	0.999831	0.854334	0.962488	0.962538
9370	0.979027	0.999833	0.999831	0.854377	0.962488	0.962538
9380	0.979064	0.999833	0.999831	0.854406	0.962488	0.962538
9390	0.979079	0.999833	0.999831	0.854440	0.962488	0.962538
9400	0.979095	0.999833	0.999831	0.854456	0.962488	0.962538
9410	0.979124	0.999833	0.999831	0.854499	0.962488	0.962538
9420	0.979143	0.999833	0.999831	0.854516	0.962488	0.962538
9430	0.979168	0.999833	0.999831	0.854535	0.962488	0.962538
9440	0.979192	0.999833	0.999831	0.854575	0.962488	0.962538
9450	0.979222	0.999833	0.999831	0.854595	0.962488	0.962538
9460	0.979246	0.999833	0.999831	0.854618	0.962488	0.962538
9470	0.979275	0.999833	0.999831	0.854614	0.962488	0.962538
9480	0.979291	0.999833	0.999831	0.854628	0.962488	0.962538
9490	0.979310	0.999833	0.999831	0.854654	0.962488	0.962538
9500	0.979339	0.999833	0.999831	0.854662	0.962488	0.962538
9510	0.979366	0.999833	0.999831	0.854701	0.962488	0.962538
9520	0.979382	0.999833	0.999831	0.854736	0.962488	0.962538
9530	0.979409	0.999833	0.999831	0.854782	0.962488	0.962538
9540	0.979422	0.999833	0.999831	0.854779	0.962488	0.962538
9550	0.979443	0.999833	0.999831	0.854815	0.962488	0.962538
9560	0.979476	0.999833	0.999831	0.854831	0.962981	0.963046
9570	0.979493	0.999833	0.999831	0.854870	0.962981	0.963046
9580	0.979526	0.999833	0.999831	0.854904	0.962981	0.963046
9590	0.979554	0.999833	0.999831	0.854932	0.962981	0.963046
9600	0.979585	0.999833	0.999831	0.854957	0.962488	0.962538
9610	0.979605	0.999833	0.999831	0.855037	0.962981	0.963012
9620	0.979630	0.999833	0.999831	0.855056	0.962981	0.963012
9630	0.979648	0.999833	0.999831	0.855099	0.962488	0.962538
9640	0.979680	0.999833	0.999831	0.855099	0.962488	0.962538
9650	0.979690	0.999833	0.999831	0.855117	0.962488	0.962538
9660	0.979712	0.999833	0.999831	0.855138	0.961994	0.962069
9670	0.979740	0.999833	0.999831	0.855121	0.962488	0.962542
9680	0.979756	0.999833	0.999831	0.855146	0.962981	0.963012
9690	0.979788	0.999833	0.999831	0.855184	0.962981	0.963012
9700	0.979818	0.999833	0.999831	0.855214	0.962981	0.963012
9710	0.979841	0.999833	0.999831	0.855265	0.962488	0.962542
9720	0.979872	0.999833	0.999831	0.855303	0.962981	0.963050
9730	0.979896	0.999833	0.999831	0.855313	0.962488	0.962542
9740	0.979918	0.999833	0.999831	0.855308	0.962981	0.963050
9750	0.979951	0.999833	0.999831	0.855346	0.962981	0.963018
9760	0.979981	0.999833	0.999831	0.855344	0.962981	0.962980
9770	0.980007	0.999833	0.999831	0.855374	0.962981	0.962980
9780	0.980034	0.999833	0.999831	0.855418	0.962981	0.962980
9790	0.980064	0.999833	0.999831	0.855445	0.962981	0.963012
9800	0.980094	0.999833	0.999831	0.855496	0.962981	0.962980
9810	0.980125	0.999833	0.999831	0.855530	0.962981	0.962980
9820	0.980135	0.999833	0.999831	0.855529	0.962488	0.962509
9830	0.980172	0.999833	0.999831	0.855550	0.962488	0.962509
9840	0.980194	0.999833	0.999831	0.855597	0.962981	0.963016
9850	0.980231	0.999833	0.999831	0.855617	0.962981	0.963016
9860	0.980254	0.999833	0.999831	0.855637	0.962981	0.963016
9870	0.980276	0.999833	0.999831	0.855676	0.962488	0.962511
9880	0.980299	0.999833	0.999831	0.855707	0.962488	0.962509
9890	0.980326	0.999833	0.999831	0.855737	0.961994	0.962039
9900	0.980346	0.999833	0.999831	0.855755	0.962488	0.962509
9910	0.980379	0.999833	0.999831	0.855773	0.962488	0.962509
9920	0.980396	0.999833	0.999831	0.855777	0.962488	0.962538
9930	0.980420	0.999833	0.999831	0.855804	0.962488	0.962538
9940	0.980433	0.999833	0.999831	0.855795	0.962488	0.962538
9950	0.980449	0.999833	0.999831	0.855820	0.962981	0.962985
9960	0.980479	0.999833	0.999831	0.855855	0.962981	0.962985
9970	0.980496	0.999833	0.999831	0.855869	0.962488	0.962538
9980	0.980505	0.999833	0.999831	0.855873	0.962488	0.962538
9990	0.980525	0.999833	0.999831	0.855884	0.962488	0.962538
10000	0.980554	0.999944	0.999944	0.855904	0.962488	0.962538
