10	0.081338	0.412722	0.342556	0.083132	0.418808	0.347307
20	0.161195	0.656910	0.670381	0.169433	0.672807	0.679243
30	0.215376	0.696215	0.707354	0.227145	0.706253	0.711356
40	0.241130	0.717400	0.723882	0.251330	0.723703	0.724517
50	0.266568	0.740871	0.743424	0.275049	0.747455	0.744088
60	0.287251	0.751240	0.752916	0.292717	0.754241	0.751125
70	0.304094	0.763450	0.761623	0.307310	0.763936	0.758282
80	0.319926	0.778224	0.775922	0.319850	0.773146	0.767773
90	0.337837	0.788482	0.785866	0.334296	0.781871	0.776678
100	0.351624	0.795283	0.791952	0.348227	0.789142	0.783273
110	0.365837	0.803590	0.798588	0.359264	0.793505	0.786792
120	0.376585	0.811841	0.805283	0.368554	0.802230	0.793507
130	0.389712	0.816078	0.808876	0.380305	0.805623	0.796914
140	0.398404	0.819256	0.812589	0.387730	0.807562	0.799172
150	0.407907	0.825110	0.818093	0.396145	0.810955	0.801782
160	0.415131	0.828567	0.821361	0.401576	0.814348	0.805023
170	0.422692	0.831856	0.824272	0.407512	0.817256	0.807733
180	0.432165	0.835981	0.828097	0.415398	0.822588	0.812226
190	0.442065	0.840330	0.831697	0.423895	0.826466	0.816173
200	0.450473	0.844456	0.835122	0.430622	0.827436	0.816705
210	0.458450	0.848581	0.838609	0.436336	0.830344	0.819182
220	0.465276	0.851034	0.840833	0.441690	0.834707	0.823517
230	0.473749	0.856609	0.845764	0.448237	0.836646	0.824681
240	0.481559	0.860568	0.849253	0.455879	0.841008	0.828566
250	0.489252	0.863634	0.851935	0.461408	0.840039	0.827611
260	0.497088	0.865920	0.853889	0.467209	0.843917	0.830880
270	0.504830	0.868819	0.856579	0.474124	0.847794	0.834635
280	0.510712	0.871439	0.858770	0.477637	0.850218	0.837061
290	0.516235	0.873111	0.860499	0.482058	0.851672	0.838154
300	0.521509	0.875843	0.862930	0.485916	0.854581	0.840968
310	0.527846	0.878408	0.865251	0.490767	0.853611	0.840365
320	0.534020	0.880749	0.867383	0.495667	0.853611	0.839974
330	0.539727	0.883370	0.869708	0.499463	0.854581	0.841211
340	0.545926	0.885711	0.871860	0.504667	0.857489	0.843600
350	0.551444	0.887774	0.873769	0.509607	0.857974	0.843864
360	0.555961	0.889391	0.875155	0.512668	0.858943	0.844240
370	0.562700	0.891453	0.877067	0.518257	0.858943	0.844525
380	0.568601	0.893460	0.878895	0.523645	0.859913	0.845862
390	0.572658	0.894297	0.879806	0.526889	0.860882	0.846582
400	0.577980	0.895969	0.881305	0.531000	0.863791	0.849290
410	0.583035	0.897419	0.882569	0.535498	0.866214	0.851414
420	0.587665	0.900039	0.884901	0.539792	0.868153	0.853062
430	0.591826	0.901043	0.885640	0.543982	0.870577	0.855182
440	0.596851	0.903105	0.887522	0.547234	0.870577	0.855394
450	0.600909	0.904611	0.888949	0.550200	0.872031	0.856685
460	0.606721	0.906395	0.890643	0.556068	0.875909	0.860112
470	0.610336	0.907175	0.891345	0.559090	0.876878	0.861066
480	0.614850	0.908569	0.892569	0.562441	0.875424	0.859316
490	0.618035	0.909572	0.893564	0.564426	0.876878	0.861263
500	0.621311	0.910464	0.894363	0.566705	0.877363	0.861458
510	0.624202	0.911412	0.895301	0.569041	0.878333	0.862098
520	0.628239	0.912750	0.896504	0.571603	0.879787	0.863365
530	0.631699	0.913531	0.897134	0.574358	0.881726	0.864966
540	0.634959	0.914534	0.898107	0.576642	0.884149	0.867646
550	0.638689	0.916095	0.899575	0.579257	0.884149	0.867376
560	0.642236	0.917545	0.901051	0.581179	0.883665	0.867151
570	0.644998	0.918381	0.901866	0.583399	0.883665	0.867002
580	0.647561	0.919663	0.903062	0.585157	0.885119	0.868252
590	0.650549	0.921001	0.904247	0.587321	0.885603	0.868539
600	0.654017	0.921893	0.905188	0.589757	0.885603	0.868616
610	0.657542	0.922674	0.905896	0.592636	0.888512	0.871288
620	0.660465	0.923789	0.906930	0.595160	0.887542	0.870228
630	0.663321	0.924681	0.907701	0.597427	0.888027	0.870835
640	0.665610	0.924792	0.907764	0.599082	0.889481	0.872239
650	0.667671	0.925406	0.908306	0.600091	0.888512	0.871353
660	0.670057	0.926186	0.908966	0.602279	0.889481	0.871886
670	0.672705	0.926799	0.909444	0.604453	0.891905	0.874247
680	0.674900	0.927134	0.909789	0.605801	0.891905	0.874325
690	0.677970	0.928305	0.911000	0.608808	0.892390	0.874825
700	0.680306	0.929531	0.912181	0.610538	0.893359	0.875580
710	0.682290	0.930200	0.912754	0.611989	0.893844	0.876099
720	0.684505	0.930758	0.913323	0.613669	0.893844	0.876247
730	0.687732	0.931928	0.914400	0.615623	0.894813	0.877046
740	0.689572	0.932430	0.914793	0.616928	0.896268	0.878401
750	0.691651	0.932876	0.915289	0.618585	0.895783	0.877955
760	0.694062	0.933657	0.916094	0.620593	0.896268	0.878309
770	0.696239	0.934158	0.916518	0.622146	0.895783	0.878036
780	0.697749	0.934604	0.916950	0.623554	0.896752	0.878865
790	0.699914	0.934995	0.917339	0.625446	0.897237	0.879285
800	0.701756	0.935608	0.917919	0.626616	0.897722	0.879795
810	0.703469	0.935441	0.917827	0.628037	0.897722	0.879798
820	0.704990	0.936277	0.918631	0.628477	0.897237	0.879270
830	0.707736	0.936834	0.919099	0.630865	0.896268	0.878366
840	0.709629	0.937280	0.919518	0.632601	0.897237	0.879311
850	0.711837	0.937726	0.919821	0.634156	0.899176	0.881033
860	0.713500	0.938228	0.920312	0.635057	0.898206	0.880161
870	0.714840	0.938507	0.920581	0.636289	0.898691	0.880516
880	0.716097	0.938730	0.920779	0.636989	0.899176	0.880948
890	0.717231	0.938842	0.920890	0.637867	0.898691	0.880531
900	0.718569	0.939232	0.921227	0.638994	0.899661	0.881520
910	0.720190	0.939678	0.921665	0.639996	0.900145	0.882062
920	0.721757	0.939957	0.921890	0.641377	0.901115	0.883143
930	0.723112	0.940403	0.922296	0.642076	0.899661	0.881638
940	0.724750	0.940570	0.922483	0.642917	0.899176	0.880981
950	0.726675	0.941462	0.923292	0.643831	0.899661	0.881405
960	0.728288	0.942131	0.923932	0.644886	0.900630	0.882308
970	0.729778	0.942354	0.924151	0.646290	0.900145	0.881750
980	0.730992	0.943023	0.924799	0.646812	0.901600	0.883251
990	0.732399	0.943413	0.925178	0.647325	0.902569	0.884233
1000	0.734063	0.944138	0.925810	0.648419	0.903054	0.884491
1010	0.735477	0.944305	0.925945	0.649608	0.903054	0.884619
1020	0.737045	0.944528	0.926187	0.650504	0.903054	0.884468
1030	0.738612	0.944751	0.926451	0.651670	0.903054	0.884444
1040	0.740018	0.945030	0.926724	0.652840	0.904508	0.885894
1050	0.741469	0.945197	0.926871	0.654009	0.904993	0.886320
1060	0.742844	0.945364	0.927001	0.655183	0.905477	0.886687
1070	0.744067	0.945587	0.927208	0.656178	0.905962	0.887198
1080	0.745501	0.946089	0.927699	0.657297	0.905962	0.887165
1090	0.746452	0.946201	0.927833	0.657910	0.905962	0.887151
1100	0.747493	0.946368	0.927986	0.658500	0.905962	0.887252
1110	0.748619	0.946479	0.928099	0.659163	0.905477	0.886764
1120	0.749935	0.946535	0.928109	0.659854	0.905962	0.887208
1130	0.751483	0.947037	0.928589	0.661127	0.905962	0.887123
1140	0.752660	0.946981	0.928512	0.661910	0.906447	0.887506
1150	0.753714	0.947316	0.928824	0.662990	0.906447	0.887506
1160	0.754878	0.947762	0.929268	0.664139	0.906447	0.887504
1170	0.756158	0.947873	0.929320	0.665460	0.906932	0.887992
1180	0.757271	0.948431	0.929864	0.666338	0.906932	0.888003
1190	0.758172	0.948709	0.930102	0.666903	0.907416	0.888523
1200	0.759507	0.949044	0.930439	0.667624	0.908871	0.889805
1210	0.760239	0.948988	0.930396	0.668233	0.907901	0.888817
1220	0.761402	0.949546	0.930927	0.669159	0.908386	0.889332
1230	0.762359	0.949769	0.931138	0.669709	0.907416	0.888392
1240	0.763847	0.950159	0.931549	0.670565	0.907416	0.888337
1250	0.764987	0.950493	0.931862	0.671535	0.907416	0.888343
1260	0.766360	0.950884	0.932229	0.672447	0.908386	0.889396
1270	0.767670	0.951162	0.932527	0.673368	0.908871	0.889834
1280	0.768465	0.951218	0.932560	0.674315	0.909355	0.890309
1290	0.769349	0.951274	0.932606	0.674984	0.909840	0.890843
1300	0.770124	0.951441	0.932728	0.675682	0.910325	0.891265
1310	0.770980	0.951608	0.932898	0.676081	0.910325	0.891201
1320	0.771712	0.951831	0.933068	0.676838	0.908871	0.889756
1330	0.772490	0.951943	0.933163	0.677473	0.909355	0.890234
1340	0.773502	0.952054	0.933260	0.678569	0.910810	0.891692
1350	0.774061	0.952110	0.933309	0.679057	0.910810	0.891628
1360	0.774884	0.952110	0.933328	0.679772	0.912264	0.893019
1370	0.775632	0.952277	0.933493	0.680552	0.912748	0.893545
1380	0.776431	0.952445	0.933651	0.681037	0.912264	0.893036
1390	0.777056	0.952556	0.933752	0.681672	0.912264	0.893191
1400	0.777935	0.952556	0.933722	0.682290	0.912264	0.893136
1410	0.778839	0.952779	0.933924	0.683082	0.911294	0.892028
1420	0.779694	0.952946	0.934086	0.683830	0.911294	0.891899
1430	0.780745	0.953002	0.934126	0.684809	0.911294	0.892036
1440	0.781602	0.953337	0.934460	0.685410	0.911779	0.892432
1450	0.782370	0.953448	0.934549	0.686037	0.912264	0.892729
1460	0.783432	0.953448	0.934480	0.686972	0.911779	0.892195
1470	0.784270	0.953671	0.934676	0.687362	0.911779	0.892252
1480	0.784761	0.953727	0.934747	0.687961	0.912748	0.893156
1490	0.785378	0.953838	0.934848	0.688268	0.912748	0.893181
1500	0.785906	0.953894	0.934886	0.688808	0.912264	0.892644
1510	0.787278	0.954117	0.935026	0.689928	0.912264	0.892539
1520	0.788081	0.954229	0.935125	0.690498	0.912264	0.892556
1530	0.788659	0.954284	0.935199	0.690980	0.912748	0.893040
1540	0.789467	0.954563	0.935484	0.691477	0.913233	0.893563
1550	0.789947	0.954507	0.935429	0.691860	0.913233	0.893563
1560	0.790691	0.954730	0.955162	0.692220	0.913718	0.913462
1570	0.793351	0.957852	0.958156	0.694245	0.916142	0.915902
1580	0.793967	0.958020	0.958314	0.694714	0.916142	0.915859
1590	0.794776	0.958410	0.958689	0.695429	0.917596	0.917261
1600	0.795453	0.959637	0.959913	0.696047	0.918565	0.918228
1610	0.798857	0.965658	0.965858	0.698758	0.922928	0.922575
1620	0.800165	0.967163	0.967342	0.699855	0.924382	0.923953
1630	0.800855	0.967497	0.967646	0.700651	0.925351	0.924889
1640	0.801527	0.967330	0.967468	0.701172	0.925836	0.925394
1650	0.802105	0.967553	0.967688	0.701661	0.925836	0.925433
1660	0.802739	0.967665	0.967785	0.702269	0.926321	0.925900
1670	0.809462	0.973295	0.973341	0.707565	0.930683	0.930333
1680	0.811190	0.974299	0.974361	0.708953	0.931168	0.930840
1690	0.811567	0.974410	0.974468	0.709150	0.931653	0.931217
1700	0.812088	0.974578	0.974640	0.709542	0.932622	0.932108
1710	0.812694	0.974745	0.974803	0.710118	0.932138	0.931619
1720	0.814886	0.975860	0.975906	0.711772	0.935531	0.934991
1730	0.817791	0.977198	0.977217	0.713965	0.936016	0.935511
1740	0.818348	0.977421	0.977438	0.714538	0.936016	0.935537
1750	0.818828	0.977365	0.977378	0.714764	0.936500	0.936014
1760	0.819536	0.977309	0.977321	0.715605	0.937470	0.936982
1770	0.821835	0.978201	0.978209	0.717396	0.937470	0.936982
1780	0.822991	0.978424	0.978441	0.718402	0.936985	0.936584
1790	0.823530	0.978592	0.978603	0.718901	0.936985	0.936536
1800	0.824034	0.978647	0.978660	0.719203	0.936985	0.936572
1810	0.824739	0.978926	0.978930	0.719631	0.937470	0.937081
1820	0.825248	0.978926	0.978935	0.720123	0.937470	0.937081
1830	0.828776	0.980097	0.980095	0.722809	0.937954	0.937557
1840	0.829825	0.980543	0.980546	0.723720	0.938439	0.938101
1850	0.830416	0.980432	0.980430	0.724190	0.937470	0.937169
1860	0.830802	0.980878	0.980869	0.724462	0.937954	0.937490
1870	0.831205	0.980878	0.980877	0.724800	0.937470	0.937096
1880	0.832023	0.981045	0.981036	0.725498	0.937470	0.937024
1890	0.835465	0.982104	0.982088	0.728306	0.938924	0.938372
1900	0.836131	0.981993	0.981980	0.728754	0.939409	0.938841
1910	0.836493	0.981993	0.981977	0.729165	0.938924	0.938415
1920	0.837027	0.982048	0.982032	0.729467	0.938439	0.938007
1930	0.837807	0.982439	0.982409	0.730104	0.938924	0.938449
1940	0.841072	0.983386	0.983339	0.732726	0.940863	0.940319
1950	0.841698	0.983331	0.983274	0.733278	0.940378	0.939868
1960	0.842263	0.983665	0.983607	0.733804	0.939893	0.939424
1970	0.842845	0.983665	0.983607	0.734488	0.940863	0.940318
1980	0.844940	0.984000	0.983940	0.736136	0.940863	0.940318
1990	0.845518	0.984223	0.984166	0.736542	0.940863	0.940275
2000	0.846411	0.984223	0.984165	0.737071	0.940863	0.940267
2010	0.846883	0.984278	0.984217	0.737520	0.940378	0.939841
2020	0.849180	0.984780	0.984718	0.739326	0.940863	0.940324
2030	0.849649	0.984724	0.984663	0.739740	0.940863	0.940324
2040	0.850672	0.985059	0.984993	0.740505	0.941348	0.940821
2050	0.851185	0.985059	0.984994	0.740906	0.941348	0.940846
2060	0.851675	0.985170	0.985102	0.741237	0.941348	0.940840
2070	0.852089	0.985170	0.985102	0.741513	0.941348	0.940846
2080	0.852547	0.985338	0.985271	0.742033	0.941832	0.941266
2090	0.854662	0.985672	0.985601	0.743663	0.942317	0.941736
2100	0.855243	0.985728	0.985659	0.744166	0.942317	0.941694
2110	0.855739	0.985784	0.985712	0.744374	0.941832	0.941144
2120	0.856427	0.985784	0.985710	0.744940	0.941832	0.941196
2130	0.858041	0.985728	0.985653	0.746297	0.941348	0.940730
2140	0.858408	0.985784	0.985710	0.746579	0.941348	0.940775
2150	0.858871	0.985728	0.985653	0.746872	0.941832	0.941237
2160	0.859390	0.986007	0.985932	0.747513	0.941832	0.941210
2170	0.860949	0.986174	0.986101	0.748800	0.941832	0.941210
2180	0.861405	0.986174	0.986099	0.749035	0.941348	0.940700
2190	0.861912	0.986230	0.986150	0.749397	0.942317	0.941675
2200	0.862283	0.986341	0.986265	0.749763	0.941832	0.941165
2210	0.864024	0.986787	0.986710	0.751182	0.942802	0.942133
2220	0.864373	0.986731	0.986657	0.751537	0.943771	0.943074
2230	0.864897	0.986731	0.986657	0.752014	0.943286	0.942619
2240	0.866192	0.986843	0.986767	0.753112	0.943286	0.942619
2250	0.866620	0.986843	0.986767	0.753300	0.943771	0.943074
2260	0.867094	0.986899	0.986824	0.753507	0.942317	0.941627
2270	0.868577	0.987122	0.987045	0.754722	0.942317	0.941627
2280	0.868972	0.987122	0.987045	0.755071	0.942317	0.941627
2290	0.869300	0.987122	0.987046	0.755325	0.942317	0.941627
2300	0.869605	0.987122	0.987047	0.755636	0.942802	0.942083
2310	0.869806	0.987122	0.987044	0.755764	0.942802	0.942083
2320	0.870874	0.987233	0.987160	0.756521	0.942317	0.941627
2330	0.871178	0.987233	0.987162	0.756845	0.943286	0.942554
2340	0.871501	0.987289	0.987207	0.757075	0.944256	0.943565
2350	0.871915	0.987345	0.987264	0.757349	0.943286	0.942554
2360	0.872924	0.987456	0.987376	0.758211	0.943771	0.943064
2370	0.873253	0.987456	0.987375	0.758464	0.943771	0.943064
2380	0.873520	0.987456	0.987375	0.758638	0.943771	0.943064
2390	0.873792	0.987568	0.987485	0.758808	0.943771	0.943064
2400	0.874057	0.987623	0.987537	0.759024	0.943771	0.943092
2410	0.875232	0.987791	0.987706	0.760039	0.943771	0.943092
2420	0.875421	0.987791	0.987708	0.760217	0.943771	0.943092
2430	0.875734	0.987791	0.987708	0.760489	0.944256	0.943526
2440	0.876103	0.987846	0.987761	0.760699	0.943286	0.942638
2450	0.877162	0.987958	0.987872	0.761522	0.943286	0.942638
2460	0.877359	0.987902	0.987815	0.761682	0.943771	0.943083
2470	0.877620	0.987902	0.987818	0.761841	0.945225	0.944485
2480	0.877874	0.987958	0.987871	0.762213	0.945225	0.944485
2490	0.878200	0.987902	0.987816	0.762720	0.945710	0.944975
2500	0.879100	0.988125	0.988040	0.763469	0.945225	0.944474
2510	0.879399	0.988237	0.988154	0.763661	0.945225	0.944474
2520	0.879936	0.988237	0.988153	0.764009	0.946195	0.945434
2530	0.880409	0.988237	0.988154	0.764268	0.945710	0.944933
2540	0.881530	0.988292	0.988210	0.765191	0.945710	0.944933
2550	0.881786	0.988237	0.988154	0.765489	0.946195	0.945445
2560	0.882047	0.988404	0.988322	0.765713	0.946195	0.945440
2570	0.882706	0.988515	0.988436	0.766227	0.945710	0.944991
2580	0.882980	0.988515	0.988435	0.766517	0.945710	0.945006
2590	0.883313	0.988627	0.988545	0.766662	0.945710	0.945006
2600	0.883638	0.988571	0.988493	0.766855	0.946680	0.945939
2610	0.884875	0.988738	0.988660	0.767853	0.947164	0.946362
2620	0.885064	0.988794	0.988715	0.768203	0.947164	0.946362
2630	0.885358	0.988794	0.988715	0.768515	0.947164	0.946362
2640	0.886114	0.988850	0.988767	0.769083	0.947164	0.946397
2650	0.886317	0.988906	0.988822	0.769238	0.947164	0.946397
2660	0.886611	0.988961	0.988876	0.769526	0.947164	0.946397
2670	0.887105	0.989017	0.988933	0.769939	0.947164	0.946397
2680	0.887539	0.989073	0.988987	0.770314	0.947164	0.946397
2690	0.887833	0.989129	0.989040	0.770690	0.946680	0.945867
2700	0.888064	0.989129	0.989042	0.770949	0.946680	0.945902
2710	0.888868	0.989073	0.988988	0.771585	0.946680	0.945867
2720	0.889169	0.989017	0.988939	0.771776	0.946680	0.945893
2730	0.889473	0.989184	0.989099	0.772078	0.946680	0.945893
2740	0.889695	0.989184	0.989102	0.772250	0.946680	0.945893
2750	0.890584	0.989240	0.989158	0.772972	0.946680	0.945893
2760	0.890818	0.989240	0.989156	0.773324	0.946680	0.945893
2770	0.890995	0.989240	0.989156	0.773464	0.946680	0.945867
2780	0.891238	0.989407	0.989325	0.773688	0.946680	0.945907
2790	0.892204	0.989463	0.989379	0.774324	0.946195	0.945443
2800	0.892443	0.989463	0.989381	0.774398	0.946195	0.945443
2810	0.892734	0.989463	0.989377	0.774687	0.946195	0.945443
2820	0.893241	0.989686	0.989605	0.775037	0.946680	0.945939
2830	0.893747	0.989686	0.989607	0.775474	0.946195	0.945472
2840	0.893980	0.989686	0.989606	0.775592	0.946195	0.945443
2850	0.894188	0.989686	0.989606	0.775711	0.946680	0.945933
2860	0.894896	0.989853	0.989772	0.776405	0.946680	0.945933
2870	0.895242	0.989853	0.989779	0.776754	0.946680	0.945933
2880	0.895506	0.989853	0.989778	0.776871	0.946680	0.945933
2890	0.895737	0.990021	0.989944	0.777070	0.947164	0.946341
2900	0.896682	0.990188	0.990107	0.777869	0.947649	0.946869
2910	0.897010	0.990244	0.990161	0.778216	0.947649	0.946879
2920	0.897251	0.990244	0.990162	0.778464	0.946680	0.945965
2930	0.898072	0.990467	0.990385	0.779076	0.946680	0.946036
2940	0.898333	0.990411	0.990333	0.779174	0.946680	0.946036
2950	0.898549	0.990411	0.990331	0.779329	0.947164	0.946542
2960	0.898812	0.990467	0.990394	0.779556	0.946680	0.946036
2970	0.899373	0.990634	0.990556	0.780037	0.946680	0.946036
2980	0.899547	0.990634	0.990554	0.780171	0.946680	0.946036
2990	0.899802	0.990690	0.990613	0.780481	0.946680	0.946036
3000	0.900391	0.990857	0.990777	0.780986	0.946680	0.946036
3010	0.900721	0.990913	0.990831	0.781204	0.947649	0.946908
3020	0.900957	0.990857	0.990774	0.781365	0.947649	0.946942
3030	0.901366	0.991024	0.990945	0.781819	0.947649	0.946942
3040	0.902103	0.991247	0.991175	0.782441	0.947649	0.946942
3050	0.902280	0.991247	0.991176	0.782608	0.947649	0.946908
3060	0.902479	0.991303	0.991230	0.782747	0.947649	0.946942
3070	0.903308	0.991749	0.991675	0.783385	0.947649	0.946940
3080	0.903555	0.991693	0.991623	0.783519	0.948134	0.947452
3090	0.903674	0.991749	0.991674	0.783644	0.947649	0.947027
3100	0.903982	0.991693	0.991619	0.783846	0.947649	0.947029
3110	0.904655	0.991805	0.991730	0.784325	0.948134	0.947486
3120	0.904882	0.991805	0.991731	0.784499	0.948619	0.948012
3130	0.905074	0.991916	0.991838	0.784616	0.948619	0.948012
3140	0.905201	0.991916	0.991838	0.784789	0.948619	0.948012
3150	0.905871	0.991972	0.991895	0.785286	0.949103	0.948501
3160	0.906068	0.991916	0.991839	0.785409	0.949588	0.948966
3170	0.906283	0.991916	0.991839	0.785526	0.949103	0.948489
3180	0.906753	0.991972	0.991896	0.785846	0.950073	0.949472
3190	0.906904	0.992028	0.991951	0.786020	0.949588	0.949002
3200	0.907141	0.992028	0.991950	0.786357	0.949588	0.949002
3210	0.907727	0.992028	0.991949	0.786909	0.949588	0.949002
3220	0.907918	0.992083	0.992003	0.787013	0.949588	0.949002
3230	0.908146	0.992083	0.992005	0.787311	0.950073	0.949567
3240	0.908719	0.992251	0.992176	0.787816	0.950557	0.950037
3250	0.908893	0.992195	0.992118	0.787945	0.950073	0.949567
3260	0.909162	0.992306	0.992230	0.788161	0.951042	0.950488
3270	0.909812	0.992418	0.992342	0.788641	0.950557	0.950038
3280	0.909989	0.992418	0.992342	0.788851	0.950557	0.950038
3290	0.910328	0.992474	0.992398	0.789123	0.950557	0.950038
3300	0.910609	0.992529	0.992457	0.789354	0.950073	0.949633
3310	0.910831	0.992529	0.992458	0.789575	0.950073	0.949579
3320	0.910965	0.992641	0.992568	0.789653	0.951042	0.950492
3330	0.911491	0.992641	0.992569	0.789980	0.951042	0.950481
3340	0.911607	0.992697	0.992622	0.790090	0.951527	0.950995
3350	0.911726	0.992752	0.992679	0.790135	0.951042	0.950491
3360	0.912076	0.992808	0.992729	0.790490	0.951042	0.950491
3370	0.912497	0.992864	0.992785	0.790764	0.951042	0.950491
3380	0.912693	0.992864	0.992785	0.790945	0.951042	0.950491
3390	0.913115	0.992808	0.992729	0.791288	0.951042	0.950491
3400	0.913632	0.992808	0.992731	0.791622	0.951527	0.950955
3410	0.913819	0.992975	0.992891	0.791725	0.951042	0.950491
3420	0.914340	0.993031	0.992948	0.792130	0.951527	0.950892
3430	0.914558	0.993087	0.992999	0.792478	0.951527	0.950892
3440	0.914801	0.993031	0.992944	0.792601	0.951042	0.950428
3450	0.915287	0.993087	0.993003	0.793011	0.951042	0.950428
3460	0.915453	0.993087	0.993000	0.793176	0.951527	0.950892
3470	0.915695	0.993031	0.992944	0.793426	0.952012	0.951459
3480	0.916016	0.993087	0.992999	0.793726	0.952012	0.951459
3490	0.916230	0.993143	0.993054	0.793943	0.951527	0.950894
3500	0.916698	0.993143	0.993054	0.794302	0.951527	0.950894
3510	0.916873	0.993143	0.993054	0.794486	0.951527	0.950894
3520	0.917032	0.993198	0.993109	0.794519	0.951042	0.950429
3530	0.917185	0.993198	0.993111	0.794706	0.951042	0.950429
3540	0.917685	0.993310	0.993223	0.795113	0.951527	0.950894
3550	0.917929	0.993366	0.993278	0.795280	0.951042	0.950429
3560	0.918078	0.993477	0.993390	0.795352	0.951042	0.950429
3570	0.918371	0.993421	0.993334	0.795552	0.951527	0.950894
3580	0.918576	0.993421	0.993334	0.795694	0.951042	0.950429
3590	0.918978	0.993477	0.993392	0.795897	0.951042	0.950428
3600	0.919167	0.993421	0.993334	0.796172	0.951527	0.950993
3610	0.919551	0.993477	0.993392	0.796479	0.951527	0.950957
3620	0.919768	0.993477	0.993392	0.796874	0.951527	0.950957
3630	0.920059	0.993533	0.993448	0.797164	0.951527	0.950957
3640	0.920407	0.993589	0.993503	0.797507	0.951527	0.950957
3650	0.920747	0.993589	0.993500	0.797765	0.952012	0.951489
3660	0.921002	0.993589	0.993500	0.798025	0.952496	0.951959
3670	0.921286	0.993589	0.993502	0.798351	0.952012	0.951450
3680	0.921573	0.993589	0.993499	0.798525	0.952496	0.951959
3690	0.922006	0.993644	0.993557	0.798933	0.952012	0.951488
3700	0.922198	0.993589	0.993500	0.799161	0.952012	0.951488
3710	0.922376	0.993589	0.993500	0.799318	0.952012	0.951488
3720	0.922622	0.993589	0.993499	0.799497	0.952012	0.951488
3730	0.922793	0.993589	0.993499	0.799606	0.952012	0.951488
3740	0.923112	0.993644	0.993555	0.799904	0.952012	0.951488
3750	0.923284	0.993700	0.993611	0.800045	0.952496	0.951959
3760	0.923720	0.993867	0.993785	0.800328	0.952496	0.952004
3770	0.923912	0.993867	0.993782	0.800471	0.952496	0.952004
3780	0.924074	0.993923	0.993838	0.800535	0.952496	0.952004
3790	0.924530	0.993979	0.993894	0.800855	0.952981	0.952501
3800	0.924685	0.993923	0.993836	0.800953	0.952981	0.952501
3810	0.925076	0.993979	0.993890	0.801324	0.952981	0.952501
3820	0.925245	0.993979	0.993892	0.801453	0.952981	0.952501
3830	0.925438	0.994035	0.993948	0.801776	0.952496	0.951992
3840	0.925867	0.994035	0.993947	0.801960	0.952496	0.952048
3850	0.925969	0.993979	0.993892	0.802089	0.952981	0.952501
3860	0.926193	0.994090	0.994002	0.802241	0.952012	0.951539
3870	0.926504	0.994090	0.994002	0.802545	0.952496	0.952048
3880	0.926707	0.994035	0.993944	0.802676	0.952496	0.952048
3890	0.927026	0.994258	0.994174	0.802924	0.952496	0.952048
3900	0.927455	0.994202	0.994115	0.803298	0.952496	0.952048
3910	0.927665	0.994202	0.994117	0.803607	0.952496	0.952048
3920	0.927839	0.994202	0.994117	0.803713	0.951527	0.951052
3930	0.928171	0.994369	0.994283	0.804004	0.951527	0.951052
3940	0.928323	0.994425	0.994339	0.804231	0.952012	0.951561
3950	0.928468	0.994369	0.994284	0.804293	0.951527	0.951052
3960	0.928930	0.994481	0.994398	0.804713	0.951527	0.951052
3970	0.929034	0.994481	0.994399	0.804810	0.952012	0.951561
3980	0.929429	0.994536	0.994461	0.805149	0.952496	0.952062
3990	0.929585	0.994592	0.994513	0.805272	0.952012	0.951553
4000	0.929888	0.994704	0.994629	0.805397	0.952012	0.951553
4010	0.929991	0.994704	0.994629	0.805602	0.952496	0.952062
4020	0.930134	0.994759	0.994683	0.805681	0.952496	0.952062
4030	0.930405	0.994759	0.994683	0.805868	0.952496	0.952062
4040	0.930510	0.994759	0.994683	0.805936	0.952496	0.952062
4050	0.930780	0.994815	0.994738	0.806258	0.952496	0.952033
4060	0.930934	0.994815	0.994738	0.806339	0.952496	0.952062
4070	0.931081	0.994815	0.994738	0.806431	0.952012	0.951553
4080	0.931484	0.994871	0.994796	0.806820	0.952012	0.951524
4090	0.931663	0.994871	0.994797	0.807228	0.952496	0.951987
4100	0.931945	0.994871	0.994797	0.807438	0.952496	0.951987
4110	0.932113	0.994871	0.994797	0.807637	0.952981	0.952482
4120	0.932500	0.994871	0.994797	0.808067	0.952981	0.952482
4130	0.932649	0.994871	0.994797	0.808201	0.952981	0.952482
4140	0.932796	0.994927	0.994852	0.808217	0.952981	0.952482
4150	0.933174	0.995150	0.995079	0.808585	0.952981	0.952482
4160	0.933258	0.995150	0.995079	0.808679	0.952981	0.952513
4170	0.933356	0.995150	0.995079	0.808717	0.952012	0.951574
4180	0.933762	0.995205	0.995136	0.809056	0.952012	0.951599
4190	0.933895	0.995205	0.995135	0.809198	0.952496	0.952056
4200	0.934004	0.995205	0.995136	0.809416	0.953466	0.953066
4210	0.934234	0.995205	0.995136	0.809653	0.953466	0.953066
4220	0.934367	0.995205	0.995136	0.809745	0.952981	0.952557
4230	0.934783	0.995317	0.995251	0.810108	0.952496	0.952130
4240	0.934944	0.995261	0.995193	0.810352	0.952012	0.951628
4250	0.935268	0.995484	0.995418	0.810663	0.952012	0.951571
4260	0.935409	0.995596	0.995528	0.810804	0.952012	0.951571
4270	0.935702	0.995540	0.995471	0.811011	0.952012	0.951571
4280	0.935852	0.995596	0.995527	0.811315	0.952981	0.952440
4290	0.936228	0.995707	0.995639	0.811618	0.952496	0.952028
4300	0.936386	0.995707	0.995637	0.811745	0.952496	0.952028
4310	0.936473	0.995707	0.995637	0.812109	0.952496	0.952028
4320	0.936835	0.995986	0.995923	0.812423	0.952981	0.952560
4330	0.936970	0.996042	0.995980	0.812473	0.953466	0.953069
4340	0.937234	0.996209	0.996148	0.812678	0.953466	0.953070
4350	0.937351	0.996209	0.996148	0.812814	0.953466	0.953069
4360	0.937605	0.996265	0.996206	0.813048	0.953951	0.953579
4370	0.937647	0.996265	0.996206	0.813073	0.953466	0.953069
4380	0.937782	0.996265	0.996206	0.813201	0.953466	0.953069
4390	0.938026	0.996265	0.996206	0.813378	0.953951	0.953481
4400	0.938145	0.996320	0.996263	0.813445	0.953951	0.953481
4410	0.938243	0.996320	0.996263	0.813460	0.953466	0.953069
4420	0.938344	0.996320	0.996263	0.813599	0.953466	0.953069
4430	0.938698	0.996376	0.996321	0.813913	0.953951	0.953579
4440	0.938853	0.996376	0.996322	0.814181	0.953951	0.953579
4450	0.939074	0.996376	0.996320	0.814473	0.954435	0.953991
4460	0.939302	0.996432	0.996376	0.814867	0.954435	0.953991
4470	0.939550	0.996488	0.996435	0.815052	0.953951	0.953515
4480	0.939719	0.996488	0.996436	0.815204	0.953951	0.953505
4490	0.939828	0.996543	0.996493	0.815344	0.953466	0.953004
4500	0.940046	0.996543	0.996493	0.815537	0.953951	0.953515
4510	0.940173	0.996543	0.996493	0.815635	0.954920	0.954486
4520	0.940432	0.996655	0.996604	0.815855	0.954920	0.954486
4530	0.940553	0.996655	0.996604	0.816019	0.954920	0.954486
4540	0.940858	0.996711	0.996660	0.816291	0.954920	0.954486
4550	0.940962	0.996711	0.996660	0.816358	0.954435	0.953991
4560	0.941272	0.996711	0.996659	0.816621	0.954920	0.954486
4570	0.941391	0.996711	0.996659	0.816776	0.954920	0.954486
4580	0.941532	0.996766	0.996716	0.816961	0.954920	0.954474
4590	0.941884	0.996766	0.996716	0.817406	0.954920	0.954560
4600	0.942066	0.996766	0.996716	0.817599	0.954920	0.954560
4610	0.942305	0.996766	0.996716	0.817850	0.954920	0.954552
4620	0.942424	0.996766	0.996716	0.817969	0.955405	0.954949
4630	0.942774	0.996766	0.996716	0.818261	0.954920	0.954474
4640	0.942888	0.996766	0.996716	0.818374	0.954920	0.954540
4650	0.943112	0.996766	0.996716	0.818548	0.955405	0.954947
4660	0.943224	0.996766	0.996716	0.818646	0.955405	0.955044
4670	0.943563	0.996766	0.996716	0.818923	0.954920	0.954495
4680	0.943718	0.996766	0.996716	0.819209	0.956374	0.955933
4690	0.944068	0.996766	0.996716	0.819475	0.955889	0.955458
4700	0.944245	0.996766	0.996716	0.819648	0.955889	0.955458
4710	0.944630	0.996989	0.996939	0.820057	0.955889	0.955458
4720	0.944716	0.996934	0.996883	0.820108	0.955889	0.955458
4730	0.944903	0.996989	0.996939	0.820271	0.955889	0.955361
4740	0.945047	0.997045	0.996995	0.820448	0.955889	0.955458
4750	0.945155	0.997045	0.996995	0.820541	0.955889	0.955458
4760	0.945436	0.997157	0.997108	0.820846	0.956374	0.955959
4770	0.945564	0.997212	0.997165	0.820914	0.956374	0.955894
4780	0.945846	0.997268	0.997222	0.821175	0.956859	0.956477
4790	0.945954	0.997268	0.997222	0.821236	0.956374	0.955894
4800	0.946245	0.997324	0.997279	0.821558	0.956859	0.956477
4810	0.946371	0.997324	0.997279	0.821630	0.956859	0.956477
4820	0.946624	0.997491	0.997447	0.821844	0.957344	0.956978
4830	0.946776	0.997435	0.997390	0.822007	0.956859	0.956477
4840	0.947030	0.997547	0.997503	0.822253	0.957344	0.957022
4850	0.947117	0.997547	0.997503	0.822341	0.957344	0.957022
4860	0.947277	0.997547	0.997503	0.822564	0.957344	0.957022
4870	0.947389	0.997547	0.997503	0.822800	0.957344	0.957022
4880	0.947560	0.997603	0.997559	0.823008	0.957828	0.957529
4890	0.947836	0.997603	0.997559	0.823279	0.957828	0.957484
4900	0.947970	0.997603	0.997559	0.823479	0.957344	0.956952
4910	0.948268	0.997603	0.997560	0.823721	0.957344	0.956996
4920	0.948380	0.997658	0.997617	0.823877	0.956859	0.956490
4930	0.948471	0.997658	0.997617	0.824034	0.956859	0.956490
4940	0.948734	0.997658	0.997617	0.824477	0.957344	0.957027
4950	0.948842	0.997658	0.997617	0.824627	0.957828	0.957529
4960	0.949106	0.997658	0.997617	0.824928	0.957828	0.957529
4970	0.949373	0.997714	0.997675	0.825242	0.957828	0.957529
4980	0.949494	0.997770	0.997730	0.825390	0.957828	0.957529
4990	0.949708	0.997881	0.997845	0.825563	0.957828	0.957529
5000	0.949847	0.997826	0.997788	0.825750	0.957828	0.957529
5010	0.950097	0.997881	0.997841	0.825964	0.957828	0.957529
5020	0.950206	0.997826	0.997784	0.826127	0.957828	0.957529
5030	0.950441	0.998049	0.998014	0.826400	0.957828	0.957484
5040	0.950535	0.998049	0.998014	0.826488	0.957344	0.956983
5050	0.950650	0.998049	0.998013	0.826583	0.957828	0.957484
5060	0.950916	0.998160	0.998126	0.826856	0.957828	0.957529
5070	0.951003	0.998160	0.998127	0.826923	0.957828	0.957529
5080	0.951198	0.998216	0.998184	0.827058	0.957344	0.957025
5090	0.951379	0.998327	0.998297	0.827266	0.957344	0.957025
5100	0.951501	0.998272	0.998240	0.827412	0.957828	0.957548
5110	0.951591	0.998272	0.998239	0.827466	0.957344	0.957046
5120	0.951805	0.998327	0.998299	0.827623	0.957344	0.957046
5130	0.951899	0.998327	0.998299	0.827723	0.957344	0.957046
5140	0.952097	0.998383	0.998356	0.827915	0.957344	0.957029
5150	0.952225	0.998327	0.998299	0.828050	0.957344	0.957029
5160	0.952421	0.998383	0.998356	0.828318	0.957344	0.957029
5170	0.952566	0.998383	0.998356	0.828448	0.957344	0.957029
5180	0.952831	0.998439	0.998411	0.828813	0.957828	0.957530
5190	0.952947	0.998439	0.998411	0.828932	0.958313	0.958050
5200	0.953180	0.998439	0.998410	0.829218	0.957828	0.957554
5210	0.953288	0.998495	0.998468	0.829361	0.957828	0.957554
5220	0.953488	0.998550	0.998525	0.829512	0.958313	0.958050
5230	0.953603	0.998550	0.998526	0.829623	0.958313	0.958050
5240	0.953746	0.998550	0.998524	0.829817	0.958313	0.958050
5250	0.953885	0.998550	0.998525	0.830127	0.958313	0.958050
5260	0.954114	0.998550	0.998524	0.830456	0.958313	0.958050
5270	0.954201	0.998550	0.998524	0.830538	0.958313	0.958050
5280	0.954428	0.998550	0.998524	0.830783	0.958313	0.958050
5290	0.954496	0.998550	0.998525	0.830859	0.958313	0.958050
5300	0.954662	0.998606	0.998582	0.830992	0.958798	0.958523
5310	0.954774	0.998606	0.998582	0.831115	0.958798	0.958541
5320	0.954995	0.998662	0.998639	0.831426	0.959283	0.958987
5330	0.955077	0.998662	0.998639	0.831525	0.959283	0.958987
5340	0.955288	0.998662	0.998639	0.831773	0.959283	0.959073
5350	0.955390	0.998662	0.998639	0.831846	0.959767	0.959520
5360	0.955572	0.998662	0.998639	0.832005	0.960252	0.959963
5370	0.955729	0.998662	0.998639	0.832190	0.960737	0.960535
5380	0.955824	0.998662	0.998639	0.832315	0.960252	0.959886
5390	0.955992	0.998662	0.998639	0.832599	0.960252	0.959930
5400	0.956059	0.998662	0.998639	0.832646	0.960737	0.960512
5410	0.956231	0.998718	0.998696	0.832787	0.960737	0.960470
5420	0.956373	0.998718	0.998696	0.832922	0.960737	0.960404
5430	0.956496	0.998718	0.998696	0.833036	0.960737	0.960393
5440	0.956570	0.998718	0.998696	0.833141	0.960737	0.960393
5450	0.956750	0.998718	0.998696	0.833281	0.961222	0.960998
5460	0.956905	0.998718	0.998695	0.833452	0.961706	0.961407
5470	0.957038	0.998718	0.998695	0.833563	0.961706	0.961434
5480	0.957109	0.998718	0.998695	0.833717	0.961706	0.961434
5490	0.957226	0.998718	0.998695	0.833840	0.961706	0.961434
5500	0.957326	0.998718	0.998695	0.833953	0.961706	0.961434
5510	0.957414	0.998718	0.998695	0.834087	0.961222	0.960862
5520	0.957628	0.998829	0.998809	0.834250	0.961706	0.961434
5530	0.957672	0.998829	0.998809	0.834315	0.961706	0.961434
5540	0.957762	0.998829	0.998809	0.834406	0.961706	0.961434
5550	0.957925	0.998941	0.998921	0.834622	0.961706	0.961395
5560	0.958111	0.998941	0.998921	0.834846	0.961706	0.961395
5570	0.958205	0.998941	0.998921	0.834988	0.961706	0.961395
5580	0.958288	0.998941	0.998921	0.835058	0.961706	0.961395
5590	0.958439	0.998941	0.998921	0.835248	0.961706	0.961395
5600	0.958592	0.998941	0.998921	0.835357	0.961706	0.961395
5610	0.958676	0.998941	0.998921	0.835446	0.962191	0.961988
5620	0.958857	0.998941	0.998921	0.835618	0.962191	0.962024
5630	0.958979	0.998941	0.998921	0.835835	0.962191	0.962024
5640	0.959112	0.998941	0.998921	0.835940	0.962191	0.962024
5650	0.959248	0.998941	0.998921	0.836100	0.962191	0.962024
5660	0.959285	0.998941	0.998921	0.836103	0.962191	0.962024
5670	0.959376	0.998941	0.998921	0.836146	0.962191	0.962024
5680	0.959465	0.998941	0.998921	0.836249	0.962191	0.962024
5690	0.959555	0.998996	0.998977	0.836359	0.961706	0.961575
5700	0.959628	0.998996	0.998977	0.836476	0.961706	0.961575
5710	0.959774	0.998996	0.998977	0.836641	0.961706	0.961575
5720	0.959874	0.998996	0.998974	0.836748	0.961706	0.961575
5730	0.959926	0.998996	0.998976	0.836810	0.961706	0.961575
5740	0.960010	0.998996	0.998976	0.836885	0.961222	0.961060
5750	0.960123	0.998996	0.998976	0.837052	0.961706	0.961575
5760	0.960189	0.998996	0.998974	0.837133	0.961706	0.961575
5770	0.960303	0.998996	0.998974	0.837177	0.961706	0.961455
5780	0.960359	0.998996	0.998974	0.837191	0.961706	0.961455
5790	0.960486	0.998996	0.998976	0.837299	0.961706	0.961508
5800	0.960624	0.998996	0.998976	0.837365	0.961706	0.961508
5810	0.960730	0.998996	0.998974	0.837497	0.961222	0.960936
5820	0.960818	0.998996	0.998974	0.837608	0.961706	0.961455
5830	0.960946	0.998996	0.998975	0.837787	0.961706	0.961455
5840	0.961015	0.998996	0.998974	0.837849	0.961706	0.961455
5850	0.961137	0.998996	0.998974	0.837956	0.961706	0.961455
5860	0.961218	0.998996	0.998974	0.837966	0.961706	0.961413
5870	0.961353	0.998996	0.998974	0.838102	0.962191	0.961988
5880	0.961403	0.998996	0.998974	0.838175	0.962191	0.961988
5890	0.961504	0.998996	0.998974	0.838297	0.962191	0.961988
5900	0.961579	0.998996	0.998974	0.838398	0.962191	0.961988
5910	0.961658	0.998996	0.998974	0.838456	0.962191	0.961988
5920	0.961770	0.998996	0.998973	0.838702	0.962191	0.961988
5930	0.961846	0.998996	0.998973	0.838822	0.962191	0.961988
5940	0.962007	0.998996	0.998975	0.838989	0.962191	0.961988
5950	0.962066	0.998996	0.998975	0.839081	0.962191	0.961988
5960	0.962205	0.998996	0.998974	0.839304	0.962191	0.961988
5970	0.962271	0.998996	0.998974	0.839395	0.962191	0.961988
5980	0.962323	0.998996	0.998974	0.839465	0.962191	0.961988
5990	0.962455	0.998996	0.998974	0.839641	0.962191	0.961988
6000	0.962511	0.998996	0.998974	0.839711	0.962191	0.961988
6010	0.962640	0.998996	0.998974	0.839884	0.962191	0.961988
6020	0.962701	0.998996	0.998974	0.840002	0.962191	0.961988
6030	0.962815	0.998996	0.998974	0.840118	0.962676	0.962504
6040	0.962870	0.998996	0.998974	0.840122	0.962676	0.962504
6050	0.962969	0.998996	0.998975	0.840293	0.962191	0.961930
6060	0.963040	0.998996	0.998975	0.840335	0.962191	0.961930
6070	0.963154	0.998996	0.998976	0.840461	0.962191	0.961930
6080	0.963262	0.998996	0.998977	0.840570	0.962191	0.961930
6090	0.963347	0.998996	0.998976	0.840647	0.962191	0.961930
6100	0.963445	0.998996	0.998977	0.840757	0.962191	0.961930
6110	0.963513	0.998996	0.998977	0.840873	0.962191	0.961930
6120	0.963582	0.998996	0.998977	0.840959	0.962191	0.961930
6130	0.963656	0.998996	0.998977	0.841075	0.962676	0.962374
6140	0.963737	0.998996	0.998977	0.841121	0.962676	0.962374
6150	0.963796	0.998996	0.998977	0.841174	0.962676	0.962374
6160	0.963881	0.998996	0.998977	0.841247	0.963160	0.962875
6170	0.963970	0.998996	0.998977	0.841267	0.963160	0.962949
6180	0.964028	0.998996	0.998976	0.841378	0.962676	0.962374
6190	0.964074	0.998996	0.998976	0.841449	0.962676	0.962374
6200	0.964117	0.998996	0.998976	0.841523	0.962676	0.962374
6210	0.964225	0.998996	0.998976	0.841624	0.963645	0.963304
6220	0.964292	0.998996	0.998976	0.841710	0.963645	0.963304
6230	0.964356	0.998996	0.998976	0.841785	0.963160	0.962875
6240	0.964477	0.998996	0.998977	0.841894	0.963160	0.962875
6250	0.964525	0.998996	0.998977	0.841935	0.963160	0.962875
6260	0.964629	0.999052	0.999032	0.842048	0.963160	0.962803
6270	0.964685	0.999052	0.999032	0.842114	0.963160	0.962803
6280	0.964789	0.999052	0.999032	0.842149	0.963160	0.962803
6290	0.964855	0.999052	0.999032	0.842255	0.963160	0.962803
6300	0.964990	0.999052	0.999032	0.842425	0.963160	0.962803
6310	0.965083	0.999052	0.999032	0.842542	0.963160	0.962803
6320	0.965152	0.999052	0.999032	0.842609	0.963160	0.962845
6330	0.965249	0.999052	0.999032	0.842721	0.963645	0.963286
6340	0.965344	0.999052	0.999032	0.842799	0.963645	0.963286
6350	0.965408	0.999052	0.999032	0.842971	0.963645	0.963286
6360	0.965535	0.999108	0.999089	0.843106	0.964130	0.963787
6370	0.965661	0.999108	0.999089	0.843380	0.964130	0.963787
6380	0.965720	0.999108	0.999089	0.843480	0.964130	0.963787
6390	0.965836	0.999108	0.999089	0.843622	0.963645	0.963286
6400	0.965877	0.999108	0.999089	0.843693	0.963645	0.963286
6410	0.965918	0.999108	0.999089	0.843754	0.963645	0.963286
6420	0.966010	0.999108	0.999089	0.843842	0.963645	0.963286
6430	0.966064	0.999108	0.999089	0.843929	0.963645	0.963286
6440	0.966151	0.999108	0.999089	0.844058	0.963645	0.963286
6450	0.966205	0.999108	0.999089	0.844103	0.963645	0.963286
6460	0.966291	0.999108	0.999089	0.844192	0.963645	0.963286
6470	0.966320	0.999108	0.999089	0.844233	0.963645	0.963286
6480	0.966411	0.999108	0.999089	0.844334	0.963645	0.963286
6490	0.966461	0.999108	0.999089	0.844449	0.963645	0.963286
6500	0.966559	0.999108	0.999089	0.844570	0.963645	0.963286
6510	0.966606	0.999108	0.999089	0.844619	0.963645	0.963286
6520	0.966680	0.999108	0.999089	0.844710	0.963645	0.963286
6530	0.966727	0.999108	0.999089	0.844753	0.963645	0.963286
6540	0.966770	0.999108	0.999089	0.844818	0.964130	0.963787
6550	0.966866	0.999164	0.999146	0.844935	0.964130	0.963787
6560	0.966932	0.999164	0.999146	0.845004	0.963645	0.963400
6570	0.967017	0.999219	0.999202	0.845079	0.963645	0.963400
6580	0.967050	0.999219	0.999202	0.845088	0.964130	0.963883
6590	0.967128	0.999219	0.999202	0.845229	0.964615	0.964312
6600	0.967186	0.999219	0.999202	0.845299	0.964615	0.964312
6610	0.967251	0.999219	0.999202	0.845373	0.964130	0.963829
6620	0.967320	0.999219	0.999202	0.845456	0.964615	0.964312
6630	0.967425	0.999219	0.999202	0.845556	0.964130	0.963829
6640	0.967486	0.999219	0.999202	0.845637	0.964615	0.964312
6650	0.967582	0.999219	0.999202	0.845752	0.964615	0.964312
6660	0.967657	0.999219	0.999203	0.845810	0.964130	0.963811
6670	0.967739	0.999219	0.999204	0.845866	0.964130	0.963811
6680	0.967830	0.999219	0.999204	0.845974	0.964130	0.963811
6690	0.967876	0.999219	0.999204	0.846002	0.964615	0.964319
6700	0.967962	0.999219	0.999204	0.846108	0.964615	0.964319
6710	0.968009	0.999219	0.999204	0.846164	0.964615	0.964319
6720	0.968106	0.999219	0.999204	0.846255	0.964615	0.964319
6730	0.968153	0.999219	0.999204	0.846344	0.964615	0.964319
6740	0.968233	0.999219	0.999203	0.846472	0.964615	0.964319
6750	0.968286	0.999275	0.999258	0.846565	0.964615	0.964319
6760	0.968340	0.999275	0.999258	0.846638	0.964615	0.964319
6770	0.968372	0.999275	0.999258	0.846702	0.964615	0.964280
6780	0.968466	0.999275	0.999258	0.846737	0.964615	0.964280
6790	0.968529	0.999275	0.999259	0.846788	0.964615	0.964280
6800	0.968578	0.999275	0.999259	0.846862	0.964615	0.964319
6810	0.968644	0.999275	0.999259	0.846938	0.964615	0.964319
6820	0.968687	0.999275	0.999259	0.847008	0.965099	0.964753
6830	0.968765	0.999275	0.999259	0.847099	0.965584	0.965194
6840	0.968811	0.999275	0.999259	0.847185	0.965584	0.965194
6850	0.968901	0.999331	0.999317	0.847341	0.965099	0.964685
6860	0.968943	0.999331	0.999317	0.847422	0.965584	0.965194
6870	0.968985	0.999331	0.999317	0.847493	0.965584	0.965194
6880	0.969070	0.999331	0.999317	0.847598	0.965099	0.964685
6890	0.969159	0.999331	0.999317	0.847677	0.965584	0.965194
6900	0.969230	0.999331	0.999317	0.847748	0.965584	0.965233
6910	0.969284	0.999331	0.999317	0.847796	0.965584	0.965194
6920	0.969374	0.999387	0.999375	0.847858	0.965584	0.965194
6930	0.969440	0.999387	0.999375	0.847931	0.965099	0.964760
6940	0.969481	0.999387	0.999375	0.848013	0.964615	0.964291
6950	0.969519	0.999387	0.999375	0.848041	0.965099	0.964799
6960	0.969578	0.999387	0.999375	0.848133	0.964615	0.964291
6970	0.969605	0.999387	0.999375	0.848128	0.964615	0.964252
6980	0.969648	0.999387	0.999376	0.848159	0.964615	0.964252
6990	0.969724	0.999387	0.999376	0.848251	0.965099	0.964685
7000	0.969775	0.999387	0.999375	0.848305	0.965099	0.964685
7010	0.969811	0.999387	0.999375	0.848327	0.965099	0.964685
7020	0.969890	0.999387	0.999375	0.848426	0.965099	0.964685
7030	0.969923	0.999387	0.999375	0.848473	0.965099	0.964685
7040	0.969995	0.999442	0.999432	0.848531	0.965099	0.964685
7050	0.970019	0.999442	0.999432	0.848586	0.965584	0.965254
7060	0.970065	0.999442	0.999432	0.848651	0.965584	0.965254
7070	0.970108	0.999442	0.999432	0.848687	0.965584	0.965194
7080	0.970172	0.999442	0.999432	0.848768	0.966069	0.965762
7090	0.970207	0.999442	0.999432	0.848802	0.966069	0.965762
7100	0.970289	0.999498	0.999488	0.848905	0.966069	0.965762
7110	0.970337	0.999498	0.999488	0.848964	0.966069	0.965762
7120	0.970395	0.999498	0.999488	0.849098	0.966069	0.965762
7130	0.970477	0.999498	0.999488	0.849218	0.965584	0.965194
7140	0.970576	0.999498	0.999489	0.849315	0.965584	0.965194
7150	0.970663	0.999498	0.999489	0.849425	0.965584	0.965194
7160	0.970714	0.999498	0.999489	0.849526	0.965584	0.965194
7170	0.970782	0.999498	0.999489	0.849565	0.965584	0.965194
7180	0.970828	0.999498	0.999489	0.849631	0.965584	0.965194
7190	0.970886	0.999498	0.999488	0.849686	0.965584	0.965194
7200	0.970918	0.999498	0.999488	0.849704	0.965584	0.965194
7210	0.970978	0.999498	0.999489	0.849745	0.965584	0.965194
7220	0.971012	0.999498	0.999489	0.849762	0.965584	0.965194
7230	0.971087	0.999498	0.999489	0.849886	0.965584	0.965194
7240	0.971167	0.999498	0.999489	0.849959	0.965584	0.965194
7250	0.971200	0.999498	0.999489	0.849998	0.965584	0.965194
7260	0.971269	0.999498	0.999489	0.850093	0.965584	0.965194
7270	0.971335	0.999498	0.999489	0.850192	0.965584	0.965194
7280	0.971393	0.999498	0.999489	0.850267	0.965584	0.965194
7290	0.971435	0.999498	0.999489	0.850330	0.965584	0.965160
7300	0.971505	0.999498	0.999488	0.850401	0.966069	0.965735
7310	0.971566	0.999498	0.999488	0.850489	0.965584	0.965160
7320	0.971611	0.999498	0.999488	0.850571	0.966069	0.965735
7330	0.971672	0.999498	0.999488	0.850675	0.966069	0.965735
7340	0.971706	0.999498	0.999488	0.850700	0.966069	0.965735
7350	0.971767	0.999498	0.999488	0.850809	0.965584	0.965160
7360	0.971844	0.999498	0.999488	0.850884	0.965584	0.965160
7370	0.971873	0.999498	0.999488	0.850946	0.966069	0.965735
7380	0.971928	0.999498	0.999488	0.851015	0.966069	0.965735
7390	0.971990	0.999498	0.999488	0.851100	0.966554	0.966150
7400	0.972048	0.999498	0.999488	0.851148	0.966554	0.966150
7410	0.972129	0.999498	0.999488	0.851201	0.966069	0.965735
7420	0.972178	0.999498	0.999489	0.851225	0.966069	0.965735
7430	0.972214	0.999498	0.999489	0.851301	0.965584	0.965160
7440	0.972281	0.999554	0.999545	0.851442	0.965584	0.965160
7450	0.972348	0.999554	0.999545	0.851498	0.965584	0.965160
7460	0.972382	0.999554	0.999545	0.851522	0.966069	0.965735
7470	0.972451	0.999554	0.999545	0.851616	0.966069	0.965735
7480	0.972473	0.999554	0.999545	0.851652	0.966069	0.965735
7490	0.972526	0.999554	0.999545	0.851733	0.966069	0.965735
7500	0.972555	0.999554	0.999545	0.851753	0.966069	0.965735
7510	0.972614	0.999554	0.999545	0.851836	0.966554	0.966236
7520	0.972639	0.999554	0.999545	0.851866	0.966554	0.966236
7530	0.972707	0.999554	0.999546	0.851971	0.966554	0.966236
7540	0.972741	0.999554	0.999546	0.852053	0.966554	0.966236
7550	0.972795	0.999554	0.999545	0.852087	0.966554	0.966236
7560	0.972826	0.999554	0.999545	0.852152	0.966554	0.966236
7570	0.972894	0.999554	0.999545	0.852210	0.966554	0.966236
7580	0.972946	0.999554	0.999545	0.852267	0.966554	0.966236
7590	0.973004	0.999554	0.999545	0.852347	0.966554	0.966236
7600	0.973027	0.999554	0.999545	0.852389	0.966554	0.966236
7610	0.973060	0.999554	0.999545	0.852446	0.966554	0.966236
7620	0.973106	0.999554	0.999545	0.852495	0.966554	0.966236
7630	0.973172	0.999554	0.999545	0.852558	0.966554	0.966236
7640	0.973226	0.999554	0.999545	0.852621	0.966069	0.965735
7650	0.973250	0.999554	0.999545	0.852665	0.966554	0.966236
7660	0.973287	0.999554	0.999545	0.852729	0.966554	0.966236
7670	0.973319	0.999554	0.999545	0.852802	0.966554	0.966236
7680	0.973382	0.999554	0.999545	0.852926	0.966069	0.965735
7690	0.973413	0.999554	0.999545	0.852963	0.966554	0.966236
7700	0.973470	0.999554	0.999545	0.853035	0.967038	0.966651
7710	0.973506	0.999554	0.999545	0.853080	0.967038	0.966651
7720	0.973573	0.999554	0.999545	0.853126	0.966554	0.966236
7730	0.973616	0.999554	0.999545	0.853190	0.966554	0.966236
7740	0.973663	0.999554	0.999545	0.853310	0.966554	0.966236
7750	0.973694	0.999554	0.999545	0.853312	0.966554	0.966236
7760	0.973721	0.999554	0.999545	0.853364	0.966554	0.966236
7770	0.973780	0.999554	0.999545	0.853404	0.966554	0.966236
7780	0.973832	0.999554	0.999545	0.853460	0.966554	0.966236
7790	0.973861	0.999554	0.999545	0.853526	0.966554	0.966236
7800	0.973891	0.999554	0.999545	0.853605	0.966554	0.966236
7810	0.973940	0.999554	0.999545	0.853657	0.966554	0.966150
7820	0.973989	0.999554	0.999545	0.853699	0.967038	0.966651
7830	0.974017	0.999554	0.999545	0.853738	0.967038	0.966651
7840	0.974056	0.999554	0.999545	0.853788	0.967038	0.966651
7850	0.974105	0.999554	0.999545	0.853884	0.967523	0.967118
7860	0.974130	0.999554	0.999545	0.853904	0.967523	0.967118
7870	0.974180	0.999554	0.999545	0.854013	0.967523	0.967118
7880	0.974203	0.999554	0.999545	0.854056	0.967523	0.967118
7890	0.974242	0.999554	0.999545	0.854076	0.967523	0.967118
7900	0.974292	0.999554	0.999545	0.854112	0.967523	0.967118
7910	0.974324	0.999554	0.999545	0.854175	0.967523	0.967118
7920	0.974381	0.999554	0.999545	0.854225	0.967523	0.967118
7930	0.974413	0.999554	0.999545	0.854253	0.967523	0.967118
7940	0.974429	0.999554	0.999545	0.854282	0.967523	0.967118
7950	0.974462	0.999554	0.999545	0.854339	0.967523	0.967118
7960	0.974493	0.999554	0.999545	0.854430	0.967523	0.967118
7970	0.974544	0.999610	0.999602	0.854556	0.967523	0.967118
7980	0.974586	0.999610	0.999602	0.854584	0.967523	0.967118
7990	0.974610	0.999610	0.999602	0.854627	0.967523	0.967118
8000	0.974638	0.999610	0.999602	0.854636	0.967523	0.967118
8010	0.974721	0.999610	0.999602	0.854766	0.967523	0.967118
8020	0.974745	0.999610	0.999602	0.854779	0.967523	0.967118
8030	0.974769	0.999610	0.999602	0.854814	0.967523	0.967118
8040	0.974796	0.999610	0.999602	0.854863	0.967523	0.967118
8050	0.974854	0.999610	0.999602	0.854935	0.967523	0.967118
8060	0.974884	0.999610	0.999602	0.854965	0.967523	0.967118
8070	0.974966	0.999665	0.999659	0.855055	0.967523	0.967118
8080	0.974995	0.999665	0.999659	0.855092	0.967523	0.967118
8090	0.975040	0.999665	0.999659	0.855152	0.967523	0.967118
8100	0.975073	0.999665	0.999659	0.855225	0.967523	0.967118
8110	0.975123	0.999665	0.999659	0.855271	0.967523	0.967118
8120	0.975152	0.999665	0.999659	0.855347	0.967523	0.967118
8130	0.975186	0.999665	0.999659	0.855423	0.967523	0.967118
8140	0.975232	0.999665	0.999657	0.855454	0.967523	0.967118
8150	0.975256	0.999665	0.999657	0.855476	0.967523	0.967118
8160	0.975283	0.999665	0.999657	0.855488	0.967523	0.967145
8170	0.975320	0.999665	0.999657	0.855508	0.967523	0.967145
8180	0.975336	0.999665	0.999657	0.855528	0.967523	0.967145
8190	0.975367	0.999665	0.999657	0.855547	0.967523	0.967118
8200	0.975383	0.999665	0.999657	0.855591	0.967523	0.967145
8210	0.975424	0.999665	0.999657	0.855638	0.967523	0.967145
8220	0.975446	0.999665	0.999657	0.855709	0.967523	0.967145
8230	0.975462	0.999665	0.999657	0.855737	0.967523	0.967145
8240	0.975508	0.999665	0.999657	0.855774	0.967523	0.967145
8250	0.975536	0.999721	0.999715	0.855842	0.967523	0.967145
8260	0.975590	0.999777	0.999772	0.855908	0.967523	0.967145
8270	0.975609	0.999777	0.999772	0.855933	0.967523	0.967145
8280	0.975660	0.999777	0.999772	0.856008	0.967523	0.967145
8290	0.975683	0.999777	0.999772	0.856025	0.967523	0.967145
8300	0.975714	0.999777	0.999772	0.856060	0.967523	0.967145
8310	0.975752	0.999777	0.999772	0.856086	0.967523	0.967145
8320	0.975795	0.999777	0.999772	0.856131	0.967523	0.967145
8330	0.975828	0.999777	0.999772	0.856166	0.967523	0.967145
8340	0.975872	0.999777	0.999772	0.856207	0.967523	0.967145
8350	0.975900	0.999777	0.999772	0.856234	0.967523	0.967145
8360	0.975933	0.999777	0.999772	0.856277	0.967523	0.967145
8370	0.975964	0.999777	0.999772	0.856310	0.967523	0.967145
8380	0.975997	0.999777	0.999772	0.856328	0.967523	0.967145
8390	0.976052	0.999833	0.999829	0.856404	0.967038	0.966538
8400	0.976080	0.999833	0.999829	0.856446	0.967038	0.966538
8410	0.976122	0.999833	0.999829	0.856507	0.967523	0.967050
8420	0.976148	0.999833	0.999829	0.856548	0.967523	0.967050
8430	0.976180	0.999833	0.999829	0.856595	0.967523	0.967050
8440	0.976236	0.999833	0.999829	0.856634	0.967523	0.967050
8450	0.976284	0.999833	0.999829	0.856740	0.967523	0.967050
8460	0.976326	0.999833	0.999829	0.856802	0.967523	0.967050
8470	0.976354	0.999833	0.999829	0.856845	0.967523	0.967050
8480	0.976380	0.999833	0.999829	0.856872	0.967523	0.967050
8490	0.976425	0.999833	0.999829	0.856924	0.967523	0.967050
8500	0.976446	0.999833	0.999829	0.856969	0.967523	0.967050
8510	0.976487	0.999833	0.999829	0.857023	0.967523	0.967050
8520	0.976512	0.999833	0.999829	0.857087	0.967523	0.967050
8530	0.976546	0.999833	0.999829	0.857159	0.967523	0.967050
8540	0.976582	0.999833	0.999829	0.857150	0.967523	0.967050
8550	0.976610	0.999833	0.999829	0.857196	0.967523	0.967050
8560	0.976654	0.999833	0.999829	0.857253	0.967523	0.967050
8570	0.976686	0.999833	0.999829	0.857266	0.967523	0.967023
8580	0.976710	0.999833	0.999829	0.857313	0.967523	0.967023
8590	0.976752	0.999833	0.999829	0.857361	0.967523	0.967050
8600	0.976799	0.999833	0.999829	0.857433	0.967523	0.967050
8610	0.976844	0.999833	0.999829	0.857490	0.967523	0.967050
8620	0.976869	0.999833	0.999829	0.857538	0.967523	0.967050
8630	0.976905	0.999833	0.999829	0.857589	0.967523	0.967050
8640	0.976930	0.999833	0.999829	0.857610	0.967523	0.967050
8650	0.976967	0.999833	0.999829	0.857687	0.967523	0.967050
8660	0.977015	0.999833	0.999829	0.857719	0.967523	0.967050
8670	0.977052	0.999833	0.999829	0.857749	0.967523	0.967050
8680	0.977096	0.999833	0.999829	0.857836	0.967523	0.967050
8690	0.977125	0.999833	0.999829	0.857853	0.967523	0.967050
8700	0.977176	0.999833	0.999829	0.857909	0.967523	0.967023
8710	0.977203	0.999833	0.999829	0.857982	0.967523	0.967023
8720	0.977230	0.999833	0.999829	0.858029	0.967523	0.967023
8730	0.977260	0.999833	0.999829	0.858062	0.967523	0.967023
8740	0.977287	0.999833	0.999829	0.858064	0.967523	0.967023
8750	0.977321	0.999888	0.999887	0.858089	0.967523	0.967050
8760	0.977350	0.999888	0.999887	0.858125	0.967523	0.967050
8770	0.977408	0.999944	0.999943	0.858172	0.967523	0.967050
8780	0.977427	0.999944	0.999943	0.858214	0.967523	0.967050
8790	0.977448	0.999944	0.999943	0.858241	0.967523	0.967050
8800	0.977484	0.999944	0.999943	0.858290	0.967523	0.967050
8810	0.977505	0.999944	0.999943	0.858327	0.967523	0.967050
8820	0.977524	0.999944	0.999943	0.858362	0.967523	0.967050
8830	0.977566	0.999944	0.999943	0.858441	0.967523	0.967050
8840	0.977594	0.999944	0.999943	0.858467	0.967523	0.967050
8850	0.977650	0.999944	0.999943	0.858496	0.967523	0.967050
8860	0.977669	0.999944	0.999943	0.858527	0.967523	0.967050
8870	0.977686	0.999944	0.999943	0.858552	0.967523	0.967050
8880	0.977709	0.999944	0.999943	0.858584	0.967523	0.967050
8890	0.977752	0.999944	0.999943	0.858629	0.967523	0.967050
8900	0.977773	0.999944	0.999943	0.858627	0.967523	0.967050
8910	0.977799	0.999944	0.999943	0.858697	0.967523	0.967050
8920	0.977840	0.999944	0.999943	0.858742	0.967523	0.967050
8930	0.977859	0.999944	0.999943	0.858751	0.967523	0.967050
8940	0.977911	0.999944	0.999943	0.858830	0.967523	0.967050
8950	0.977930	0.999944	0.999943	0.858845	0.967523	0.967050
8960	0.977959	0.999944	0.999943	0.858866	0.967523	0.967050
8970	0.977987	0.999944	0.999943	0.858929	0.967523	0.967050
8980	0.978024	0.999944	0.999943	0.858958	0.967523	0.967050
8990	0.978049	0.999944	0.999943	0.858987	0.967523	0.967050
9000	0.978085	0.999944	0.999943	0.859003	0.967523	0.967050
9010	0.978106	0.999944	0.999943	0.858999	0.967523	0.967050
9020	0.978138	0.999944	0.999943	0.859032	0.967523	0.967050
9030	0.978162	0.999944	0.999943	0.859068	0.967523	0.967050
9040	0.978195	0.999944	0.999943	0.859081	0.967523	0.967050
9050	0.978224	0.999944	0.999943	0.859086	0.967523	0.967050
9060	0.978253	0.999944	0.999943	0.859124	0.967523	0.967050
9070	0.978291	0.999944	0.999943	0.859156	0.967523	0.967050
9080	0.978314	0.999944	0.999943	0.859196	0.967523	0.967050
9090	0.978356	0.999944	0.999943	0.859264	0.967523	0.967050
9100	0.978385	0.999944	0.999943	0.859326	0.967523	0.967050
9110	0.978419	0.999944	0.999943	0.859379	0.967523	0.967050
9120	0.978450	0.999944	0.999943	0.859408	0.967523	0.967050
9130	0.978481	0.999944	0.999943	0.859453	0.967523	0.967050
9140	0.978503	0.999944	0.999943	0.859495	0.967523	0.967050
9150	0.978535	0.999944	0.999943	0.859543	0.967523	0.967050
9160	0.978574	0.999944	0.999943	0.859596	0.967523	0.967050
9170	0.978594	0.999944	0.999943	0.859612	0.967523	0.967050
9180	0.978625	0.999944	0.999943	0.859707	0.967523	0.967050
9190	0.978653	0.999944	0.999943	0.859757	0.967523	0.967050
9200	0.978684	0.999944	0.999943	0.859782	0.967523	0.967050
9210	0.978705	0.999944	0.999943	0.859799	0.967523	0.967050
9220	0.978734	0.999944	0.999943	0.859853	0.967523	0.967050
9230	0.978751	0.999944	0.999943	0.859833	0.967523	0.967050
9240	0.978771	0.999944	0.999943	0.859867	0.967523	0.967050
9250	0.978797	0.999944	0.999943	0.859899	0.967523	0.967050
9260	0.978815	0.999944	0.999943	0.859904	0.967523	0.967050
9270	0.978857	0.999944	0.999943	0.859916	0.967523	0.967050
9280	0.978879	0.999944	0.999943	0.859951	0.967523	0.967050
9290	0.978905	0.999944	0.999943	0.859977	0.967523	0.967050
9300	0.978939	0.999944	0.999943	0.860001	0.967523	0.967050
9310	0.978965	0.999944	0.999943	0.860013	0.967523	0.967050
9320	0.978978	0.999944	0.999943	0.860015	0.967523	0.967050
9330	0.979000	0.999944	0.999943	0.860033	0.967523	0.967050
9340	0.979033	0.999944	0.999943	0.860044	0.967523	0.967050
9350	0.979066	0.999944	0.999943	0.860100	0.967523	0.967050
9360	0.979078	0.999944	0.999943	0.860100	0.967523	0.967050
9370	0.979095	0.999944	0.999943	0.860119	0.967523	0.967050
9380	0.979114	0.999944	0.999943	0.860134	0.967523	0.967050
9390	0.979145	0.999944	0.999943	0.860195	0.967523	0.967023
9400	0.979167	0.999944	0.999943	0.860207	0.967523	0.967050
9410	0.979192	0.999944	0.999943	0.860268	0.967523	0.967050
9420	0.979226	0.999944	0.999943	0.860269	0.967523	0.967050
9430	0.979246	0.999944	0.999943	0.860281	0.967523	0.967050
9440	0.979265	0.999944	0.999943	0.860337	0.967038	0.966606
9450	0.979285	0.999944	0.999943	0.860349	0.967038	0.966606
9460	0.979323	0.999944	0.999943	0.860391	0.967038	0.966606
9470	0.979339	0.999944	0.999943	0.860405	0.967038	0.966606
9480	0.979360	0.999944	0.999943	0.860390	0.967038	0.966606
9490	0.979384	0.999944	0.999943	0.860414	0.967038	0.966606
9500	0.979397	0.999944	0.999943	0.860438	0.967038	0.966606
9510	0.979421	0.999944	0.999943	0.860458	0.967038	0.966606
9520	0.979440	0.999944	0.999943	0.860477	0.967038	0.966606
9530	0.979477	0.999944	0.999943	0.860570	0.967038	0.966606
9540	0.979498	0.999944	0.999943	0.860592	0.967038	0.966606
9550	0.979528	0.999944	0.999943	0.860615	0.967038	0.966606
9560	0.979545	0.999944	0.999943	0.860617	0.967038	0.966579
9570	0.979559	0.999944	0.999943	0.860652	0.967038	0.966579
9580	0.979576	0.999944	0.999943	0.860684	0.967038	0.966579
9590	0.979603	0.999944	0.999943	0.860711	0.967038	0.966606
9600	0.979620	0.999944	0.999943	0.860710	0.967038	0.966579
9610	0.979648	0.999944	0.999943	0.860745	0.967038	0.966579
9620	0.979673	0.999944	0.999943	0.860747	0.967038	0.966579
9630	0.979690	0.999944	0.999943	0.860756	0.967038	0.966579
9640	0.979708	0.999944	0.999943	0.860769	0.967038	0.966579
9650	0.979736	0.999944	0.999943	0.860790	0.967038	0.966579
9660	0.979759	0.999944	0.999943	0.860788	0.967038	0.966579
9670	0.979779	0.999944	0.999943	0.860805	0.967038	0.966579
9680	0.979819	0.999944	0.999943	0.860843	0.967038	0.966579
9690	0.979844	0.999944	0.999943	0.860881	0.967038	0.966579
9700	0.979875	0.999944	0.999943	0.860919	0.967038	0.966579
9710	0.979900	0.999944	0.999943	0.860937	0.967038	0.966579
9720	0.979917	0.999944	0.999943	0.860973	0.967038	0.966579
9730	0.979954	0.999944	0.999943	0.861013	0.967038	0.966579
9740	0.979970	0.999944	0.999943	0.861090	0.967038	0.966579
9750	0.979982	0.999944	0.999943	0.861132	0.967038	0.966579
9760	0.979989	0.999944	0.999943	0.861124	0.967038	0.966579
9770	0.980013	0.999944	0.999943	0.861140	0.967038	0.966579
9780	0.980032	0.999944	0.999943	0.861186	0.967038	0.966579
9790	0.980052	0.999944	0.999943	0.861208	0.967038	0.966579
9800	0.980081	0.999944	0.999943	0.861251	0.967038	0.966606
9810	0.980094	0.999944	0.999943	0.861274	0.967038	0.966606
9820	0.980116	0.999944	0.999943	0.861322	0.967038	0.966606
9830	0.980148	0.999944	0.999943	0.861342	0.967038	0.966606
9840	0.980166	0.999944	0.999943	0.861378	0.967038	0.966606
9850	0.980193	0.999944	0.999943	0.861415	0.967038	0.966606
9860	0.980213	0.999944	0.999943	0.861448	0.967038	0.966606
9870	0.980233	0.999944	0.999943	0.861480	0.967038	0.966579
9880	0.980271	0.999944	0.999943	0.861517	0.967038	0.966579
9890	0.980289	0.999944	0.999943	0.861548	0.967038	0.966606
9900	0.980304	0.999944	0.999943	0.861583	0.967038	0.966606
9910	0.980335	0.999944	0.999943	0.861633	0.967038	0.966606
9920	0.980359	0.999944	0.999943	0.861667	0.967038	0.966606
9930	0.980384	0.999944	0.999943	0.861729	0.967038	0.966606
9940	0.980403	0.999944	0.999943	0.861751	0.967038	0.966606
9950	0.980424	0.999944	0.999943	0.861778	0.967038	0.966606
9960	0.980456	0.999944	0.999943	0.861851	0.967038	0.966606
9970	0.980478	0.999944	0.999943	0.861860	0.967038	0.966579
9980	0.980496	0.999944	0.999943	0.861894	0.967038	0.966579
9990	0.980526	0.999944	0.999943	0.861915	0.967038	0.966579
10000	0.980552	0.999944	0.999943	0.861935	0.967038	0.966579
