10	0.493255	0.865712	0.866060	0.493057	0.865098	0.863096
20	0.598517	0.900919	0.901533	0.596355	0.901061	0.900122
30	0.656259	0.920876	0.921285	0.651574	0.916805	0.916011
40	0.694613	0.932309	0.932444	0.687025	0.924428	0.923677
50	0.724532	0.940537	0.940542	0.714508	0.931389	0.930558
60	0.748389	0.945781	0.945716	0.736316	0.938349	0.937641
70	0.768139	0.950506	0.950376	0.753630	0.942658	0.941952
80	0.785021	0.954379	0.954217	0.768186	0.942990	0.942244
90	0.798812	0.957362	0.957192	0.779532	0.945310	0.944597
100	0.810778	0.960086	0.959911	0.789472	0.947630	0.946884
110	0.821387	0.962606	0.962431	0.798151	0.949950	0.949240
120	0.830711	0.964941	0.964772	0.805778	0.950447	0.949740
130	0.838933	0.966868	0.966706	0.812343	0.953265	0.952605
140	0.846385	0.969018	0.968857	0.818028	0.953762	0.953108
150	0.853305	0.970444	0.970296	0.823378	0.954756	0.954089
160	0.859587	0.972112	0.971969	0.828287	0.956082	0.955412
170	0.865287	0.973335	0.973202	0.832757	0.956414	0.955762
180	0.870555	0.974540	0.974404	0.836468	0.957408	0.956782
190	0.875363	0.975874	0.975746	0.840081	0.957739	0.957115
200	0.879847	0.977115	0.976994	0.843451	0.958402	0.957789
210	0.884034	0.978320	0.978209	0.846432	0.958900	0.958298
220	0.888005	0.979246	0.979144	0.849300	0.959397	0.958796
230	0.891514	0.980154	0.980060	0.851865	0.960225	0.959639
240	0.895054	0.980747	0.980657	0.854330	0.961220	0.960651
250	0.898258	0.981451	0.981379	0.856742	0.961883	0.961355
260	0.901301	0.982063	0.981997	0.858804	0.962711	0.962192
270	0.904251	0.983063	0.983000	0.860943	0.962711	0.962178
280	0.906984	0.983582	0.983519	0.862948	0.962711	0.962169
290	0.909720	0.984416	0.984362	0.864846	0.963208	0.962678
300	0.912234	0.984935	0.984883	0.866532	0.964037	0.963526
310	0.914560	0.985472	0.985420	0.868235	0.964534	0.964023
320	0.916719	0.986065	0.986024	0.869708	0.965197	0.964684
330	0.918766	0.986714	0.986678	0.871049	0.964866	0.964348
340	0.920813	0.987159	0.987123	0.872331	0.965197	0.964685
350	0.922812	0.987677	0.987636	0.873495	0.965197	0.964689
360	0.924625	0.988215	0.988184	0.874736	0.965694	0.965193
370	0.926407	0.988771	0.988738	0.875986	0.965694	0.965165
380	0.928110	0.989160	0.989130	0.877094	0.966357	0.965865
390	0.929731	0.989493	0.989467	0.878168	0.966523	0.966034
400	0.931225	0.989790	0.989766	0.879185	0.966854	0.966398
