10	0.494874	0.867421	0.867667	0.490300	0.859943	0.858916
20	0.600774	0.902387	0.902951	0.590569	0.894408	0.894266
30	0.657678	0.921969	0.922202	0.642456	0.912485	0.912487
40	0.696548	0.933507	0.933555	0.677889	0.921946	0.921664
50	0.726297	0.941181	0.941109	0.704563	0.929887	0.929486
60	0.750178	0.946728	0.946606	0.725753	0.934279	0.933861
70	0.769970	0.951092	0.950944	0.743341	0.937827	0.937428
80	0.785967	0.954420	0.954258	0.757126	0.941713	0.941278
90	0.799887	0.957712	0.957542	0.769418	0.943909	0.943497
100	0.811991	0.960300	0.960126	0.779627	0.945261	0.944836
110	0.822491	0.963055	0.962896	0.788573	0.947119	0.946720
120	0.831732	0.965126	0.964963	0.796277	0.947964	0.947598
130	0.840260	0.967123	0.966957	0.803309	0.950498	0.950133
140	0.847639	0.968640	0.968478	0.809494	0.951850	0.951476
150	0.854550	0.970230	0.970084	0.814974	0.952526	0.952187
160	0.860675	0.971746	0.971611	0.819673	0.954384	0.954003
170	0.866403	0.973040	0.972913	0.824417	0.956074	0.955715
180	0.871602	0.974520	0.974396	0.828748	0.956243	0.955897
190	0.876319	0.975925	0.975803	0.832403	0.957594	0.957260
200	0.880818	0.977441	0.977333	0.835820	0.957594	0.957284
210	0.885080	0.978403	0.978302	0.838928	0.958101	0.957784
220	0.888937	0.979364	0.979267	0.841851	0.959284	0.958999
230	0.892451	0.980215	0.980121	0.844660	0.960466	0.960218
240	0.895803	0.981158	0.981076	0.847095	0.960804	0.960538
250	0.898934	0.981842	0.981760	0.849448	0.960804	0.960542
260	0.901904	0.982748	0.982674	0.851450	0.960635	0.960397
270	0.904764	0.983284	0.983212	0.853454	0.961649	0.961429
280	0.907398	0.984042	0.983982	0.855254	0.961480	0.961263
290	0.909900	0.984338	0.984285	0.857061	0.962156	0.961944
300	0.912409	0.985041	0.984993	0.858986	0.962325	0.962116
310	0.914742	0.985744	0.985696	0.860589	0.962494	0.962291
320	0.916900	0.986298	0.986257	0.862271	0.962832	0.962612
330	0.918965	0.986890	0.986855	0.863714	0.962832	0.962611
340	0.920956	0.987463	0.987431	0.865125	0.963001	0.962786
350	0.922828	0.987870	0.987838	0.866544	0.963001	0.962802
360	0.924662	0.988332	0.988299	0.867807	0.963338	0.963139
370	0.926380	0.988776	0.988745	0.869015	0.963507	0.963300
380	0.928093	0.989312	0.989279	0.870284	0.963507	0.963300
390	0.929689	0.989645	0.989616	0.871607	0.964014	0.963818
400	0.931191	0.989886	0.989855	0.872705	0.964183	0.963991
