10	0.492016	0.862865	0.862788	0.483533	0.857404	0.857518
20	0.599918	0.901030	0.901549	0.587084	0.893924	0.894421
30	0.656146	0.920261	0.920528	0.640620	0.913181	0.913466
40	0.694801	0.932248	0.932296	0.677726	0.924469	0.924537
50	0.724632	0.939658	0.939550	0.705893	0.932105	0.931967
60	0.748300	0.945624	0.945467	0.728225	0.936255	0.936066
70	0.767853	0.950293	0.950081	0.745994	0.940239	0.940002
80	0.784426	0.953961	0.953759	0.760743	0.944389	0.944061
90	0.798438	0.957426	0.957222	0.773594	0.946381	0.946018
100	0.810729	0.960316	0.960123	0.784101	0.948207	0.947819
110	0.821075	0.962946	0.962758	0.792814	0.949701	0.949282
120	0.830703	0.965021	0.964831	0.801385	0.950531	0.950118
130	0.839118	0.966893	0.966712	0.808260	0.951527	0.951096
140	0.846473	0.968542	0.968366	0.814463	0.952523	0.952086
150	0.853305	0.970265	0.970090	0.820049	0.953021	0.952569
160	0.859418	0.971543	0.971375	0.824920	0.954183	0.953781
170	0.865075	0.973359	0.973196	0.829328	0.955843	0.955450
180	0.870428	0.974915	0.974772	0.833643	0.957171	0.956808
190	0.875193	0.975804	0.975671	0.837317	0.957503	0.957159
200	0.879745	0.976767	0.976642	0.840715	0.958167	0.957834
210	0.884144	0.977749	0.977633	0.844080	0.958831	0.958511
220	0.888186	0.978565	0.978447	0.846988	0.959993	0.959664
230	0.891913	0.979417	0.979301	0.849684	0.959329	0.958974
240	0.895189	0.980343	0.980243	0.852116	0.959993	0.959661
250	0.898421	0.981158	0.981061	0.854412	0.960657	0.960350
260	0.901549	0.981881	0.981798	0.856568	0.961985	0.961690
270	0.904405	0.982566	0.982488	0.858531	0.962151	0.961856
280	0.907111	0.983233	0.983158	0.860403	0.962483	0.962176
290	0.909653	0.984086	0.984020	0.862030	0.963313	0.963004
300	0.912162	0.984734	0.984670	0.863754	0.963811	0.963499
310	0.914463	0.985512	0.985459	0.865413	0.963977	0.963673
320	0.916652	0.986105	0.986057	0.866993	0.964143	0.963837
330	0.918847	0.986587	0.986540	0.868578	0.964973	0.964673
340	0.920812	0.987179	0.987133	0.869971	0.965471	0.965176
350	0.922674	0.987587	0.987544	0.871150	0.965305	0.965010
360	0.924545	0.988347	0.988308	0.872604	0.965803	0.965506
370	0.926269	0.988828	0.988797	0.873792	0.965969	0.965664
380	0.927898	0.989292	0.989264	0.874873	0.966633	0.966334
390	0.929466	0.989625	0.989596	0.875999	0.966633	0.966335
400	0.931021	0.989903	0.989878	0.876971	0.967297	0.966995
