10	0.493515	0.863960	0.864112	0.486921	0.860861	0.862760
20	0.600447	0.902066	0.902552	0.587655	0.889389	0.891110
30	0.656474	0.920657	0.920867	0.640401	0.908242	0.909204
40	0.695072	0.932582	0.932525	0.676705	0.921755	0.922414
50	0.725076	0.939970	0.939867	0.705572	0.929263	0.929775
60	0.748270	0.945506	0.945334	0.727669	0.934101	0.934353
70	0.768004	0.950302	0.950105	0.746641	0.938438	0.938536
80	0.784618	0.953931	0.953722	0.761895	0.941108	0.941165
90	0.798432	0.956949	0.956721	0.775066	0.945779	0.945762
100	0.810404	0.960004	0.959770	0.785820	0.946947	0.946915
110	0.820993	0.962023	0.961786	0.795374	0.949449	0.949409
120	0.830353	0.964282	0.964044	0.803553	0.951285	0.951262
130	0.838802	0.966319	0.966089	0.811109	0.953287	0.953242
140	0.846130	0.968115	0.967891	0.817647	0.955289	0.955249
150	0.852807	0.969911	0.969703	0.823452	0.956790	0.956746
160	0.859009	0.971522	0.971330	0.828557	0.958625	0.958571
170	0.864876	0.972984	0.972806	0.833365	0.960294	0.960233
180	0.869976	0.974281	0.974110	0.837877	0.961962	0.961893
190	0.874849	0.975355	0.975194	0.841690	0.962296	0.962215
200	0.879623	0.976799	0.976645	0.845491	0.962796	0.962710
210	0.883879	0.977891	0.977745	0.848925	0.963297	0.963224
220	0.887777	0.978873	0.978745	0.852202	0.963964	0.963896
230	0.891431	0.979724	0.979601	0.855118	0.964131	0.964062
240	0.894744	0.980558	0.980447	0.857639	0.964798	0.964736
250	0.897970	0.981576	0.981468	0.860128	0.965132	0.965059
260	0.901077	0.982317	0.982209	0.862536	0.965632	0.965569
270	0.903957	0.983020	0.982920	0.864770	0.966466	0.966408
280	0.906636	0.983613	0.983519	0.866831	0.966466	0.966403
290	0.909165	0.984224	0.984131	0.868622	0.966800	0.966756
300	0.911537	0.984742	0.984656	0.870444	0.967634	0.967590
310	0.913877	0.985391	0.985310	0.872070	0.967467	0.967423
320	0.916148	0.985853	0.985780	0.873594	0.968135	0.968083
330	0.918224	0.986594	0.986528	0.875067	0.968635	0.968577
340	0.920281	0.987187	0.987118	0.876647	0.969136	0.969070
350	0.922226	0.987705	0.987644	0.878067	0.969469	0.969393
360	0.924083	0.988001	0.987948	0.879536	0.969303	0.969229
370	0.925800	0.988501	0.988454	0.880835	0.969469	0.969396
380	0.927453	0.988853	0.988806	0.882018	0.969803	0.969727
390	0.929058	0.989316	0.989273	0.883112	0.969970	0.969887
400	0.930652	0.989668	0.989628	0.884236	0.970304	0.970210
