10	0.493012	0.866774	0.867181	0.494551	0.863864	0.862668
20	0.599529	0.903029	0.903553	0.598204	0.895729	0.895220
30	0.656331	0.921657	0.921987	0.650888	0.911078	0.910547
40	0.695170	0.932970	0.933058	0.685696	0.921088	0.920429
50	0.724757	0.940599	0.940564	0.712586	0.929263	0.928524
60	0.748386	0.945987	0.945914	0.733956	0.936603	0.935802
70	0.767887	0.949802	0.949677	0.751125	0.938105	0.937266
80	0.784712	0.953931	0.953778	0.765920	0.940107	0.939275
90	0.798630	0.957023	0.956870	0.778138	0.941775	0.940920
100	0.810505	0.959653	0.959490	0.788286	0.943110	0.942234
110	0.820939	0.962189	0.962042	0.797399	0.945946	0.945108
120	0.830337	0.964078	0.963937	0.805499	0.947781	0.946925
130	0.838516	0.966633	0.966505	0.812102	0.948615	0.947757
140	0.845860	0.968337	0.968220	0.818527	0.949950	0.949109
150	0.852661	0.969929	0.969828	0.824419	0.952286	0.951445
160	0.858914	0.971281	0.971166	0.829360	0.953620	0.952774
170	0.864623	0.972707	0.972604	0.834198	0.955289	0.954485
180	0.869876	0.974170	0.974074	0.838390	0.955789	0.954985
190	0.874725	0.975540	0.975450	0.842522	0.957124	0.956332
200	0.879421	0.976558	0.976460	0.846163	0.957791	0.957019
210	0.883643	0.977577	0.977484	0.849346	0.958959	0.958184
220	0.887598	0.978651	0.978568	0.852397	0.959626	0.958887
230	0.891309	0.979632	0.979555	0.855403	0.959960	0.959237
240	0.894866	0.980595	0.980526	0.858042	0.960627	0.959941
250	0.898057	0.981409	0.981344	0.860386	0.960627	0.959934
260	0.901079	0.982113	0.982053	0.862575	0.961795	0.961101
270	0.904000	0.982946	0.982895	0.864802	0.962462	0.961771
280	0.906711	0.983687	0.983638	0.866654	0.963130	0.962458
290	0.909191	0.984317	0.984275	0.868365	0.963463	0.962800
300	0.911675	0.984928	0.984894	0.870272	0.963630	0.962981
310	0.913976	0.985520	0.985491	0.871980	0.964131	0.963473
320	0.916292	0.986113	0.986086	0.873768	0.964298	0.963635
330	0.918434	0.986539	0.986512	0.875230	0.964965	0.964317
340	0.920463	0.987131	0.987112	0.876682	0.965299	0.964665
350	0.922362	0.987650	0.987630	0.877964	0.965465	0.964832
360	0.924169	0.988168	0.988156	0.879242	0.965299	0.964662
370	0.925866	0.988520	0.988507	0.880569	0.965966	0.965342
380	0.927471	0.988983	0.988974	0.881882	0.966300	0.965682
390	0.929132	0.989464	0.989458	0.882945	0.966466	0.965858
400	0.930675	0.989797	0.989795	0.884033	0.966967	0.966348
