10	0.493730	0.866807	0.866913	0.490720	0.868888	0.867748
20	0.599942	0.901403	0.902038	0.593179	0.899221	0.899232
30	0.656605	0.920192	0.920546	0.647204	0.916128	0.915955
40	0.694609	0.931773	0.931831	0.682352	0.924581	0.924416
50	0.724542	0.940260	0.940204	0.710181	0.931875	0.931693
60	0.748426	0.945596	0.945477	0.732131	0.935853	0.935570
70	0.767809	0.949821	0.949637	0.749287	0.939499	0.939266
80	0.783992	0.953175	0.952978	0.763166	0.943478	0.943145
90	0.798066	0.956418	0.956229	0.775589	0.945467	0.945051
100	0.810123	0.959346	0.959138	0.786054	0.949279	0.948875
110	0.820695	0.961866	0.961655	0.794771	0.950937	0.950511
120	0.830185	0.963774	0.963569	0.802622	0.952594	0.952193
130	0.838478	0.965924	0.965728	0.809543	0.954252	0.953849
140	0.845939	0.967647	0.967459	0.815626	0.954915	0.954568
150	0.852820	0.969611	0.969445	0.821369	0.955743	0.955372
160	0.859006	0.971112	0.970957	0.826241	0.956406	0.956018
170	0.864838	0.972409	0.972256	0.830857	0.956904	0.956505
180	0.870263	0.973743	0.973593	0.834854	0.958561	0.958173
190	0.875208	0.974818	0.974674	0.838625	0.959390	0.959021
200	0.879619	0.975893	0.975757	0.842136	0.960053	0.959686
210	0.883810	0.976986	0.976858	0.845318	0.960550	0.960235
220	0.887688	0.977968	0.977851	0.848277	0.961048	0.960749
230	0.891469	0.978932	0.978821	0.850956	0.961876	0.961623
240	0.894809	0.979858	0.979757	0.853529	0.961711	0.961420
250	0.898080	0.980859	0.980768	0.855892	0.962374	0.962089
260	0.901068	0.981730	0.981650	0.858059	0.962042	0.961784
270	0.903923	0.982304	0.982229	0.860084	0.963037	0.962748
280	0.906668	0.983175	0.983114	0.862068	0.963037	0.962743
290	0.909184	0.983786	0.983728	0.864046	0.963368	0.963066
300	0.911631	0.984379	0.984320	0.865870	0.963368	0.963052
310	0.913968	0.985009	0.984953	0.867566	0.964528	0.964167
320	0.916288	0.985788	0.985737	0.868994	0.964363	0.964028
330	0.918383	0.986399	0.986350	0.870580	0.964860	0.964482
340	0.920425	0.986955	0.986913	0.871976	0.965191	0.964830
350	0.922413	0.987326	0.987288	0.873370	0.965689	0.965349
360	0.924267	0.987881	0.987848	0.874598	0.966186	0.965846
370	0.926085	0.988215	0.988190	0.875708	0.966352	0.966013
380	0.927822	0.988789	0.988763	0.876756	0.966849	0.966538
390	0.929509	0.989382	0.989365	0.877861	0.967015	0.966711
400	0.931022	0.989827	0.989816	0.878923	0.967181	0.966895
