10	0.495511	0.867270	0.866984	0.480826	0.849021	0.849223
20	0.601020	0.902965	0.903336	0.583571	0.892766	0.893634
30	0.657529	0.921330	0.921537	0.637175	0.913191	0.913770
40	0.696317	0.932009	0.931976	0.674201	0.924426	0.924654
50	0.725235	0.939769	0.939668	0.701910	0.931745	0.931720
60	0.749469	0.945681	0.945542	0.724642	0.936851	0.936768
70	0.768682	0.950189	0.950008	0.742709	0.941277	0.941173
80	0.785022	0.954032	0.953840	0.757711	0.943319	0.943170
90	0.799187	0.957543	0.957344	0.770772	0.945702	0.945527
100	0.811252	0.960037	0.959824	0.781677	0.948766	0.948583
110	0.821910	0.962716	0.962510	0.791455	0.950298	0.950066
120	0.831014	0.964564	0.964363	0.799904	0.950979	0.950738
130	0.839175	0.966707	0.966508	0.806998	0.952000	0.951751
140	0.846593	0.968739	0.968558	0.813271	0.952511	0.952231
150	0.853453	0.970439	0.970266	0.819364	0.954043	0.953790
160	0.859690	0.972028	0.971864	0.824627	0.955234	0.954961
170	0.865337	0.973524	0.973371	0.829511	0.955745	0.955471
180	0.870494	0.974707	0.974564	0.833695	0.956255	0.956008
190	0.875313	0.975926	0.975791	0.837641	0.956596	0.956348
200	0.879762	0.977072	0.976944	0.841315	0.958298	0.958040
210	0.884019	0.978051	0.977936	0.844710	0.958128	0.957900
220	0.887936	0.978956	0.978843	0.847649	0.958298	0.958042
230	0.891680	0.979898	0.979782	0.850382	0.959319	0.959070
240	0.895123	0.980841	0.980731	0.853014	0.960000	0.959730
250	0.898428	0.981709	0.981606	0.855599	0.960851	0.960599
260	0.901552	0.982152	0.982051	0.857934	0.961872	0.961596
270	0.904387	0.982984	0.982887	0.860173	0.962553	0.962284
280	0.907154	0.983594	0.983500	0.862147	0.963404	0.963131
290	0.909737	0.984277	0.984184	0.864012	0.963574	0.963313
300	0.912167	0.985053	0.984972	0.865812	0.963915	0.963660
310	0.914454	0.985570	0.985495	0.867463	0.964255	0.963976
320	0.916642	0.986199	0.986122	0.868891	0.964936	0.964656
330	0.918730	0.986624	0.986552	0.870419	0.965106	0.964821
340	0.920705	0.987215	0.987151	0.871878	0.965447	0.965175
350	0.922680	0.987695	0.987641	0.873325	0.965277	0.965009
360	0.924449	0.988342	0.988301	0.874554	0.965957	0.965724
370	0.926188	0.988767	0.988735	0.875861	0.965957	0.965721
380	0.927893	0.989081	0.989051	0.877056	0.966468	0.966226
390	0.929551	0.989543	0.989515	0.878204	0.966638	0.966390
400	0.931060	0.989783	0.989752	0.879336	0.966809	0.966576
