10	0.493413	0.864473	0.864511	0.485387	0.859176	0.858667
20	0.599395	0.902999	0.903353	0.587402	0.894177	0.894773
30	0.655647	0.920889	0.921145	0.640192	0.913804	0.913836
40	0.694056	0.932023	0.932087	0.676588	0.925254	0.925204
50	0.723574	0.939762	0.939678	0.704129	0.932614	0.932538
60	0.747435	0.945459	0.945335	0.726241	0.937357	0.937217
70	0.767490	0.949783	0.949624	0.744485	0.940465	0.940270
80	0.784313	0.953365	0.953194	0.759511	0.943572	0.943336
90	0.798798	0.956538	0.956373	0.772369	0.946026	0.945756
100	0.810931	0.959229	0.959051	0.782643	0.948479	0.948236
110	0.821362	0.962291	0.962118	0.791734	0.950442	0.950136
120	0.830658	0.964406	0.964237	0.799572	0.951750	0.951431
130	0.838939	0.966392	0.966227	0.806597	0.953876	0.953541
140	0.846461	0.968044	0.967893	0.812756	0.955021	0.954631
150	0.853365	0.969621	0.969475	0.818178	0.954858	0.954500
160	0.859718	0.971161	0.971026	0.823064	0.957311	0.956910
170	0.865331	0.973036	0.972913	0.827295	0.958947	0.958626
180	0.870538	0.974390	0.974273	0.831282	0.959274	0.958969
190	0.875259	0.975782	0.975667	0.834750	0.959928	0.959634
200	0.879756	0.976692	0.976577	0.838072	0.960419	0.960107
210	0.883909	0.977619	0.977502	0.840929	0.961073	0.960750
220	0.887870	0.978659	0.978552	0.843788	0.962381	0.962078
230	0.891524	0.979716	0.979618	0.846602	0.962545	0.962239
240	0.894921	0.980496	0.980404	0.849008	0.963526	0.963225
250	0.898161	0.981424	0.981335	0.851515	0.963690	0.963385
260	0.901221	0.982333	0.982256	0.853818	0.964017	0.963739
270	0.904119	0.983131	0.983059	0.855968	0.964508	0.964207
280	0.906904	0.983706	0.983636	0.858124	0.964508	0.964207
290	0.909478	0.984579	0.984511	0.860021	0.965162	0.964852
300	0.911862	0.985154	0.985088	0.861787	0.965325	0.965009
310	0.914246	0.985618	0.985553	0.863479	0.965162	0.964846
320	0.916480	0.986100	0.986035	0.865145	0.965816	0.965518
330	0.918533	0.986620	0.986568	0.866645	0.966307	0.965999
340	0.920583	0.986917	0.986866	0.868108	0.966798	0.966492
350	0.922483	0.987529	0.987484	0.869530	0.966961	0.966656
360	0.924310	0.987770	0.987730	0.870874	0.967452	0.967145
370	0.926026	0.988309	0.988272	0.872136	0.967452	0.967133
380	0.927755	0.988624	0.988586	0.873224	0.967452	0.967140
390	0.929377	0.989162	0.989130	0.874412	0.967615	0.967300
400	0.930860	0.989385	0.989357	0.875456	0.967615	0.967300
