10	0.494974	0.865992	0.865889	0.489893	0.861186	0.862085
20	0.600707	0.902930	0.903368	0.594626	0.900943	0.901848
30	0.656967	0.921020	0.921211	0.649538	0.917790	0.918370
40	0.695713	0.932931	0.932948	0.686662	0.926887	0.927454
50	0.725508	0.940792	0.940670	0.715269	0.935984	0.936437
60	0.748835	0.946027	0.945869	0.737442	0.941206	0.941577
70	0.768158	0.950207	0.950021	0.755458	0.945586	0.945838
80	0.784508	0.953943	0.953741	0.770063	0.948113	0.948331
90	0.798678	0.957439	0.957236	0.782852	0.949292	0.949481
100	0.810728	0.959973	0.959768	0.793672	0.951482	0.951620
110	0.820813	0.962359	0.962153	0.802643	0.951988	0.952132
120	0.830180	0.964524	0.964319	0.810752	0.953504	0.953611
130	0.838524	0.966651	0.966451	0.817747	0.955189	0.955225
140	0.845968	0.968223	0.968040	0.824133	0.956873	0.956863
150	0.852783	0.969795	0.969614	0.829830	0.958389	0.958352
160	0.859011	0.971367	0.971195	0.834901	0.959400	0.959362
170	0.864659	0.972570	0.972403	0.839473	0.959737	0.959694
180	0.869832	0.973772	0.973612	0.843657	0.960916	0.960889
190	0.874621	0.974771	0.974624	0.847491	0.961422	0.961407
200	0.879295	0.976010	0.975878	0.851412	0.962601	0.962579
210	0.883456	0.977286	0.977164	0.854564	0.962938	0.962950
220	0.887404	0.978451	0.978338	0.857450	0.962770	0.962796
230	0.891250	0.979265	0.979157	0.860250	0.963443	0.963440
240	0.894731	0.980227	0.980127	0.862774	0.964623	0.964614
250	0.898078	0.981078	0.980977	0.865111	0.965296	0.965297
260	0.901163	0.981929	0.981837	0.867242	0.965633	0.965627
270	0.904014	0.982761	0.982673	0.869454	0.966476	0.966465
280	0.906795	0.983612	0.983524	0.871324	0.966307	0.966296
290	0.909348	0.984389	0.984312	0.873211	0.966476	0.966457
300	0.911833	0.984925	0.984854	0.875102	0.966813	0.966824
310	0.914253	0.985684	0.985619	0.876907	0.967150	0.967159
320	0.916527	0.986368	0.986302	0.878387	0.967992	0.968036
330	0.918709	0.986793	0.986733	0.879900	0.968497	0.968526
340	0.920730	0.987200	0.987143	0.881307	0.968666	0.968691
350	0.922740	0.987885	0.987831	0.882701	0.969003	0.969029
360	0.924641	0.988236	0.988189	0.884021	0.969340	0.969384
370	0.926382	0.988588	0.988543	0.885279	0.968834	0.968879
380	0.928032	0.988958	0.988917	0.886320	0.969171	0.969218
390	0.929634	0.989457	0.989424	0.887268	0.968666	0.968697
400	0.931136	0.989753	0.989724	0.888270	0.969171	0.969201
