10	0.494763	0.866328	0.866469	0.480219	0.849597	0.851348
20	0.601266	0.902620	0.903124	0.580536	0.886457	0.888244
30	0.657684	0.920405	0.920676	0.634771	0.905875	0.906707
40	0.696238	0.932329	0.932322	0.672440	0.920355	0.920776
50	0.725651	0.940155	0.940034	0.700349	0.927925	0.928104
60	0.749271	0.945645	0.945488	0.722483	0.933355	0.933446
70	0.768740	0.950392	0.950173	0.740619	0.937634	0.937609
80	0.785168	0.954157	0.953936	0.755922	0.939937	0.939919
90	0.799547	0.956827	0.956608	0.768582	0.942899	0.942833
100	0.811679	0.959980	0.959769	0.779264	0.945039	0.944921
110	0.822213	0.962688	0.962479	0.788400	0.946355	0.946241
120	0.831153	0.964709	0.964501	0.796176	0.948823	0.948626
130	0.839493	0.966563	0.966353	0.803665	0.950469	0.950242
140	0.846830	0.968140	0.967938	0.809915	0.951456	0.951222
150	0.853602	0.970050	0.969868	0.815631	0.953102	0.952877
160	0.859907	0.971756	0.971582	0.820862	0.954747	0.954520
170	0.865509	0.973036	0.972870	0.825614	0.955570	0.955341
180	0.870787	0.974482	0.974320	0.829965	0.956887	0.956676
190	0.875577	0.975725	0.975575	0.833875	0.958039	0.957852
200	0.880163	0.977023	0.976879	0.837460	0.958532	0.958360
210	0.884317	0.977839	0.977706	0.840837	0.958861	0.958675
220	0.888310	0.978729	0.978602	0.844026	0.960178	0.960013
230	0.891937	0.979526	0.979400	0.847071	0.960342	0.960173
240	0.895294	0.980305	0.980188	0.849731	0.961165	0.960989
250	0.898541	0.981140	0.981019	0.852240	0.961494	0.961325
260	0.901548	0.981882	0.981772	0.854609	0.961988	0.961832
270	0.904445	0.982568	0.982461	0.856812	0.962152	0.962028
280	0.907164	0.983365	0.983268	0.858939	0.962646	0.962512
290	0.909769	0.983977	0.983884	0.860817	0.963140	0.962979
300	0.912213	0.984737	0.984651	0.862550	0.963469	0.963305
310	0.914564	0.985275	0.985191	0.864285	0.963962	0.963797
320	0.916808	0.985850	0.985772	0.865896	0.964456	0.964292
330	0.918936	0.986592	0.986526	0.867379	0.964785	0.964649
340	0.920905	0.987241	0.987186	0.868736	0.965279	0.965174
350	0.922850	0.987723	0.987668	0.870276	0.965279	0.965176
360	0.924715	0.988131	0.988081	0.871536	0.965279	0.965160
370	0.926523	0.988521	0.988470	0.872787	0.965279	0.965164
380	0.928226	0.988947	0.988897	0.874038	0.965114	0.965012
390	0.929819	0.989355	0.989312	0.875135	0.965279	0.965183
400	0.931362	0.989689	0.989643	0.876284	0.965608	0.965522
