10	0.329637	0.847382	0.806862	0.328991	0.852459	0.806575
20	0.492044	0.872375	0.829709	0.491070	0.881148	0.830644
30	0.564191	0.883466	0.838898	0.563289	0.890710	0.839257
40	0.613411	0.890121	0.844957	0.610896	0.898907	0.847473
50	0.654516	0.934635	0.936186	0.648874	0.941257	0.940238
60	0.687730	0.969536	0.969723	0.679207	0.964481	0.963774
70	0.715131	0.977669	0.977738	0.704375	0.976776	0.976899
80	0.738552	0.981662	0.981667	0.726545	0.976776	0.977010
90	0.762384	0.986690	0.986682	0.746846	0.975410	0.975641
100	0.779811	0.988761	0.988746	0.762374	0.979508	0.980101
110	0.798922	0.990683	0.990655	0.779658	0.979508	0.979976
120	0.820913	0.992458	0.992444	0.799964	0.982240	0.982705
130	0.834925	0.994085	0.994063	0.811426	0.982240	0.982705
140	0.847903	0.995268	0.995262	0.822925	0.983607	0.984075
150	0.858242	0.996155	0.996137	0.832671	0.982240	0.982705
160	0.868253	0.996451	0.996446	0.841479	0.983607	0.984075
170	0.876334	0.996599	0.996596	0.849423	0.983607	0.984075
180	0.884183	0.996599	0.996587	0.855843	0.983607	0.983946
190	0.891066	0.996747	0.996735	0.862178	0.983607	0.983946
200	0.896394	0.996894	0.996881	0.867235	0.984973	0.985541
210	0.901295	0.997338	0.997326	0.871811	0.984973	0.985541
220	0.905382	0.997338	0.997327	0.875335	0.986339	0.987019
230	0.909866	0.997782	0.997780	0.878553	0.984973	0.985541
240	0.913676	0.997782	0.997777	0.881914	0.986339	0.987019
250	0.917186	0.998225	0.998214	0.885010	0.986339	0.987019
260	0.920154	0.998077	0.998063	0.887633	0.986339	0.987019
270	0.922953	0.998373	0.998355	0.890281	0.986339	0.987019
280	0.925755	0.998373	0.998355	0.892784	0.986339	0.987019
290	0.927961	0.998373	0.998355	0.894899	0.986339	0.987019
300	0.930985	0.998521	0.998505	0.897431	0.986339	0.987019
310	0.933521	0.998373	0.998355	0.899511	0.986339	0.987019
320	0.935706	0.998817	0.998802	0.901619	0.986339	0.987019
330	0.937529	0.998669	0.998652	0.903188	0.986339	0.987019
340	0.939240	0.998669	0.998652	0.904647	0.986339	0.987019
350	0.940728	0.998669	0.998652	0.905789	0.986339	0.987019
360	0.942119	0.998669	0.998652	0.907292	0.986339	0.987019
370	0.943497	0.998965	0.998950	0.908565	0.986339	0.987019
380	0.945540	0.999261	0.999249	0.910573	0.986339	0.987019
390	0.946887	0.999261	0.999249	0.911848	0.986339	0.987019
400	0.948456	0.999408	0.999404	0.913098	0.987705	0.988383
410	0.949539	0.999408	0.999404	0.914158	0.987705	0.988383
420	0.950657	0.999408	0.999404	0.915147	0.987705	0.988383
430	0.951634	0.999408	0.999404	0.915971	0.987705	0.988383
440	0.952551	0.999408	0.999404	0.916779	0.987705	0.988383
450	0.953489	0.999408	0.999404	0.917625	0.987705	0.988383
460	0.954168	0.999408	0.999404	0.918253	0.987705	0.988383
470	0.955016	0.999408	0.999404	0.918940	0.987705	0.988115
480	0.955578	0.999408	0.999404	0.919406	0.987705	0.988115
490	0.956258	0.999556	0.999553	0.920021	0.987705	0.988383
500	0.956812	0.999556	0.999553	0.920456	0.987705	0.988383
510	0.957356	0.999556	0.999553	0.921017	0.987705	0.988115
520	0.957876	0.999556	0.999553	0.921887	0.987705	0.988115
530	0.958535	0.999556	0.999553	0.922283	0.987705	0.988115
540	0.959246	0.999556	0.999553	0.922903	0.987705	0.988383
550	0.959708	0.999556	0.999553	0.923346	0.987705	0.988383
560	0.960261	0.999556	0.999553	0.923917	0.987705	0.988383
570	0.960595	0.999556	0.999553	0.924372	0.987705	0.988383
580	0.961111	0.999556	0.999553	0.924872	0.987705	0.988383
590	0.961746	0.999556	0.999553	0.925409	0.987705	0.988383
600	0.962338	0.999556	0.999553	0.925808	0.987705	0.988383
610	0.962725	0.999556	0.999553	0.926067	0.987705	0.988383
620	0.963260	0.999556	0.999553	0.926428	0.987705	0.988383
630	0.963791	0.999704	0.999699	0.926819	0.987705	0.988383
640	0.964312	0.999704	0.999699	0.927276	0.987705	0.988383
650	0.965011	0.999704	0.999699	0.928060	0.987705	0.988383
660	0.965521	0.999704	0.999699	0.928503	0.987705	0.988383
670	0.966052	0.999704	0.999699	0.928866	0.987705	0.988115
680	0.966396	0.999704	0.999699	0.929072	0.987705	0.988115
690	0.967038	0.999704	0.999699	0.929625	0.987705	0.988115
700	0.967447	0.999704	0.999699	0.929996	0.987705	0.988115
710	0.967895	0.999704	0.999699	0.930302	0.989071	0.989498
720	0.968552	0.999704	0.999699	0.930985	0.989071	0.989498
730	0.968899	0.999704	0.999699	0.931382	0.989071	0.989498
740	0.969216	0.999704	0.999699	0.931726	0.989071	0.989498
750	0.969957	0.999704	0.999699	0.932329	0.989071	0.989498
760	0.970585	0.999704	0.999699	0.933023	0.989071	0.989498
770	0.971246	0.999704	0.999699	0.933485	0.989071	0.989498
780	0.971650	0.999704	0.999699	0.933690	0.989071	0.989498
790	0.971962	0.999704	0.999699	0.933823	0.989071	0.989498
800	0.972285	0.999704	0.999699	0.934062	0.989071	0.989498
810	0.972778	0.999704	0.999699	0.934444	0.989071	0.989498
820	0.973066	0.999704	0.999699	0.934830	0.989071	0.989498
830	0.973445	0.999704	0.999699	0.935142	0.989071	0.989498
840	0.973821	0.999704	0.999699	0.935606	0.989071	0.989498
850	0.974171	0.999704	0.999699	0.935855	0.989071	0.989498
860	0.974533	0.999704	0.999699	0.936195	0.989071	0.989498
870	0.974921	0.999704	0.999699	0.936583	0.989071	0.989498
880	0.975425	0.999704	0.999699	0.937074	0.989071	0.989498
890	0.975880	0.999704	0.999699	0.937614	0.989071	0.989498
900	0.976141	0.999704	0.999699	0.937816	0.989071	0.989498
910	0.976386	0.999704	0.999699	0.937969	0.989071	0.989498
920	0.976694	0.999704	0.999699	0.938203	0.989071	0.989498
930	0.976958	0.999704	0.999699	0.938425	0.989071	0.989498
940	0.977250	0.999704	0.999699	0.938861	0.989071	0.989498
950	0.977702	0.999704	0.999699	0.939249	0.989071	0.989498
960	0.978037	0.999704	0.999699	0.939474	0.989071	0.989498
970	0.978306	0.999704	0.999699	0.939713	0.989071	0.989498
980	0.978516	0.999704	0.999699	0.939918	0.989071	0.989498
990	0.978889	0.999704	0.999699	0.940358	0.989071	0.989498
1000	0.979121	0.999704	0.999699	0.940623	0.989071	0.989498
1010	0.979274	0.999704	0.999699	0.940711	0.989071	0.989498
1020	0.979542	0.999852	0.999853	0.941187	0.989071	0.989498
1030	0.979864	0.999852	0.999853	0.941429	0.989071	0.989498
1040	0.980177	0.999852	0.999853	0.941660	0.989071	0.989498
1050	0.980473	0.999852	0.999853	0.941906	0.989071	0.989498
1060	0.980764	0.999852	0.999853	0.942193	0.989071	0.989498
1070	0.981041	0.999852	0.999853	0.942355	0.989071	0.989498
1080	0.981183	0.999852	0.999853	0.942559	0.989071	0.989498
1090	0.981328	0.999852	0.999853	0.942647	0.989071	0.989498
1100	0.981584	0.999852	0.999853	0.942929	0.989071	0.989498
1110	0.981791	1.000000	1.000000	0.943278	0.989071	0.989498
1120	0.981948	1.000000	1.000000	0.943501	0.989071	0.989498
1130	0.982169	1.000000	1.000000	0.943760	0.989071	0.989498
1140	0.982327	1.000000	1.000000	0.943870	0.989071	0.989498
1150	0.982573	1.000000	1.000000	0.943986	0.989071	0.989498
1160	0.982882	1.000000	1.000000	0.944186	0.989071	0.989498
1170	0.983100	1.000000	1.000000	0.944368	0.989071	0.989498
1180	0.983199	1.000000	1.000000	0.944444	0.989071	0.989498
1190	0.983370	1.000000	1.000000	0.944699	0.989071	0.989498
1200	0.983513	1.000000	1.000000	0.944811	0.989071	0.989498
1210	0.983677	1.000000	1.000000	0.944890	0.989071	0.989498
1220	0.983871	1.000000	1.000000	0.945240	0.989071	0.989498
1230	0.984010	1.000000	1.000000	0.945342	0.989071	0.989498
1240	0.984092	1.000000	1.000000	0.945471	0.989071	0.989498
1250	0.984253	1.000000	1.000000	0.945641	0.989071	0.989498
1260	0.984472	1.000000	1.000000	0.945743	0.989071	0.989498
1270	0.984565	1.000000	1.000000	0.945788	0.989071	0.989498
1280	0.984728	1.000000	1.000000	0.945925	0.989071	0.989498
1290	0.984860	1.000000	1.000000	0.946186	0.989071	0.989498
1300	0.984999	1.000000	1.000000	0.946225	0.989071	0.989498
1310	0.985120	1.000000	1.000000	0.946352	0.989071	0.989498
1320	0.985327	1.000000	1.000000	0.946485	0.989071	0.989498
1330	0.985461	1.000000	1.000000	0.946611	0.989071	0.989498
1340	0.985534	1.000000	1.000000	0.946710	0.989071	0.989498
1350	0.985626	1.000000	1.000000	0.946776	0.989071	0.989498
1360	0.985718	1.000000	1.000000	0.946835	0.989071	0.989498
1370	0.985847	1.000000	1.000000	0.946888	0.989071	0.989498
1380	0.985971	1.000000	1.000000	0.947045	0.989071	0.989498
1390	0.986066	1.000000	1.000000	0.947165	0.989071	0.989498
1400	0.986175	1.000000	1.000000	0.947252	0.989071	0.989498
1410	0.986250	1.000000	1.000000	0.947344	0.989071	0.989498
1420	0.986357	1.000000	1.000000	0.947443	0.989071	0.989498
1430	0.986471	1.000000	1.000000	0.947617	0.989071	0.989498
1440	0.986572	1.000000	1.000000	0.947764	0.989071	0.989498
1450	0.986654	1.000000	1.000000	0.947826	0.989071	0.989498
1460	0.986759	1.000000	1.000000	0.947882	0.989071	0.989498
1470	0.986849	1.000000	1.000000	0.947953	0.989071	0.989498
1480	0.986945	1.000000	1.000000	0.947996	0.989071	0.989498
1490	0.987057	1.000000	1.000000	0.948037	0.989071	0.989498
1500	0.987134	1.000000	1.000000	0.948187	0.989071	0.989498
1510	0.987220	1.000000	1.000000	0.948302	0.989071	0.989498
1520	0.987311	1.000000	1.000000	0.948378	0.989071	0.989498
1530	0.987389	1.000000	1.000000	0.948507	0.989071	0.989498
1540	0.987490	1.000000	1.000000	0.948582	0.989071	0.989498
1550	0.987578	1.000000	1.000000	0.948654	0.989071	0.989498
1560	0.987699	1.000000	1.000000	0.948798	0.989071	0.989498
1570	0.987785	1.000000	1.000000	0.948830	0.989071	0.989498
1580	0.987846	1.000000	1.000000	0.948946	0.989071	0.989498
1590	0.987935	1.000000	1.000000	0.948982	0.989071	0.989498
1600	0.988044	1.000000	1.000000	0.949026	0.989071	0.989498
1610	0.988163	1.000000	1.000000	0.949069	0.989071	0.989498
1620	0.988235	1.000000	1.000000	0.949141	0.989071	0.989498
1630	0.988307	1.000000	1.000000	0.949265	0.989071	0.989498
1640	0.988413	1.000000	1.000000	0.949356	0.989071	0.989498
1650	0.988488	1.000000	1.000000	0.949442	0.989071	0.989498
1660	0.988576	1.000000	1.000000	0.949510	0.989071	0.989498
1670	0.988653	1.000000	1.000000	0.949606	0.989071	0.989498
1680	0.988705	1.000000	1.000000	0.949683	0.989071	0.989498
1690	0.988793	1.000000	1.000000	0.949759	0.989071	0.989498
1700	0.988858	1.000000	1.000000	0.949855	0.989071	0.989498
1710	0.988924	1.000000	1.000000	0.949929	0.989071	0.989498
1720	0.988998	1.000000	1.000000	0.950034	0.989071	0.989498
1730	0.989062	1.000000	1.000000	0.950137	0.989071	0.989498
1740	0.989118	1.000000	1.000000	0.950202	0.989071	0.989498
1750	0.989188	1.000000	1.000000	0.950311	0.989071	0.989498
1760	0.989245	1.000000	1.000000	0.950385	0.989071	0.989498
1770	0.989328	1.000000	1.000000	0.950452	0.989071	0.989498
1780	0.989394	1.000000	1.000000	0.950555	0.989071	0.989498
1790	0.989455	1.000000	1.000000	0.950610	0.989071	0.989498
1800	0.989528	1.000000	1.000000	0.950643	0.989071	0.989498
1810	0.989610	1.000000	1.000000	0.950701	0.989071	0.989498
1820	0.989655	1.000000	1.000000	0.950782	0.989071	0.989498
1830	0.989709	1.000000	1.000000	0.950830	0.989071	0.989498
1840	0.989769	1.000000	1.000000	0.950858	0.989071	0.989498
1850	0.989827	1.000000	1.000000	0.950914	0.989071	0.989498
1860	0.989887	1.000000	1.000000	0.950972	0.989071	0.989498
1870	0.989948	1.000000	1.000000	0.951060	0.989071	0.989498
1880	0.990000	1.000000	1.000000	0.951129	0.989071	0.989498
1890	0.990069	1.000000	1.000000	0.951178	0.989071	0.989498
1900	0.990125	1.000000	1.000000	0.951228	0.989071	0.989498
1910	0.990191	1.000000	1.000000	0.951277	0.989071	0.989498
1920	0.990254	1.000000	1.000000	0.951329	0.989071	0.989498
1930	0.990322	1.000000	1.000000	0.951359	0.989071	0.989498
1940	0.990372	1.000000	1.000000	0.951438	0.989071	0.989498
1950	0.990418	1.000000	1.000000	0.951490	0.989071	0.989498
1960	0.990464	1.000000	1.000000	0.951590	0.989071	0.989498
1970	0.990512	1.000000	1.000000	0.951629	0.989071	0.989498
1980	0.990559	1.000000	1.000000	0.951706	0.990437	0.990720
1990	0.990600	1.000000	1.000000	0.951751	0.990437	0.990720
2000	0.990653	1.000000	1.000000	0.951824	0.989071	0.989498
2010	0.990713	1.000000	1.000000	0.951876	0.989071	0.989498
2020	0.990754	1.000000	1.000000	0.951909	0.989071	0.989498
2030	0.990786	1.000000	1.000000	0.951946	0.989071	0.989498
2040	0.990840	1.000000	1.000000	0.951979	0.989071	0.989498
2050	0.990895	1.000000	1.000000	0.952024	0.989071	0.989498
2060	0.990971	1.000000	1.000000	0.952121	0.989071	0.989498
2070	0.991050	1.000000	1.000000	0.952206	0.989071	0.989498
2080	0.991078	1.000000	1.000000	0.952261	0.989071	0.989498
2090	0.991132	1.000000	1.000000	0.952318	0.989071	0.989498
2100	0.991174	1.000000	1.000000	0.952416	0.989071	0.989498
2110	0.991210	1.000000	1.000000	0.952436	0.989071	0.989498
2120	0.991259	1.000000	1.000000	0.952495	0.989071	0.989498
2130	0.991305	1.000000	1.000000	0.952567	0.990437	0.990720
2140	0.991348	1.000000	1.000000	0.952617	0.990437	0.990720
2150	0.991385	1.000000	1.000000	0.952689	0.990437	0.990720
2160	0.991429	1.000000	1.000000	0.952714	0.990437	0.990720
2170	0.991476	1.000000	1.000000	0.952705	0.990437	0.990720
2180	0.991544	1.000000	1.000000	0.952776	0.990437	0.990720
2190	0.991608	1.000000	1.000000	0.952839	0.989071	0.989498
2200	0.991641	1.000000	1.000000	0.952883	0.990437	0.990720
2210	0.991689	1.000000	1.000000	0.952907	0.990437	0.990720
2220	0.991741	1.000000	1.000000	0.952938	0.990437	0.990720
2230	0.991780	1.000000	1.000000	0.952948	0.990437	0.990720
2240	0.991804	1.000000	1.000000	0.952996	0.990437	0.990720
2250	0.991845	1.000000	1.000000	0.953069	0.990437	0.990720
2260	0.991875	1.000000	1.000000	0.953075	0.990437	0.990720
2270	0.991920	1.000000	1.000000	0.953072	0.990437	0.990720
2280	0.991978	1.000000	1.000000	0.953099	0.990437	0.990720
2290	0.992030	1.000000	1.000000	0.953092	0.990437	0.990720
2300	0.992058	1.000000	1.000000	0.953192	0.990437	0.990720
2310	0.992099	1.000000	1.000000	0.953256	0.990437	0.990720
2320	0.992125	1.000000	1.000000	0.953310	0.990437	0.990720
2330	0.992156	1.000000	1.000000	0.953375	0.990437	0.990720
2340	0.992192	1.000000	1.000000	0.953433	0.990437	0.990720
2350	0.992221	1.000000	1.000000	0.953462	0.990437	0.990720
2360	0.992251	1.000000	1.000000	0.953511	0.990437	0.990720
2370	0.992285	1.000000	1.000000	0.953530	0.990437	0.990720
2380	0.992315	1.000000	1.000000	0.953565	0.990437	0.990720
2390	0.992347	1.000000	1.000000	0.953619	0.990437	0.990720
2400	0.992383	1.000000	1.000000	0.953610	0.990437	0.990720
2410	0.992420	1.000000	1.000000	0.953636	0.990437	0.990720
2420	0.992446	1.000000	1.000000	0.953692	0.990437	0.990720
2430	0.992480	1.000000	1.000000	0.953707	0.990437	0.990720
2440	0.992511	1.000000	1.000000	0.953763	0.990437	0.990720
2450	0.992541	1.000000	1.000000	0.953825	0.990437	0.990720
2460	0.992581	1.000000	1.000000	0.953867	0.990437	0.990720
2470	0.992614	1.000000	1.000000	0.953904	0.990437	0.990720
2480	0.992649	1.000000	1.000000	0.953953	0.990437	0.990720
2490	0.992687	1.000000	1.000000	0.954004	0.990437	0.990720
2500	0.992707	1.000000	1.000000	0.954043	0.990437	0.990720
2510	0.992737	1.000000	1.000000	0.954086	0.990437	0.990720
2520	0.992768	1.000000	1.000000	0.954163	0.990437	0.990720
2530	0.992797	1.000000	1.000000	0.954194	0.990437	0.990720
2540	0.992828	1.000000	1.000000	0.954195	0.990437	0.990720
2550	0.992854	1.000000	1.000000	0.954215	0.990437	0.990720
2560	0.992901	1.000000	1.000000	0.954271	0.990437	0.990720
2570	0.992928	1.000000	1.000000	0.954303	0.990437	0.990720
2580	0.992973	1.000000	1.000000	0.954392	0.990437	0.990720
2590	0.993021	1.000000	1.000000	0.954438	0.990437	0.990720
2600	0.993063	1.000000	1.000000	0.954485	0.990437	0.990720
2610	0.993102	1.000000	1.000000	0.954507	0.990437	0.990720
2620	0.993132	1.000000	1.000000	0.954542	0.990437	0.990720
2630	0.993156	1.000000	1.000000	0.954558	0.990437	0.990720
2640	0.993193	1.000000	1.000000	0.954603	0.990437	0.990720
2650	0.993212	1.000000	1.000000	0.954649	0.990437	0.990720
2660	0.993234	1.000000	1.000000	0.954664	0.990437	0.990720
2670	0.993256	1.000000	1.000000	0.954707	0.990437	0.990720
2680	0.993274	1.000000	1.000000	0.954739	0.990437	0.990720
2690	0.993291	1.000000	1.000000	0.954761	0.990437	0.990720
2700	0.993333	1.000000	1.000000	0.954800	0.990437	0.990720
2710	0.993364	1.000000	1.000000	0.954797	0.990437	0.990720
2720	0.993394	1.000000	1.000000	0.954807	0.990437	0.990720
2730	0.993431	1.000000	1.000000	0.954839	0.990437	0.990720
2740	0.993464	1.000000	1.000000	0.954843	0.990437	0.990720
2750	0.993480	1.000000	1.000000	0.954904	0.990437	0.990720
2760	0.993498	1.000000	1.000000	0.954966	0.990437	0.990720
2770	0.993524	1.000000	1.000000	0.955018	0.990437	0.990720
2780	0.993544	1.000000	1.000000	0.955051	0.990437	0.990720
2790	0.993565	1.000000	1.000000	0.955092	0.990437	0.990720
2800	0.993587	1.000000	1.000000	0.955115	0.990437	0.990720
2810	0.993610	1.000000	1.000000	0.955141	0.990437	0.990720
2820	0.993636	1.000000	1.000000	0.955156	0.990437	0.990720
2830	0.993655	1.000000	1.000000	0.955185	0.990437	0.990720
2840	0.993680	1.000000	1.000000	0.955199	0.990437	0.990720
2850	0.993696	1.000000	1.000000	0.955227	0.990437	0.990720
2860	0.993713	1.000000	1.000000	0.955247	0.990437	0.990720
2870	0.993733	1.000000	1.000000	0.955277	0.990437	0.990720
2880	0.993768	1.000000	1.000000	0.955294	0.990437	0.990720
2890	0.993804	1.000000	1.000000	0.955329	0.990437	0.990720
2900	0.993837	1.000000	1.000000	0.955347	0.990437	0.990720
2910	0.993860	1.000000	1.000000	0.955377	0.990437	0.990720
2920	0.993873	1.000000	1.000000	0.955405	0.990437	0.990720
2930	0.993888	1.000000	1.000000	0.955429	0.990437	0.990720
2940	0.993900	1.000000	1.000000	0.955449	0.990437	0.990720
2950	0.993919	1.000000	1.000000	0.955505	0.990437	0.990720
2960	0.993935	1.000000	1.000000	0.955557	0.990437	0.990720
2970	0.993963	1.000000	1.000000	0.955571	0.990437	0.990720
2980	0.993974	1.000000	1.000000	0.955585	0.990437	0.990720
2990	0.993994	1.000000	1.000000	0.955586	0.990437	0.990720
3000	0.994016	1.000000	1.000000	0.955580	0.990437	0.990720
3010	0.994043	1.000000	1.000000	0.955599	0.990437	0.990720
3020	0.994074	1.000000	1.000000	0.955613	0.990437	0.990720
3030	0.994093	1.000000	1.000000	0.955626	0.990437	0.990720
3040	0.994116	1.000000	1.000000	0.955637	0.990437	0.990720
3050	0.994134	1.000000	1.000000	0.955635	0.990437	0.990720
3060	0.994153	1.000000	1.000000	0.955661	0.990437	0.990720
3070	0.994170	1.000000	1.000000	0.955708	0.990437	0.990720
3080	0.994192	1.000000	1.000000	0.955720	0.990437	0.990720
3090	0.994212	1.000000	1.000000	0.955709	0.990437	0.990720
3100	0.994238	1.000000	1.000000	0.955712	0.990437	0.990720
3110	0.994252	1.000000	1.000000	0.955720	0.990437	0.990720
3120	0.994272	1.000000	1.000000	0.955763	0.990437	0.990720
3130	0.994300	1.000000	1.000000	0.955791	0.990437	0.990720
3140	0.994321	1.000000	1.000000	0.955817	0.990437	0.990720
3150	0.994330	1.000000	1.000000	0.955852	0.990437	0.990720
3160	0.994351	1.000000	1.000000	0.955889	0.990437	0.990720
3170	0.994370	1.000000	1.000000	0.955914	0.990437	0.990720
3180	0.994383	1.000000	1.000000	0.955924	0.990437	0.990720
3190	0.994399	1.000000	1.000000	0.955925	0.990437	0.990720
3200	0.994417	1.000000	1.000000	0.955940	0.990437	0.990720
3210	0.994429	1.000000	1.000000	0.955949	0.990437	0.990720
3220	0.994448	1.000000	1.000000	0.955965	0.990437	0.990720
3230	0.994463	1.000000	1.000000	0.956009	0.990437	0.990720
3240	0.994480	1.000000	1.000000	0.956030	0.990437	0.990720
3250	0.994500	1.000000	1.000000	0.956036	0.990437	0.990720
3260	0.994525	1.000000	1.000000	0.956091	0.990437	0.990976
3270	0.994539	1.000000	1.000000	0.956134	0.990437	0.990976
3280	0.994560	1.000000	1.000000	0.956155	0.990437	0.990976
3290	0.994573	1.000000	1.000000	0.956178	0.990437	0.990976
3300	0.994601	1.000000	1.000000	0.956184	0.990437	0.990976
3310	0.994622	1.000000	1.000000	0.956190	0.990437	0.990976
3320	0.994637	1.000000	1.000000	0.956206	0.990437	0.990976
3330	0.994652	1.000000	1.000000	0.956225	0.990437	0.990976
3340	0.994667	1.000000	1.000000	0.956248	0.990437	0.990976
3350	0.994689	1.000000	1.000000	0.956268	0.990437	0.990976
3360	0.994702	1.000000	1.000000	0.956311	0.990437	0.990976
3370	0.994716	1.000000	1.000000	0.956336	0.990437	0.990976
3380	0.994734	1.000000	1.000000	0.956349	0.990437	0.990976
3390	0.994747	1.000000	1.000000	0.956382	0.990437	0.990976
3400	0.994760	1.000000	1.000000	0.956383	0.990437	0.990976
3410	0.994777	1.000000	1.000000	0.956382	0.990437	0.990976
3420	0.994794	1.000000	1.000000	0.956392	0.990437	0.990976
3430	0.994810	1.000000	1.000000	0.956405	0.990437	0.990976
3440	0.994824	1.000000	1.000000	0.956439	0.990437	0.990976
3450	0.994838	1.000000	1.000000	0.956463	0.990437	0.990976
3460	0.994855	1.000000	1.000000	0.956486	0.990437	0.990976
3470	0.994867	1.000000	1.000000	0.956496	0.990437	0.990976
3480	0.994881	1.000000	1.000000	0.956492	0.990437	0.990976
3490	0.994899	1.000000	1.000000	0.956544	0.990437	0.990976
3500	0.994909	1.000000	1.000000	0.956539	0.990437	0.990976
3510	0.994922	1.000000	1.000000	0.956541	0.990437	0.990976
3520	0.994942	1.000000	1.000000	0.956546	0.990437	0.990976
3530	0.994956	1.000000	1.000000	0.956548	0.990437	0.990976
3540	0.994976	1.000000	1.000000	0.956574	0.990437	0.990976
3550	0.994995	1.000000	1.000000	0.956595	0.990437	0.990976
3560	0.995011	1.000000	1.000000	0.956599	0.990437	0.990976
3570	0.995018	1.000000	1.000000	0.956609	0.990437	0.990976
3580	0.995036	1.000000	1.000000	0.956613	0.990437	0.990976
3590	0.995046	1.000000	1.000000	0.956626	0.990437	0.990976
3600	0.995063	1.000000	1.000000	0.956690	0.990437	0.990976
3610	0.995078	1.000000	1.000000	0.956703	0.990437	0.990976
3620	0.995089	1.000000	1.000000	0.956721	0.990437	0.990976
3630	0.995101	1.000000	1.000000	0.956737	0.990437	0.990976
3640	0.995110	1.000000	1.000000	0.956759	0.990437	0.990976
3650	0.995127	1.000000	1.000000	0.956783	0.990437	0.990976
3660	0.995143	1.000000	1.000000	0.956799	0.990437	0.990976
3670	0.995164	1.000000	1.000000	0.956809	0.990437	0.990976
3680	0.995176	1.000000	1.000000	0.956858	0.990437	0.990976
3690	0.995192	1.000000	1.000000	0.956864	0.990437	0.990976
3700	0.995203	1.000000	1.000000	0.956852	0.990437	0.990976
3710	0.995221	1.000000	1.000000	0.956875	0.990437	0.990976
3720	0.995237	1.000000	1.000000	0.956917	0.990437	0.990976
3730	0.995250	1.000000	1.000000	0.956930	0.990437	0.990976
3740	0.995258	1.000000	1.000000	0.956957	0.990437	0.990976
3750	0.995268	1.000000	1.000000	0.956965	0.990437	0.990976
3760	0.995283	1.000000	1.000000	0.956968	0.990437	0.990976
3770	0.995295	1.000000	1.000000	0.956963	0.990437	0.990976
3780	0.995306	1.000000	1.000000	0.956970	0.990437	0.990976
3790	0.995320	1.000000	1.000000	0.956943	0.990437	0.990976
3800	0.995327	1.000000	1.000000	0.956981	0.990437	0.990976
3810	0.995333	1.000000	1.000000	0.956995	0.990437	0.990976
3820	0.995346	1.000000	1.000000	0.956992	0.990437	0.990976
3830	0.995354	1.000000	1.000000	0.957005	0.990437	0.990976
3840	0.995364	1.000000	1.000000	0.957009	0.990437	0.990976
3850	0.995376	1.000000	1.000000	0.957000	0.990437	0.990976
3860	0.995397	1.000000	1.000000	0.957015	0.990437	0.990976
3870	0.995402	1.000000	1.000000	0.957027	0.990437	0.990976
3880	0.995410	1.000000	1.000000	0.957033	0.990437	0.990976
3890	0.995425	1.000000	1.000000	0.957044	0.990437	0.990976
3900	0.995440	1.000000	1.000000	0.957052	0.990437	0.990976
3910	0.995453	1.000000	1.000000	0.957051	0.990437	0.990976
3920	0.995464	1.000000	1.000000	0.957069	0.990437	0.990976
3930	0.995480	1.000000	1.000000	0.957071	0.990437	0.990976
3940	0.995495	1.000000	1.000000	0.957086	0.990437	0.990976
3950	0.995510	1.000000	1.000000	0.957106	0.990437	0.990976
3960	0.995522	1.000000	1.000000	0.957149	0.990437	0.990976
3970	0.995530	1.000000	1.000000	0.957188	0.990437	0.990976
3980	0.995537	1.000000	1.000000	0.957216	0.990437	0.990976
3990	0.995552	1.000000	1.000000	0.957246	0.990437	0.990976
4000	0.995561	1.000000	1.000000	0.957262	0.990437	0.990976
