10	0.335880	0.850568	0.811555	0.327531	0.830769	0.798930
20	0.510610	0.880218	0.836211	0.486465	0.860140	0.825125
30	0.580911	0.889807	0.844560	0.553810	0.869930	0.832772
40	0.629119	0.895265	0.848089	0.596796	0.874126	0.835871
50	0.664577	0.944240	0.944999	0.631012	0.920280	0.927834
60	0.701766	0.975660	0.975521	0.670562	0.953846	0.957096
70	0.740104	0.983183	0.983057	0.709541	0.966434	0.968223
80	0.764220	0.988051	0.987948	0.732731	0.973427	0.974825
90	0.790719	0.990264	0.990166	0.757155	0.973427	0.975159
100	0.808042	0.992034	0.991964	0.773878	0.977622	0.978994
110	0.822525	0.992477	0.992424	0.787424	0.979021	0.980228
120	0.833161	0.993804	0.993753	0.798185	0.979021	0.980279
130	0.847219	0.994985	0.994942	0.811368	0.980420	0.981611
140	0.858513	0.995722	0.995691	0.822038	0.979021	0.980279
150	0.867589	0.996312	0.996274	0.831367	0.980420	0.981611
160	0.876975	0.996607	0.996576	0.840932	0.983217	0.984346
170	0.884575	0.997050	0.997022	0.849117	0.983217	0.984346
180	0.890689	0.997492	0.997468	0.854313	0.983217	0.984346
190	0.896124	0.997935	0.997909	0.858802	0.984615	0.985646
200	0.901488	0.997935	0.997909	0.863983	0.986014	0.987018
210	0.906303	0.998230	0.998203	0.868479	0.986014	0.987018
220	0.910148	0.998377	0.998357	0.872217	0.986014	0.987018
230	0.913250	0.998377	0.998357	0.875512	0.986014	0.987018
240	0.916546	0.998525	0.998505	0.878214	0.986014	0.987018
250	0.920960	0.998525	0.998505	0.882731	0.986014	0.987018
260	0.924026	0.998525	0.998505	0.886083	0.987413	0.988250
270	0.926742	0.998672	0.998659	0.889593	0.987413	0.988250
280	0.929425	0.998672	0.998659	0.892570	0.987413	0.988250
290	0.931714	0.998672	0.998659	0.894522	0.987413	0.988250
300	0.933990	0.998672	0.998659	0.896747	0.987413	0.988250
310	0.935875	0.998672	0.998659	0.898415	0.988811	0.989634
320	0.937365	0.998820	0.998807	0.899994	0.990210	0.990855
330	0.939329	0.998820	0.998807	0.902020	0.988811	0.989634
340	0.941001	0.999115	0.999101	0.903392	0.988811	0.989634
350	0.942313	0.999115	0.999101	0.904763	0.991608	0.992059
360	0.943779	0.999262	0.999254	0.906359	0.991608	0.992059
370	0.944776	0.999262	0.999254	0.907352	0.991608	0.992059
380	0.946228	0.999262	0.999254	0.908877	0.991608	0.992059
390	0.947346	0.999262	0.999254	0.909985	0.991608	0.992059
400	0.948358	0.999262	0.999254	0.910759	0.991608	0.992059
410	0.949276	0.999262	0.999254	0.911870	0.991608	0.992059
420	0.950429	0.999262	0.999254	0.912986	0.991608	0.992059
430	0.951221	0.999262	0.999254	0.913584	0.991608	0.992059
440	0.952079	0.999262	0.999254	0.914316	0.991608	0.992059
450	0.952981	0.999262	0.999254	0.915426	0.991608	0.992059
460	0.953585	0.999262	0.999254	0.916034	0.991608	0.991897
470	0.954369	0.999262	0.999254	0.916696	0.991608	0.991897
480	0.955111	0.999262	0.999254	0.917259	0.991608	0.991897
490	0.955817	0.999262	0.999254	0.918088	0.991608	0.991897
500	0.956648	0.999262	0.999254	0.918817	0.991608	0.991897
510	0.957091	0.999262	0.999254	0.919182	0.991608	0.991897
520	0.957473	0.999262	0.999254	0.919530	0.991608	0.991897
530	0.958003	0.999262	0.999254	0.920002	0.991608	0.991897
540	0.958483	0.999262	0.999254	0.920526	0.991608	0.991897
550	0.959152	0.999262	0.999254	0.921362	0.991608	0.991897
560	0.959569	0.999262	0.999254	0.921807	0.991608	0.991897
570	0.960161	0.999262	0.999254	0.922424	0.991608	0.991897
580	0.960714	0.999262	0.999254	0.922989	0.991608	0.991897
590	0.961121	0.999410	0.999404	0.923404	0.991608	0.991897
600	0.961472	0.999410	0.999404	0.923854	0.991608	0.991897
610	0.961920	0.999410	0.999404	0.924266	0.991608	0.991897
620	0.962352	0.999410	0.999404	0.924745	0.991608	0.991897
630	0.962910	0.999410	0.999404	0.925229	0.991608	0.991897
640	0.963484	0.999410	0.999404	0.925892	0.991608	0.991897
650	0.963753	0.999410	0.999404	0.926163	0.991608	0.991897
660	0.964188	0.999410	0.999404	0.926541	0.991608	0.991897
670	0.964617	0.999410	0.999404	0.927025	0.991608	0.991897
680	0.965002	0.999410	0.999404	0.927394	0.991608	0.991897
690	0.965366	0.999410	0.999404	0.927724	0.991608	0.991897
700	0.965749	0.999410	0.999404	0.928227	0.991608	0.991897
710	0.966251	0.999410	0.999404	0.928617	0.991608	0.991897
720	0.966592	0.999410	0.999404	0.928973	0.991608	0.991897
730	0.967020	0.999410	0.999404	0.929560	0.991608	0.991897
740	0.967305	0.999410	0.999404	0.929882	0.991608	0.991897
750	0.967735	0.999410	0.999404	0.930380	0.991608	0.991897
760	0.968041	0.999410	0.999404	0.930729	0.991608	0.991897
770	0.968701	0.999410	0.999404	0.931639	0.991608	0.991897
780	0.968977	0.999410	0.999404	0.931947	0.991608	0.991897
790	0.969459	0.999410	0.999404	0.932566	0.991608	0.991897
800	0.970044	0.999410	0.999404	0.933416	0.991608	0.991897
810	0.970392	0.999410	0.999404	0.933899	0.991608	0.991897
820	0.970783	0.999410	0.999404	0.934418	0.991608	0.991897
830	0.971196	0.999410	0.999404	0.934944	0.991608	0.991897
840	0.971904	0.999410	0.999404	0.935798	0.991608	0.991897
850	0.972146	0.999410	0.999404	0.936074	0.991608	0.991897
860	0.972527	0.999410	0.999404	0.936530	0.991608	0.991897
870	0.972975	0.999410	0.999404	0.936979	0.991608	0.991897
880	0.973449	0.999410	0.999404	0.937478	0.991608	0.991897
890	0.973750	0.999410	0.999404	0.937785	0.991608	0.991897
900	0.974053	0.999410	0.999404	0.938061	0.991608	0.991897
910	0.974342	0.999410	0.999404	0.938412	0.991608	0.991897
920	0.974628	0.999410	0.999404	0.938586	0.991608	0.991897
930	0.974889	0.999410	0.999404	0.938936	0.991608	0.991897
940	0.975219	0.999410	0.999404	0.939351	0.991608	0.991897
950	0.975449	0.999410	0.999404	0.939530	0.991608	0.991897
960	0.975722	0.999410	0.999404	0.939778	0.991608	0.991897
970	0.976167	0.999410	0.999404	0.940231	0.991608	0.991897
980	0.976413	0.999410	0.999404	0.940519	0.991608	0.991897
990	0.976699	0.999410	0.999404	0.940851	0.991608	0.991897
1000	0.976914	0.999410	0.999404	0.941108	0.991608	0.991897
1010	0.977188	0.999410	0.999404	0.941447	0.991608	0.991897
1020	0.977439	0.999410	0.999404	0.941740	0.991608	0.991897
1030	0.977706	0.999410	0.999404	0.942050	0.991608	0.991897
1040	0.977963	0.999410	0.999404	0.942395	0.991608	0.991897
1050	0.978330	0.999410	0.999404	0.942822	0.991608	0.991897
1060	0.978480	0.999410	0.999404	0.942947	0.991608	0.991897
1070	0.978650	0.999410	0.999404	0.943202	0.991608	0.991897
1080	0.978932	0.999410	0.999404	0.943542	0.991608	0.991897
1090	0.979126	0.999410	0.999404	0.943841	0.991608	0.991897
1100	0.979530	0.999705	0.999700	0.944279	0.991608	0.991897
1110	0.979723	0.999705	0.999700	0.944478	0.991608	0.991897
1120	0.979907	0.999852	0.999851	0.944724	0.991608	0.991897
1130	0.980390	0.999852	0.999851	0.945306	0.991608	0.991897
1140	0.980656	0.999852	0.999851	0.945629	0.991608	0.991897
1150	0.981012	0.999852	0.999851	0.946062	0.991608	0.991897
1160	0.981298	0.999852	0.999851	0.946268	0.991608	0.991897
1170	0.981444	1.000000	1.000000	0.946439	0.991608	0.991897
1180	0.981583	1.000000	1.000000	0.946625	0.991608	0.991897
1190	0.981857	1.000000	1.000000	0.946938	0.991608	0.991897
1200	0.982131	1.000000	1.000000	0.947195	0.991608	0.991897
1210	0.982260	1.000000	1.000000	0.947322	0.991608	0.991897
1220	0.982374	1.000000	1.000000	0.947428	0.991608	0.991897
1230	0.982557	1.000000	1.000000	0.947658	0.991608	0.991897
1240	0.982770	1.000000	1.000000	0.947880	0.991608	0.991897
1250	0.982990	1.000000	1.000000	0.948163	0.991608	0.991897
1260	0.983135	1.000000	1.000000	0.948323	0.991608	0.991897
1270	0.983273	1.000000	1.000000	0.948437	0.991608	0.991897
1280	0.983430	1.000000	1.000000	0.948606	0.991608	0.991897
1290	0.983538	1.000000	1.000000	0.948739	0.991608	0.991897
1300	0.983716	1.000000	1.000000	0.948932	0.991608	0.991897
1310	0.983931	1.000000	1.000000	0.949184	0.991608	0.991897
1320	0.984053	1.000000	1.000000	0.949346	0.991608	0.992059
1330	0.984176	1.000000	1.000000	0.949455	0.991608	0.992059
1340	0.984317	1.000000	1.000000	0.949616	0.991608	0.992059
1350	0.984488	1.000000	1.000000	0.949848	0.991608	0.992059
1360	0.984590	1.000000	1.000000	0.949954	0.991608	0.992059
1370	0.984757	1.000000	1.000000	0.950132	0.991608	0.992059
1380	0.984830	1.000000	1.000000	0.950229	0.991608	0.992059
1390	0.984965	1.000000	1.000000	0.950411	0.991608	0.992059
1400	0.985055	1.000000	1.000000	0.950583	0.991608	0.992059
1410	0.985218	1.000000	1.000000	0.951092	0.991608	0.992059
1420	0.985291	1.000000	1.000000	0.951142	0.991608	0.992059
1430	0.985393	1.000000	1.000000	0.951280	0.991608	0.992059
1440	0.985500	1.000000	1.000000	0.951384	0.991608	0.992059
1450	0.985624	1.000000	1.000000	0.951500	0.991608	0.992059
1460	0.985750	1.000000	1.000000	0.951705	0.991608	0.992059
1470	0.985898	1.000000	1.000000	0.951848	0.991608	0.992059
1480	0.985980	1.000000	1.000000	0.951950	0.991608	0.992059
1490	0.986065	1.000000	1.000000	0.952044	0.991608	0.992059
1500	0.986210	1.000000	1.000000	0.952278	0.991608	0.992059
1510	0.986324	1.000000	1.000000	0.952422	0.991608	0.992059
1520	0.986386	1.000000	1.000000	0.952502	0.991608	0.992059
1530	0.986472	1.000000	1.000000	0.952622	0.991608	0.992059
1540	0.986546	1.000000	1.000000	0.952691	0.991608	0.992059
1550	0.986633	1.000000	1.000000	0.952804	0.991608	0.992059
1560	0.986697	1.000000	1.000000	0.952949	0.991608	0.992059
1570	0.986767	1.000000	1.000000	0.953022	0.991608	0.992059
1580	0.986845	1.000000	1.000000	0.953150	0.991608	0.992059
1590	0.986924	1.000000	1.000000	0.953250	0.991608	0.992059
1600	0.986985	1.000000	1.000000	0.953328	0.991608	0.992059
1610	0.987061	1.000000	1.000000	0.953427	0.991608	0.992059
1620	0.987130	1.000000	1.000000	0.953490	0.991608	0.992059
1630	0.987240	1.000000	1.000000	0.953586	0.991608	0.992059
1640	0.987302	1.000000	1.000000	0.953640	0.991608	0.992059
1650	0.987358	1.000000	1.000000	0.953690	0.991608	0.992059
1660	0.987441	1.000000	1.000000	0.953803	0.991608	0.992059
1670	0.987538	1.000000	1.000000	0.953893	0.991608	0.992059
1680	0.987659	1.000000	1.000000	0.954043	0.991608	0.992059
1690	0.987741	1.000000	1.000000	0.954156	0.991608	0.992059
1700	0.987855	1.000000	1.000000	0.954346	0.991608	0.992059
1710	0.987989	1.000000	1.000000	0.954546	0.991608	0.992059
1720	0.988080	1.000000	1.000000	0.954686	0.991608	0.992059
1730	0.988122	1.000000	1.000000	0.954716	0.991608	0.992059
1740	0.988174	1.000000	1.000000	0.954727	0.991608	0.992059
1750	0.988250	1.000000	1.000000	0.954817	0.991608	0.992059
1760	0.988305	1.000000	1.000000	0.954912	0.991608	0.992059
1770	0.988351	1.000000	1.000000	0.954997	0.991608	0.992059
1780	0.988416	1.000000	1.000000	0.955043	0.991608	0.992059
1790	0.988502	1.000000	1.000000	0.955127	0.991608	0.992059
1800	0.988597	1.000000	1.000000	0.955293	0.991608	0.992059
1810	0.988629	1.000000	1.000000	0.955371	0.991608	0.992059
1820	0.988671	1.000000	1.000000	0.955424	0.991608	0.992059
1830	0.988736	1.000000	1.000000	0.955524	0.991608	0.992059
1840	0.988784	1.000000	1.000000	0.955557	0.991608	0.992059
1850	0.988848	1.000000	1.000000	0.955626	0.991608	0.992059
1860	0.988924	1.000000	1.000000	0.955752	0.991608	0.992059
1870	0.989030	1.000000	1.000000	0.955922	0.993007	0.993279
1880	0.989123	1.000000	1.000000	0.956049	0.993007	0.993279
1890	0.989180	1.000000	1.000000	0.956128	0.993007	0.993279
1900	0.989222	1.000000	1.000000	0.956231	0.993007	0.993279
1910	0.989267	1.000000	1.000000	0.956244	0.993007	0.993279
1920	0.989385	1.000000	1.000000	0.956445	0.993007	0.993279
1930	0.989444	1.000000	1.000000	0.956571	0.993007	0.993279
1940	0.989500	1.000000	1.000000	0.956611	0.993007	0.993279
1950	0.989544	1.000000	1.000000	0.956639	0.993007	0.993279
1960	0.989582	1.000000	1.000000	0.956644	0.993007	0.993279
1970	0.989649	1.000000	1.000000	0.956673	0.993007	0.993279
1980	0.989704	1.000000	1.000000	0.956719	0.993007	0.993279
1990	0.989764	1.000000	1.000000	0.956763	0.993007	0.993279
2000	0.989849	1.000000	1.000000	0.956897	0.993007	0.993279
2010	0.989888	1.000000	1.000000	0.956957	0.993007	0.993279
2020	0.989949	1.000000	1.000000	0.957052	0.993007	0.993279
2030	0.989987	1.000000	1.000000	0.957084	0.993007	0.993279
2040	0.990032	1.000000	1.000000	0.957163	0.993007	0.993279
2050	0.990109	1.000000	1.000000	0.957252	0.991608	0.992059
2060	0.990146	1.000000	1.000000	0.957279	0.991608	0.992059
2070	0.990170	1.000000	1.000000	0.957297	0.991608	0.992059
2080	0.990206	1.000000	1.000000	0.957330	0.991608	0.992059
2090	0.990249	1.000000	1.000000	0.957355	0.993007	0.993279
2100	0.990293	1.000000	1.000000	0.957442	0.993007	0.993279
2110	0.990346	1.000000	1.000000	0.957491	0.993007	0.993279
2120	0.990389	1.000000	1.000000	0.957545	0.993007	0.993279
2130	0.990447	1.000000	1.000000	0.957593	0.993007	0.993279
2140	0.990484	1.000000	1.000000	0.957619	0.991608	0.992059
2150	0.990532	1.000000	1.000000	0.957705	0.991608	0.992059
2160	0.990572	1.000000	1.000000	0.957759	0.993007	0.993279
2170	0.990606	1.000000	1.000000	0.957818	0.993007	0.993279
2180	0.990651	1.000000	1.000000	0.957900	0.993007	0.993279
2190	0.990693	1.000000	1.000000	0.957947	0.993007	0.993279
2200	0.990724	1.000000	1.000000	0.957986	0.993007	0.993279
2210	0.990754	1.000000	1.000000	0.958009	0.993007	0.993279
2220	0.990789	1.000000	1.000000	0.958051	0.993007	0.993279
2230	0.990818	1.000000	1.000000	0.958081	0.993007	0.993279
2240	0.990867	1.000000	1.000000	0.958142	0.991608	0.992059
2250	0.990906	1.000000	1.000000	0.958173	0.991608	0.992059
2260	0.990944	1.000000	1.000000	0.958214	0.991608	0.992059
2270	0.990993	1.000000	1.000000	0.958271	0.991608	0.992059
2280	0.991025	1.000000	1.000000	0.958315	0.991608	0.992059
2290	0.991077	1.000000	1.000000	0.958381	0.991608	0.992059
2300	0.991114	1.000000	1.000000	0.958418	0.991608	0.992059
2310	0.991158	1.000000	1.000000	0.958471	0.991608	0.992059
2320	0.991201	1.000000	1.000000	0.958532	0.991608	0.992059
2330	0.991244	1.000000	1.000000	0.958641	0.993007	0.993279
2340	0.991305	1.000000	1.000000	0.958754	0.993007	0.993279
2350	0.991332	1.000000	1.000000	0.958741	0.993007	0.993279
2360	0.991372	1.000000	1.000000	0.958806	0.993007	0.993279
2370	0.991393	1.000000	1.000000	0.958825	0.993007	0.993279
2380	0.991456	1.000000	1.000000	0.958942	0.993007	0.993279
2390	0.991520	1.000000	1.000000	0.959050	0.993007	0.993279
2400	0.991566	1.000000	1.000000	0.959093	0.993007	0.993279
2410	0.991590	1.000000	1.000000	0.959130	0.993007	0.993279
2420	0.991644	1.000000	1.000000	0.959226	0.993007	0.993279
2430	0.991697	1.000000	1.000000	0.959309	0.993007	0.993279
2440	0.991725	1.000000	1.000000	0.959349	0.993007	0.993279
2450	0.991747	1.000000	1.000000	0.959380	0.993007	0.993279
2460	0.991785	1.000000	1.000000	0.959430	0.993007	0.993279
2470	0.991817	1.000000	1.000000	0.959462	0.993007	0.993279
2480	0.991844	1.000000	1.000000	0.959503	0.993007	0.993279
2490	0.991888	1.000000	1.000000	0.959532	0.993007	0.993279
2500	0.991913	1.000000	1.000000	0.959563	0.993007	0.993279
2510	0.991937	1.000000	1.000000	0.959604	0.993007	0.993279
2520	0.991981	1.000000	1.000000	0.959704	0.993007	0.993279
2530	0.992020	1.000000	1.000000	0.959746	0.993007	0.993279
2540	0.992064	1.000000	1.000000	0.959822	0.993007	0.993279
2550	0.992110	1.000000	1.000000	0.959916	0.993007	0.993279
2560	0.992135	1.000000	1.000000	0.959928	0.993007	0.993279
2570	0.992155	1.000000	1.000000	0.959946	0.993007	0.993279
2580	0.992184	1.000000	1.000000	0.959998	0.993007	0.993279
2590	0.992238	1.000000	1.000000	0.960071	0.993007	0.993279
2600	0.992262	1.000000	1.000000	0.960101	0.993007	0.993279
2610	0.992295	1.000000	1.000000	0.960129	0.993007	0.993279
2620	0.992313	1.000000	1.000000	0.960180	0.993007	0.993279
2630	0.992347	1.000000	1.000000	0.960227	0.993007	0.993279
2640	0.992393	1.000000	1.000000	0.960296	0.993007	0.993279
2650	0.992412	1.000000	1.000000	0.960327	0.993007	0.993279
2660	0.992459	1.000000	1.000000	0.960456	0.993007	0.993279
2670	0.992502	1.000000	1.000000	0.960496	0.993007	0.993279
2680	0.992543	1.000000	1.000000	0.960543	0.993007	0.993279
2690	0.992565	1.000000	1.000000	0.960582	0.993007	0.993279
2700	0.992577	1.000000	1.000000	0.960625	0.993007	0.993279
2710	0.992587	1.000000	1.000000	0.960642	0.993007	0.993279
2720	0.992596	1.000000	1.000000	0.960653	0.993007	0.993279
2730	0.992604	1.000000	1.000000	0.960631	0.993007	0.993279
2740	0.992628	1.000000	1.000000	0.960665	0.993007	0.993279
2750	0.992652	1.000000	1.000000	0.960693	0.993007	0.993279
2760	0.992678	1.000000	1.000000	0.960721	0.993007	0.993279
2770	0.992707	1.000000	1.000000	0.960756	0.993007	0.993279
2780	0.992727	1.000000	1.000000	0.960792	0.993007	0.993279
2790	0.992764	1.000000	1.000000	0.960858	0.993007	0.993279
2800	0.992792	1.000000	1.000000	0.960860	0.993007	0.993279
2810	0.992836	1.000000	1.000000	0.960924	0.993007	0.993279
2820	0.992859	1.000000	1.000000	0.960949	0.993007	0.993279
2830	0.992889	1.000000	1.000000	0.960991	0.993007	0.993279
2840	0.992932	1.000000	1.000000	0.961052	0.993007	0.993279
2850	0.992961	1.000000	1.000000	0.961106	0.993007	0.993279
2860	0.992983	1.000000	1.000000	0.961179	0.993007	0.993279
2870	0.993017	1.000000	1.000000	0.961225	0.994406	0.994694
2880	0.993063	1.000000	1.000000	0.961316	0.994406	0.994694
2890	0.993092	1.000000	1.000000	0.961345	0.994406	0.994694
2900	0.993122	1.000000	1.000000	0.961365	0.994406	0.994694
2910	0.993140	1.000000	1.000000	0.961338	0.994406	0.994694
2920	0.993170	1.000000	1.000000	0.961407	0.994406	0.994694
2930	0.993189	1.000000	1.000000	0.961416	0.994406	0.994694
2940	0.993206	1.000000	1.000000	0.961440	0.994406	0.994694
2950	0.993227	1.000000	1.000000	0.961463	0.994406	0.994694
2960	0.993262	1.000000	1.000000	0.961513	0.994406	0.994694
2970	0.993297	1.000000	1.000000	0.961580	0.994406	0.994694
2980	0.993341	1.000000	1.000000	0.961653	0.994406	0.994694
2990	0.993378	1.000000	1.000000	0.961710	0.994406	0.994694
3000	0.993409	1.000000	1.000000	0.961763	0.994406	0.994694
3010	0.993435	1.000000	1.000000	0.961780	0.994406	0.994694
3020	0.993449	1.000000	1.000000	0.961785	0.994406	0.994694
3030	0.993466	1.000000	1.000000	0.961814	0.994406	0.994694
3040	0.993488	1.000000	1.000000	0.961855	0.994406	0.994694
3050	0.993514	1.000000	1.000000	0.961853	0.994406	0.994694
3060	0.993557	1.000000	1.000000	0.961908	0.994406	0.994694
3070	0.993580	1.000000	1.000000	0.961952	0.994406	0.994694
3080	0.993591	1.000000	1.000000	0.961964	0.994406	0.994694
3090	0.993604	1.000000	1.000000	0.961983	0.994406	0.994694
3100	0.993635	1.000000	1.000000	0.962026	0.994406	0.994694
3110	0.993657	1.000000	1.000000	0.962053	0.994406	0.994694
3120	0.993673	1.000000	1.000000	0.962045	0.994406	0.994694
3130	0.993694	1.000000	1.000000	0.962090	0.994406	0.994694
3140	0.993709	1.000000	1.000000	0.962112	0.994406	0.994694
3150	0.993720	1.000000	1.000000	0.962126	0.994406	0.994694
3160	0.993745	1.000000	1.000000	0.962170	0.994406	0.994694
3170	0.993767	1.000000	1.000000	0.962196	0.994406	0.994694
3180	0.993800	1.000000	1.000000	0.962243	0.994406	0.994694
3190	0.993817	1.000000	1.000000	0.962288	0.994406	0.994694
3200	0.993832	1.000000	1.000000	0.962320	0.994406	0.994694
3210	0.993861	1.000000	1.000000	0.962361	0.994406	0.994694
3220	0.993882	1.000000	1.000000	0.962410	0.994406	0.994694
3230	0.993888	1.000000	1.000000	0.962405	0.994406	0.994694
3240	0.993907	1.000000	1.000000	0.962426	0.994406	0.994694
3250	0.993929	1.000000	1.000000	0.962462	0.994406	0.994694
3260	0.993943	1.000000	1.000000	0.962482	0.994406	0.994694
3270	0.993967	1.000000	1.000000	0.962514	0.994406	0.994694
3280	0.993977	1.000000	1.000000	0.962530	0.994406	0.994694
3290	0.993982	1.000000	1.000000	0.962528	0.994406	0.994694
3300	0.994000	1.000000	1.000000	0.962552	0.994406	0.994694
3310	0.994021	1.000000	1.000000	0.962594	0.994406	0.994694
3320	0.994032	1.000000	1.000000	0.962611	0.994406	0.994694
3330	0.994049	1.000000	1.000000	0.962642	0.994406	0.994694
3340	0.994072	1.000000	1.000000	0.962644	0.994406	0.994694
3350	0.994086	1.000000	1.000000	0.962632	0.994406	0.994694
3360	0.994113	1.000000	1.000000	0.962666	0.994406	0.994694
3370	0.994132	1.000000	1.000000	0.962700	0.994406	0.994694
3380	0.994150	1.000000	1.000000	0.962682	0.994406	0.994694
3390	0.994164	1.000000	1.000000	0.962690	0.994406	0.994694
3400	0.994182	1.000000	1.000000	0.962722	0.994406	0.994694
3410	0.994206	1.000000	1.000000	0.962752	0.994406	0.994694
3420	0.994219	1.000000	1.000000	0.962775	0.994406	0.994694
3430	0.994234	1.000000	1.000000	0.962780	0.994406	0.994694
3440	0.994252	1.000000	1.000000	0.962794	0.994406	0.994694
3450	0.994271	1.000000	1.000000	0.962825	0.994406	0.994694
3460	0.994290	1.000000	1.000000	0.962836	0.994406	0.994694
3470	0.994302	1.000000	1.000000	0.962873	0.994406	0.994694
3480	0.994308	1.000000	1.000000	0.962876	0.994406	0.994694
3490	0.994317	1.000000	1.000000	0.962892	0.994406	0.994694
3500	0.994333	1.000000	1.000000	0.962921	0.994406	0.994694
3510	0.994344	1.000000	1.000000	0.962938	0.994406	0.994694
3520	0.994356	1.000000	1.000000	0.962951	0.994406	0.994694
3530	0.994388	1.000000	1.000000	0.962975	0.994406	0.994694
3540	0.994405	1.000000	1.000000	0.963006	0.994406	0.994694
3550	0.994429	1.000000	1.000000	0.963019	0.994406	0.994694
3560	0.994444	1.000000	1.000000	0.963034	0.994406	0.994694
3570	0.994460	1.000000	1.000000	0.963047	0.994406	0.994694
3580	0.994472	1.000000	1.000000	0.963060	0.994406	0.994694
3590	0.994494	1.000000	1.000000	0.963092	0.994406	0.994694
3600	0.994507	1.000000	1.000000	0.963108	0.994406	0.994694
3610	0.994517	1.000000	1.000000	0.963114	0.994406	0.994694
3620	0.994528	1.000000	1.000000	0.963126	0.994406	0.994694
3630	0.994546	1.000000	1.000000	0.963188	0.994406	0.994694
3640	0.994552	1.000000	1.000000	0.963176	0.994406	0.994694
3650	0.994556	1.000000	1.000000	0.963170	0.994406	0.994694
3660	0.994561	1.000000	1.000000	0.963169	0.994406	0.994694
3670	0.994571	1.000000	1.000000	0.963181	0.994406	0.994694
3680	0.994585	1.000000	1.000000	0.963196	0.994406	0.994694
3690	0.994599	1.000000	1.000000	0.963218	0.994406	0.994694
3700	0.994617	1.000000	1.000000	0.963228	0.994406	0.994694
3710	0.994635	1.000000	1.000000	0.963264	0.994406	0.994694
3720	0.994642	1.000000	1.000000	0.963270	0.994406	0.994694
3730	0.994657	1.000000	1.000000	0.963297	0.994406	0.994694
3740	0.994682	1.000000	1.000000	0.963322	0.994406	0.994694
3750	0.994694	1.000000	1.000000	0.963319	0.994406	0.994694
3760	0.994700	1.000000	1.000000	0.963337	0.994406	0.994694
3770	0.994717	1.000000	1.000000	0.963355	0.994406	0.994694
3780	0.994743	1.000000	1.000000	0.963418	0.994406	0.994694
3790	0.994757	1.000000	1.000000	0.963431	0.994406	0.994694
3800	0.994785	1.000000	1.000000	0.963506	0.994406	0.994694
3810	0.994805	1.000000	1.000000	0.963543	0.994406	0.994694
3820	0.994824	1.000000	1.000000	0.963571	0.994406	0.994694
3830	0.994838	1.000000	1.000000	0.963610	0.994406	0.994694
3840	0.994856	1.000000	1.000000	0.963642	0.994406	0.994694
3850	0.994862	1.000000	1.000000	0.963653	0.994406	0.994694
3860	0.994877	1.000000	1.000000	0.963677	0.994406	0.994694
3870	0.994891	1.000000	1.000000	0.963732	0.994406	0.994694
3880	0.994906	1.000000	1.000000	0.963754	0.994406	0.994694
3890	0.994915	1.000000	1.000000	0.963769	0.994406	0.994694
3900	0.994933	1.000000	1.000000	0.963781	0.994406	0.994694
3910	0.994955	1.000000	1.000000	0.963796	0.994406	0.994694
3920	0.994972	1.000000	1.000000	0.963813	0.994406	0.994694
3930	0.994992	1.000000	1.000000	0.963853	0.994406	0.994694
3940	0.995003	1.000000	1.000000	0.963873	0.994406	0.994694
3950	0.995019	1.000000	1.000000	0.963892	0.994406	0.994694
3960	0.995030	1.000000	1.000000	0.963907	0.994406	0.994694
3970	0.995042	1.000000	1.000000	0.963907	0.994406	0.994694
3980	0.995052	1.000000	1.000000	0.963922	0.994406	0.994694
3990	0.995064	1.000000	1.000000	0.963990	0.994406	0.994694
4000	0.995083	1.000000	1.000000	0.964005	0.994406	0.994694
