10	0.332360	0.849437	0.808230	0.330591	0.844504	0.800024
20	0.504612	0.875963	0.831463	0.492492	0.867292	0.820118
30	0.573093	0.883966	0.838701	0.556569	0.873995	0.825634
40	0.617292	0.887967	0.842034	0.600735	0.876676	0.827575
50	0.662120	0.933758	0.935505	0.643508	0.919571	0.919530
60	0.694198	0.969324	0.969468	0.674955	0.953083	0.952518
70	0.723217	0.980439	0.980479	0.703988	0.977212	0.976944
80	0.748410	0.984884	0.984901	0.729034	0.979893	0.979795
90	0.768355	0.987404	0.987394	0.746945	0.981233	0.981130
100	0.785960	0.989478	0.989493	0.764166	0.982574	0.982570
110	0.806911	0.991257	0.991281	0.784502	0.982574	0.982570
120	0.823260	0.992442	0.992473	0.799519	0.985255	0.985426
130	0.833778	0.993628	0.993663	0.809106	0.985255	0.985426
140	0.846449	0.994665	0.994695	0.822332	0.986595	0.986855
150	0.855761	0.995406	0.995440	0.831107	0.986595	0.986855
160	0.864802	0.995999	0.996024	0.839005	0.986595	0.986855
170	0.872273	0.996443	0.996462	0.845927	0.986595	0.986855
180	0.879369	0.997036	0.997048	0.852754	0.985255	0.985394
190	0.885234	0.997036	0.997048	0.858401	0.985255	0.985394
200	0.890435	0.997333	0.997345	0.863537	0.985255	0.985394
210	0.896261	0.997481	0.997486	0.869356	0.985255	0.985394
220	0.900857	0.997481	0.997486	0.874034	0.985255	0.985394
230	0.905982	0.997629	0.997640	0.879175	0.985255	0.985394
240	0.910112	0.997629	0.997640	0.883274	0.985255	0.985394
250	0.913854	0.997777	0.997782	0.886589	0.985255	0.985394
260	0.916960	0.997777	0.997782	0.889453	0.985255	0.985394
270	0.919855	0.997777	0.997782	0.892558	0.985255	0.985394
280	0.923116	0.997925	0.997930	0.895703	0.985255	0.985394
290	0.925454	0.998074	0.998072	0.897983	0.985255	0.985394
300	0.928464	0.998074	0.998072	0.900663	0.985255	0.985394
310	0.931184	0.998074	0.998072	0.903237	0.985255	0.985394
320	0.932713	0.998222	0.998227	0.904934	0.985255	0.985394
330	0.934659	0.998518	0.998511	0.907268	0.985255	0.985394
340	0.936276	0.998370	0.998370	0.909110	0.985255	0.985394
350	0.937945	0.998518	0.998518	0.910704	0.985255	0.985394
360	0.939092	0.998814	0.998807	0.912014	0.985255	0.985394
370	0.940417	0.998814	0.998807	0.913469	0.985255	0.985394
380	0.941623	0.998963	0.998955	0.914577	0.985255	0.985394
390	0.942911	0.998963	0.998955	0.915952	0.985255	0.985394
400	0.944375	0.998963	0.998955	0.917386	0.985255	0.985394
410	0.945447	0.999111	0.999103	0.918448	0.985255	0.985394
420	0.946207	0.999111	0.999103	0.919283	0.986595	0.986700
430	0.947267	0.999111	0.999103	0.920337	0.987936	0.987987
440	0.948105	0.999111	0.999103	0.921315	0.987936	0.987987
450	0.949010	0.999259	0.999252	0.922238	0.987936	0.987987
460	0.950181	0.999259	0.999252	0.923216	0.987936	0.987987
470	0.951128	0.999259	0.999252	0.924250	0.987936	0.987987
480	0.951854	0.999259	0.999252	0.925243	0.987936	0.987987
490	0.952577	0.999259	0.999252	0.925989	0.986595	0.986700
500	0.953334	0.999259	0.999252	0.926685	0.987936	0.987987
510	0.954300	0.999259	0.999252	0.927528	0.987936	0.987987
520	0.955096	0.999259	0.999252	0.928195	0.987936	0.987987
530	0.955655	0.999259	0.999252	0.928644	0.987936	0.987987
540	0.956102	0.999259	0.999252	0.929060	0.987936	0.987987
550	0.956913	0.999259	0.999252	0.929646	0.987936	0.987987
560	0.957762	0.999259	0.999252	0.930368	0.987936	0.987987
570	0.958341	0.999259	0.999252	0.930958	0.987936	0.987987
580	0.959100	0.999259	0.999252	0.931872	0.987936	0.987987
590	0.959502	0.999259	0.999252	0.932251	0.987936	0.987987
600	0.960048	0.999259	0.999252	0.932688	0.987936	0.987987
610	0.960888	0.999259	0.999252	0.933508	0.987936	0.987987
620	0.961416	0.999259	0.999252	0.934057	0.987936	0.987987
630	0.961963	0.999259	0.999252	0.934579	0.987936	0.987987
640	0.962483	0.999259	0.999252	0.935089	0.987936	0.987987
650	0.962786	0.999259	0.999252	0.935355	0.987936	0.987987
660	0.963274	0.999259	0.999252	0.935818	0.987936	0.987987
670	0.963752	0.999407	0.999402	0.936274	0.987936	0.987987
680	0.964363	0.999407	0.999402	0.936857	0.987936	0.987987
690	0.964826	0.999407	0.999402	0.937596	0.987936	0.987987
700	0.965282	0.999407	0.999402	0.938043	0.987936	0.987987
710	0.965727	0.999407	0.999402	0.938461	0.987936	0.987987
720	0.966139	0.999407	0.999402	0.938871	0.987936	0.987987
730	0.966573	0.999407	0.999402	0.939289	0.987936	0.987987
740	0.967255	0.999407	0.999402	0.939905	0.987936	0.987987
750	0.967612	0.999407	0.999402	0.940222	0.987936	0.987987
760	0.968023	0.999407	0.999402	0.940665	0.987936	0.987987
770	0.968525	0.999407	0.999402	0.941225	0.987936	0.987987
780	0.968832	0.999407	0.999402	0.941454	0.987936	0.987987
790	0.969394	0.999407	0.999402	0.941944	0.987936	0.987987
800	0.969766	0.999407	0.999402	0.942284	0.987936	0.987987
810	0.970131	0.999407	0.999402	0.942672	0.987936	0.987987
820	0.970523	0.999407	0.999402	0.943034	0.987936	0.987987
830	0.970752	0.999407	0.999402	0.943308	0.987936	0.987987
840	0.971174	0.999407	0.999402	0.943888	0.987936	0.987987
850	0.971457	0.999407	0.999402	0.944215	0.987936	0.987987
860	0.971838	0.999407	0.999402	0.944609	0.987936	0.987987
870	0.972149	0.999407	0.999402	0.944891	0.987936	0.987987
880	0.972409	0.999407	0.999402	0.945137	0.987936	0.987987
890	0.973029	0.999407	0.999402	0.945800	0.987936	0.987987
900	0.973444	0.999407	0.999402	0.946180	0.987936	0.987987
910	0.973681	0.999407	0.999402	0.946374	0.987936	0.987987
920	0.974087	0.999407	0.999402	0.946878	0.987936	0.987987
930	0.974560	0.999407	0.999402	0.947298	0.987936	0.987987
940	0.974967	0.999407	0.999402	0.947689	0.987936	0.987987
950	0.975205	0.999407	0.999402	0.947992	0.987936	0.987987
960	0.975489	0.999407	0.999402	0.948274	0.987936	0.987987
970	0.975699	0.999407	0.999402	0.948472	0.987936	0.987987
980	0.975925	0.999407	0.999402	0.948644	0.987936	0.987987
990	0.976270	0.999555	0.999550	0.948990	0.987936	0.987987
1000	0.976634	0.999555	0.999550	0.949231	0.986595	0.986604
1010	0.976767	0.999555	0.999550	0.949331	0.986595	0.986604
1020	0.976974	0.999555	0.999550	0.949491	0.986595	0.986604
1030	0.977221	0.999555	0.999550	0.949794	0.986595	0.986604
1040	0.977628	0.999555	0.999550	0.950230	0.986595	0.986604
1050	0.977954	0.999555	0.999550	0.950599	0.986595	0.986604
1060	0.978289	0.999555	0.999550	0.950842	0.986595	0.986604
1070	0.978513	0.999555	0.999550	0.951067	0.986595	0.986604
1080	0.978651	0.999555	0.999550	0.951175	0.986595	0.986604
1090	0.978828	0.999555	0.999550	0.951410	0.986595	0.986604
1100	0.979047	0.999555	0.999550	0.951650	0.986595	0.986604
1110	0.979354	0.999555	0.999550	0.952001	0.986595	0.986604
1120	0.979581	0.999704	0.999698	0.952226	0.987936	0.987833
1130	0.979868	0.999704	0.999698	0.952615	0.987936	0.987833
1140	0.979993	0.999704	0.999698	0.952747	0.987936	0.987833
1150	0.980153	0.999704	0.999698	0.952877	0.987936	0.987833
1160	0.980484	0.999704	0.999698	0.953313	0.987936	0.987833
1170	0.980609	0.999704	0.999698	0.953436	0.987936	0.987833
1180	0.980783	0.999704	0.999698	0.953614	0.987936	0.987833
1190	0.980920	0.999852	0.999853	0.953783	0.987936	0.987833
1200	0.981036	0.999852	0.999853	0.953830	0.987936	0.987833
1210	0.981200	0.999852	0.999853	0.954014	0.987936	0.987833
1220	0.981428	0.999852	0.999853	0.954184	0.987936	0.987833
1230	0.981647	0.999852	0.999853	0.954447	0.987936	0.987833
1240	0.981761	0.999852	0.999853	0.954559	0.987936	0.987833
1250	0.981887	0.999852	0.999853	0.954730	0.987936	0.987833
1260	0.982045	0.999852	0.999853	0.954856	0.987936	0.987833
1270	0.982259	1.000000	1.000000	0.955074	0.987936	0.987833
1280	0.982358	1.000000	1.000000	0.955137	0.987936	0.987833
1290	0.982511	1.000000	1.000000	0.955307	0.987936	0.987833
1300	0.982665	1.000000	1.000000	0.955490	0.987936	0.987833
1310	0.982839	1.000000	1.000000	0.955745	0.987936	0.987833
1320	0.983038	1.000000	1.000000	0.955971	0.987936	0.987833
1330	0.983225	1.000000	1.000000	0.956182	0.987936	0.987833
1340	0.983473	1.000000	1.000000	0.956439	0.987936	0.987833
1350	0.983540	1.000000	1.000000	0.956499	0.987936	0.987833
1360	0.983657	1.000000	1.000000	0.956592	0.987936	0.987833
1370	0.983728	1.000000	1.000000	0.956645	0.987936	0.987833
1380	0.983918	1.000000	1.000000	0.956836	0.987936	0.987833
1390	0.984199	1.000000	1.000000	0.957180	0.987936	0.987833
1400	0.984461	1.000000	1.000000	0.957494	0.989276	0.989215
1410	0.984603	1.000000	1.000000	0.957638	0.989276	0.989215
1420	0.984710	1.000000	1.000000	0.957749	0.989276	0.989215
1430	0.984773	1.000000	1.000000	0.957792	0.989276	0.989215
1440	0.984885	1.000000	1.000000	0.957968	0.989276	0.989215
1450	0.984980	1.000000	1.000000	0.958023	0.989276	0.989215
1460	0.985113	1.000000	1.000000	0.958125	0.989276	0.989215
1470	0.985188	1.000000	1.000000	0.958204	0.989276	0.989215
1480	0.985319	1.000000	1.000000	0.958321	0.989276	0.989215
1490	0.985408	1.000000	1.000000	0.958444	0.989276	0.989215
1500	0.985502	1.000000	1.000000	0.958506	0.989276	0.989215
1510	0.985628	1.000000	1.000000	0.958717	0.989276	0.989215
1520	0.985767	1.000000	1.000000	0.958876	0.989276	0.989215
1530	0.985846	1.000000	1.000000	0.958915	0.989276	0.989215
1540	0.985953	1.000000	1.000000	0.959003	0.989276	0.989215
1550	0.986058	1.000000	1.000000	0.959114	0.989276	0.989215
1560	0.986207	1.000000	1.000000	0.959328	0.990617	0.990531
1570	0.986270	1.000000	1.000000	0.959385	0.990617	0.990531
1580	0.986387	1.000000	1.000000	0.959514	0.990617	0.990531
1590	0.986466	1.000000	1.000000	0.959599	0.989276	0.989215
1600	0.986613	1.000000	1.000000	0.959789	0.989276	0.989215
1610	0.986778	1.000000	1.000000	0.960091	0.990617	0.990531
1620	0.986960	1.000000	1.000000	0.960276	0.990617	0.990531
1630	0.987114	1.000000	1.000000	0.960410	0.990617	0.990531
1640	0.987192	1.000000	1.000000	0.960478	0.989276	0.989215
1650	0.987255	1.000000	1.000000	0.960434	0.989276	0.989215
1660	0.987321	1.000000	1.000000	0.960536	0.990617	0.990531
1670	0.987398	1.000000	1.000000	0.960627	0.990617	0.990531
1680	0.987477	1.000000	1.000000	0.960699	0.990617	0.990531
1690	0.987542	1.000000	1.000000	0.960752	0.990617	0.990531
1700	0.987650	1.000000	1.000000	0.960840	0.990617	0.990531
1710	0.987730	1.000000	1.000000	0.960913	0.990617	0.990531
1720	0.987796	1.000000	1.000000	0.961026	0.990617	0.990531
1730	0.987842	1.000000	1.000000	0.961099	0.990617	0.990531
1740	0.987907	1.000000	1.000000	0.961166	0.990617	0.990531
1750	0.987976	1.000000	1.000000	0.961228	0.990617	0.990531
1760	0.988069	1.000000	1.000000	0.961315	0.989276	0.989215
1770	0.988149	1.000000	1.000000	0.961415	0.990617	0.990531
1780	0.988205	1.000000	1.000000	0.961500	0.990617	0.990531
1790	0.988302	1.000000	1.000000	0.961559	0.990617	0.990531
1800	0.988425	1.000000	1.000000	0.961709	0.990617	0.990531
1810	0.988481	1.000000	1.000000	0.961806	0.990617	0.990531
1820	0.988535	1.000000	1.000000	0.961876	0.990617	0.990531
1830	0.988616	1.000000	1.000000	0.961991	0.990617	0.990531
1840	0.988661	1.000000	1.000000	0.962047	0.990617	0.990531
1850	0.988752	1.000000	1.000000	0.962162	0.990617	0.990531
1860	0.988784	1.000000	1.000000	0.962189	0.990617	0.990531
1870	0.988830	1.000000	1.000000	0.962243	0.990617	0.990531
1880	0.988926	1.000000	1.000000	0.962341	0.990617	0.990531
1890	0.989007	1.000000	1.000000	0.962481	0.990617	0.990531
1900	0.989065	1.000000	1.000000	0.962578	0.990617	0.990531
1910	0.989140	1.000000	1.000000	0.962746	0.990617	0.990531
1920	0.989177	1.000000	1.000000	0.962760	0.990617	0.990531
1930	0.989223	1.000000	1.000000	0.962800	0.990617	0.990531
1940	0.989260	1.000000	1.000000	0.962842	0.990617	0.990531
1950	0.989306	1.000000	1.000000	0.962919	0.990617	0.990531
1960	0.989374	1.000000	1.000000	0.963055	0.990617	0.990531
1970	0.989460	1.000000	1.000000	0.963172	0.990617	0.990531
1980	0.989482	1.000000	1.000000	0.963198	0.990617	0.990531
1990	0.989500	1.000000	1.000000	0.963225	0.990617	0.990531
2000	0.989517	1.000000	1.000000	0.963252	0.990617	0.990531
2010	0.989534	1.000000	1.000000	0.963266	0.990617	0.990531
2020	0.989591	1.000000	1.000000	0.963384	0.990617	0.990531
2030	0.989658	1.000000	1.000000	0.963431	0.990617	0.990531
2040	0.989748	1.000000	1.000000	0.963563	0.990617	0.990531
2050	0.989798	1.000000	1.000000	0.963660	0.990617	0.990531
2060	0.989899	1.000000	1.000000	0.963762	0.990617	0.990531
2070	0.989954	1.000000	1.000000	0.963840	0.990617	0.990531
2080	0.990003	1.000000	1.000000	0.963881	0.990617	0.990531
2090	0.990069	1.000000	1.000000	0.963963	0.990617	0.990531
2100	0.990112	1.000000	1.000000	0.964006	0.990617	0.990531
2110	0.990174	1.000000	1.000000	0.964065	0.990617	0.990531
2120	0.990238	1.000000	1.000000	0.964112	0.990617	0.990531
2130	0.990337	1.000000	1.000000	0.964230	0.990617	0.990531
2140	0.990402	1.000000	1.000000	0.964281	0.990617	0.990531
2150	0.990442	1.000000	1.000000	0.964327	0.990617	0.990531
2160	0.990461	1.000000	1.000000	0.964338	0.990617	0.990531
2170	0.990491	1.000000	1.000000	0.964376	0.990617	0.990531
2180	0.990554	1.000000	1.000000	0.964474	0.990617	0.990531
2190	0.990599	1.000000	1.000000	0.964498	0.990617	0.990531
2200	0.990614	1.000000	1.000000	0.964509	0.990617	0.990531
2210	0.990634	1.000000	1.000000	0.964526	0.990617	0.990531
2220	0.990667	1.000000	1.000000	0.964557	0.990617	0.990531
2230	0.990704	1.000000	1.000000	0.964594	0.990617	0.990531
2240	0.990754	1.000000	1.000000	0.964648	0.990617	0.990531
2250	0.990795	1.000000	1.000000	0.964699	0.990617	0.990531
2260	0.990848	1.000000	1.000000	0.964788	0.990617	0.990531
2270	0.990899	1.000000	1.000000	0.964851	0.990617	0.990531
2280	0.990968	1.000000	1.000000	0.964904	0.990617	0.990531
2290	0.990995	1.000000	1.000000	0.964924	0.990617	0.990531
2300	0.991038	1.000000	1.000000	0.965004	0.990617	0.990531
2310	0.991094	1.000000	1.000000	0.965062	0.990617	0.990531
2320	0.991155	1.000000	1.000000	0.965148	0.990617	0.990531
2330	0.991173	1.000000	1.000000	0.965159	0.990617	0.990531
2340	0.991202	1.000000	1.000000	0.965224	0.990617	0.990531
2350	0.991243	1.000000	1.000000	0.965263	0.990617	0.990531
2360	0.991276	1.000000	1.000000	0.965287	0.990617	0.990531
2370	0.991312	1.000000	1.000000	0.965303	0.990617	0.990531
2380	0.991359	1.000000	1.000000	0.965339	0.990617	0.990531
2390	0.991394	1.000000	1.000000	0.965422	0.989276	0.989149
2400	0.991419	1.000000	1.000000	0.965440	0.989276	0.989149
2410	0.991458	1.000000	1.000000	0.965461	0.990617	0.990531
2420	0.991491	1.000000	1.000000	0.965485	0.989276	0.989149
2430	0.991525	1.000000	1.000000	0.965523	0.989276	0.989149
2440	0.991563	1.000000	1.000000	0.965553	0.989276	0.989149
2450	0.991588	1.000000	1.000000	0.965561	0.989276	0.989149
2460	0.991627	1.000000	1.000000	0.965602	0.989276	0.989149
2470	0.991676	1.000000	1.000000	0.965682	0.990617	0.990531
2480	0.991727	1.000000	1.000000	0.965724	0.990617	0.990531
2490	0.991766	1.000000	1.000000	0.965764	0.990617	0.990531
2500	0.991804	1.000000	1.000000	0.965839	0.990617	0.990531
2510	0.991835	1.000000	1.000000	0.965878	0.990617	0.990531
2520	0.991872	1.000000	1.000000	0.965936	0.990617	0.990531
2530	0.991907	1.000000	1.000000	0.965971	0.989276	0.989149
2540	0.991957	1.000000	1.000000	0.965987	0.989276	0.989149
2550	0.991994	1.000000	1.000000	0.966011	0.989276	0.989149
2560	0.992032	1.000000	1.000000	0.966062	0.989276	0.989149
2570	0.992056	1.000000	1.000000	0.966028	0.989276	0.989149
2580	0.992101	1.000000	1.000000	0.966106	0.989276	0.989149
2590	0.992141	1.000000	1.000000	0.966139	0.989276	0.989149
2600	0.992168	1.000000	1.000000	0.966154	0.989276	0.989149
2610	0.992188	1.000000	1.000000	0.966170	0.989276	0.989149
2620	0.992235	1.000000	1.000000	0.966212	0.989276	0.989149
2630	0.992268	1.000000	1.000000	0.966252	0.989276	0.989149
2640	0.992289	1.000000	1.000000	0.966277	0.989276	0.989149
2650	0.992318	1.000000	1.000000	0.966313	0.989276	0.989149
2660	0.992349	1.000000	1.000000	0.966349	0.989276	0.989149
2670	0.992378	1.000000	1.000000	0.966380	0.989276	0.989149
2680	0.992412	1.000000	1.000000	0.966440	0.989276	0.989149
2690	0.992437	1.000000	1.000000	0.966468	0.989276	0.989149
2700	0.992461	1.000000	1.000000	0.966482	0.989276	0.989149
2710	0.992475	1.000000	1.000000	0.966515	0.989276	0.989149
2720	0.992489	1.000000	1.000000	0.966511	0.989276	0.989149
2730	0.992511	1.000000	1.000000	0.966585	0.989276	0.989149
2740	0.992531	1.000000	1.000000	0.966595	0.989276	0.989149
2750	0.992538	1.000000	1.000000	0.966580	0.989276	0.989149
2760	0.992562	1.000000	1.000000	0.966635	0.989276	0.989149
2770	0.992590	1.000000	1.000000	0.966673	0.989276	0.989149
2780	0.992622	1.000000	1.000000	0.966720	0.989276	0.989149
2790	0.992663	1.000000	1.000000	0.966781	0.989276	0.989149
2800	0.992714	1.000000	1.000000	0.966885	0.989276	0.989149
2810	0.992749	1.000000	1.000000	0.966909	0.989276	0.989149
2820	0.992757	1.000000	1.000000	0.966893	0.989276	0.989149
2830	0.992778	1.000000	1.000000	0.966895	0.989276	0.989149
2840	0.992823	1.000000	1.000000	0.966956	0.989276	0.989149
2850	0.992843	1.000000	1.000000	0.966959	0.989276	0.989149
2860	0.992865	1.000000	1.000000	0.966990	0.989276	0.989149
2870	0.992905	1.000000	1.000000	0.967018	0.989276	0.989149
2880	0.992942	1.000000	1.000000	0.967050	0.989276	0.989149
2890	0.992968	1.000000	1.000000	0.967093	0.989276	0.989149
2900	0.992998	1.000000	1.000000	0.967169	0.989276	0.989149
2910	0.993042	1.000000	1.000000	0.967248	0.989276	0.989149
2920	0.993069	1.000000	1.000000	0.967320	0.989276	0.989149
2930	0.993103	1.000000	1.000000	0.967356	0.989276	0.989149
2940	0.993126	1.000000	1.000000	0.967401	0.989276	0.989149
2950	0.993159	1.000000	1.000000	0.967440	0.989276	0.989149
2960	0.993184	1.000000	1.000000	0.967451	0.989276	0.989149
2970	0.993202	1.000000	1.000000	0.967476	0.989276	0.989149
2980	0.993221	1.000000	1.000000	0.967511	0.989276	0.989149
2990	0.993241	1.000000	1.000000	0.967550	0.989276	0.989149
3000	0.993264	1.000000	1.000000	0.967614	0.989276	0.989149
3010	0.993287	1.000000	1.000000	0.967649	0.989276	0.989149
3020	0.993302	1.000000	1.000000	0.967684	0.989276	0.989149
3030	0.993336	1.000000	1.000000	0.967765	0.989276	0.989149
3040	0.993358	1.000000	1.000000	0.967799	0.989276	0.989149
3050	0.993367	1.000000	1.000000	0.967820	0.989276	0.989149
3060	0.993402	1.000000	1.000000	0.967906	0.989276	0.989149
3070	0.993427	1.000000	1.000000	0.967969	0.989276	0.989149
3080	0.993448	1.000000	1.000000	0.967961	0.989276	0.989149
3090	0.993465	1.000000	1.000000	0.967966	0.989276	0.989149
3100	0.993480	1.000000	1.000000	0.967988	0.989276	0.989149
3110	0.993499	1.000000	1.000000	0.968024	0.989276	0.989149
3120	0.993523	1.000000	1.000000	0.968070	0.989276	0.989149
3130	0.993545	1.000000	1.000000	0.968117	0.989276	0.989149
3140	0.993564	1.000000	1.000000	0.968146	0.989276	0.989149
3150	0.993588	1.000000	1.000000	0.968175	0.989276	0.989149
3160	0.993615	1.000000	1.000000	0.968190	0.989276	0.989149
3170	0.993623	1.000000	1.000000	0.968176	0.989276	0.989149
3180	0.993636	1.000000	1.000000	0.968176	0.989276	0.989149
3190	0.993664	1.000000	1.000000	0.968223	0.989276	0.989149
3200	0.993671	1.000000	1.000000	0.968220	0.989276	0.989149
3210	0.993677	1.000000	1.000000	0.968226	0.989276	0.989149
3220	0.993683	1.000000	1.000000	0.968234	0.989276	0.989149
3230	0.993688	1.000000	1.000000	0.968225	0.989276	0.989149
3240	0.993693	1.000000	1.000000	0.968216	0.989276	0.989149
3250	0.993699	1.000000	1.000000	0.968203	0.989276	0.989149
3260	0.993704	1.000000	1.000000	0.968194	0.989276	0.989149
3270	0.993712	1.000000	1.000000	0.968207	0.989276	0.989149
3280	0.993731	1.000000	1.000000	0.968219	0.989276	0.989149
3290	0.993755	1.000000	1.000000	0.968243	0.989276	0.989149
3300	0.993786	1.000000	1.000000	0.968275	0.989276	0.989149
3310	0.993821	1.000000	1.000000	0.968339	0.989276	0.989149
3320	0.993850	1.000000	1.000000	0.968375	0.989276	0.989149
3330	0.993890	1.000000	1.000000	0.968430	0.989276	0.989149
3340	0.993913	1.000000	1.000000	0.968418	0.989276	0.989149
3350	0.993942	1.000000	1.000000	0.968440	0.989276	0.989149
3360	0.993959	1.000000	1.000000	0.968449	0.989276	0.989149
3370	0.993981	1.000000	1.000000	0.968462	0.989276	0.989149
3380	0.994020	1.000000	1.000000	0.968487	0.989276	0.989149
3390	0.994042	1.000000	1.000000	0.968525	0.989276	0.989149
3400	0.994057	1.000000	1.000000	0.968528	0.989276	0.989149
3410	0.994068	1.000000	1.000000	0.968530	0.989276	0.989149
3420	0.994084	1.000000	1.000000	0.968543	0.989276	0.989149
3430	0.994098	1.000000	1.000000	0.968567	0.989276	0.989149
3440	0.994124	1.000000	1.000000	0.968602	0.989276	0.989149
3450	0.994140	1.000000	1.000000	0.968609	0.989276	0.989149
3460	0.994145	1.000000	1.000000	0.968601	0.989276	0.989149
3470	0.994151	1.000000	1.000000	0.968592	0.989276	0.989149
3480	0.994155	1.000000	1.000000	0.968591	0.989276	0.989149
3490	0.994160	1.000000	1.000000	0.968585	0.989276	0.989149
3500	0.994164	1.000000	1.000000	0.968581	0.989276	0.989149
3510	0.994180	1.000000	1.000000	0.968622	0.989276	0.989149
3520	0.994208	1.000000	1.000000	0.968656	0.989276	0.989149
3530	0.994232	1.000000	1.000000	0.968699	0.989276	0.989149
3540	0.994262	1.000000	1.000000	0.968743	0.989276	0.989149
3550	0.994273	1.000000	1.000000	0.968737	0.989276	0.989149
3560	0.994293	1.000000	1.000000	0.968777	0.989276	0.989149
3570	0.994305	1.000000	1.000000	0.968799	0.989276	0.989149
3580	0.994330	1.000000	1.000000	0.968829	0.989276	0.989149
3590	0.994358	1.000000	1.000000	0.968859	0.989276	0.989149
3600	0.994382	1.000000	1.000000	0.968883	0.989276	0.989149
3610	0.994409	1.000000	1.000000	0.968937	0.989276	0.989149
3620	0.994439	1.000000	1.000000	0.968964	0.989276	0.989149
3630	0.994461	1.000000	1.000000	0.968996	0.989276	0.989149
3640	0.994481	1.000000	1.000000	0.969034	0.989276	0.989149
3650	0.994490	1.000000	1.000000	0.969052	0.989276	0.989149
3660	0.994509	1.000000	1.000000	0.969093	0.989276	0.989149
3670	0.994522	1.000000	1.000000	0.969087	0.989276	0.989149
3680	0.994544	1.000000	1.000000	0.969124	0.989276	0.989149
3690	0.994567	1.000000	1.000000	0.969137	0.989276	0.989149
3700	0.994593	1.000000	1.000000	0.969167	0.989276	0.989149
3710	0.994608	1.000000	1.000000	0.969191	0.989276	0.989149
3720	0.994625	1.000000	1.000000	0.969210	0.989276	0.989149
3730	0.994631	1.000000	1.000000	0.969229	0.989276	0.989149
3740	0.994645	1.000000	1.000000	0.969239	0.989276	0.989149
3750	0.994656	1.000000	1.000000	0.969267	0.989276	0.989149
3760	0.994677	1.000000	1.000000	0.969307	0.989276	0.989149
3770	0.994690	1.000000	1.000000	0.969330	0.989276	0.989149
3780	0.994695	1.000000	1.000000	0.969311	0.989276	0.989149
3790	0.994700	1.000000	1.000000	0.969296	0.989276	0.989149
3800	0.994704	1.000000	1.000000	0.969307	0.989276	0.989149
3810	0.994707	1.000000	1.000000	0.969312	0.989276	0.989149
3820	0.994715	1.000000	1.000000	0.969307	0.989276	0.989149
3830	0.994724	1.000000	1.000000	0.969312	0.989276	0.989149
3840	0.994732	1.000000	1.000000	0.969328	0.989276	0.989149
3850	0.994743	1.000000	1.000000	0.969347	0.989276	0.989149
3860	0.994756	1.000000	1.000000	0.969373	0.989276	0.989149
3870	0.994771	1.000000	1.000000	0.969432	0.989276	0.989149
3880	0.994786	1.000000	1.000000	0.969453	0.989276	0.989149
3890	0.994797	1.000000	1.000000	0.969467	0.989276	0.989149
3900	0.994813	1.000000	1.000000	0.969491	0.989276	0.989149
3910	0.994825	1.000000	1.000000	0.969528	0.989276	0.989149
3920	0.994842	1.000000	1.000000	0.969549	0.989276	0.989149
3930	0.994864	1.000000	1.000000	0.969581	0.989276	0.989149
3940	0.994885	1.000000	1.000000	0.969594	0.989276	0.989149
3950	0.994898	1.000000	1.000000	0.969596	0.989276	0.989149
3960	0.994909	1.000000	1.000000	0.969616	0.989276	0.989149
3970	0.994928	1.000000	1.000000	0.969653	0.989276	0.989149
3980	0.994941	1.000000	1.000000	0.969676	0.989276	0.989149
3990	0.994951	1.000000	1.000000	0.969666	0.989276	0.989149
4000	0.994973	1.000000	1.000000	0.969681	0.989276	0.989149
