10	0.324502	0.847536	0.807477	0.313417	0.835092	0.794052
20	0.490441	0.871140	0.828071	0.472573	0.869393	0.826006
30	0.577196	0.882571	0.837773	0.557816	0.882586	0.836701
40	0.620928	0.888806	0.842781	0.602930	0.890501	0.843950
50	0.658516	0.921615	0.923503	0.639859	0.920844	0.922243
60	0.690432	0.964371	0.964463	0.669462	0.965699	0.965645
70	0.720902	0.978325	0.978255	0.698480	0.974934	0.974706
80	0.751251	0.983670	0.983612	0.728033	0.984169	0.984481
90	0.774609	0.986936	0.986897	0.751626	0.981530	0.981747
100	0.789973	0.989905	0.989876	0.766690	0.982850	0.983055
110	0.808585	0.991686	0.991687	0.784751	0.986807	0.987181
120	0.826081	0.992726	0.992725	0.801859	0.984169	0.984582
130	0.839730	0.994062	0.994056	0.814314	0.984169	0.984582
140	0.851380	0.994507	0.994503	0.825758	0.986807	0.987214
150	0.860412	0.995101	0.995099	0.834551	0.989446	0.989780
160	0.869979	0.995398	0.995398	0.843258	0.988127	0.988539
170	0.876036	0.996140	0.996141	0.849369	0.989446	0.989846
180	0.881903	0.996882	0.996872	0.855358	0.990765	0.991138
190	0.887118	0.997031	0.997033	0.860819	0.990765	0.991138
200	0.893119	0.997031	0.997034	0.867117	0.990765	0.991138
210	0.898301	0.997179	0.997176	0.872499	0.990765	0.991138
220	0.903218	0.997179	0.997176	0.878108	0.990765	0.991138
230	0.907652	0.997476	0.997467	0.882521	0.990765	0.991138
240	0.912205	0.997328	0.997318	0.887459	0.990765	0.991138
250	0.915792	0.997922	0.997920	0.890378	0.990765	0.991138
260	0.918834	0.998070	0.998069	0.893184	0.990765	0.991138
270	0.921256	0.998070	0.998069	0.896092	0.992084	0.992410
280	0.923661	0.998219	0.998225	0.898601	0.993404	0.993608
290	0.925904	0.998219	0.998225	0.901318	0.993404	0.993608
300	0.928958	0.998664	0.998662	0.904495	0.993404	0.993608
310	0.931311	0.998515	0.998519	0.906974	0.993404	0.993608
320	0.933668	0.998515	0.998519	0.909536	0.993404	0.993608
330	0.935473	0.998664	0.998668	0.911454	0.993404	0.993608
340	0.936759	0.998812	0.998817	0.913085	0.994723	0.994907
350	0.938605	0.998961	0.998959	0.915061	0.994723	0.994907
360	0.939832	0.998961	0.998959	0.916263	0.994723	0.994907
370	0.940873	0.998961	0.998959	0.917364	0.994723	0.994907
380	0.942258	0.998961	0.998959	0.918798	0.994723	0.994907
390	0.943855	0.999109	0.999103	0.920365	0.994723	0.994907
400	0.944806	0.999109	0.999103	0.921524	0.994723	0.994907
410	0.946000	0.999109	0.999103	0.923041	0.994723	0.994907
420	0.947069	0.999109	0.999103	0.924262	0.994723	0.994907
430	0.947882	0.999109	0.999103	0.925335	0.994723	0.994900
440	0.948864	0.999109	0.999103	0.926491	0.994723	0.994900
450	0.949761	0.999109	0.999103	0.927513	0.994723	0.994900
460	0.950683	0.999258	0.999256	0.928383	0.994723	0.994900
470	0.951603	0.999258	0.999256	0.929272	0.994723	0.994900
480	0.952358	0.999258	0.999256	0.930120	0.994723	0.994900
490	0.953171	0.999258	0.999256	0.930894	0.994723	0.994900
500	0.953924	0.999258	0.999256	0.931673	0.994723	0.994900
510	0.954447	0.999258	0.999256	0.932196	0.994723	0.994900
520	0.955156	0.999258	0.999256	0.932859	0.994723	0.994900
530	0.955762	0.999258	0.999256	0.933501	0.994723	0.994900
540	0.956272	0.999258	0.999256	0.934003	0.994723	0.994900
550	0.957038	0.999258	0.999256	0.934831	0.996042	0.996175
560	0.957684	0.999258	0.999256	0.935414	0.996042	0.996175
570	0.958243	0.999406	0.999398	0.935977	0.996042	0.996175
580	0.958837	0.999406	0.999398	0.936598	0.996042	0.996175
590	0.959388	0.999406	0.999398	0.937258	0.996042	0.996175
600	0.959909	0.999406	0.999398	0.937969	0.996042	0.996175
610	0.960453	0.999406	0.999398	0.938480	0.996042	0.996175
620	0.960788	0.999406	0.999398	0.938843	0.996042	0.996175
630	0.961297	0.999406	0.999398	0.939470	0.996042	0.996175
640	0.961840	0.999406	0.999398	0.940115	0.996042	0.996175
650	0.962322	0.999406	0.999398	0.940554	0.996042	0.996175
660	0.962758	0.999406	0.999398	0.940945	0.996042	0.996175
670	0.963277	0.999406	0.999398	0.941487	0.996042	0.996175
680	0.963682	0.999406	0.999398	0.941835	0.996042	0.996175
690	0.964303	0.999406	0.999398	0.942534	0.996042	0.996175
700	0.964705	0.999406	0.999398	0.942956	0.996042	0.996175
710	0.965069	0.999406	0.999398	0.943274	0.996042	0.996175
720	0.965371	0.999406	0.999398	0.943647	0.996042	0.996175
730	0.965772	0.999406	0.999398	0.944102	0.996042	0.996175
740	0.966019	0.999406	0.999398	0.944461	0.996042	0.996175
750	0.966473	0.999406	0.999398	0.944940	0.996042	0.996175
760	0.966761	0.999406	0.999398	0.945311	0.996042	0.996175
770	0.967618	0.999406	0.999398	0.946242	0.996042	0.996175
780	0.967977	0.999406	0.999398	0.946658	0.996042	0.996175
790	0.968373	0.999406	0.999398	0.947066	0.996042	0.996175
800	0.968821	0.999406	0.999398	0.947507	0.996042	0.996175
810	0.969230	0.999406	0.999398	0.947973	0.996042	0.996175
820	0.969557	0.999406	0.999398	0.948313	0.996042	0.996175
830	0.970178	0.999406	0.999398	0.948991	0.996042	0.996175
840	0.970355	0.999406	0.999398	0.949193	0.996042	0.996175
850	0.970612	0.999406	0.999398	0.949432	0.996042	0.996175
860	0.970994	0.999406	0.999398	0.949905	0.996042	0.996175
870	0.971337	0.999406	0.999398	0.950321	0.996042	0.996175
880	0.971652	0.999406	0.999398	0.950674	0.996042	0.996175
890	0.972080	0.999406	0.999398	0.951133	0.996042	0.996175
900	0.972328	0.999406	0.999398	0.951419	0.996042	0.996175
910	0.972596	0.999406	0.999398	0.951745	0.996042	0.996175
920	0.972858	0.999406	0.999398	0.952071	0.996042	0.996175
930	0.973201	0.999406	0.999398	0.952503	0.996042	0.996175
940	0.973435	0.999406	0.999398	0.952735	0.996042	0.996175
950	0.973743	0.999555	0.999547	0.953179	0.996042	0.996175
960	0.973967	0.999555	0.999547	0.953422	0.996042	0.996175
970	0.974309	0.999555	0.999547	0.953834	0.996042	0.996175
980	0.974758	0.999555	0.999547	0.954360	0.996042	0.996175
990	0.975068	0.999555	0.999547	0.954713	0.996042	0.996175
1000	0.975339	0.999555	0.999547	0.955053	0.996042	0.996175
1010	0.975730	0.999555	0.999547	0.955450	0.996042	0.996175
1020	0.976068	0.999555	0.999547	0.955909	0.996042	0.996175
1030	0.976255	0.999555	0.999547	0.956155	0.996042	0.996175
1040	0.976444	0.999555	0.999547	0.956477	0.996042	0.996175
1050	0.976689	0.999555	0.999547	0.956752	0.996042	0.996175
1060	0.976967	0.999555	0.999547	0.957028	0.996042	0.996175
1070	0.977195	0.999555	0.999547	0.957295	0.996042	0.996175
1080	0.977458	0.999555	0.999547	0.957632	0.996042	0.996175
1090	0.977835	0.999555	0.999547	0.958148	0.996042	0.996175
1100	0.978068	0.999555	0.999547	0.958418	0.996042	0.996175
1110	0.978295	0.999555	0.999547	0.958702	0.996042	0.996175
1120	0.978496	0.999555	0.999547	0.958985	0.996042	0.996175
1130	0.978762	0.999555	0.999547	0.959240	0.996042	0.996175
1140	0.979037	0.999555	0.999547	0.959586	0.996042	0.996175
1150	0.979274	0.999555	0.999547	0.959877	0.996042	0.996175
1160	0.979383	0.999703	0.999696	0.960028	0.996042	0.996175
1170	0.979720	0.999703	0.999696	0.960407	0.996042	0.996175
1180	0.979912	0.999852	0.999846	0.960571	0.996042	0.996175
1190	0.980110	0.999852	0.999846	0.960816	0.996042	0.996175
1200	0.980291	1.000000	1.000000	0.961027	0.996042	0.996175
1210	0.980576	1.000000	1.000000	0.961390	0.996042	0.996175
1220	0.980789	1.000000	1.000000	0.961617	0.996042	0.996175
1230	0.980927	1.000000	1.000000	0.961755	0.996042	0.996175
1240	0.981133	1.000000	1.000000	0.961963	0.996042	0.996175
1250	0.981359	1.000000	1.000000	0.962173	0.996042	0.996175
1260	0.981492	1.000000	1.000000	0.962318	0.996042	0.996175
1270	0.981670	1.000000	1.000000	0.962472	0.996042	0.996175
1280	0.981995	1.000000	1.000000	0.962894	0.996042	0.996175
1290	0.982139	1.000000	1.000000	0.963057	0.996042	0.996175
1300	0.982393	1.000000	1.000000	0.963303	0.996042	0.996175
1310	0.982528	1.000000	1.000000	0.963525	0.996042	0.996175
1320	0.982789	1.000000	1.000000	0.963804	0.996042	0.996175
1330	0.983020	1.000000	1.000000	0.964058	0.996042	0.996175
1340	0.983169	1.000000	1.000000	0.964252	0.996042	0.996175
1350	0.983280	1.000000	1.000000	0.964422	0.996042	0.996175
1360	0.983361	1.000000	1.000000	0.964514	0.996042	0.996175
1370	0.983559	1.000000	1.000000	0.964768	0.996042	0.996175
1380	0.983668	1.000000	1.000000	0.964877	0.996042	0.996175
1390	0.983809	1.000000	1.000000	0.965054	0.996042	0.996175
1400	0.983983	1.000000	1.000000	0.965344	0.996042	0.996175
1410	0.984079	1.000000	1.000000	0.965469	0.996042	0.996175
1420	0.984219	1.000000	1.000000	0.965665	0.996042	0.996175
1430	0.984311	1.000000	1.000000	0.965768	0.996042	0.996175
1440	0.984385	1.000000	1.000000	0.965870	0.996042	0.996175
1450	0.984434	1.000000	1.000000	0.965985	0.996042	0.996175
1460	0.984555	1.000000	1.000000	0.966149	0.996042	0.996175
1470	0.984724	1.000000	1.000000	0.966343	0.996042	0.996175
1480	0.984845	1.000000	1.000000	0.966479	0.996042	0.996175
1490	0.984935	1.000000	1.000000	0.966561	0.996042	0.996175
1500	0.985027	1.000000	1.000000	0.966685	0.996042	0.996175
1510	0.985144	1.000000	1.000000	0.966851	0.996042	0.996175
1520	0.985248	1.000000	1.000000	0.967098	0.996042	0.996175
1530	0.985343	1.000000	1.000000	0.967172	0.996042	0.996175
1540	0.985440	1.000000	1.000000	0.967271	0.996042	0.996175
1550	0.985565	1.000000	1.000000	0.967427	0.996042	0.996175
1560	0.985664	1.000000	1.000000	0.967571	0.996042	0.996175
1570	0.985785	1.000000	1.000000	0.967723	0.996042	0.996175
1580	0.985879	1.000000	1.000000	0.967868	0.996042	0.996175
1590	0.985937	1.000000	1.000000	0.967974	0.996042	0.996175
1600	0.986054	1.000000	1.000000	0.968118	0.996042	0.996175
1610	0.986122	1.000000	1.000000	0.968188	0.996042	0.996175
1620	0.986287	1.000000	1.000000	0.968358	0.996042	0.996175
1630	0.986478	1.000000	1.000000	0.968656	0.996042	0.996175
1640	0.986571	1.000000	1.000000	0.968798	0.996042	0.996175
1650	0.986698	1.000000	1.000000	0.968955	0.996042	0.996175
1660	0.986775	1.000000	1.000000	0.969103	0.996042	0.996175
1670	0.986860	1.000000	1.000000	0.969170	0.996042	0.996175
1680	0.986964	1.000000	1.000000	0.969343	0.996042	0.996175
1690	0.987050	1.000000	1.000000	0.969466	0.996042	0.996175
1700	0.987163	1.000000	1.000000	0.969579	0.996042	0.996175
1710	0.987260	1.000000	1.000000	0.969696	0.996042	0.996175
1720	0.987370	1.000000	1.000000	0.969803	0.996042	0.996175
1730	0.987499	1.000000	1.000000	0.969997	0.996042	0.996175
1740	0.987593	1.000000	1.000000	0.970097	0.996042	0.996175
1750	0.987656	1.000000	1.000000	0.970156	0.996042	0.996175
1760	0.987770	1.000000	1.000000	0.970286	0.996042	0.996175
1770	0.987850	1.000000	1.000000	0.970372	0.996042	0.996175
1780	0.987944	1.000000	1.000000	0.970471	0.996042	0.996175
1790	0.988020	1.000000	1.000000	0.970572	0.996042	0.996175
1800	0.988114	1.000000	1.000000	0.970743	0.996042	0.996175
1810	0.988183	1.000000	1.000000	0.970842	0.996042	0.996175
1820	0.988243	1.000000	1.000000	0.970918	0.996042	0.996175
1830	0.988308	1.000000	1.000000	0.971013	0.996042	0.996175
1840	0.988330	1.000000	1.000000	0.971098	0.996042	0.996175
1850	0.988368	1.000000	1.000000	0.971143	0.996042	0.996175
1860	0.988427	1.000000	1.000000	0.971214	0.996042	0.996175
1870	0.988487	1.000000	1.000000	0.971282	0.996042	0.996175
1880	0.988549	1.000000	1.000000	0.971358	0.996042	0.996175
1890	0.988616	1.000000	1.000000	0.971456	0.996042	0.996175
1900	0.988675	1.000000	1.000000	0.971544	0.996042	0.996175
1910	0.988725	1.000000	1.000000	0.971603	0.996042	0.996175
1920	0.988785	1.000000	1.000000	0.971683	0.996042	0.996175
1930	0.988865	1.000000	1.000000	0.971779	0.996042	0.996175
1940	0.988932	1.000000	1.000000	0.971869	0.996042	0.996175
1950	0.989009	1.000000	1.000000	0.971943	0.996042	0.996175
1960	0.989092	1.000000	1.000000	0.972058	0.996042	0.996175
1970	0.989122	1.000000	1.000000	0.972152	0.996042	0.996175
1980	0.989201	1.000000	1.000000	0.972258	0.996042	0.996175
1990	0.989283	1.000000	1.000000	0.972334	0.996042	0.996175
2000	0.989352	1.000000	1.000000	0.972416	0.996042	0.996175
2010	0.989414	1.000000	1.000000	0.972532	0.996042	0.996175
2020	0.989488	1.000000	1.000000	0.972619	0.996042	0.996175
2030	0.989566	1.000000	1.000000	0.972718	0.996042	0.996175
2040	0.989622	1.000000	1.000000	0.972780	0.996042	0.996175
2050	0.989681	1.000000	1.000000	0.972841	0.996042	0.996175
2060	0.989733	1.000000	1.000000	0.972910	0.996042	0.996175
2070	0.989751	1.000000	1.000000	0.972972	0.996042	0.996175
2080	0.989803	1.000000	1.000000	0.973045	0.996042	0.996175
2090	0.989844	1.000000	1.000000	0.973121	0.996042	0.996175
2100	0.989857	1.000000	1.000000	0.973170	0.996042	0.996175
2110	0.989869	1.000000	1.000000	0.973227	0.996042	0.996175
2120	0.989886	1.000000	1.000000	0.973253	0.996042	0.996175
2130	0.989939	1.000000	1.000000	0.973299	0.996042	0.996175
2140	0.989993	1.000000	1.000000	0.973368	0.996042	0.996175
2150	0.990037	1.000000	1.000000	0.973431	0.996042	0.996175
2160	0.990084	1.000000	1.000000	0.973478	0.996042	0.996175
2170	0.990136	1.000000	1.000000	0.973536	0.996042	0.996175
2180	0.990202	1.000000	1.000000	0.973618	0.996042	0.996175
2190	0.990269	1.000000	1.000000	0.973693	0.996042	0.996175
2200	0.990340	1.000000	1.000000	0.973758	0.996042	0.996175
2210	0.990448	1.000000	1.000000	0.973879	0.996042	0.996175
2220	0.990507	1.000000	1.000000	0.973954	0.996042	0.996175
2230	0.990571	1.000000	1.000000	0.974038	0.996042	0.996175
2240	0.990620	1.000000	1.000000	0.974074	0.996042	0.996175
2250	0.990663	1.000000	1.000000	0.974100	0.996042	0.996175
2260	0.990701	1.000000	1.000000	0.974155	0.996042	0.996175
2270	0.990742	1.000000	1.000000	0.974206	0.996042	0.996175
2280	0.990787	1.000000	1.000000	0.974263	0.996042	0.996175
2290	0.990858	1.000000	1.000000	0.974357	0.996042	0.996175
2300	0.990927	1.000000	1.000000	0.974467	0.996042	0.996175
2310	0.990954	1.000000	1.000000	0.974533	0.996042	0.996175
2320	0.991002	1.000000	1.000000	0.974595	0.996042	0.996175
2330	0.991055	1.000000	1.000000	0.974662	0.996042	0.996175
2340	0.991110	1.000000	1.000000	0.974740	0.996042	0.996175
2350	0.991162	1.000000	1.000000	0.974826	0.996042	0.996175
2360	0.991173	1.000000	1.000000	0.974863	0.996042	0.996175
2370	0.991183	1.000000	1.000000	0.974891	0.996042	0.996175
2380	0.991193	1.000000	1.000000	0.974914	0.996042	0.996175
2390	0.991202	1.000000	1.000000	0.974936	0.996042	0.996175
2400	0.991210	1.000000	1.000000	0.974958	0.996042	0.996175
2410	0.991242	1.000000	1.000000	0.974994	0.996042	0.996175
2420	0.991308	1.000000	1.000000	0.975058	0.996042	0.996175
2430	0.991362	1.000000	1.000000	0.975115	0.996042	0.996175
2440	0.991403	1.000000	1.000000	0.975167	0.996042	0.996175
2450	0.991444	1.000000	1.000000	0.975225	0.996042	0.996175
2460	0.991488	1.000000	1.000000	0.975298	0.996042	0.996175
2470	0.991526	1.000000	1.000000	0.975374	0.996042	0.996175
2480	0.991568	1.000000	1.000000	0.975423	0.996042	0.996175
2490	0.991606	1.000000	1.000000	0.975461	0.996042	0.996175
2500	0.991638	1.000000	1.000000	0.975491	0.996042	0.996175
2510	0.991698	1.000000	1.000000	0.975583	0.996042	0.996175
2520	0.991734	1.000000	1.000000	0.975639	0.996042	0.996175
2530	0.991766	1.000000	1.000000	0.975687	0.996042	0.996175
2540	0.991800	1.000000	1.000000	0.975695	0.996042	0.996175
2550	0.991838	1.000000	1.000000	0.975740	0.996042	0.996175
2560	0.991899	1.000000	1.000000	0.975836	0.996042	0.996175
2570	0.991943	1.000000	1.000000	0.975882	0.996042	0.996175
2580	0.991974	1.000000	1.000000	0.975917	0.996042	0.996175
2590	0.992003	1.000000	1.000000	0.975969	0.996042	0.996175
2600	0.992034	1.000000	1.000000	0.976000	0.996042	0.996175
2610	0.992067	1.000000	1.000000	0.976018	0.996042	0.996175
2620	0.992092	1.000000	1.000000	0.976028	0.996042	0.996175
2630	0.992120	1.000000	1.000000	0.976053	0.996042	0.996175
2640	0.992141	1.000000	1.000000	0.976086	0.996042	0.996175
2650	0.992173	1.000000	1.000000	0.976147	0.996042	0.996175
2660	0.992216	1.000000	1.000000	0.976186	0.996042	0.996175
2670	0.992239	1.000000	1.000000	0.976210	0.996042	0.996175
2680	0.992273	1.000000	1.000000	0.976255	0.996042	0.996175
2690	0.992294	1.000000	1.000000	0.976274	0.996042	0.996175
2700	0.992331	1.000000	1.000000	0.976320	0.996042	0.996175
2710	0.992340	1.000000	1.000000	0.976357	0.996042	0.996175
2720	0.992359	1.000000	1.000000	0.976387	0.996042	0.996175
2730	0.992390	1.000000	1.000000	0.976424	0.996042	0.996175
2740	0.992417	1.000000	1.000000	0.976462	0.996042	0.996175
2750	0.992454	1.000000	1.000000	0.976525	0.996042	0.996175
2760	0.992462	1.000000	1.000000	0.976571	0.996042	0.996175
2770	0.992477	1.000000	1.000000	0.976599	0.996042	0.996175
2780	0.992496	1.000000	1.000000	0.976626	0.996042	0.996175
2790	0.992528	1.000000	1.000000	0.976660	0.996042	0.996175
2800	0.992571	1.000000	1.000000	0.976717	0.996042	0.996175
2810	0.992601	1.000000	1.000000	0.976757	0.996042	0.996175
2820	0.992618	1.000000	1.000000	0.976769	0.996042	0.996175
2830	0.992659	1.000000	1.000000	0.976818	0.996042	0.996175
2840	0.992694	1.000000	1.000000	0.976868	0.996042	0.996175
2850	0.992724	1.000000	1.000000	0.976965	0.996042	0.996175
2860	0.992741	1.000000	1.000000	0.976996	0.996042	0.996175
2870	0.992769	1.000000	1.000000	0.977027	0.996042	0.996175
2880	0.992796	1.000000	1.000000	0.977072	0.996042	0.996175
2890	0.992818	1.000000	1.000000	0.977099	0.996042	0.996175
2900	0.992842	1.000000	1.000000	0.977127	0.996042	0.996175
2910	0.992874	1.000000	1.000000	0.977171	0.996042	0.996175
2920	0.992901	1.000000	1.000000	0.977204	0.996042	0.996175
2930	0.992920	1.000000	1.000000	0.977215	0.996042	0.996175
2940	0.992937	1.000000	1.000000	0.977232	0.996042	0.996175
2950	0.992945	1.000000	1.000000	0.977263	0.996042	0.996175
2960	0.992951	1.000000	1.000000	0.977292	0.996042	0.996175
2970	0.992957	1.000000	1.000000	0.977322	0.996042	0.996175
2980	0.992962	1.000000	1.000000	0.977348	0.996042	0.996175
2990	0.992968	1.000000	1.000000	0.977370	0.996042	0.996175
3000	0.992973	1.000000	1.000000	0.977390	0.996042	0.996175
3010	0.992978	1.000000	1.000000	0.977408	0.996042	0.996175
3020	0.993007	1.000000	1.000000	0.977434	0.996042	0.996175
3030	0.993031	1.000000	1.000000	0.977464	0.996042	0.996175
3040	0.993064	1.000000	1.000000	0.977504	0.996042	0.996175
3050	0.993094	1.000000	1.000000	0.977533	0.996042	0.996175
3060	0.993126	1.000000	1.000000	0.977562	0.996042	0.996175
3070	0.993153	1.000000	1.000000	0.977599	0.996042	0.996175
3080	0.993177	1.000000	1.000000	0.977630	0.996042	0.996175
3090	0.993200	1.000000	1.000000	0.977655	0.996042	0.996175
3100	0.993226	1.000000	1.000000	0.977697	0.996042	0.996175
3110	0.993246	1.000000	1.000000	0.977721	0.996042	0.996175
3120	0.993271	1.000000	1.000000	0.977751	0.996042	0.996175
3130	0.993296	1.000000	1.000000	0.977792	0.996042	0.996175
3140	0.993310	1.000000	1.000000	0.977824	0.996042	0.996175
3150	0.993337	1.000000	1.000000	0.977865	0.996042	0.996175
3160	0.993372	1.000000	1.000000	0.977902	0.996042	0.996175
3170	0.993395	1.000000	1.000000	0.977926	0.996042	0.996175
3180	0.993415	1.000000	1.000000	0.977935	0.996042	0.996175
3190	0.993428	1.000000	1.000000	0.977964	0.996042	0.996175
3200	0.993446	1.000000	1.000000	0.977983	0.996042	0.996175
3210	0.993480	1.000000	1.000000	0.978023	0.996042	0.996175
3220	0.993498	1.000000	1.000000	0.978062	0.996042	0.996175
3230	0.993528	1.000000	1.000000	0.978115	0.996042	0.996175
3240	0.993563	1.000000	1.000000	0.978144	0.996042	0.996175
3250	0.993597	1.000000	1.000000	0.978188	0.996042	0.996175
3260	0.993618	1.000000	1.000000	0.978212	0.996042	0.996175
3270	0.993642	1.000000	1.000000	0.978229	0.996042	0.996175
3280	0.993661	1.000000	1.000000	0.978240	0.996042	0.996175
3290	0.993686	1.000000	1.000000	0.978282	0.996042	0.996175
3300	0.993704	1.000000	1.000000	0.978297	0.996042	0.996175
3310	0.993709	1.000000	1.000000	0.978320	0.996042	0.996175
3320	0.993716	1.000000	1.000000	0.978335	0.996042	0.996175
3330	0.993731	1.000000	1.000000	0.978361	0.996042	0.996175
3340	0.993738	1.000000	1.000000	0.978384	0.996042	0.996175
3350	0.993757	1.000000	1.000000	0.978403	0.996042	0.996175
3360	0.993776	1.000000	1.000000	0.978420	0.996042	0.996175
3370	0.993794	1.000000	1.000000	0.978432	0.996042	0.996175
3380	0.993813	1.000000	1.000000	0.978461	0.996042	0.996175
3390	0.993837	1.000000	1.000000	0.978498	0.996042	0.996175
3400	0.993849	1.000000	1.000000	0.978516	0.996042	0.996175
3410	0.993859	1.000000	1.000000	0.978548	0.996042	0.996175
3420	0.993886	1.000000	1.000000	0.978591	0.996042	0.996175
3430	0.993918	1.000000	1.000000	0.978638	0.996042	0.996175
3440	0.993949	1.000000	1.000000	0.978667	0.996042	0.996175
3450	0.993972	1.000000	1.000000	0.978690	0.996042	0.996175
3460	0.994000	1.000000	1.000000	0.978723	0.996042	0.996175
3470	0.994022	1.000000	1.000000	0.978736	0.996042	0.996175
3480	0.994049	1.000000	1.000000	0.978763	0.996042	0.996175
3490	0.994072	1.000000	1.000000	0.978812	0.996042	0.996175
3500	0.994095	1.000000	1.000000	0.978832	0.996042	0.996175
3510	0.994109	1.000000	1.000000	0.978849	0.996042	0.996175
3520	0.994129	1.000000	1.000000	0.978862	0.996042	0.996175
3530	0.994154	1.000000	1.000000	0.978884	0.996042	0.996175
3540	0.994176	1.000000	1.000000	0.978947	0.996042	0.996175
3550	0.994188	1.000000	1.000000	0.978966	0.996042	0.996175
3560	0.994205	1.000000	1.000000	0.978999	0.996042	0.996175
3570	0.994219	1.000000	1.000000	0.978991	0.996042	0.996175
3580	0.994233	1.000000	1.000000	0.979012	0.996042	0.996175
3590	0.994248	1.000000	1.000000	0.979029	0.996042	0.996175
3600	0.994256	1.000000	1.000000	0.979046	0.996042	0.996175
3610	0.994268	1.000000	1.000000	0.979057	0.996042	0.996175
3620	0.994272	1.000000	1.000000	0.979082	0.996042	0.996175
3630	0.994277	1.000000	1.000000	0.979102	0.996042	0.996175
3640	0.994281	1.000000	1.000000	0.979105	0.996042	0.996175
3650	0.994285	1.000000	1.000000	0.979112	0.996042	0.996175
3660	0.994289	1.000000	1.000000	0.979119	0.996042	0.996175
3670	0.994294	1.000000	1.000000	0.979135	0.996042	0.996175
3680	0.994309	1.000000	1.000000	0.979153	0.996042	0.996175
3690	0.994332	1.000000	1.000000	0.979173	0.996042	0.996175
3700	0.994343	1.000000	1.000000	0.979188	0.996042	0.996175
3710	0.994356	1.000000	1.000000	0.979194	0.996042	0.996175
3720	0.994385	1.000000	1.000000	0.979228	0.996042	0.996175
3730	0.994409	1.000000	1.000000	0.979250	0.996042	0.996175
3740	0.994427	1.000000	1.000000	0.979312	0.996042	0.996175
3750	0.994441	1.000000	1.000000	0.979341	0.996042	0.996175
3760	0.994446	1.000000	1.000000	0.979374	0.996042	0.996175
3770	0.994453	1.000000	1.000000	0.979394	0.996042	0.996175
3780	0.994470	1.000000	1.000000	0.979403	0.996042	0.996175
3790	0.994482	1.000000	1.000000	0.979411	0.996042	0.996175
3800	0.994496	1.000000	1.000000	0.979433	0.996042	0.996175
3810	0.994519	1.000000	1.000000	0.979458	0.996042	0.996175
3820	0.994542	1.000000	1.000000	0.979491	0.996042	0.996175
3830	0.994554	1.000000	1.000000	0.979503	0.996042	0.996175
3840	0.994571	1.000000	1.000000	0.979525	0.996042	0.996175
3850	0.994587	1.000000	1.000000	0.979542	0.996042	0.996175
3860	0.994591	1.000000	1.000000	0.979574	0.996042	0.996175
3870	0.994603	1.000000	1.000000	0.979594	0.996042	0.996175
3880	0.994620	1.000000	1.000000	0.979629	0.996042	0.996175
3890	0.994634	1.000000	1.000000	0.979646	0.996042	0.996175
3900	0.994654	1.000000	1.000000	0.979663	0.996042	0.996175
3910	0.994678	1.000000	1.000000	0.979695	0.996042	0.996175
3920	0.994705	1.000000	1.000000	0.979733	0.996042	0.996175
3930	0.994729	1.000000	1.000000	0.979773	0.996042	0.996175
3940	0.994754	1.000000	1.000000	0.979802	0.996042	0.996175
3950	0.994768	1.000000	1.000000	0.979818	0.996042	0.996175
3960	0.994781	1.000000	1.000000	0.979830	0.996042	0.996175
3970	0.994791	1.000000	1.000000	0.979839	0.996042	0.996175
3980	0.994804	1.000000	1.000000	0.979843	0.996042	0.996175
3990	0.994817	1.000000	1.000000	0.979851	0.996042	0.996175
4000	0.994831	1.000000	1.000000	0.979862	0.996042	0.996175
