10	0.333044	0.851726	0.810687	0.322172	0.833109	0.797418
20	0.503323	0.882684	0.837347	0.479032	0.858681	0.819111
30	0.584061	0.891868	0.845145	0.552340	0.868102	0.826555
40	0.629332	0.894238	0.846854	0.595979	0.872140	0.829621
50	0.665251	0.944897	0.945584	0.629418	0.917900	0.921265
60	0.700512	0.971264	0.971147	0.662728	0.944818	0.946060
70	0.731786	0.981040	0.980968	0.692141	0.959623	0.960276
80	0.757916	0.986076	0.986056	0.715596	0.967699	0.968063
90	0.779459	0.988742	0.988770	0.734095	0.967699	0.968063
100	0.799126	0.990372	0.990368	0.753299	0.966353	0.966762
110	0.818092	0.991853	0.991857	0.770136	0.967699	0.968042
120	0.832415	0.993038	0.993018	0.783189	0.971736	0.971854
130	0.844656	0.994223	0.994202	0.795645	0.977120	0.977274
140	0.854224	0.994816	0.994821	0.805197	0.978466	0.978661
150	0.863068	0.995556	0.995550	0.814651	0.978466	0.978661
160	0.872485	0.995852	0.995851	0.823491	0.978466	0.978661
170	0.881073	0.996149	0.996133	0.831625	0.978466	0.978661
180	0.888324	0.996889	0.996874	0.838868	0.981157	0.981535
190	0.893684	0.997186	0.997159	0.845824	0.982503	0.982832
200	0.898430	0.997482	0.997462	0.849881	0.981157	0.981442
210	0.902490	0.997630	0.997605	0.853482	0.983849	0.984242
220	0.906634	0.997482	0.997450	0.857657	0.983849	0.984242
230	0.910500	0.998074	0.998051	0.861290	0.983849	0.984242
240	0.914661	0.998074	0.998051	0.865300	0.986541	0.986956
250	0.917631	0.998371	0.998354	0.868093	0.986541	0.986956
260	0.920500	0.998371	0.998347	0.870478	0.986541	0.986956
270	0.923184	0.998667	0.998645	0.872952	0.986541	0.986956
280	0.925951	0.998519	0.998502	0.875554	0.986541	0.986956
290	0.928058	0.998667	0.998645	0.877615	0.985195	0.985527
300	0.930788	0.998815	0.998800	0.880251	0.986541	0.986956
310	0.932303	0.998963	0.998948	0.881853	0.985195	0.985572
320	0.934268	0.998963	0.998948	0.884130	0.985195	0.985572
330	0.936369	0.999111	0.999096	0.886359	0.985195	0.985572
340	0.937977	0.999111	0.999096	0.887983	0.985195	0.985572
350	0.939383	0.999111	0.999096	0.889149	0.985195	0.985572
360	0.940677	0.999111	0.999096	0.890346	0.985195	0.985572
370	0.942080	0.999111	0.999096	0.892807	0.985195	0.985572
380	0.943491	0.999111	0.999096	0.894233	0.985195	0.985572
390	0.944525	0.999111	0.999096	0.895183	0.985195	0.985572
400	0.945679	0.999111	0.999096	0.896336	0.985195	0.985572
410	0.946854	0.999111	0.999096	0.897516	0.985195	0.985572
420	0.948182	0.999111	0.999096	0.898776	0.985195	0.985572
430	0.949214	0.999111	0.999096	0.899881	0.985195	0.985572
440	0.950074	0.999111	0.999096	0.901107	0.985195	0.985572
450	0.950964	0.999259	0.999244	0.902107	0.985195	0.985572
460	0.951745	0.999259	0.999244	0.902697	0.985195	0.985572
470	0.952456	0.999259	0.999244	0.903267	0.985195	0.985572
480	0.953185	0.999259	0.999244	0.903735	0.985195	0.985572
490	0.953802	0.999259	0.999244	0.904264	0.985195	0.985572
500	0.954617	0.999407	0.999399	0.905028	0.985195	0.985572
510	0.955246	0.999407	0.999399	0.905816	0.985195	0.985572
520	0.955748	0.999407	0.999399	0.906199	0.985195	0.985572
530	0.956397	0.999556	0.999548	0.906946	0.986541	0.986943
540	0.956902	0.999556	0.999548	0.907479	0.986541	0.986943
550	0.957440	0.999556	0.999548	0.908084	0.986541	0.986943
560	0.958229	0.999556	0.999548	0.908939	0.986541	0.986943
570	0.958734	0.999556	0.999548	0.909497	0.986541	0.986943
580	0.959134	0.999556	0.999548	0.909923	0.986541	0.986943
590	0.959652	0.999556	0.999548	0.910459	0.986541	0.986943
600	0.960068	0.999556	0.999548	0.910945	0.986541	0.986943
610	0.960435	0.999556	0.999548	0.911369	0.986541	0.986943
620	0.961003	0.999556	0.999548	0.912100	0.986541	0.986943
630	0.961233	0.999556	0.999548	0.912388	0.986541	0.986943
640	0.961783	0.999556	0.999548	0.912888	0.986541	0.986943
650	0.962298	0.999556	0.999548	0.913364	0.986541	0.986943
660	0.962853	0.999556	0.999548	0.914068	0.986541	0.986943
670	0.963374	0.999556	0.999548	0.914693	0.986541	0.986943
680	0.964094	0.999556	0.999548	0.915540	0.986541	0.986943
690	0.964689	0.999556	0.999548	0.916307	0.985195	0.985572
700	0.964961	0.999556	0.999548	0.916627	0.985195	0.985572
710	0.965378	0.999556	0.999548	0.917067	0.985195	0.985572
720	0.965751	0.999556	0.999548	0.917473	0.985195	0.985572
730	0.966068	0.999556	0.999548	0.917826	0.985195	0.985572
740	0.966443	0.999556	0.999548	0.918488	0.985195	0.985572
750	0.966949	0.999556	0.999548	0.918909	0.985195	0.985572
760	0.967561	0.999556	0.999548	0.919489	0.985195	0.985572
770	0.967882	0.999556	0.999548	0.919775	0.985195	0.985572
780	0.968478	0.999556	0.999548	0.920538	0.986541	0.986943
790	0.969078	0.999556	0.999548	0.921263	0.986541	0.986943
800	0.969327	0.999556	0.999548	0.921525	0.986541	0.986943
810	0.969753	0.999556	0.999548	0.922071	0.986541	0.986943
820	0.970020	0.999556	0.999548	0.922411	0.986541	0.986943
830	0.970335	0.999556	0.999548	0.922764	0.987887	0.988314
840	0.970627	0.999556	0.999548	0.923166	0.987887	0.988314
850	0.971017	0.999556	0.999548	0.923665	0.987887	0.988314
860	0.971500	0.999556	0.999548	0.924344	0.987887	0.988314
870	0.972177	0.999556	0.999548	0.925216	0.987887	0.988314
880	0.972547	0.999556	0.999548	0.925547	0.987887	0.988314
890	0.972881	0.999556	0.999548	0.925996	0.987887	0.988314
900	0.973201	0.999556	0.999548	0.926294	0.987887	0.988314
910	0.973597	0.999556	0.999548	0.926887	0.989233	0.989691
920	0.973880	0.999556	0.999548	0.927250	0.989233	0.989691
930	0.974264	0.999556	0.999548	0.927735	0.989233	0.989691
940	0.974498	0.999556	0.999548	0.928154	0.989233	0.989691
950	0.974824	0.999556	0.999548	0.928525	0.989233	0.989691
960	0.975170	0.999556	0.999548	0.928967	0.987887	0.988314
970	0.975407	0.999556	0.999548	0.929188	0.987887	0.988314
980	0.975646	0.999556	0.999548	0.929436	0.987887	0.988314
990	0.975953	0.999556	0.999548	0.929843	0.989233	0.989691
1000	0.976323	0.999556	0.999548	0.930233	0.989233	0.989691
1010	0.976475	0.999556	0.999548	0.930404	0.989233	0.989691
1020	0.976681	0.999556	0.999548	0.930751	0.989233	0.989691
1030	0.976898	0.999556	0.999548	0.931011	0.989233	0.989691
1040	0.977255	0.999556	0.999548	0.931294	0.989233	0.989691
1050	0.977557	0.999556	0.999548	0.931714	0.989233	0.989691
1060	0.977721	0.999556	0.999548	0.931888	0.989233	0.989691
1070	0.977924	0.999556	0.999548	0.932134	0.989233	0.989691
1080	0.978172	0.999556	0.999548	0.932397	0.989233	0.989691
1090	0.978333	0.999556	0.999548	0.932723	0.989233	0.989691
1100	0.978589	0.999556	0.999548	0.933100	0.989233	0.989691
1110	0.978763	0.999556	0.999548	0.933335	0.989233	0.989691
1120	0.978881	0.999704	0.999697	0.933605	0.989233	0.989691
1130	0.979066	0.999704	0.999697	0.933830	0.989233	0.989691
1140	0.979200	0.999704	0.999697	0.933881	0.989233	0.989691
1150	0.979448	0.999852	0.999845	0.934172	0.989233	0.989691
1160	0.979574	0.999852	0.999845	0.934265	0.989233	0.989691
1170	0.979833	0.999852	0.999845	0.934692	0.989233	0.989691
1180	0.980136	0.999852	0.999845	0.935027	0.989233	0.989691
1190	0.980398	1.000000	1.000000	0.935419	0.989233	0.989691
1200	0.980605	1.000000	1.000000	0.935777	0.989233	0.989691
1210	0.980847	1.000000	1.000000	0.936026	0.989233	0.989691
1220	0.981060	1.000000	1.000000	0.936394	0.989233	0.989691
1230	0.981283	1.000000	1.000000	0.936562	0.989233	0.989691
1240	0.981535	1.000000	1.000000	0.936933	0.989233	0.989691
1250	0.981648	1.000000	1.000000	0.937081	0.989233	0.989691
1260	0.981835	1.000000	1.000000	0.937342	0.989233	0.989691
1270	0.981988	1.000000	1.000000	0.937514	0.989233	0.989691
1280	0.982157	1.000000	1.000000	0.937770	0.989233	0.989691
1290	0.982244	1.000000	1.000000	0.937825	0.989233	0.989691
1300	0.982387	1.000000	1.000000	0.938000	0.989233	0.989691
1310	0.982466	1.000000	1.000000	0.938228	0.989233	0.989691
1320	0.982623	1.000000	1.000000	0.938421	0.989233	0.989691
1330	0.982755	1.000000	1.000000	0.938553	0.989233	0.989691
1340	0.982985	1.000000	1.000000	0.938882	0.989233	0.989691
1350	0.983133	1.000000	1.000000	0.939086	0.989233	0.989691
1360	0.983309	1.000000	1.000000	0.939344	0.990579	0.991081
1370	0.983455	1.000000	1.000000	0.939553	0.990579	0.991081
1380	0.983666	1.000000	1.000000	0.939887	0.990579	0.991081
1390	0.983811	1.000000	1.000000	0.940062	0.990579	0.991081
1400	0.983933	1.000000	1.000000	0.940175	0.990579	0.991081
1410	0.984049	1.000000	1.000000	0.940328	0.990579	0.991081
1420	0.984188	1.000000	1.000000	0.940566	0.991925	0.992286
1430	0.984363	1.000000	1.000000	0.940749	0.991925	0.992286
1440	0.984513	1.000000	1.000000	0.940975	0.991925	0.992286
1450	0.984685	1.000000	1.000000	0.941193	0.991925	0.992286
1460	0.984875	1.000000	1.000000	0.941441	0.991925	0.992286
1470	0.984961	1.000000	1.000000	0.941472	0.991925	0.992286
1480	0.985023	1.000000	1.000000	0.941500	0.991925	0.992286
1490	0.985108	1.000000	1.000000	0.941635	0.991925	0.992286
1500	0.985220	1.000000	1.000000	0.941745	0.991925	0.992286
1510	0.985302	1.000000	1.000000	0.941926	0.991925	0.992286
1520	0.985415	1.000000	1.000000	0.942051	0.991925	0.992286
1530	0.985479	1.000000	1.000000	0.942176	0.991925	0.992286
1540	0.985584	1.000000	1.000000	0.942298	0.991925	0.992286
1550	0.985694	1.000000	1.000000	0.942401	0.991925	0.992286
1560	0.985808	1.000000	1.000000	0.942556	0.991925	0.992286
1570	0.985935	1.000000	1.000000	0.942726	0.991925	0.992286
1580	0.985987	1.000000	1.000000	0.942729	0.991925	0.992286
1590	0.986040	1.000000	1.000000	0.942746	0.991925	0.992286
1600	0.986107	1.000000	1.000000	0.942815	0.991925	0.992286
1610	0.986211	1.000000	1.000000	0.942897	0.991925	0.992286
1620	0.986397	1.000000	1.000000	0.943199	0.991925	0.992286
1630	0.986432	1.000000	1.000000	0.943191	0.991925	0.992286
1640	0.986538	1.000000	1.000000	0.943329	0.991925	0.992286
1650	0.986700	1.000000	1.000000	0.943654	0.991925	0.992286
1660	0.986831	1.000000	1.000000	0.943800	0.991925	0.992286
1670	0.986906	1.000000	1.000000	0.943967	0.991925	0.992286
1680	0.986969	1.000000	1.000000	0.944053	0.991925	0.992286
1690	0.987011	1.000000	1.000000	0.944072	0.991925	0.992286
1700	0.987105	1.000000	1.000000	0.944138	0.991925	0.992286
1710	0.987217	1.000000	1.000000	0.944247	0.991925	0.992286
1720	0.987316	1.000000	1.000000	0.944365	0.991925	0.992286
1730	0.987348	1.000000	1.000000	0.944352	0.991925	0.992286
1740	0.987404	1.000000	1.000000	0.944438	0.991925	0.992286
1750	0.987495	1.000000	1.000000	0.944618	0.991925	0.992286
1760	0.987553	1.000000	1.000000	0.944675	0.991925	0.992286
1770	0.987672	1.000000	1.000000	0.944862	0.991925	0.992286
1780	0.987746	1.000000	1.000000	0.944965	0.991925	0.992286
1790	0.987794	1.000000	1.000000	0.944961	0.991925	0.992286
1800	0.987868	1.000000	1.000000	0.945017	0.991925	0.992286
1810	0.987939	1.000000	1.000000	0.945104	0.991925	0.992286
1820	0.988001	1.000000	1.000000	0.945163	0.991925	0.992286
1830	0.988070	1.000000	1.000000	0.945264	0.991925	0.992286
1840	0.988119	1.000000	1.000000	0.945348	0.991925	0.992286
1850	0.988148	1.000000	1.000000	0.945434	0.991925	0.992286
1860	0.988232	1.000000	1.000000	0.945573	0.991925	0.992286
1870	0.988318	1.000000	1.000000	0.945696	0.991925	0.992286
1880	0.988359	1.000000	1.000000	0.945743	0.991925	0.992286
1890	0.988470	1.000000	1.000000	0.945899	0.991925	0.992286
1900	0.988519	1.000000	1.000000	0.946015	0.991925	0.992286
1910	0.988596	1.000000	1.000000	0.946060	0.991925	0.992286
1920	0.988676	1.000000	1.000000	0.946212	0.991925	0.992286
1930	0.988721	1.000000	1.000000	0.946283	0.991925	0.992286
1940	0.988807	1.000000	1.000000	0.946360	0.991925	0.992286
1950	0.988899	1.000000	1.000000	0.946492	0.991925	0.992286
1960	0.988990	1.000000	1.000000	0.946678	0.991925	0.992286
1970	0.989042	1.000000	1.000000	0.946739	0.991925	0.992286
1980	0.989104	1.000000	1.000000	0.946764	0.991925	0.992286
1990	0.989183	1.000000	1.000000	0.946852	0.991925	0.992286
2000	0.989264	1.000000	1.000000	0.946938	0.991925	0.992286
2010	0.989337	1.000000	1.000000	0.947007	0.991925	0.992286
2020	0.989355	1.000000	1.000000	0.946965	0.991925	0.992286
2030	0.989370	1.000000	1.000000	0.946950	0.991925	0.992286
2040	0.989385	1.000000	1.000000	0.946932	0.991925	0.992286
2050	0.989419	1.000000	1.000000	0.946990	0.991925	0.992286
2060	0.989461	1.000000	1.000000	0.947042	0.991925	0.992286
2070	0.989474	1.000000	1.000000	0.947061	0.991925	0.992286
2080	0.989489	1.000000	1.000000	0.947045	0.991925	0.992286
2090	0.989546	1.000000	1.000000	0.947157	0.991925	0.992286
2100	0.989616	1.000000	1.000000	0.947321	0.991925	0.992286
2110	0.989655	1.000000	1.000000	0.947401	0.991925	0.992286
2120	0.989716	1.000000	1.000000	0.947505	0.991925	0.992286
2130	0.989775	1.000000	1.000000	0.947682	0.991925	0.992286
2140	0.989832	1.000000	1.000000	0.947809	0.991925	0.992286
2150	0.989877	1.000000	1.000000	0.947913	0.991925	0.992286
2160	0.989934	1.000000	1.000000	0.948027	0.991925	0.992286
2170	0.989974	1.000000	1.000000	0.948082	0.991925	0.992286
2180	0.990000	1.000000	1.000000	0.948152	0.991925	0.992286
2190	0.990067	1.000000	1.000000	0.948230	0.991925	0.992286
2200	0.990114	1.000000	1.000000	0.948251	0.991925	0.992286
2210	0.990192	1.000000	1.000000	0.948401	0.991925	0.992286
2220	0.990230	1.000000	1.000000	0.948457	0.991925	0.992286
2230	0.990274	1.000000	1.000000	0.948474	0.991925	0.992286
2240	0.990306	1.000000	1.000000	0.948470	0.991925	0.992286
2250	0.990363	1.000000	1.000000	0.948541	0.991925	0.992286
2260	0.990393	1.000000	1.000000	0.948610	0.991925	0.992286
2270	0.990426	1.000000	1.000000	0.948659	0.991925	0.992286
2280	0.990465	1.000000	1.000000	0.948712	0.991925	0.992286
2290	0.990502	1.000000	1.000000	0.948716	0.991925	0.992286
2300	0.990561	1.000000	1.000000	0.948787	0.991925	0.992286
2310	0.990595	1.000000	1.000000	0.948805	0.991925	0.992286
2320	0.990629	1.000000	1.000000	0.948852	0.991925	0.992286
2330	0.990681	1.000000	1.000000	0.948927	0.991925	0.992286
2340	0.990729	1.000000	1.000000	0.948968	0.991925	0.992286
2350	0.990740	1.000000	1.000000	0.948962	0.991925	0.992286
2360	0.990750	1.000000	1.000000	0.948941	0.991925	0.992286
2370	0.990760	1.000000	1.000000	0.948928	0.991925	0.992286
2380	0.990769	1.000000	1.000000	0.948906	0.991925	0.992286
2390	0.990802	1.000000	1.000000	0.948980	0.991925	0.992286
2400	0.990859	1.000000	1.000000	0.949079	0.991925	0.992286
2410	0.990919	1.000000	1.000000	0.949170	0.991925	0.992286
2420	0.990978	1.000000	1.000000	0.949269	0.991925	0.992286
2430	0.991048	1.000000	1.000000	0.949452	0.991925	0.992286
2440	0.991096	1.000000	1.000000	0.949519	0.991925	0.992286
2450	0.991131	1.000000	1.000000	0.949564	0.991925	0.992286
2460	0.991174	1.000000	1.000000	0.949678	0.991925	0.992286
2470	0.991224	1.000000	1.000000	0.949730	0.991925	0.992286
2480	0.991256	1.000000	1.000000	0.949758	0.991925	0.992286
2490	0.991299	1.000000	1.000000	0.949800	0.991925	0.992286
2500	0.991347	1.000000	1.000000	0.949801	0.991925	0.992286
2510	0.991385	1.000000	1.000000	0.949835	0.991925	0.992286
2520	0.991436	1.000000	1.000000	0.949881	0.991925	0.992286
2530	0.991463	1.000000	1.000000	0.949899	0.991925	0.992286
2540	0.991484	1.000000	1.000000	0.949925	0.991925	0.992286
2550	0.991504	1.000000	1.000000	0.949929	0.991925	0.992286
2560	0.991552	1.000000	1.000000	0.950017	0.991925	0.992286
2570	0.991588	1.000000	1.000000	0.950076	0.991925	0.992286
2580	0.991615	1.000000	1.000000	0.950135	0.991925	0.992286
2590	0.991649	1.000000	1.000000	0.950180	0.991925	0.992286
2600	0.991682	1.000000	1.000000	0.950217	0.991925	0.992286
2610	0.991715	1.000000	1.000000	0.950290	0.991925	0.992286
2620	0.991750	1.000000	1.000000	0.950372	0.991925	0.992286
2630	0.991773	1.000000	1.000000	0.950386	0.991925	0.992286
2640	0.991782	1.000000	1.000000	0.950386	0.991925	0.992286
2650	0.991805	1.000000	1.000000	0.950439	0.991925	0.992286
2660	0.991878	1.000000	1.000000	0.950628	0.991925	0.992286
2670	0.991929	1.000000	1.000000	0.950715	0.991925	0.992286
2680	0.991949	1.000000	1.000000	0.950727	0.991925	0.992286
2690	0.991986	1.000000	1.000000	0.950798	0.991925	0.992286
2700	0.992022	1.000000	1.000000	0.950880	0.991925	0.992286
2710	0.992050	1.000000	1.000000	0.950986	0.991925	0.992286
2720	0.992082	1.000000	1.000000	0.951014	0.991925	0.992286
2730	0.992112	1.000000	1.000000	0.951037	0.991925	0.992286
2740	0.992148	1.000000	1.000000	0.951104	0.991925	0.992286
2750	0.992159	1.000000	1.000000	0.951104	0.991925	0.992286
2760	0.992176	1.000000	1.000000	0.951139	0.991925	0.992286
2770	0.992208	1.000000	1.000000	0.951225	0.991925	0.992286
2780	0.992237	1.000000	1.000000	0.951266	0.991925	0.992286
2790	0.992270	1.000000	1.000000	0.951334	0.991925	0.992286
2800	0.992302	1.000000	1.000000	0.951403	0.991925	0.992286
2810	0.992334	1.000000	1.000000	0.951414	0.991925	0.992286
2820	0.992371	1.000000	1.000000	0.951470	0.991925	0.992286
2830	0.992418	1.000000	1.000000	0.951502	0.991925	0.992286
2840	0.992444	1.000000	1.000000	0.951540	0.991925	0.992286
2850	0.992457	1.000000	1.000000	0.951581	0.991925	0.992286
2860	0.992474	1.000000	1.000000	0.951604	0.991925	0.992286
2870	0.992492	1.000000	1.000000	0.951629	0.991925	0.992286
2880	0.992535	1.000000	1.000000	0.951659	0.991925	0.992286
2890	0.992572	1.000000	1.000000	0.951698	0.991925	0.992286
2900	0.992603	1.000000	1.000000	0.951719	0.991925	0.992286
2910	0.992643	1.000000	1.000000	0.951771	0.991925	0.992286
2920	0.992672	1.000000	1.000000	0.951788	0.991925	0.992286
2930	0.992707	1.000000	1.000000	0.951873	0.991925	0.992286
2940	0.992741	1.000000	1.000000	0.951881	0.991925	0.992286
2950	0.992784	1.000000	1.000000	0.951953	0.991925	0.992286
2960	0.992826	1.000000	1.000000	0.952035	0.991925	0.992286
2970	0.992861	1.000000	1.000000	0.952072	0.991925	0.992286
2980	0.992879	1.000000	1.000000	0.952074	0.991925	0.992286
2990	0.992907	1.000000	1.000000	0.952057	0.991925	0.992286
3000	0.992930	1.000000	1.000000	0.952124	0.991925	0.992286
3010	0.992958	1.000000	1.000000	0.952185	0.991925	0.992286
3020	0.992982	1.000000	1.000000	0.952198	0.991925	0.992286
3030	0.993005	1.000000	1.000000	0.952211	0.991925	0.992286
3040	0.993037	1.000000	1.000000	0.952246	0.991925	0.992286
3050	0.993061	1.000000	1.000000	0.952356	0.991925	0.992286
3060	0.993083	1.000000	1.000000	0.952388	0.991925	0.992286
3070	0.993111	1.000000	1.000000	0.952431	0.991925	0.992286
3080	0.993136	1.000000	1.000000	0.952479	0.991925	0.992286
3090	0.993160	1.000000	1.000000	0.952509	0.991925	0.992286
3100	0.993166	1.000000	1.000000	0.952485	0.991925	0.992286
3110	0.993171	1.000000	1.000000	0.952487	0.991925	0.992286
3120	0.993177	1.000000	1.000000	0.952485	0.991925	0.992286
3130	0.993197	1.000000	1.000000	0.952589	0.991925	0.992286
3140	0.993232	1.000000	1.000000	0.952624	0.991925	0.992286
3150	0.993246	1.000000	1.000000	0.952632	0.991925	0.992286
3160	0.993252	1.000000	1.000000	0.952612	0.991925	0.992286
3170	0.993268	1.000000	1.000000	0.952622	0.991925	0.992286
3180	0.993287	1.000000	1.000000	0.952673	0.991925	0.992286
3190	0.993319	1.000000	1.000000	0.952747	0.991925	0.992286
3200	0.993337	1.000000	1.000000	0.952788	0.991925	0.992286
3210	0.993357	1.000000	1.000000	0.952827	0.991925	0.992286
3220	0.993375	1.000000	1.000000	0.952854	0.991925	0.992286
3230	0.993382	1.000000	1.000000	0.952826	0.991925	0.992286
3240	0.993397	1.000000	1.000000	0.952836	0.991925	0.992286
3250	0.993429	1.000000	1.000000	0.952892	0.991925	0.992286
3260	0.993449	1.000000	1.000000	0.952917	0.991925	0.992286
3270	0.993461	1.000000	1.000000	0.952918	0.991925	0.992286
3280	0.993502	1.000000	1.000000	0.952962	0.991925	0.992286
3290	0.993526	1.000000	1.000000	0.952983	0.991925	0.992286
3300	0.993542	1.000000	1.000000	0.953010	0.991925	0.992286
3310	0.993560	1.000000	1.000000	0.953019	0.991925	0.992286
3320	0.993589	1.000000	1.000000	0.953090	0.991925	0.992286
3330	0.993615	1.000000	1.000000	0.953114	0.991925	0.992286
3340	0.993640	1.000000	1.000000	0.953132	0.991925	0.992286
3350	0.993667	1.000000	1.000000	0.953152	0.991925	0.992286
3360	0.993701	1.000000	1.000000	0.953218	0.991925	0.992286
3370	0.993716	1.000000	1.000000	0.953234	0.991925	0.992286
3380	0.993728	1.000000	1.000000	0.953259	0.991925	0.992286
3390	0.993747	1.000000	1.000000	0.953311	0.991925	0.992286
3400	0.993763	1.000000	1.000000	0.953323	0.991925	0.992286
3410	0.993782	1.000000	1.000000	0.953340	0.991925	0.992286
3420	0.993801	1.000000	1.000000	0.953350	0.991925	0.992286
3430	0.993833	1.000000	1.000000	0.953396	0.991925	0.992286
3440	0.993846	1.000000	1.000000	0.953386	0.991925	0.992286
3450	0.993872	1.000000	1.000000	0.953403	0.991925	0.992286
3460	0.993890	1.000000	1.000000	0.953431	0.991925	0.992286
3470	0.993905	1.000000	1.000000	0.953451	0.991925	0.992286
3480	0.993919	1.000000	1.000000	0.953516	0.991925	0.992286
3490	0.993937	1.000000	1.000000	0.953542	0.991925	0.992286
3500	0.993956	1.000000	1.000000	0.953575	0.991925	0.992286
3510	0.993986	1.000000	1.000000	0.953626	0.991925	0.992286
3520	0.994010	1.000000	1.000000	0.953625	0.991925	0.992286
3530	0.994022	1.000000	1.000000	0.953664	0.991925	0.992286
3540	0.994036	1.000000	1.000000	0.953704	0.991925	0.992286
3550	0.994056	1.000000	1.000000	0.953744	0.991925	0.992286
3560	0.994070	1.000000	1.000000	0.953756	0.991925	0.992286
3570	0.994082	1.000000	1.000000	0.953751	0.990579	0.990866
3580	0.994093	1.000000	1.000000	0.953776	0.990579	0.990866
3590	0.994113	1.000000	1.000000	0.953820	0.990579	0.990866
3600	0.994138	1.000000	1.000000	0.953895	0.991925	0.992286
3610	0.994165	1.000000	1.000000	0.953918	0.991925	0.992286
3620	0.994187	1.000000	1.000000	0.953949	0.990579	0.990866
3630	0.994207	1.000000	1.000000	0.953977	0.991925	0.992286
3640	0.994237	1.000000	1.000000	0.953991	0.990579	0.990866
3650	0.994262	1.000000	1.000000	0.954047	0.990579	0.990866
3660	0.994280	1.000000	1.000000	0.954062	0.990579	0.990866
3670	0.994307	1.000000	1.000000	0.954057	0.990579	0.990866
3680	0.994311	1.000000	1.000000	0.954045	0.990579	0.990866
3690	0.994324	1.000000	1.000000	0.954048	0.990579	0.990866
3700	0.994353	1.000000	1.000000	0.954104	0.990579	0.990866
3710	0.994378	1.000000	1.000000	0.954113	0.990579	0.990866
3720	0.994386	1.000000	1.000000	0.954125	0.990579	0.990866
3730	0.994394	1.000000	1.000000	0.954155	0.990579	0.990866
3740	0.994420	1.000000	1.000000	0.954177	0.990579	0.990866
3750	0.994440	1.000000	1.000000	0.954177	0.990579	0.990866
3760	0.994465	1.000000	1.000000	0.954184	0.990579	0.990866
3770	0.994487	1.000000	1.000000	0.954211	0.990579	0.990866
3780	0.994504	1.000000	1.000000	0.954230	0.990579	0.990866
3790	0.994524	1.000000	1.000000	0.954300	0.990579	0.990866
3800	0.994544	1.000000	1.000000	0.954329	0.990579	0.990866
3810	0.994552	1.000000	1.000000	0.954349	0.990579	0.990866
3820	0.994558	1.000000	1.000000	0.954370	0.990579	0.990866
3830	0.994574	1.000000	1.000000	0.954370	0.990579	0.990866
3840	0.994595	1.000000	1.000000	0.954390	0.990579	0.990866
3850	0.994604	1.000000	1.000000	0.954410	0.990579	0.990866
3860	0.994611	1.000000	1.000000	0.954429	0.990579	0.990866
3870	0.994623	1.000000	1.000000	0.954436	0.990579	0.990866
3880	0.994638	1.000000	1.000000	0.954448	0.990579	0.990866
3890	0.994661	1.000000	1.000000	0.954471	0.990579	0.990866
3900	0.994685	1.000000	1.000000	0.954492	0.990579	0.990866
3910	0.994707	1.000000	1.000000	0.954493	0.990579	0.990866
3920	0.994715	1.000000	1.000000	0.954478	0.990579	0.990866
3930	0.994721	1.000000	1.000000	0.954468	0.990579	0.990866
3940	0.994729	1.000000	1.000000	0.954481	0.990579	0.990866
3950	0.994743	1.000000	1.000000	0.954514	0.990579	0.990866
3960	0.994754	1.000000	1.000000	0.954537	0.990579	0.990866
3970	0.994765	1.000000	1.000000	0.954540	0.990579	0.990866
3980	0.994782	1.000000	1.000000	0.954565	0.990579	0.990866
3990	0.994799	1.000000	1.000000	0.954620	0.990579	0.990866
4000	0.994808	1.000000	1.000000	0.954623	0.990579	0.990866
