10	0.325081	0.833333	0.791497	0.316354	0.816138	0.770980
20	0.496409	0.870585	0.826447	0.480596	0.862434	0.815215
30	0.575517	0.886613	0.841256	0.559719	0.887566	0.837262
40	0.620368	0.891659	0.845237	0.603368	0.894180	0.843110
50	0.657008	0.939299	0.940935	0.636948	0.923280	0.921431
60	0.691793	0.971505	0.971738	0.671270	0.960317	0.959165
70	0.727134	0.981745	0.981795	0.706886	0.973545	0.972958
80	0.754988	0.987979	0.988007	0.732275	0.978836	0.978540
90	0.782448	0.989908	0.989921	0.757298	0.982804	0.982966
100	0.807797	0.991541	0.991538	0.781696	0.984127	0.984572
110	0.822066	0.992134	0.992147	0.797811	0.984127	0.984572
120	0.836230	0.993173	0.993169	0.810926	0.984127	0.984572
130	0.848332	0.994064	0.994060	0.822144	0.986772	0.987154
140	0.858985	0.994806	0.994808	0.832438	0.986772	0.987154
150	0.867599	0.995102	0.995101	0.839920	0.986772	0.987154
160	0.876828	0.996587	0.996580	0.849518	0.986772	0.987154
170	0.882655	0.996883	0.996885	0.854686	0.986772	0.987154
180	0.889797	0.997329	0.997319	0.860802	0.985450	0.985931
190	0.895513	0.997774	0.997759	0.866596	0.984127	0.984722
200	0.900487	0.997774	0.997759	0.871104	0.988095	0.988402
210	0.905216	0.997922	0.997907	0.875785	0.986772	0.987154
220	0.909390	0.998219	0.998209	0.879577	0.988095	0.988521
230	0.912420	0.998367	0.998356	0.882196	0.988095	0.988521
240	0.915634	0.998516	0.998506	0.885123	0.988095	0.988521
250	0.918497	0.998516	0.998506	0.888078	0.989418	0.989784
260	0.921590	0.998516	0.998506	0.890580	0.989418	0.989784
270	0.924669	0.998516	0.998506	0.893899	0.989418	0.989784
280	0.926814	0.998516	0.998506	0.895716	0.989418	0.989784
290	0.928743	0.998516	0.998506	0.897401	0.989418	0.989784
300	0.930716	0.998516	0.998506	0.899117	0.989418	0.989784
310	0.932450	0.998516	0.998506	0.900368	0.988095	0.988521
320	0.934289	0.998516	0.998506	0.901936	0.988095	0.988521
330	0.935670	0.998516	0.998506	0.903307	0.989418	0.989784
340	0.937242	0.998516	0.998506	0.904715	0.989418	0.989784
350	0.938496	0.998516	0.998506	0.905883	0.988095	0.988521
360	0.939712	0.998516	0.998506	0.906833	0.988095	0.988521
370	0.940978	0.998664	0.998655	0.908069	0.989418	0.989784
380	0.942214	0.998664	0.998655	0.909229	0.988095	0.988521
390	0.943701	0.998664	0.998655	0.910543	0.988095	0.988521
400	0.945016	0.998961	0.998958	0.911773	0.988095	0.988521
410	0.946194	0.999110	0.999100	0.912739	0.988095	0.988521
420	0.947124	0.999110	0.999100	0.913450	0.988095	0.988521
430	0.948272	0.999110	0.999100	0.914525	0.988095	0.988521
440	0.949056	0.999110	0.999100	0.915083	0.988095	0.988521
450	0.949890	0.999258	0.999254	0.915874	0.988095	0.988521
460	0.950619	0.999258	0.999254	0.916474	0.988095	0.988521
470	0.951515	0.999258	0.999254	0.917316	0.988095	0.988521
480	0.952061	0.999258	0.999254	0.917772	0.988095	0.988521
490	0.952915	0.999258	0.999254	0.918644	0.988095	0.988521
500	0.953730	0.999258	0.999254	0.919228	0.988095	0.988521
510	0.954305	0.999258	0.999254	0.919762	0.988095	0.988521
520	0.954884	0.999258	0.999254	0.920348	0.988095	0.988521
530	0.955479	0.999258	0.999254	0.920877	0.988095	0.988521
540	0.955981	0.999258	0.999254	0.921247	0.988095	0.988521
550	0.956545	0.999258	0.999254	0.921739	0.988095	0.988521
560	0.957041	0.999258	0.999254	0.922043	0.988095	0.988521
570	0.957523	0.999258	0.999254	0.922353	0.988095	0.988521
580	0.958143	0.999258	0.999254	0.922911	0.989418	0.989784
590	0.958451	0.999258	0.999254	0.923222	0.989418	0.989784
600	0.959126	0.999258	0.999254	0.923881	0.989418	0.989784
610	0.959886	0.999258	0.999254	0.924681	0.988095	0.988521
620	0.960461	0.999406	0.999402	0.925015	0.988095	0.988521
630	0.961306	0.999406	0.999402	0.926000	0.988095	0.988521
640	0.962165	0.999406	0.999402	0.926768	0.988095	0.988521
650	0.962630	0.999555	0.999551	0.927263	0.988095	0.988521
660	0.963429	0.999555	0.999551	0.927896	0.988095	0.988521
670	0.963988	0.999555	0.999551	0.928466	0.988095	0.988521
680	0.964369	0.999555	0.999551	0.928795	0.988095	0.988521
690	0.964783	0.999555	0.999551	0.929215	0.988095	0.988521
700	0.965126	0.999555	0.999551	0.929588	0.988095	0.988521
710	0.965831	0.999555	0.999551	0.930337	0.988095	0.988521
720	0.966179	0.999555	0.999551	0.930649	0.988095	0.988521
730	0.966449	0.999555	0.999551	0.930809	0.988095	0.988521
740	0.966760	0.999555	0.999551	0.931122	0.988095	0.988521
750	0.967403	0.999555	0.999551	0.931684	0.988095	0.988521
760	0.967829	0.999555	0.999551	0.932169	0.988095	0.988521
770	0.968152	0.999555	0.999551	0.932415	0.988095	0.988521
780	0.968571	0.999555	0.999551	0.932817	0.988095	0.988521
790	0.968987	0.999555	0.999551	0.933356	0.988095	0.988521
800	0.969291	0.999555	0.999551	0.933575	0.988095	0.988521
810	0.969836	0.999555	0.999551	0.934145	0.988095	0.988521
820	0.970091	0.999555	0.999551	0.934353	0.988095	0.988521
830	0.970375	0.999555	0.999551	0.934520	0.988095	0.988521
840	0.970808	0.999555	0.999551	0.934931	0.989418	0.989859
850	0.971438	0.999555	0.999551	0.935636	0.989418	0.989859
860	0.971734	0.999555	0.999551	0.935984	0.989418	0.989859
870	0.972086	0.999555	0.999551	0.936657	0.989418	0.989859
880	0.972369	0.999555	0.999551	0.936971	0.989418	0.989859
890	0.972707	0.999555	0.999551	0.937298	0.989418	0.989859
900	0.973201	0.999555	0.999551	0.937781	0.989418	0.989859
910	0.973640	0.999555	0.999551	0.938279	0.989418	0.989859
920	0.974025	0.999555	0.999551	0.938650	0.989418	0.989859
930	0.974436	0.999555	0.999551	0.939117	0.989418	0.989859
940	0.974744	0.999555	0.999551	0.939446	0.989418	0.989859
950	0.975062	0.999555	0.999551	0.939883	0.989418	0.989859
960	0.975465	0.999555	0.999551	0.940360	0.989418	0.989859
970	0.975722	0.999555	0.999551	0.940566	0.989418	0.989859
980	0.976125	0.999555	0.999551	0.941064	0.989418	0.989859
990	0.976426	0.999555	0.999551	0.941435	0.989418	0.989859
1000	0.976582	0.999555	0.999551	0.941616	0.989418	0.989859
1010	0.976892	0.999555	0.999551	0.941919	0.989418	0.989859
1020	0.977007	0.999555	0.999551	0.942023	0.989418	0.989859
1030	0.977320	0.999555	0.999551	0.942345	0.989418	0.989859
1040	0.977582	0.999555	0.999551	0.942621	0.989418	0.989859
1050	0.977842	0.999555	0.999551	0.942861	0.989418	0.989859
1060	0.978088	0.999555	0.999551	0.943116	0.989418	0.989859
1070	0.978341	0.999555	0.999551	0.943417	0.989418	0.989859
1080	0.978482	0.999555	0.999551	0.943539	0.989418	0.989859
1090	0.978727	0.999555	0.999551	0.943837	0.989418	0.989859
1100	0.979037	0.999555	0.999551	0.944163	0.989418	0.989859
1110	0.979304	0.999555	0.999551	0.944433	0.989418	0.989859
1120	0.979468	0.999703	0.999700	0.944663	0.989418	0.989859
1130	0.979673	0.999703	0.999700	0.944937	0.989418	0.989859
1140	0.980051	0.999703	0.999700	0.945478	0.989418	0.989859
1150	0.980353	0.999703	0.999700	0.945845	0.989418	0.989859
1160	0.980487	0.999852	0.999852	0.946029	0.989418	0.989859
1170	0.980753	0.999852	0.999852	0.946401	0.989418	0.989859
1180	0.980917	0.999852	0.999852	0.946593	0.989418	0.989859
1190	0.981098	0.999852	0.999852	0.946795	0.989418	0.989859
1200	0.981270	0.999852	0.999852	0.946915	0.989418	0.989859
1210	0.981405	0.999852	0.999852	0.947101	0.989418	0.989859
1220	0.981550	0.999852	0.999852	0.947271	0.989418	0.989859
1230	0.981667	0.999852	0.999852	0.947400	0.989418	0.989859
1240	0.981840	0.999852	0.999852	0.947638	0.989418	0.989859
1250	0.982048	0.999852	0.999852	0.947884	0.989418	0.989859
1260	0.982227	0.999852	0.999852	0.948003	0.989418	0.989859
1270	0.982342	0.999852	0.999852	0.948059	0.989418	0.989859
1280	0.982538	0.999852	0.999852	0.948222	0.989418	0.989859
1290	0.982723	0.999852	0.999852	0.948430	0.989418	0.989859
1300	0.982919	0.999852	0.999852	0.948644	0.989418	0.989859
1310	0.983125	0.999852	0.999852	0.948815	0.989418	0.989859
1320	0.983267	0.999852	0.999852	0.948974	0.989418	0.989859
1330	0.983434	0.999852	0.999852	0.949202	0.989418	0.989859
1340	0.983519	0.999852	0.999852	0.949286	0.989418	0.989859
1350	0.983586	0.999852	0.999852	0.949331	0.989418	0.989859
1360	0.983708	1.000000	1.000000	0.949468	0.989418	0.989859
1370	0.983875	1.000000	1.000000	0.949690	0.989418	0.989859
1380	0.984018	1.000000	1.000000	0.949960	0.989418	0.989859
1390	0.984155	1.000000	1.000000	0.950040	0.989418	0.989859
1400	0.984350	1.000000	1.000000	0.950304	0.989418	0.989859
1410	0.984469	1.000000	1.000000	0.950429	0.989418	0.989859
1420	0.984598	1.000000	1.000000	0.950566	0.989418	0.989859
1430	0.984744	1.000000	1.000000	0.950709	0.989418	0.989859
1440	0.984901	1.000000	1.000000	0.950880	0.989418	0.989859
1450	0.985037	1.000000	1.000000	0.951017	0.989418	0.989859
1460	0.985124	1.000000	1.000000	0.951133	0.989418	0.989859
1470	0.985236	1.000000	1.000000	0.951274	0.989418	0.989859
1480	0.985361	1.000000	1.000000	0.951425	0.989418	0.989859
1490	0.985436	1.000000	1.000000	0.951500	0.989418	0.989859
1500	0.985591	1.000000	1.000000	0.951775	0.989418	0.989859
1510	0.985708	1.000000	1.000000	0.951956	0.989418	0.989859
1520	0.985858	1.000000	1.000000	0.952121	0.989418	0.989859
1530	0.986005	1.000000	1.000000	0.952321	0.989418	0.989859
1540	0.986084	1.000000	1.000000	0.952402	0.989418	0.989859
1550	0.986138	1.000000	1.000000	0.952447	0.989418	0.989859
1560	0.986234	1.000000	1.000000	0.952544	0.989418	0.989859
1570	0.986285	1.000000	1.000000	0.952548	0.989418	0.989859
1580	0.986401	1.000000	1.000000	0.952670	0.989418	0.989859
1590	0.986493	1.000000	1.000000	0.952796	0.989418	0.989859
1600	0.986601	1.000000	1.000000	0.952954	0.989418	0.989859
1610	0.986711	1.000000	1.000000	0.953105	0.989418	0.989859
1620	0.986782	1.000000	1.000000	0.953185	0.989418	0.989859
1630	0.986912	1.000000	1.000000	0.953350	0.989418	0.989859
1640	0.987030	1.000000	1.000000	0.953526	0.989418	0.989859
1650	0.987116	1.000000	1.000000	0.953627	0.989418	0.989859
1660	0.987218	1.000000	1.000000	0.953829	0.989418	0.989859
1670	0.987255	1.000000	1.000000	0.953875	0.989418	0.989859
1680	0.987281	1.000000	1.000000	0.953909	0.989418	0.989859
1690	0.987333	1.000000	1.000000	0.953998	0.989418	0.989859
1700	0.987384	1.000000	1.000000	0.954035	0.989418	0.989859
1710	0.987450	1.000000	1.000000	0.954107	0.989418	0.989859
1720	0.987521	1.000000	1.000000	0.954175	0.989418	0.989859
1730	0.987639	1.000000	1.000000	0.954414	0.989418	0.989859
1740	0.987725	1.000000	1.000000	0.954546	0.989418	0.989859
1750	0.987788	1.000000	1.000000	0.954598	0.989418	0.989859
1760	0.987874	1.000000	1.000000	0.954707	0.989418	0.989859
1770	0.988000	1.000000	1.000000	0.954838	0.989418	0.989859
1780	0.988091	1.000000	1.000000	0.954958	0.989418	0.989859
1790	0.988145	1.000000	1.000000	0.955014	0.989418	0.989859
1800	0.988229	1.000000	1.000000	0.955130	0.989418	0.989859
1810	0.988280	1.000000	1.000000	0.955190	0.989418	0.989859
1820	0.988368	1.000000	1.000000	0.955320	0.989418	0.989859
1830	0.988464	1.000000	1.000000	0.955472	0.989418	0.989859
1840	0.988592	1.000000	1.000000	0.955668	0.989418	0.989859
1850	0.988683	1.000000	1.000000	0.955816	0.989418	0.989859
1860	0.988808	1.000000	1.000000	0.955946	0.989418	0.989859
1870	0.988888	1.000000	1.000000	0.956041	0.989418	0.989859
1880	0.988923	1.000000	1.000000	0.956036	0.989418	0.989859
1890	0.988947	1.000000	1.000000	0.956012	0.989418	0.989859
1900	0.988998	1.000000	1.000000	0.956066	0.989418	0.989859
1910	0.989056	1.000000	1.000000	0.956150	0.989418	0.989859
1920	0.989094	1.000000	1.000000	0.956130	0.989418	0.989859
1930	0.989161	1.000000	1.000000	0.956203	0.989418	0.989859
1940	0.989209	1.000000	1.000000	0.956221	0.989418	0.989859
1950	0.989273	1.000000	1.000000	0.956247	0.989418	0.989859
1960	0.989305	1.000000	1.000000	0.956274	0.989418	0.989859
1970	0.989346	1.000000	1.000000	0.956356	0.989418	0.989859
1980	0.989398	1.000000	1.000000	0.956389	0.989418	0.989859
1990	0.989440	1.000000	1.000000	0.956434	0.989418	0.989859
2000	0.989460	1.000000	1.000000	0.956454	0.989418	0.989859
2010	0.989526	1.000000	1.000000	0.956533	0.989418	0.989859
2020	0.989593	1.000000	1.000000	0.956569	0.989418	0.989859
2030	0.989640	1.000000	1.000000	0.956580	0.989418	0.989859
2040	0.989676	1.000000	1.000000	0.956644	0.989418	0.989859
2050	0.989739	1.000000	1.000000	0.956709	0.989418	0.989859
2060	0.989797	1.000000	1.000000	0.956805	0.989418	0.989859
2070	0.989834	1.000000	1.000000	0.956910	0.989418	0.989859
2080	0.989902	1.000000	1.000000	0.957004	0.989418	0.989859
2090	0.989957	1.000000	1.000000	0.957130	0.989418	0.989859
2100	0.989977	1.000000	1.000000	0.957144	0.989418	0.989859
2110	0.989991	1.000000	1.000000	0.957126	0.989418	0.989859
2120	0.990005	1.000000	1.000000	0.957075	0.989418	0.989859
2130	0.990018	1.000000	1.000000	0.957052	0.989418	0.989859
2140	0.990083	1.000000	1.000000	0.957151	0.989418	0.989859
2150	0.990139	1.000000	1.000000	0.957241	0.989418	0.989859
2160	0.990200	1.000000	1.000000	0.957281	0.989418	0.989859
2170	0.990242	1.000000	1.000000	0.957324	0.989418	0.989859
2180	0.990293	1.000000	1.000000	0.957405	0.989418	0.989859
2190	0.990353	1.000000	1.000000	0.957475	0.989418	0.989859
2200	0.990414	1.000000	1.000000	0.957545	0.989418	0.989859
2210	0.990448	1.000000	1.000000	0.957584	0.989418	0.989859
2220	0.990495	1.000000	1.000000	0.957638	0.989418	0.989859
2230	0.990557	1.000000	1.000000	0.957740	0.989418	0.989859
2240	0.990596	1.000000	1.000000	0.957835	0.989418	0.989859
2250	0.990631	1.000000	1.000000	0.957877	0.989418	0.989859
2260	0.990705	1.000000	1.000000	0.957965	0.989418	0.989859
2270	0.990738	1.000000	1.000000	0.958042	0.989418	0.989859
2280	0.990765	1.000000	1.000000	0.958066	0.989418	0.989859
2290	0.990807	1.000000	1.000000	0.958136	0.989418	0.989859
2300	0.990885	1.000000	1.000000	0.958221	0.989418	0.989859
2310	0.990949	1.000000	1.000000	0.958288	0.989418	0.989859
2320	0.991029	1.000000	1.000000	0.958389	0.989418	0.989859
2330	0.991089	1.000000	1.000000	0.958429	0.989418	0.989859
2340	0.991105	1.000000	1.000000	0.958435	0.989418	0.989859
2350	0.991134	1.000000	1.000000	0.958442	0.989418	0.989859
2360	0.991163	1.000000	1.000000	0.958433	0.989418	0.989859
2370	0.991187	1.000000	1.000000	0.958443	0.989418	0.989859
2380	0.991205	1.000000	1.000000	0.958478	0.989418	0.989859
2390	0.991242	1.000000	1.000000	0.958535	0.989418	0.989859
2400	0.991276	1.000000	1.000000	0.958560	0.989418	0.989859
2410	0.991295	1.000000	1.000000	0.958566	0.989418	0.989859
2420	0.991330	1.000000	1.000000	0.958583	0.989418	0.989859
2430	0.991409	1.000000	1.000000	0.958680	0.989418	0.989859
2440	0.991487	1.000000	1.000000	0.958756	0.989418	0.989859
2450	0.991526	1.000000	1.000000	0.958853	0.989418	0.989859
2460	0.991550	1.000000	1.000000	0.958864	0.989418	0.989859
2470	0.991604	1.000000	1.000000	0.958955	0.989418	0.989859
2480	0.991637	1.000000	1.000000	0.958972	0.989418	0.989859
2490	0.991678	1.000000	1.000000	0.959019	0.989418	0.989859
2500	0.991712	1.000000	1.000000	0.959056	0.989418	0.989859
2510	0.991759	1.000000	1.000000	0.959137	0.989418	0.989859
2520	0.991802	1.000000	1.000000	0.959176	0.989418	0.989859
2530	0.991840	1.000000	1.000000	0.959210	0.989418	0.989859
2540	0.991859	1.000000	1.000000	0.959250	0.989418	0.989859
2550	0.991883	1.000000	1.000000	0.959265	0.989418	0.989859
2560	0.991927	1.000000	1.000000	0.959357	0.989418	0.989859
2570	0.991976	1.000000	1.000000	0.959401	0.989418	0.989859
2580	0.992004	1.000000	1.000000	0.959462	0.989418	0.989859
2590	0.992027	1.000000	1.000000	0.959507	0.989418	0.989859
2600	0.992051	1.000000	1.000000	0.959584	0.989418	0.989859
2610	0.992074	1.000000	1.000000	0.959581	0.989418	0.989859
2620	0.992084	1.000000	1.000000	0.959553	0.989418	0.989859
2630	0.992093	1.000000	1.000000	0.959536	0.989418	0.989859
2640	0.992104	1.000000	1.000000	0.959530	0.989418	0.989859
2650	0.992113	1.000000	1.000000	0.959525	0.989418	0.989859
2660	0.992122	1.000000	1.000000	0.959483	0.989418	0.989859
2670	0.992133	1.000000	1.000000	0.959466	0.989418	0.989859
2680	0.992174	1.000000	1.000000	0.959522	0.989418	0.989859
2690	0.992223	1.000000	1.000000	0.959578	0.989418	0.989859
2700	0.992271	1.000000	1.000000	0.959632	0.989418	0.989859
2710	0.992296	1.000000	1.000000	0.959693	0.989418	0.989859
2720	0.992326	1.000000	1.000000	0.959747	0.989418	0.989859
2730	0.992355	1.000000	1.000000	0.959778	0.989418	0.989859
2740	0.992383	1.000000	1.000000	0.959849	0.989418	0.989859
2750	0.992411	1.000000	1.000000	0.959914	0.989418	0.989859
2760	0.992454	1.000000	1.000000	0.959968	0.989418	0.989859
2770	0.992507	1.000000	1.000000	0.960079	0.989418	0.989859
2780	0.992537	1.000000	1.000000	0.960103	0.989418	0.989859
2790	0.992572	1.000000	1.000000	0.960129	0.989418	0.989859
2800	0.992595	1.000000	1.000000	0.960150	0.989418	0.989859
2810	0.992619	1.000000	1.000000	0.960225	0.989418	0.989859
2820	0.992652	1.000000	1.000000	0.960287	0.989418	0.989859
2830	0.992685	1.000000	1.000000	0.960291	0.989418	0.989859
2840	0.992723	1.000000	1.000000	0.960358	0.989418	0.989859
2850	0.992743	1.000000	1.000000	0.960384	0.989418	0.989859
2860	0.992771	1.000000	1.000000	0.960423	0.989418	0.989859
2870	0.992795	1.000000	1.000000	0.960467	0.989418	0.989859
2880	0.992820	1.000000	1.000000	0.960489	0.989418	0.989859
2890	0.992842	1.000000	1.000000	0.960540	0.989418	0.989859
2900	0.992867	1.000000	1.000000	0.960579	0.989418	0.989859
2910	0.992891	1.000000	1.000000	0.960611	0.989418	0.989859
2920	0.992919	1.000000	1.000000	0.960649	0.989418	0.989859
2930	0.992942	1.000000	1.000000	0.960703	0.989418	0.989859
2940	0.992960	1.000000	1.000000	0.960702	0.989418	0.989859
2950	0.992982	1.000000	1.000000	0.960721	0.989418	0.989859
2960	0.993021	1.000000	1.000000	0.960775	0.989418	0.989859
2970	0.993041	1.000000	1.000000	0.960791	0.989418	0.989859
2980	0.993063	1.000000	1.000000	0.960810	0.989418	0.989859
2990	0.993083	1.000000	1.000000	0.960823	0.989418	0.989859
3000	0.993105	1.000000	1.000000	0.960847	0.989418	0.989859
3010	0.993128	1.000000	1.000000	0.960880	0.989418	0.989859
3020	0.993146	1.000000	1.000000	0.960893	0.989418	0.989859
3030	0.993167	1.000000	1.000000	0.960920	0.989418	0.989859
3040	0.993186	1.000000	1.000000	0.960932	0.989418	0.989859
3050	0.993211	1.000000	1.000000	0.960982	0.989418	0.989859
3060	0.993228	1.000000	1.000000	0.960994	0.989418	0.989859
3070	0.993253	1.000000	1.000000	0.961044	0.989418	0.989859
3080	0.993284	1.000000	1.000000	0.961061	0.989418	0.989859
3090	0.993306	1.000000	1.000000	0.961114	0.989418	0.989859
3100	0.993356	1.000000	1.000000	0.961165	0.989418	0.989859
3110	0.993377	1.000000	1.000000	0.961192	0.989418	0.989859
3120	0.993384	1.000000	1.000000	0.961191	0.989418	0.989859
3130	0.993390	1.000000	1.000000	0.961184	0.989418	0.989859
3140	0.993401	1.000000	1.000000	0.961192	0.989418	0.989859
3150	0.993420	1.000000	1.000000	0.961216	0.989418	0.989859
3160	0.993436	1.000000	1.000000	0.961237	0.989418	0.989859
3170	0.993450	1.000000	1.000000	0.961247	0.989418	0.989859
3180	0.993469	1.000000	1.000000	0.961242	0.989418	0.989859
3190	0.993501	1.000000	1.000000	0.961304	0.989418	0.989859
3200	0.993534	1.000000	1.000000	0.961335	0.989418	0.989859
3210	0.993572	1.000000	1.000000	0.961477	0.989418	0.989859
3220	0.993605	1.000000	1.000000	0.961556	0.989418	0.989859
3230	0.993624	1.000000	1.000000	0.961584	0.989418	0.989859
3240	0.993652	1.000000	1.000000	0.961615	0.989418	0.989859
3250	0.993666	1.000000	1.000000	0.961609	0.989418	0.989859
3260	0.993692	1.000000	1.000000	0.961641	0.989418	0.989859
3270	0.993710	1.000000	1.000000	0.961680	0.989418	0.989859
3280	0.993725	1.000000	1.000000	0.961694	0.989418	0.989859
3290	0.993748	1.000000	1.000000	0.961729	0.989418	0.989859
3300	0.993774	1.000000	1.000000	0.961769	0.989418	0.989859
3310	0.993792	1.000000	1.000000	0.961783	0.989418	0.989859
3320	0.993801	1.000000	1.000000	0.961783	0.989418	0.989859
3330	0.993806	1.000000	1.000000	0.961781	0.989418	0.989859
3340	0.993819	1.000000	1.000000	0.961798	0.989418	0.989859
3350	0.993842	1.000000	1.000000	0.961816	0.989418	0.989859
3360	0.993856	1.000000	1.000000	0.961823	0.989418	0.989859
3370	0.993882	1.000000	1.000000	0.961862	0.989418	0.989859
3380	0.993890	1.000000	1.000000	0.961861	0.989418	0.989859
3390	0.993909	1.000000	1.000000	0.961888	0.989418	0.989859
3400	0.993935	1.000000	1.000000	0.961951	0.989418	0.989859
3410	0.993958	1.000000	1.000000	0.961976	0.989418	0.989859
3420	0.993964	1.000000	1.000000	0.961966	0.989418	0.989859
3430	0.993981	1.000000	1.000000	0.961989	0.989418	0.989859
3440	0.994001	1.000000	1.000000	0.961984	0.989418	0.989859
3450	0.994024	1.000000	1.000000	0.962028	0.989418	0.989859
3460	0.994041	1.000000	1.000000	0.962043	0.989418	0.989859
3470	0.994060	1.000000	1.000000	0.962049	0.989418	0.989859
3480	0.994077	1.000000	1.000000	0.962060	0.989418	0.989859
3490	0.994092	1.000000	1.000000	0.962086	0.989418	0.989859
3500	0.994114	1.000000	1.000000	0.962109	0.989418	0.989859
3510	0.994134	1.000000	1.000000	0.962138	0.989418	0.989859
3520	0.994156	1.000000	1.000000	0.962173	0.989418	0.989859
3530	0.994172	1.000000	1.000000	0.962193	0.989418	0.989859
3540	0.994187	1.000000	1.000000	0.962206	0.989418	0.989859
3550	0.994199	1.000000	1.000000	0.962219	0.989418	0.989859
3560	0.994209	1.000000	1.000000	0.962237	0.989418	0.989859
3570	0.994226	1.000000	1.000000	0.962253	0.989418	0.989859
3580	0.994242	1.000000	1.000000	0.962289	0.989418	0.989859
3590	0.994264	1.000000	1.000000	0.962295	0.989418	0.989859
3600	0.994276	1.000000	1.000000	0.962311	0.989418	0.989859
3610	0.994295	1.000000	1.000000	0.962322	0.989418	0.989859
3620	0.994315	1.000000	1.000000	0.962339	0.989418	0.989859
3630	0.994328	1.000000	1.000000	0.962354	0.989418	0.989859
3640	0.994339	1.000000	1.000000	0.962372	0.989418	0.989859
3650	0.994354	1.000000	1.000000	0.962390	0.989418	0.989859
3660	0.994366	1.000000	1.000000	0.962391	0.989418	0.989859
3670	0.994371	1.000000	1.000000	0.962391	0.989418	0.989859
3680	0.994376	1.000000	1.000000	0.962382	0.989418	0.989859
3690	0.994380	1.000000	1.000000	0.962375	0.989418	0.989859
3700	0.994384	1.000000	1.000000	0.962349	0.989418	0.989859
3710	0.994391	1.000000	1.000000	0.962349	0.989418	0.989859
3720	0.994408	1.000000	1.000000	0.962374	0.989418	0.989859
3730	0.994432	1.000000	1.000000	0.962424	0.989418	0.989859
3740	0.994457	1.000000	1.000000	0.962482	0.989418	0.989859
3750	0.994481	1.000000	1.000000	0.962527	0.989418	0.989859
3760	0.994505	1.000000	1.000000	0.962553	0.989418	0.989859
3770	0.994523	1.000000	1.000000	0.962585	0.989418	0.989859
3780	0.994548	1.000000	1.000000	0.962630	0.989418	0.989859
3790	0.994567	1.000000	1.000000	0.962698	0.989418	0.989859
3800	0.994576	1.000000	1.000000	0.962710	0.989418	0.989859
3810	0.994583	1.000000	1.000000	0.962706	0.989418	0.989859
3820	0.994594	1.000000	1.000000	0.962713	0.989418	0.989859
3830	0.994606	1.000000	1.000000	0.962699	0.989418	0.989859
3840	0.994610	1.000000	1.000000	0.962692	0.989418	0.989859
3850	0.994614	1.000000	1.000000	0.962689	0.989418	0.989859
3860	0.994618	1.000000	1.000000	0.962686	0.989418	0.989859
3870	0.994621	1.000000	1.000000	0.962672	0.989418	0.989859
3880	0.994625	1.000000	1.000000	0.962658	0.989418	0.989859
3890	0.994635	1.000000	1.000000	0.962683	0.989418	0.989859
3900	0.994650	1.000000	1.000000	0.962719	0.989418	0.989859
3910	0.994674	1.000000	1.000000	0.962750	0.989418	0.989859
3920	0.994687	1.000000	1.000000	0.962768	0.989418	0.989859
3930	0.994713	1.000000	1.000000	0.962808	0.989418	0.989859
3940	0.994727	1.000000	1.000000	0.962830	0.989418	0.989859
3950	0.994739	1.000000	1.000000	0.962855	0.989418	0.989859
3960	0.994749	1.000000	1.000000	0.962872	0.989418	0.989859
3970	0.994760	1.000000	1.000000	0.962883	0.989418	0.989859
3980	0.994765	1.000000	1.000000	0.962886	0.989418	0.989859
3990	0.994774	1.000000	1.000000	0.962906	0.989418	0.989859
4000	0.994789	1.000000	1.000000	0.962937	0.989418	0.989859
