10	0.334387	0.846793	0.804152	0.320708	0.815303	0.781052
20	0.491518	0.873515	0.829313	0.458233	0.836412	0.803047
30	0.565033	0.886876	0.840895	0.526621	0.858839	0.823276
40	0.619865	0.893557	0.846085	0.577681	0.868074	0.828373
50	0.661029	0.920428	0.922394	0.616330	0.886544	0.893972
60	0.695534	0.964816	0.964890	0.651643	0.940633	0.942178
70	0.723400	0.976841	0.976760	0.679806	0.960422	0.959866
80	0.751099	0.983076	0.982993	0.709172	0.965699	0.965880
90	0.774698	0.986045	0.986010	0.732872	0.974934	0.974466
100	0.794825	0.990053	0.990027	0.752877	0.973615	0.972664
110	0.809723	0.992429	0.992394	0.767726	0.974934	0.973880
120	0.826971	0.993765	0.993733	0.784298	0.978892	0.977904
130	0.839902	0.994359	0.994342	0.798602	0.980211	0.979356
140	0.853534	0.995249	0.995223	0.813348	0.981530	0.981139
150	0.862979	0.996140	0.996101	0.822467	0.980211	0.979655
160	0.872425	0.996734	0.996688	0.832680	0.985488	0.985118
170	0.880919	0.997179	0.997145	0.842108	0.986807	0.986411
180	0.888396	0.997476	0.997443	0.849609	0.988127	0.987458
190	0.893538	0.997625	0.997597	0.855117	0.986807	0.986166
200	0.898502	0.997625	0.997601	0.861120	0.988127	0.987443
210	0.902225	0.997773	0.997747	0.864794	0.988127	0.987443
220	0.906481	0.997922	0.997897	0.868690	0.988127	0.987443
230	0.910471	0.998070	0.998040	0.872987	0.988127	0.987443
240	0.913676	0.998219	0.998196	0.876418	0.988127	0.987443
250	0.917817	0.998367	0.998346	0.880721	0.988127	0.987443
260	0.921266	0.998664	0.998643	0.884680	0.988127	0.987443
270	0.924302	0.998664	0.998643	0.888029	0.988127	0.987443
280	0.926921	0.998664	0.998643	0.890874	0.988127	0.987443
290	0.928905	0.998664	0.998643	0.892972	0.988127	0.987443
300	0.930709	0.998664	0.998643	0.894928	0.989446	0.988736
310	0.932950	0.998812	0.998791	0.897222	0.988127	0.987253
320	0.935151	0.998812	0.998791	0.899727	0.988127	0.987253
330	0.936554	0.998812	0.998791	0.901198	0.988127	0.987253
340	0.937997	0.998812	0.998791	0.902802	0.988127	0.987253
350	0.939303	0.998812	0.998791	0.904266	0.988127	0.987253
360	0.940759	0.998961	0.998937	0.905908	0.988127	0.987253
370	0.942109	0.999109	0.999094	0.907523	0.988127	0.987253
380	0.943395	0.999109	0.999094	0.908753	0.988127	0.987253
390	0.944431	0.999109	0.999094	0.909750	0.988127	0.987253
400	0.945447	0.999109	0.999094	0.910830	0.988127	0.987253
410	0.946735	0.999258	0.999243	0.911732	0.986807	0.986011
420	0.947510	0.999258	0.999243	0.912625	0.986807	0.986011
430	0.948373	0.999258	0.999243	0.913447	0.986807	0.986011
440	0.949307	0.999109	0.999094	0.914449	0.986807	0.986011
450	0.950253	0.999109	0.999094	0.915588	0.986807	0.986011
460	0.950987	0.999109	0.999094	0.916280	0.986807	0.986011
470	0.951753	0.999109	0.999094	0.917054	0.986807	0.986011
480	0.952391	0.999258	0.999248	0.917770	0.988127	0.987253
490	0.953084	0.999258	0.999248	0.918629	0.988127	0.987253
500	0.954043	0.999406	0.999398	0.919561	0.988127	0.987253
510	0.954870	0.999406	0.999398	0.920488	0.988127	0.987253
520	0.955697	0.999406	0.999398	0.921089	0.988127	0.987253
530	0.956571	0.999406	0.999398	0.921961	0.988127	0.987253
540	0.957316	0.999406	0.999398	0.922833	0.988127	0.987253
550	0.957947	0.999406	0.999398	0.923304	0.988127	0.987253
560	0.958706	0.999406	0.999398	0.923969	0.988127	0.987253
570	0.959477	0.999258	0.999248	0.924746	0.986807	0.986011
580	0.959854	0.999258	0.999248	0.925155	0.986807	0.986011
590	0.960358	0.999258	0.999248	0.925728	0.986807	0.986011
600	0.960798	0.999258	0.999248	0.926188	0.986807	0.986011
610	0.961594	0.999406	0.999398	0.927028	0.986807	0.986011
620	0.962095	0.999406	0.999398	0.927443	0.986807	0.986011
630	0.962494	0.999258	0.999248	0.927864	0.986807	0.986011
640	0.962884	0.999258	0.999248	0.928341	0.986807	0.986011
650	0.963370	0.999406	0.999398	0.928686	0.986807	0.986011
660	0.964045	0.999406	0.999398	0.929443	0.986807	0.986011
670	0.964639	0.999406	0.999398	0.930031	0.986807	0.986011
680	0.965248	0.999406	0.999398	0.930661	0.986807	0.986011
690	0.965636	0.999406	0.999398	0.930905	0.986807	0.986011
700	0.965998	0.999406	0.999398	0.931199	0.986807	0.986011
710	0.966301	0.999406	0.999398	0.931499	0.986807	0.986011
720	0.966752	0.999406	0.999398	0.931934	0.986807	0.986011
730	0.967158	0.999555	0.999548	0.932400	0.986807	0.986011
740	0.967773	0.999406	0.999398	0.933049	0.988127	0.987475
750	0.968414	0.999406	0.999398	0.933793	0.986807	0.986011
760	0.968862	0.999406	0.999398	0.934422	0.986807	0.986011
770	0.969293	0.999406	0.999398	0.934883	0.986807	0.986011
780	0.969658	0.999555	0.999548	0.935313	0.986807	0.986011
790	0.970006	0.999555	0.999548	0.935790	0.986807	0.986011
800	0.970303	0.999555	0.999548	0.936185	0.988127	0.987475
810	0.970861	0.999555	0.999548	0.936809	0.988127	0.987475
820	0.971231	0.999555	0.999548	0.937230	0.988127	0.987475
830	0.971676	0.999555	0.999548	0.937853	0.988127	0.987475
840	0.972135	0.999555	0.999548	0.938343	0.988127	0.987475
850	0.972528	0.999555	0.999548	0.938859	0.988127	0.987475
860	0.972839	0.999555	0.999548	0.939468	0.988127	0.987475
870	0.973166	0.999555	0.999548	0.939863	0.988127	0.987475
880	0.973504	0.999555	0.999548	0.940238	0.988127	0.987475
890	0.973776	0.999555	0.999548	0.940564	0.988127	0.987475
900	0.974185	0.999555	0.999548	0.941075	0.988127	0.987475
910	0.974518	0.999555	0.999548	0.941458	0.988127	0.987475
920	0.974754	0.999555	0.999548	0.941713	0.988127	0.987475
930	0.975128	0.999555	0.999548	0.942169	0.988127	0.987475
940	0.975400	0.999555	0.999548	0.942537	0.988127	0.987475
950	0.975727	0.999555	0.999548	0.943142	0.988127	0.987475
960	0.976128	0.999555	0.999548	0.943705	0.988127	0.987475
970	0.976439	0.999555	0.999548	0.944117	0.988127	0.987475
980	0.976713	0.999555	0.999548	0.944436	0.988127	0.987475
990	0.976920	0.999555	0.999548	0.944699	0.988127	0.987475
1000	0.977099	0.999555	0.999548	0.944894	0.988127	0.987475
1010	0.977452	0.999555	0.999548	0.945298	0.988127	0.987475
1020	0.977672	0.999555	0.999548	0.945652	0.988127	0.987475
1030	0.977976	0.999555	0.999548	0.945933	0.988127	0.987475
1040	0.978301	0.999703	0.999694	0.946315	0.988127	0.987475
1050	0.978471	0.999703	0.999694	0.946600	0.988127	0.987475
1060	0.978664	0.999703	0.999694	0.946780	0.988127	0.987475
1070	0.979002	0.999703	0.999694	0.947142	0.988127	0.987475
1080	0.979263	0.999703	0.999694	0.947547	0.988127	0.987475
1090	0.979635	0.999703	0.999694	0.948092	0.988127	0.987475
1100	0.979816	0.999703	0.999694	0.948311	0.988127	0.987475
1110	0.979963	0.999703	0.999694	0.948497	0.988127	0.987475
1120	0.980141	0.999852	0.999850	0.948724	0.988127	0.987475
1130	0.980342	0.999852	0.999850	0.948977	0.988127	0.987475
1140	0.980489	0.999852	0.999850	0.949108	0.988127	0.987475
1150	0.980666	0.999852	0.999850	0.949366	0.988127	0.987475
1160	0.980831	0.999852	0.999850	0.949551	0.988127	0.987475
1170	0.981006	0.999852	0.999850	0.949761	0.988127	0.987475
1180	0.981139	0.999852	0.999850	0.949937	0.988127	0.987475
1190	0.981332	0.999852	0.999850	0.950309	0.988127	0.987475
1200	0.981585	0.999852	0.999850	0.950617	0.988127	0.987475
1210	0.981746	0.999852	0.999850	0.950811	0.988127	0.987475
1220	0.981873	0.999852	0.999850	0.950953	0.988127	0.987475
1230	0.982013	0.999852	0.999850	0.951132	0.988127	0.987475
1240	0.982233	0.999852	0.999850	0.951382	0.988127	0.987475
1250	0.982403	0.999852	0.999850	0.951584	0.988127	0.987475
1260	0.982618	1.000000	1.000000	0.951838	0.988127	0.987475
1270	0.982888	1.000000	1.000000	0.952190	0.988127	0.987475
1280	0.982987	1.000000	1.000000	0.952390	0.988127	0.987475
1290	0.983133	1.000000	1.000000	0.952667	0.988127	0.987475
1300	0.983245	1.000000	1.000000	0.952786	0.988127	0.987475
1310	0.983348	1.000000	1.000000	0.952938	0.988127	0.987475
1320	0.983540	1.000000	1.000000	0.953219	0.988127	0.987475
1330	0.983621	1.000000	1.000000	0.953332	0.988127	0.987475
1340	0.983728	1.000000	1.000000	0.953421	0.988127	0.987475
1350	0.983889	1.000000	1.000000	0.953636	0.988127	0.987475
1360	0.983987	1.000000	1.000000	0.953742	0.988127	0.987475
1370	0.984121	1.000000	1.000000	0.953855	0.988127	0.987475
1380	0.984237	1.000000	1.000000	0.953969	0.988127	0.987475
1390	0.984352	1.000000	1.000000	0.954119	0.988127	0.987475
1400	0.984490	1.000000	1.000000	0.954274	0.988127	0.987475
1410	0.984632	1.000000	1.000000	0.954454	0.988127	0.987475
1420	0.984759	1.000000	1.000000	0.954608	0.988127	0.987475
1430	0.984936	1.000000	1.000000	0.954933	0.988127	0.987475
1440	0.985025	1.000000	1.000000	0.955060	0.988127	0.987475
1450	0.985104	1.000000	1.000000	0.955198	0.988127	0.987475
1460	0.985258	1.000000	1.000000	0.955418	0.988127	0.987475
1470	0.985372	1.000000	1.000000	0.955571	0.988127	0.987475
1480	0.985455	1.000000	1.000000	0.955658	0.988127	0.987475
1490	0.985547	1.000000	1.000000	0.955774	0.988127	0.987475
1500	0.985755	1.000000	1.000000	0.956204	0.988127	0.987475
1510	0.985891	1.000000	1.000000	0.956370	0.988127	0.987475
1520	0.986008	1.000000	1.000000	0.956500	0.988127	0.987475
1530	0.986091	1.000000	1.000000	0.956583	0.988127	0.987475
1540	0.986206	1.000000	1.000000	0.956856	0.988127	0.987475
1550	0.986289	1.000000	1.000000	0.957018	0.988127	0.987475
1560	0.986397	1.000000	1.000000	0.957144	0.988127	0.987475
1570	0.986483	1.000000	1.000000	0.957241	0.988127	0.987475
1580	0.986629	1.000000	1.000000	0.957447	0.988127	0.987475
1590	0.986730	1.000000	1.000000	0.957523	0.988127	0.987475
1600	0.986788	1.000000	1.000000	0.957652	0.988127	0.987475
1610	0.986851	1.000000	1.000000	0.957727	0.988127	0.987475
1620	0.986974	1.000000	1.000000	0.957887	0.988127	0.987475
1630	0.987012	1.000000	1.000000	0.957885	0.988127	0.987475
1640	0.987159	1.000000	1.000000	0.958051	0.988127	0.987475
1650	0.987270	1.000000	1.000000	0.958206	0.988127	0.987475
1660	0.987332	1.000000	1.000000	0.958288	0.988127	0.987475
1670	0.987359	1.000000	1.000000	0.958324	0.988127	0.987475
1680	0.987499	1.000000	1.000000	0.958492	0.988127	0.987475
1690	0.987590	1.000000	1.000000	0.958607	0.988127	0.987475
1700	0.987691	1.000000	1.000000	0.958739	0.988127	0.987475
1710	0.987812	1.000000	1.000000	0.958904	0.988127	0.987475
1720	0.987868	1.000000	1.000000	0.959006	0.988127	0.987475
1730	0.987942	1.000000	1.000000	0.959136	0.988127	0.987475
1740	0.988060	1.000000	1.000000	0.959291	0.988127	0.987475
1750	0.988140	1.000000	1.000000	0.959409	0.988127	0.987475
1760	0.988218	1.000000	1.000000	0.959533	0.988127	0.987475
1770	0.988304	1.000000	1.000000	0.959666	0.988127	0.987475
1780	0.988367	1.000000	1.000000	0.959763	0.988127	0.987475
1790	0.988417	1.000000	1.000000	0.959856	0.988127	0.987475
1800	0.988492	1.000000	1.000000	0.959950	0.988127	0.987475
1810	0.988575	1.000000	1.000000	0.960063	0.988127	0.987475
1820	0.988672	1.000000	1.000000	0.960289	0.988127	0.987475
1830	0.988722	1.000000	1.000000	0.960479	0.988127	0.987475
1840	0.988777	1.000000	1.000000	0.960552	0.988127	0.987475
1850	0.988840	1.000000	1.000000	0.960668	0.988127	0.987475
1860	0.988888	1.000000	1.000000	0.960731	0.988127	0.987475
1870	0.988967	1.000000	1.000000	0.960780	0.988127	0.987475
1880	0.989025	1.000000	1.000000	0.960871	0.988127	0.987475
1890	0.989106	1.000000	1.000000	0.960990	0.988127	0.987475
1900	0.989162	1.000000	1.000000	0.961082	0.988127	0.987475
1910	0.989210	1.000000	1.000000	0.961153	0.988127	0.987475
1920	0.989248	1.000000	1.000000	0.961184	0.988127	0.987475
1930	0.989291	1.000000	1.000000	0.961229	0.988127	0.987475
1940	0.989380	1.000000	1.000000	0.961339	0.988127	0.987475
1950	0.989448	1.000000	1.000000	0.961443	0.988127	0.987475
1960	0.989497	1.000000	1.000000	0.961526	0.988127	0.987475
1970	0.989555	1.000000	1.000000	0.961616	0.989446	0.988717
1980	0.989592	1.000000	1.000000	0.961642	0.989446	0.988717
1990	0.989642	1.000000	1.000000	0.961698	0.989446	0.988717
2000	0.989697	1.000000	1.000000	0.961762	0.989446	0.988717
2010	0.989734	1.000000	1.000000	0.961819	0.989446	0.988717
2020	0.989797	1.000000	1.000000	0.961888	0.989446	0.988717
2030	0.989850	1.000000	1.000000	0.961953	0.989446	0.988717
2040	0.989903	1.000000	1.000000	0.962012	0.988127	0.987475
2050	0.989985	1.000000	1.000000	0.962106	0.988127	0.987475
2060	0.990024	1.000000	1.000000	0.962181	0.988127	0.987475
2070	0.990057	1.000000	1.000000	0.962202	0.988127	0.987475
2080	0.990117	1.000000	1.000000	0.962303	0.988127	0.987475
2090	0.990161	1.000000	1.000000	0.962396	0.988127	0.987475
2100	0.990201	1.000000	1.000000	0.962455	0.989446	0.988717
2110	0.990241	1.000000	1.000000	0.962502	0.989446	0.988717
2120	0.990277	1.000000	1.000000	0.962519	0.989446	0.988717
2130	0.990313	1.000000	1.000000	0.962552	0.988127	0.987475
2140	0.990349	1.000000	1.000000	0.962598	0.988127	0.987475
2150	0.990392	1.000000	1.000000	0.962707	0.988127	0.987475
2160	0.990470	1.000000	1.000000	0.962840	0.988127	0.987475
2170	0.990542	1.000000	1.000000	0.962989	0.989446	0.988784
2180	0.990587	1.000000	1.000000	0.963086	0.989446	0.988784
2190	0.990679	1.000000	1.000000	0.963215	0.989446	0.988784
2200	0.990714	1.000000	1.000000	0.963277	0.989446	0.988784
2210	0.990768	1.000000	1.000000	0.963356	0.989446	0.988784
2220	0.990811	1.000000	1.000000	0.963434	0.989446	0.988784
2230	0.990831	1.000000	1.000000	0.963497	0.989446	0.988784
2240	0.990851	1.000000	1.000000	0.963534	0.989446	0.988784
2250	0.990887	1.000000	1.000000	0.963550	0.989446	0.988784
2260	0.990934	1.000000	1.000000	0.963638	0.989446	0.988784
2270	0.990987	1.000000	1.000000	0.963709	0.989446	0.988784
2280	0.991029	1.000000	1.000000	0.963767	0.989446	0.988784
2290	0.991086	1.000000	1.000000	0.963888	0.989446	0.988784
2300	0.991115	1.000000	1.000000	0.963957	0.989446	0.988784
2310	0.991160	1.000000	1.000000	0.964063	0.989446	0.988784
2320	0.991193	1.000000	1.000000	0.964129	0.989446	0.988784
2330	0.991241	1.000000	1.000000	0.964206	0.989446	0.988784
2340	0.991280	1.000000	1.000000	0.964241	0.989446	0.988784
2350	0.991329	1.000000	1.000000	0.964278	0.989446	0.988784
2360	0.991369	1.000000	1.000000	0.964322	0.989446	0.988784
2370	0.991427	1.000000	1.000000	0.964383	0.990765	0.990026
2380	0.991471	1.000000	1.000000	0.964461	0.989446	0.988784
2390	0.991503	1.000000	1.000000	0.964444	0.989446	0.988784
2400	0.991514	1.000000	1.000000	0.964417	0.989446	0.988784
2410	0.991537	1.000000	1.000000	0.964408	0.989446	0.988784
2420	0.991580	1.000000	1.000000	0.964457	0.989446	0.988784
2430	0.991606	1.000000	1.000000	0.964468	0.989446	0.988784
2440	0.991652	1.000000	1.000000	0.964505	0.989446	0.988784
2450	0.991690	1.000000	1.000000	0.964566	0.989446	0.988784
2460	0.991701	1.000000	1.000000	0.964541	0.989446	0.988784
2470	0.991742	1.000000	1.000000	0.964616	0.989446	0.988784
2480	0.991783	1.000000	1.000000	0.964660	0.989446	0.988784
2490	0.991824	1.000000	1.000000	0.964720	0.989446	0.988784
2500	0.991864	1.000000	1.000000	0.964774	0.989446	0.988784
2510	0.991888	1.000000	1.000000	0.964779	0.989446	0.988784
2520	0.991920	1.000000	1.000000	0.964823	0.989446	0.988784
2530	0.991962	1.000000	1.000000	0.964879	0.990765	0.990026
2540	0.991980	1.000000	1.000000	0.964907	0.990765	0.990026
2550	0.991990	1.000000	1.000000	0.964888	0.990765	0.990026
2560	0.992022	1.000000	1.000000	0.964904	0.989446	0.988784
2570	0.992071	1.000000	1.000000	0.964971	0.989446	0.988784
2580	0.992124	1.000000	1.000000	0.965069	0.989446	0.988784
2590	0.992175	1.000000	1.000000	0.965146	0.989446	0.988784
2600	0.992209	1.000000	1.000000	0.965184	0.989446	0.988784
2610	0.992245	1.000000	1.000000	0.965219	0.989446	0.988784
2620	0.992282	1.000000	1.000000	0.965254	0.989446	0.988784
2630	0.992307	1.000000	1.000000	0.965263	0.989446	0.988784
2640	0.992344	1.000000	1.000000	0.965306	0.989446	0.988784
2650	0.992388	1.000000	1.000000	0.965346	0.989446	0.988784
2660	0.992424	1.000000	1.000000	0.965363	0.989446	0.988784
2670	0.992460	1.000000	1.000000	0.965451	0.989446	0.988784
2680	0.992497	1.000000	1.000000	0.965509	0.989446	0.988784
2690	0.992528	1.000000	1.000000	0.965579	0.989446	0.988784
2700	0.992567	1.000000	1.000000	0.965665	0.989446	0.988784
2710	0.992591	1.000000	1.000000	0.965690	0.989446	0.988784
2720	0.992617	1.000000	1.000000	0.965718	0.989446	0.988784
2730	0.992645	1.000000	1.000000	0.965773	0.989446	0.988784
2740	0.992681	1.000000	1.000000	0.965848	0.989446	0.988784
2750	0.992703	1.000000	1.000000	0.965854	0.989446	0.988784
2760	0.992722	1.000000	1.000000	0.965856	0.989446	0.988784
2770	0.992753	1.000000	1.000000	0.965917	0.989446	0.988784
2780	0.992772	1.000000	1.000000	0.965931	0.989446	0.988784
2790	0.992803	1.000000	1.000000	0.966000	0.989446	0.988784
2800	0.992828	1.000000	1.000000	0.966039	0.989446	0.988784
2810	0.992846	1.000000	1.000000	0.966059	0.989446	0.988784
2820	0.992872	1.000000	1.000000	0.966105	0.989446	0.988784
2830	0.992899	1.000000	1.000000	0.966143	0.989446	0.988784
2840	0.992925	1.000000	1.000000	0.966163	0.989446	0.988784
2850	0.992946	1.000000	1.000000	0.966184	0.989446	0.988784
2860	0.992956	1.000000	1.000000	0.966167	0.989446	0.988784
2870	0.992987	1.000000	1.000000	0.966226	0.989446	0.988784
2880	0.993017	1.000000	1.000000	0.966254	0.989446	0.988784
2890	0.993064	1.000000	1.000000	0.966341	0.989446	0.988784
2900	0.993099	1.000000	1.000000	0.966361	0.989446	0.988784
2910	0.993113	1.000000	1.000000	0.966389	0.989446	0.988784
2920	0.993138	1.000000	1.000000	0.966424	0.989446	0.988784
2930	0.993162	1.000000	1.000000	0.966457	0.989446	0.988784
2940	0.993189	1.000000	1.000000	0.966489	0.989446	0.988784
2950	0.993221	1.000000	1.000000	0.966537	0.989446	0.988784
2960	0.993263	1.000000	1.000000	0.966586	0.989446	0.988784
2970	0.993270	1.000000	1.000000	0.966607	0.989446	0.988784
2980	0.993280	1.000000	1.000000	0.966662	0.989446	0.988784
2990	0.993303	1.000000	1.000000	0.966698	0.989446	0.988784
3000	0.993319	1.000000	1.000000	0.966721	0.989446	0.988784
3010	0.993331	1.000000	1.000000	0.966738	0.989446	0.988784
3020	0.993345	1.000000	1.000000	0.966758	0.989446	0.988784
3030	0.993379	1.000000	1.000000	0.966798	0.989446	0.988784
3040	0.993403	1.000000	1.000000	0.966825	0.989446	0.988784
3050	0.993417	1.000000	1.000000	0.966833	0.989446	0.988784
3060	0.993442	1.000000	1.000000	0.966876	0.989446	0.988784
3070	0.993479	1.000000	1.000000	0.966994	0.989446	0.988784
3080	0.993501	1.000000	1.000000	0.967026	0.989446	0.988784
3090	0.993508	1.000000	1.000000	0.967025	0.989446	0.988784
3100	0.993514	1.000000	1.000000	0.967010	0.989446	0.988784
3110	0.993539	1.000000	1.000000	0.967051	0.989446	0.988784
3120	0.993554	1.000000	1.000000	0.967050	0.989446	0.988784
3130	0.993577	1.000000	1.000000	0.967086	0.989446	0.988784
3140	0.993623	1.000000	1.000000	0.967141	0.989446	0.988784
3150	0.993645	1.000000	1.000000	0.967171	0.989446	0.988784
3160	0.993673	1.000000	1.000000	0.967213	0.989446	0.988784
3170	0.993692	1.000000	1.000000	0.967249	0.989446	0.988784
3180	0.993722	1.000000	1.000000	0.967306	0.990765	0.990026
3190	0.993740	1.000000	1.000000	0.967322	0.990765	0.990026
3200	0.993763	1.000000	1.000000	0.967358	0.989446	0.988784
3210	0.993783	1.000000	1.000000	0.967370	0.989446	0.988784
3220	0.993803	1.000000	1.000000	0.967394	0.989446	0.988784
3230	0.993819	1.000000	1.000000	0.967446	0.989446	0.988784
3240	0.993826	1.000000	1.000000	0.967433	0.989446	0.988784
3250	0.993843	1.000000	1.000000	0.967474	0.989446	0.988784
3260	0.993859	1.000000	1.000000	0.967507	0.989446	0.988784
3270	0.993870	1.000000	1.000000	0.967532	0.989446	0.988784
3280	0.993890	1.000000	1.000000	0.967571	0.989446	0.988784
3290	0.993905	1.000000	1.000000	0.967591	0.989446	0.988784
3300	0.993928	1.000000	1.000000	0.967658	0.990765	0.990026
3310	0.993962	1.000000	1.000000	0.967727	0.990765	0.990026
3320	0.993983	1.000000	1.000000	0.967764	0.990765	0.990026
3330	0.993997	1.000000	1.000000	0.967772	0.990765	0.990026
3340	0.994018	1.000000	1.000000	0.967782	0.990765	0.990026
3350	0.994036	1.000000	1.000000	0.967812	0.990765	0.990026
3360	0.994061	1.000000	1.000000	0.967848	0.990765	0.990026
3370	0.994085	1.000000	1.000000	0.967893	0.990765	0.990026
3380	0.994104	1.000000	1.000000	0.967931	0.990765	0.990026
3390	0.994114	1.000000	1.000000	0.967943	0.990765	0.990026
3400	0.994122	1.000000	1.000000	0.967984	0.990765	0.990026
3410	0.994142	1.000000	1.000000	0.968030	0.990765	0.990026
3420	0.994168	1.000000	1.000000	0.968071	0.990765	0.990026
3430	0.994196	1.000000	1.000000	0.968129	0.990765	0.990026
3440	0.994220	1.000000	1.000000	0.968158	0.990765	0.990026
3450	0.994233	1.000000	1.000000	0.968186	0.990765	0.990026
3460	0.994244	1.000000	1.000000	0.968204	0.990765	0.990026
3470	0.994258	1.000000	1.000000	0.968228	0.990765	0.990026
3480	0.994269	1.000000	1.000000	0.968243	0.990765	0.990026
3490	0.994290	1.000000	1.000000	0.968263	0.989446	0.988784
3500	0.994309	1.000000	1.000000	0.968275	0.989446	0.988784
3510	0.994318	1.000000	1.000000	0.968277	0.989446	0.988784
3520	0.994338	1.000000	1.000000	0.968298	0.989446	0.988784
3530	0.994370	1.000000	1.000000	0.968368	0.989446	0.988784
3540	0.994397	1.000000	1.000000	0.968404	0.989446	0.988784
3550	0.994419	1.000000	1.000000	0.968427	0.989446	0.988784
3560	0.994436	1.000000	1.000000	0.968442	0.989446	0.988784
3570	0.994452	1.000000	1.000000	0.968468	0.989446	0.988784
3580	0.994465	1.000000	1.000000	0.968483	0.989446	0.988784
3590	0.994475	1.000000	1.000000	0.968506	0.989446	0.988784
3600	0.994489	1.000000	1.000000	0.968512	0.990765	0.990026
3610	0.994498	1.000000	1.000000	0.968505	0.990765	0.990026
3620	0.994503	1.000000	1.000000	0.968473	0.990765	0.990026
3630	0.994507	1.000000	1.000000	0.968457	0.990765	0.990026
3640	0.994512	1.000000	1.000000	0.968447	0.990765	0.990026
3650	0.994519	1.000000	1.000000	0.968452	0.990765	0.990026
3660	0.994534	1.000000	1.000000	0.968458	0.990765	0.990026
3670	0.994552	1.000000	1.000000	0.968485	0.990765	0.990026
3680	0.994566	1.000000	1.000000	0.968488	0.990765	0.990026
3690	0.994579	1.000000	1.000000	0.968507	0.990765	0.990026
3700	0.994598	1.000000	1.000000	0.968537	0.990765	0.990026
3710	0.994617	1.000000	1.000000	0.968572	0.990765	0.990026
3720	0.994642	1.000000	1.000000	0.968605	0.990765	0.990026
3730	0.994663	1.000000	1.000000	0.968650	0.990765	0.990026
3740	0.994676	1.000000	1.000000	0.968674	0.990765	0.990026
3750	0.994689	1.000000	1.000000	0.968709	0.990765	0.990026
3760	0.994707	1.000000	1.000000	0.968715	0.990765	0.990026
3770	0.994716	1.000000	1.000000	0.968752	0.990765	0.990026
3780	0.994721	1.000000	1.000000	0.968738	0.990765	0.990026
3790	0.994725	1.000000	1.000000	0.968715	0.990765	0.990026
3800	0.994740	1.000000	1.000000	0.968743	0.990765	0.990026
3810	0.994758	1.000000	1.000000	0.968768	0.990765	0.990026
3820	0.994778	1.000000	1.000000	0.968796	0.990765	0.990026
3830	0.994795	1.000000	1.000000	0.968838	0.990765	0.990026
3840	0.994813	1.000000	1.000000	0.968865	0.990765	0.990026
3850	0.994826	1.000000	1.000000	0.968895	0.990765	0.990026
3860	0.994838	1.000000	1.000000	0.968911	0.990765	0.990026
3870	0.994851	1.000000	1.000000	0.968937	0.990765	0.990026
3880	0.994857	1.000000	1.000000	0.968942	0.990765	0.990026
3890	0.994885	1.000000	1.000000	0.969003	0.990765	0.990026
3900	0.994900	1.000000	1.000000	0.969022	0.990765	0.990026
3910	0.994911	1.000000	1.000000	0.969034	0.990765	0.990026
3920	0.994930	1.000000	1.000000	0.969066	0.990765	0.990026
3930	0.994940	1.000000	1.000000	0.969082	0.990765	0.990026
3940	0.994956	1.000000	1.000000	0.969119	0.990765	0.990026
3950	0.994971	1.000000	1.000000	0.969143	0.990765	0.990026
3960	0.994975	1.000000	1.000000	0.969131	0.990765	0.990026
3970	0.994978	1.000000	1.000000	0.969104	0.990765	0.990026
3980	0.994982	1.000000	1.000000	0.969103	0.990765	0.990026
3990	0.994985	1.000000	1.000000	0.969116	0.990765	0.990026
4000	0.994997	1.000000	1.000000	0.969133	0.990765	0.990026
