10	0.335843	0.852547	0.810431	0.336656	0.855128	0.812879
20	0.513591	0.876527	0.832572	0.506097	0.875641	0.831799
30	0.575252	0.883974	0.838453	0.565128	0.884615	0.839679
40	0.622218	0.890974	0.844051	0.609199	0.891026	0.843839
50	0.665730	0.949211	0.949849	0.647727	0.937179	0.939143
60	0.710347	0.972297	0.972311	0.688284	0.964103	0.964762
70	0.741915	0.982574	0.982479	0.717125	0.970513	0.970918
80	0.767241	0.986595	0.986537	0.740431	0.979487	0.979655
90	0.790238	0.989574	0.989567	0.760565	0.979487	0.979777
100	0.808779	0.992404	0.992389	0.778347	0.983333	0.983482
110	0.824840	0.993595	0.993586	0.793641	0.984615	0.984746
120	0.839050	0.994638	0.994640	0.806117	0.985897	0.986055
130	0.850444	0.995383	0.995381	0.816456	0.984615	0.984728
140	0.859274	0.995830	0.995836	0.824809	0.983333	0.983487
150	0.867674	0.996127	0.996147	0.832158	0.983333	0.983487
160	0.874566	0.996574	0.996576	0.839059	0.987179	0.987485
170	0.882082	0.996872	0.996879	0.847138	0.984615	0.984920
180	0.888168	0.997021	0.997034	0.852816	0.983333	0.983656
190	0.894495	0.997617	0.997610	0.858644	0.984615	0.984936
200	0.900286	0.997617	0.997618	0.864087	0.984615	0.984936
210	0.905124	0.997766	0.997767	0.869054	0.984615	0.984936
220	0.909297	0.997915	0.997914	0.873663	0.985897	0.986200
230	0.913045	0.998213	0.998206	0.877188	0.985897	0.986200
240	0.916928	0.998362	0.998355	0.880884	0.985897	0.986200
250	0.920458	0.998511	0.998504	0.884303	0.985897	0.986200
260	0.923966	0.998511	0.998505	0.887622	0.987179	0.987473
270	0.926090	0.998808	0.998808	0.889918	0.987179	0.987473
280	0.929082	0.998660	0.998658	0.892665	0.987179	0.987473
290	0.930866	0.998957	0.998957	0.894635	0.987179	0.987473
300	0.932895	0.998957	0.998957	0.896454	0.987179	0.987473
310	0.935098	0.998957	0.998957	0.898500	0.987179	0.987473
320	0.936646	0.998957	0.998957	0.899863	0.987179	0.987473
330	0.938538	0.999255	0.999248	0.901591	0.987179	0.987473
340	0.940585	0.999255	0.999248	0.903539	0.987179	0.987473
350	0.941759	0.999255	0.999248	0.904531	0.987179	0.987473
360	0.943044	0.999255	0.999248	0.905896	0.987179	0.987473
370	0.944067	0.999255	0.999248	0.907094	0.987179	0.987473
380	0.945143	0.999255	0.999248	0.908125	0.987179	0.987473
390	0.946373	0.999255	0.999248	0.909237	0.987179	0.987473
400	0.947443	0.999255	0.999248	0.910325	0.987179	0.987473
410	0.948214	0.999255	0.999248	0.911164	0.987179	0.987473
420	0.949492	0.999255	0.999248	0.912421	0.987179	0.987473
430	0.950473	0.999404	0.999397	0.913658	0.988462	0.988760
440	0.951294	0.999404	0.999397	0.914313	0.988462	0.988760
450	0.952157	0.999404	0.999397	0.915334	0.988462	0.988760
460	0.952723	0.999404	0.999397	0.915761	0.988462	0.988760
470	0.953307	0.999404	0.999397	0.916568	0.988462	0.988760
480	0.954000	0.999404	0.999397	0.917234	0.989744	0.990069
490	0.954503	0.999404	0.999397	0.917736	0.989744	0.990069
500	0.955157	0.999404	0.999397	0.918352	0.989744	0.990069
510	0.955912	0.999404	0.999397	0.919150	0.989744	0.990069
520	0.956547	0.999404	0.999397	0.919733	0.989744	0.990069
530	0.957140	0.999404	0.999397	0.920334	0.989744	0.990069
540	0.957723	0.999404	0.999397	0.920891	0.989744	0.990069
550	0.958141	0.999404	0.999397	0.921333	0.989744	0.990069
560	0.958714	0.999404	0.999397	0.921958	0.989744	0.990069
570	0.959154	0.999404	0.999397	0.922498	0.989744	0.990069
580	0.959564	0.999404	0.999397	0.922834	0.989744	0.990069
590	0.959978	0.999404	0.999397	0.923356	0.989744	0.990069
600	0.960504	0.999404	0.999397	0.924069	0.989744	0.990069
610	0.961238	0.999404	0.999397	0.924728	0.989744	0.990069
620	0.961994	0.999404	0.999397	0.925596	0.989744	0.990069
630	0.962161	0.999404	0.999397	0.925767	0.989744	0.990069
640	0.962519	0.999404	0.999397	0.926141	0.989744	0.990069
650	0.962751	0.999404	0.999397	0.926323	0.989744	0.990069
660	0.963256	0.999404	0.999397	0.926922	0.989744	0.990069
670	0.963612	0.999404	0.999397	0.927272	0.989744	0.990069
680	0.964076	0.999404	0.999397	0.927741	0.989744	0.990069
690	0.964435	0.999404	0.999397	0.927999	0.989744	0.990069
700	0.964990	0.999404	0.999397	0.928719	0.989744	0.990069
710	0.965493	0.999404	0.999397	0.929637	0.989744	0.990069
720	0.965918	0.999404	0.999397	0.930038	0.989744	0.990069
730	0.966260	0.999404	0.999397	0.930336	0.989744	0.990069
740	0.966634	0.999404	0.999397	0.930780	0.989744	0.990069
750	0.966926	0.999404	0.999397	0.931129	0.991026	0.991303
760	0.967458	0.999404	0.999397	0.931648	0.991026	0.991303
770	0.968150	0.999404	0.999397	0.932383	0.991026	0.991303
780	0.968384	0.999404	0.999397	0.932658	0.991026	0.991303
790	0.968794	0.999404	0.999397	0.933073	0.991026	0.991303
800	0.969242	0.999404	0.999397	0.933530	0.991026	0.991303
810	0.969572	0.999404	0.999397	0.933845	0.991026	0.991303
820	0.970025	0.999404	0.999397	0.934391	0.992308	0.992606
830	0.970280	0.999404	0.999397	0.934702	0.992308	0.992606
840	0.970640	0.999404	0.999397	0.935052	0.991026	0.991303
850	0.971092	0.999404	0.999397	0.935575	0.991026	0.991303
860	0.971519	0.999404	0.999397	0.936063	0.991026	0.991303
870	0.971961	0.999404	0.999397	0.936632	0.991026	0.991303
880	0.972529	0.999404	0.999397	0.937308	0.991026	0.991303
890	0.972773	0.999404	0.999397	0.937669	0.991026	0.991303
900	0.973152	0.999404	0.999397	0.938166	0.992308	0.992606
910	0.973597	0.999404	0.999397	0.938623	0.992308	0.992606
920	0.974068	0.999553	0.999546	0.939108	0.992308	0.992606
930	0.974418	0.999553	0.999546	0.939415	0.991026	0.991303
940	0.974738	0.999553	0.999546	0.939842	0.991026	0.991303
950	0.974961	0.999553	0.999546	0.940152	0.991026	0.991303
960	0.975231	0.999553	0.999546	0.940514	0.991026	0.991303
970	0.975430	0.999553	0.999546	0.940674	0.991026	0.991303
980	0.975704	0.999553	0.999546	0.941120	0.991026	0.991303
990	0.975906	0.999553	0.999546	0.941317	0.992308	0.992606
1000	0.976183	0.999553	0.999546	0.941614	0.992308	0.992606
1010	0.976475	0.999553	0.999546	0.941944	0.992308	0.992606
1020	0.977043	0.999553	0.999546	0.942768	0.992308	0.992606
1030	0.977432	0.999553	0.999546	0.943227	0.992308	0.992606
1040	0.977649	0.999553	0.999546	0.943426	0.992308	0.992606
1050	0.977859	0.999553	0.999546	0.943712	0.992308	0.992606
1060	0.978200	0.999553	0.999546	0.944139	0.992308	0.992606
1070	0.978428	0.999553	0.999546	0.944474	0.992308	0.992606
1080	0.978682	0.999553	0.999546	0.944820	0.992308	0.992606
1090	0.979057	0.999702	0.999696	0.945349	0.992308	0.992606
1100	0.979227	0.999702	0.999696	0.945605	0.992308	0.992606
1110	0.979318	0.999702	0.999696	0.945676	0.992308	0.992606
1120	0.979592	0.999851	0.999845	0.945930	0.992308	0.992606
1130	0.979831	0.999851	0.999845	0.946296	0.992308	0.992606
1140	0.980054	0.999851	0.999845	0.946544	0.992308	0.992606
1150	0.980212	0.999851	0.999845	0.946781	0.992308	0.992606
1160	0.980394	0.999851	0.999845	0.946961	0.992308	0.992606
1170	0.980640	1.000000	1.000000	0.947230	0.992308	0.992606
1180	0.980821	1.000000	1.000000	0.947441	0.992308	0.992606
1190	0.981030	1.000000	1.000000	0.947634	0.992308	0.992606
1200	0.981238	1.000000	1.000000	0.947893	0.992308	0.992606
1210	0.981439	1.000000	1.000000	0.948052	0.992308	0.992606
1220	0.981732	1.000000	1.000000	0.948385	0.992308	0.992606
1230	0.982001	1.000000	1.000000	0.948643	0.992308	0.992606
1240	0.982137	1.000000	1.000000	0.948810	0.992308	0.992606
1250	0.982212	1.000000	1.000000	0.948843	0.992308	0.992606
1260	0.982420	1.000000	1.000000	0.949114	0.992308	0.992606
1270	0.982625	1.000000	1.000000	0.949352	0.992308	0.992606
1280	0.982835	1.000000	1.000000	0.949661	0.992308	0.992606
1290	0.983009	1.000000	1.000000	0.949952	0.992308	0.992606
1300	0.983091	1.000000	1.000000	0.949995	0.992308	0.992606
1310	0.983174	1.000000	1.000000	0.950144	0.992308	0.992606
1320	0.983390	1.000000	1.000000	0.950390	0.992308	0.992606
1330	0.983533	1.000000	1.000000	0.950589	0.993590	0.993826
1340	0.983673	1.000000	1.000000	0.950744	0.993590	0.993826
1350	0.983881	1.000000	1.000000	0.950982	0.993590	0.993826
1360	0.984042	1.000000	1.000000	0.951196	0.993590	0.993826
1370	0.984141	1.000000	1.000000	0.951391	0.993590	0.993826
1380	0.984181	1.000000	1.000000	0.951409	0.993590	0.993826
1390	0.984348	1.000000	1.000000	0.951619	0.993590	0.993826
1400	0.984497	1.000000	1.000000	0.951841	0.993590	0.993826
1410	0.984574	1.000000	1.000000	0.951950	0.993590	0.993826
1420	0.984608	1.000000	1.000000	0.951910	0.993590	0.993826
1430	0.984641	1.000000	1.000000	0.951877	0.993590	0.993826
1440	0.984694	1.000000	1.000000	0.951968	0.993590	0.993826
1450	0.984792	1.000000	1.000000	0.952002	0.993590	0.993826
1460	0.984904	1.000000	1.000000	0.952127	0.993590	0.993826
1470	0.984998	1.000000	1.000000	0.952290	0.993590	0.993826
1480	0.985089	1.000000	1.000000	0.952383	0.993590	0.993826
1490	0.985220	1.000000	1.000000	0.952629	0.993590	0.993826
1500	0.985358	1.000000	1.000000	0.952747	0.993590	0.993826
1510	0.985478	1.000000	1.000000	0.952910	0.993590	0.993826
1520	0.985633	1.000000	1.000000	0.953116	0.993590	0.993826
1530	0.985737	1.000000	1.000000	0.953240	0.993590	0.993826
1540	0.985772	1.000000	1.000000	0.953216	0.993590	0.993826
1550	0.985887	1.000000	1.000000	0.953393	0.993590	0.993826
1560	0.986079	1.000000	1.000000	0.953612	0.993590	0.993826
1570	0.986207	1.000000	1.000000	0.953746	0.993590	0.993826
1580	0.986351	1.000000	1.000000	0.953965	0.993590	0.993826
1590	0.986442	1.000000	1.000000	0.954067	0.993590	0.993826
1600	0.986546	1.000000	1.000000	0.954184	0.993590	0.993826
1610	0.986612	1.000000	1.000000	0.954257	0.993590	0.993826
1620	0.986690	1.000000	1.000000	0.954383	0.993590	0.993826
1630	0.986774	1.000000	1.000000	0.954432	0.993590	0.993826
1640	0.986888	1.000000	1.000000	0.954517	0.993590	0.993826
1650	0.986937	1.000000	1.000000	0.954523	0.993590	0.993826
1660	0.987064	1.000000	1.000000	0.954730	0.993590	0.993826
1670	0.987167	1.000000	1.000000	0.954860	0.993590	0.993826
1680	0.987299	1.000000	1.000000	0.955000	0.993590	0.993826
1690	0.987378	1.000000	1.000000	0.955078	0.993590	0.993826
1700	0.987473	1.000000	1.000000	0.955175	0.993590	0.993826
1710	0.987558	1.000000	1.000000	0.955298	0.993590	0.993826
1720	0.987630	1.000000	1.000000	0.955395	0.993590	0.993826
1730	0.987699	1.000000	1.000000	0.955487	0.993590	0.993826
1740	0.987781	1.000000	1.000000	0.955592	0.993590	0.993826
1750	0.987917	1.000000	1.000000	0.955769	0.993590	0.993826
1760	0.988035	1.000000	1.000000	0.955933	0.993590	0.993826
1770	0.988174	1.000000	1.000000	0.956128	0.994872	0.995104
1780	0.988264	1.000000	1.000000	0.956310	0.994872	0.995104
1790	0.988327	1.000000	1.000000	0.956388	0.994872	0.995104
1800	0.988411	1.000000	1.000000	0.956463	0.994872	0.995104
1810	0.988464	1.000000	1.000000	0.956564	0.994872	0.995104
1820	0.988533	1.000000	1.000000	0.956665	0.994872	0.995104
1830	0.988606	1.000000	1.000000	0.956790	0.994872	0.995104
1840	0.988654	1.000000	1.000000	0.956817	0.994872	0.995104
1850	0.988716	1.000000	1.000000	0.956929	0.994872	0.995104
1860	0.988802	1.000000	1.000000	0.957073	0.994872	0.995104
1870	0.988896	1.000000	1.000000	0.957170	0.994872	0.995104
1880	0.988951	1.000000	1.000000	0.957308	0.994872	0.995104
1890	0.988994	1.000000	1.000000	0.957349	0.994872	0.995104
1900	0.989044	1.000000	1.000000	0.957425	0.994872	0.995104
1910	0.989090	1.000000	1.000000	0.957477	0.994872	0.995104
1920	0.989133	1.000000	1.000000	0.957538	0.994872	0.995104
1930	0.989190	1.000000	1.000000	0.957574	0.994872	0.995104
1940	0.989234	1.000000	1.000000	0.957602	0.994872	0.995104
1950	0.989251	1.000000	1.000000	0.957564	0.994872	0.995104
1960	0.989297	1.000000	1.000000	0.957656	0.994872	0.995104
1970	0.989377	1.000000	1.000000	0.957753	0.994872	0.995104
1980	0.989468	1.000000	1.000000	0.957906	0.994872	0.995104
1990	0.989516	1.000000	1.000000	0.957919	0.994872	0.995104
2000	0.989602	1.000000	1.000000	0.958049	0.994872	0.995104
2010	0.989664	1.000000	1.000000	0.958158	0.994872	0.995104
2020	0.989740	1.000000	1.000000	0.958296	0.994872	0.995104
2030	0.989823	1.000000	1.000000	0.958444	0.994872	0.995104
2040	0.989877	1.000000	1.000000	0.958544	0.994872	0.995104
2050	0.989893	1.000000	1.000000	0.958524	0.994872	0.995104
2060	0.989907	1.000000	1.000000	0.958495	0.994872	0.995104
2070	0.989922	1.000000	1.000000	0.958458	0.994872	0.995104
2080	0.989934	1.000000	1.000000	0.958455	0.994872	0.995104
2090	0.989968	1.000000	1.000000	0.958488	0.994872	0.995104
2100	0.990014	1.000000	1.000000	0.958538	0.994872	0.995104
2110	0.990074	1.000000	1.000000	0.958618	0.994872	0.995104
2120	0.990116	1.000000	1.000000	0.958687	0.994872	0.995104
2130	0.990161	1.000000	1.000000	0.958760	0.994872	0.995104
2140	0.990218	1.000000	1.000000	0.958802	0.994872	0.995104
2150	0.990252	1.000000	1.000000	0.958848	0.994872	0.995104
2160	0.990299	1.000000	1.000000	0.958921	0.994872	0.995104
2170	0.990345	1.000000	1.000000	0.958993	0.994872	0.995104
2180	0.990391	1.000000	1.000000	0.959060	0.994872	0.995104
2190	0.990441	1.000000	1.000000	0.959149	0.994872	0.995104
2200	0.990484	1.000000	1.000000	0.959212	0.994872	0.995104
2210	0.990540	1.000000	1.000000	0.959324	0.994872	0.995104
2220	0.990591	1.000000	1.000000	0.959403	0.994872	0.995104
2230	0.990645	1.000000	1.000000	0.959471	0.994872	0.995104
2240	0.990694	1.000000	1.000000	0.959534	0.994872	0.995104
2250	0.990714	1.000000	1.000000	0.959537	0.994872	0.995104
2260	0.990737	1.000000	1.000000	0.959539	0.994872	0.995104
2270	0.990779	1.000000	1.000000	0.959572	0.994872	0.995104
2280	0.990829	1.000000	1.000000	0.959623	0.994872	0.995104
2290	0.990875	1.000000	1.000000	0.959697	0.994872	0.995104
2300	0.990911	1.000000	1.000000	0.959747	0.994872	0.995104
2310	0.990947	1.000000	1.000000	0.959807	0.994872	0.995104
2320	0.990984	1.000000	1.000000	0.959837	0.994872	0.995104
2330	0.991032	1.000000	1.000000	0.959906	0.994872	0.995104
2340	0.991071	1.000000	1.000000	0.959956	0.994872	0.995104
2350	0.991131	1.000000	1.000000	0.960043	0.994872	0.995104
2360	0.991200	1.000000	1.000000	0.960191	0.994872	0.995104
2370	0.991247	1.000000	1.000000	0.960230	0.994872	0.995104
2380	0.991272	1.000000	1.000000	0.960244	0.994872	0.995104
2390	0.991304	1.000000	1.000000	0.960264	0.994872	0.995104
2400	0.991361	1.000000	1.000000	0.960343	0.994872	0.995104
2410	0.991408	1.000000	1.000000	0.960387	0.994872	0.995104
2420	0.991443	1.000000	1.000000	0.960454	0.994872	0.995104
2430	0.991482	1.000000	1.000000	0.960501	0.994872	0.995104
2440	0.991526	1.000000	1.000000	0.960592	0.994872	0.995104
2450	0.991590	1.000000	1.000000	0.960701	0.994872	0.995104
2460	0.991643	1.000000	1.000000	0.960877	0.994872	0.995104
2470	0.991681	1.000000	1.000000	0.960915	0.994872	0.995104
2480	0.991705	1.000000	1.000000	0.960949	0.994872	0.995104
2490	0.991752	1.000000	1.000000	0.961012	0.994872	0.995104
2500	0.991767	1.000000	1.000000	0.961037	0.994872	0.995104
2510	0.991815	1.000000	1.000000	0.961088	0.994872	0.995104
2520	0.991844	1.000000	1.000000	0.961134	0.994872	0.995104
2530	0.991915	1.000000	1.000000	0.961218	0.994872	0.995104
2540	0.991968	1.000000	1.000000	0.961299	0.994872	0.995104
2550	0.992005	1.000000	1.000000	0.961369	0.994872	0.995104
2560	0.992032	1.000000	1.000000	0.961398	0.994872	0.995104
2570	0.992062	1.000000	1.000000	0.961442	0.994872	0.995104
2580	0.992123	1.000000	1.000000	0.961565	0.994872	0.995104
2590	0.992148	1.000000	1.000000	0.961633	0.994872	0.995104
2600	0.992170	1.000000	1.000000	0.961678	0.994872	0.995104
2610	0.992199	1.000000	1.000000	0.961715	0.994872	0.995104
2620	0.992226	1.000000	1.000000	0.961759	0.994872	0.995104
2630	0.992252	1.000000	1.000000	0.961793	0.994872	0.995104
2640	0.992273	1.000000	1.000000	0.961821	0.994872	0.995104
2650	0.992318	1.000000	1.000000	0.961921	0.994872	0.995104
2660	0.992331	1.000000	1.000000	0.961918	0.994872	0.995104
2670	0.992360	1.000000	1.000000	0.961962	0.994872	0.995104
2680	0.992392	1.000000	1.000000	0.961987	0.994872	0.995104
2690	0.992406	1.000000	1.000000	0.961988	0.994872	0.995104
2700	0.992432	1.000000	1.000000	0.962006	0.994872	0.995104
2710	0.992467	1.000000	1.000000	0.962042	0.994872	0.995104
2720	0.992512	1.000000	1.000000	0.962125	0.994872	0.995104
2730	0.992539	1.000000	1.000000	0.962219	0.994872	0.995104
2740	0.992578	1.000000	1.000000	0.962283	0.994872	0.995104
2750	0.992604	1.000000	1.000000	0.962308	0.994872	0.995104
2760	0.992613	1.000000	1.000000	0.962284	0.994872	0.995104
2770	0.992621	1.000000	1.000000	0.962262	0.994872	0.995104
2780	0.992628	1.000000	1.000000	0.962242	0.994872	0.995104
2790	0.992635	1.000000	1.000000	0.962222	0.994872	0.995104
2800	0.992642	1.000000	1.000000	0.962206	0.994872	0.995104
2810	0.992650	1.000000	1.000000	0.962192	0.994872	0.995104
2820	0.992668	1.000000	1.000000	0.962236	0.994872	0.995104
2830	0.992699	1.000000	1.000000	0.962293	0.994872	0.995104
2840	0.992717	1.000000	1.000000	0.962322	0.994872	0.995104
2850	0.992751	1.000000	1.000000	0.962354	0.994872	0.995104
2860	0.992785	1.000000	1.000000	0.962418	0.994872	0.995104
2870	0.992810	1.000000	1.000000	0.962453	0.994872	0.995104
2880	0.992838	1.000000	1.000000	0.962491	0.994872	0.995104
2890	0.992864	1.000000	1.000000	0.962533	0.994872	0.995104
2900	0.992890	1.000000	1.000000	0.962566	0.994872	0.995104
2910	0.992908	1.000000	1.000000	0.962590	0.994872	0.995104
2920	0.992932	1.000000	1.000000	0.962642	0.994872	0.995104
2930	0.992957	1.000000	1.000000	0.962702	0.994872	0.995104
2940	0.992983	1.000000	1.000000	0.962748	0.994872	0.995104
2950	0.993004	1.000000	1.000000	0.962765	0.994872	0.995104
2960	0.993034	1.000000	1.000000	0.962836	0.994872	0.995104
2970	0.993050	1.000000	1.000000	0.962842	0.994872	0.995104
2980	0.993072	1.000000	1.000000	0.962836	0.994872	0.995104
2990	0.993108	1.000000	1.000000	0.962891	0.994872	0.995104
3000	0.993129	1.000000	1.000000	0.962922	0.994872	0.995104
3010	0.993146	1.000000	1.000000	0.962930	0.994872	0.995104
3020	0.993162	1.000000	1.000000	0.962953	0.994872	0.995104
3030	0.993175	1.000000	1.000000	0.962983	0.994872	0.995104
3040	0.993195	1.000000	1.000000	0.963005	0.994872	0.995104
3050	0.993222	1.000000	1.000000	0.963045	0.994872	0.995104
3060	0.993258	1.000000	1.000000	0.963115	0.994872	0.995104
3070	0.993295	1.000000	1.000000	0.963176	0.994872	0.995104
3080	0.993335	1.000000	1.000000	0.963234	0.994872	0.995104
3090	0.993368	1.000000	1.000000	0.963303	0.994872	0.995104
3100	0.993399	1.000000	1.000000	0.963326	0.994872	0.995104
3110	0.993414	1.000000	1.000000	0.963348	0.994872	0.995104
3120	0.993446	1.000000	1.000000	0.963372	0.994872	0.995104
3130	0.993465	1.000000	1.000000	0.963427	0.994872	0.995104
3140	0.993486	1.000000	1.000000	0.963457	0.994872	0.995104
3150	0.993507	1.000000	1.000000	0.963486	0.994872	0.995104
3160	0.993529	1.000000	1.000000	0.963510	0.994872	0.995104
3170	0.993557	1.000000	1.000000	0.963561	0.994872	0.995104
3180	0.993578	1.000000	1.000000	0.963663	0.994872	0.995104
3190	0.993602	1.000000	1.000000	0.963671	0.994872	0.995104
3200	0.993636	1.000000	1.000000	0.963743	0.994872	0.995104
3210	0.993671	1.000000	1.000000	0.963788	0.994872	0.995104
3220	0.993692	1.000000	1.000000	0.963820	0.994872	0.995104
3230	0.993710	1.000000	1.000000	0.963869	0.994872	0.995104
3240	0.993725	1.000000	1.000000	0.963869	0.994872	0.995104
3250	0.993752	1.000000	1.000000	0.963899	0.994872	0.995104
3260	0.993778	1.000000	1.000000	0.963941	0.994872	0.995104
3270	0.993789	1.000000	1.000000	0.963962	0.994872	0.995104
3280	0.993806	1.000000	1.000000	0.963992	0.994872	0.995104
3290	0.993815	1.000000	1.000000	0.964023	0.994872	0.995104
3300	0.993828	1.000000	1.000000	0.964050	0.994872	0.995104
3310	0.993843	1.000000	1.000000	0.964080	0.994872	0.995104
3320	0.993863	1.000000	1.000000	0.964114	0.994872	0.995104
3330	0.993889	1.000000	1.000000	0.964147	0.994872	0.995104
3340	0.993919	1.000000	1.000000	0.964181	0.994872	0.995104
3350	0.993947	1.000000	1.000000	0.964217	0.994872	0.995104
3360	0.993966	1.000000	1.000000	0.964244	0.994872	0.995104
3370	0.993985	1.000000	1.000000	0.964298	0.994872	0.995104
3380	0.994003	1.000000	1.000000	0.964337	0.994872	0.995104
3390	0.994018	1.000000	1.000000	0.964370	0.994872	0.995104
3400	0.994041	1.000000	1.000000	0.964391	0.994872	0.995104
3410	0.994068	1.000000	1.000000	0.964442	0.994872	0.995104
3420	0.994092	1.000000	1.000000	0.964492	0.994872	0.995104
3430	0.994111	1.000000	1.000000	0.964520	0.996154	0.996447
3440	0.994117	1.000000	1.000000	0.964515	0.994872	0.995104
3450	0.994136	1.000000	1.000000	0.964532	0.994872	0.995104
3460	0.994148	1.000000	1.000000	0.964555	0.996154	0.996447
3470	0.994156	1.000000	1.000000	0.964580	0.996154	0.996447
3480	0.994167	1.000000	1.000000	0.964629	0.996154	0.996447
3490	0.994183	1.000000	1.000000	0.964646	0.996154	0.996447
3500	0.994197	1.000000	1.000000	0.964665	0.996154	0.996447
3510	0.994216	1.000000	1.000000	0.964692	0.996154	0.996447
3520	0.994237	1.000000	1.000000	0.964708	0.996154	0.996447
3530	0.994255	1.000000	1.000000	0.964747	0.996154	0.996447
3540	0.994277	1.000000	1.000000	0.964785	0.996154	0.996447
3550	0.994289	1.000000	1.000000	0.964809	0.996154	0.996447
3560	0.994294	1.000000	1.000000	0.964832	0.996154	0.996447
3570	0.994300	1.000000	1.000000	0.964855	0.996154	0.996447
3580	0.994305	1.000000	1.000000	0.964853	0.996154	0.996447
3590	0.994309	1.000000	1.000000	0.964854	0.996154	0.996447
3600	0.994314	1.000000	1.000000	0.964851	0.996154	0.996447
3610	0.994319	1.000000	1.000000	0.964858	0.996154	0.996447
3620	0.994341	1.000000	1.000000	0.964898	0.996154	0.996447
3630	0.994382	1.000000	1.000000	0.964978	0.996154	0.996447
3640	0.994405	1.000000	1.000000	0.965025	0.996154	0.996447
3650	0.994425	1.000000	1.000000	0.965071	0.996154	0.996447
3660	0.994443	1.000000	1.000000	0.965110	0.996154	0.996447
3670	0.994456	1.000000	1.000000	0.965154	0.996154	0.996447
3680	0.994469	1.000000	1.000000	0.965170	0.996154	0.996447
3690	0.994486	1.000000	1.000000	0.965195	0.996154	0.996447
3700	0.994501	1.000000	1.000000	0.965229	0.996154	0.996447
3710	0.994521	1.000000	1.000000	0.965263	0.996154	0.996447
3720	0.994531	1.000000	1.000000	0.965281	0.996154	0.996447
3730	0.994537	1.000000	1.000000	0.965292	0.996154	0.996447
3740	0.994543	1.000000	1.000000	0.965303	0.996154	0.996447
3750	0.994548	1.000000	1.000000	0.965312	0.996154	0.996447
3760	0.994553	1.000000	1.000000	0.965322	0.996154	0.996447
3770	0.994559	1.000000	1.000000	0.965332	0.996154	0.996447
3780	0.994564	1.000000	1.000000	0.965342	0.996154	0.996447
3790	0.994569	1.000000	1.000000	0.965352	0.996154	0.996447
3800	0.994573	1.000000	1.000000	0.965362	0.996154	0.996447
3810	0.994578	1.000000	1.000000	0.965378	0.996154	0.996447
3820	0.994584	1.000000	1.000000	0.965403	0.996154	0.996447
3830	0.994599	1.000000	1.000000	0.965437	0.996154	0.996447
3840	0.994614	1.000000	1.000000	0.965496	0.996154	0.996447
3850	0.994627	1.000000	1.000000	0.965523	0.996154	0.996447
3860	0.994642	1.000000	1.000000	0.965540	0.996154	0.996447
3870	0.994659	1.000000	1.000000	0.965570	0.996154	0.996447
3880	0.994672	1.000000	1.000000	0.965576	0.996154	0.996447
3890	0.994688	1.000000	1.000000	0.965596	0.996154	0.996447
3900	0.994713	1.000000	1.000000	0.965621	0.996154	0.996447
3910	0.994726	1.000000	1.000000	0.965630	0.996154	0.996447
3920	0.994744	1.000000	1.000000	0.965653	0.996154	0.996447
3930	0.994770	1.000000	1.000000	0.965741	0.996154	0.996447
3940	0.994790	1.000000	1.000000	0.965779	0.996154	0.996447
3950	0.994807	1.000000	1.000000	0.965797	0.996154	0.996447
3960	0.994824	1.000000	1.000000	0.965824	0.996154	0.996447
3970	0.994841	1.000000	1.000000	0.965838	0.996154	0.996447
3980	0.994849	1.000000	1.000000	0.965838	0.996154	0.996447
3990	0.994858	1.000000	1.000000	0.965841	0.996154	0.996447
4000	0.994868	1.000000	1.000000	0.965841	0.996154	0.996447
