10	0.325665	0.841784	0.801638	0.320952	0.830949	0.785786
20	0.492603	0.871078	0.827080	0.479219	0.856957	0.811103
30	0.569544	0.884164	0.839295	0.558299	0.885566	0.837617
40	0.615503	0.889517	0.842937	0.605569	0.889467	0.841515
50	0.648744	0.918662	0.920908	0.635509	0.905072	0.906945
60	0.683889	0.963271	0.963557	0.668682	0.953186	0.953700
70	0.711330	0.972639	0.972758	0.694731	0.960988	0.961317
80	0.735280	0.978736	0.978780	0.717798	0.973992	0.973612
90	0.752047	0.981710	0.981701	0.734608	0.975293	0.974955
100	0.778224	0.986766	0.986767	0.760487	0.979194	0.979037
110	0.798195	0.988699	0.988680	0.779301	0.980494	0.980302
120	0.816131	0.991078	0.991055	0.797327	0.981795	0.981580
130	0.830259	0.993457	0.993439	0.811141	0.983095	0.982841
140	0.842957	0.994498	0.994495	0.823413	0.983095	0.982852
150	0.852244	0.995390	0.995386	0.831684	0.984395	0.984157
160	0.860401	0.996431	0.996433	0.839973	0.986996	0.986783
170	0.870288	0.996580	0.996571	0.849113	0.986996	0.986783
180	0.878046	0.996877	0.996864	0.856119	0.988296	0.988191
190	0.885186	0.997026	0.997012	0.863489	0.988296	0.988191
200	0.890635	0.997472	0.997446	0.868850	0.989597	0.989426
210	0.896737	0.997621	0.997590	0.874499	0.988296	0.988017
220	0.902071	0.997621	0.997590	0.880348	0.989597	0.989330
230	0.906850	0.997770	0.997739	0.884963	0.990897	0.990664
240	0.910608	0.997918	0.997893	0.888606	0.990897	0.990664
250	0.914265	0.997918	0.997893	0.892368	0.990897	0.990664
260	0.917294	0.997918	0.997893	0.895220	0.993498	0.993464
270	0.920273	0.997918	0.997893	0.898133	0.992198	0.992073
280	0.923379	0.997918	0.997893	0.901226	0.993498	0.993464
290	0.925758	0.997918	0.997893	0.903844	0.993498	0.993464
300	0.927594	0.997918	0.997893	0.905733	0.992198	0.992073
310	0.929574	0.998067	0.998042	0.907630	0.993498	0.993464
320	0.931321	0.998067	0.998042	0.909467	0.993498	0.993464
330	0.933272	0.998216	0.998196	0.911520	0.993498	0.993334
340	0.935103	0.998216	0.998196	0.913279	0.993498	0.993334
350	0.937013	0.998216	0.998196	0.915469	0.993498	0.993334
360	0.938987	0.998364	0.998339	0.917498	0.993498	0.993334
370	0.940588	0.998513	0.998488	0.919257	0.993498	0.993334
380	0.941994	0.998662	0.998637	0.920715	0.993498	0.993334
390	0.943271	0.998662	0.998637	0.921926	0.996099	0.996180
400	0.944365	0.998662	0.998637	0.923025	0.996099	0.996180
410	0.945356	0.998662	0.998637	0.924090	0.996099	0.996180
420	0.946528	0.998662	0.998637	0.925186	0.996099	0.996180
430	0.947465	0.998662	0.998637	0.926317	0.996099	0.996180
440	0.948481	0.998810	0.998792	0.927588	0.996099	0.996180
450	0.949413	0.998810	0.998792	0.928611	0.994798	0.994770
460	0.950265	0.998959	0.998947	0.929582	0.996099	0.996180
470	0.951052	0.998959	0.998947	0.930306	0.996099	0.996180
480	0.952047	0.998959	0.998947	0.931274	0.996099	0.996180
490	0.952861	0.999108	0.999095	0.932024	0.996099	0.996180
500	0.953403	0.999257	0.999250	0.932616	0.996099	0.996180
510	0.953993	0.999257	0.999250	0.933252	0.994798	0.994770
520	0.954538	0.999257	0.999250	0.933769	0.994798	0.994770
530	0.955240	0.999257	0.999250	0.934443	0.994798	0.994770
540	0.955969	0.999257	0.999250	0.935218	0.996099	0.996180
550	0.956733	0.999257	0.999250	0.936111	0.997399	0.997467
560	0.957377	0.999257	0.999250	0.936661	0.997399	0.997467
570	0.957832	0.999257	0.999250	0.937130	0.997399	0.997467
580	0.958462	0.999257	0.999250	0.937748	0.997399	0.997467
590	0.959012	0.999257	0.999250	0.938222	0.997399	0.997467
600	0.959769	0.999257	0.999250	0.938899	0.997399	0.997467
610	0.960461	0.999257	0.999250	0.939452	0.997399	0.997467
620	0.961291	0.999257	0.999250	0.940241	0.997399	0.997467
630	0.961879	0.999257	0.999250	0.940786	0.997399	0.997467
640	0.962358	0.999257	0.999250	0.941338	0.997399	0.997467
650	0.963022	0.999405	0.999398	0.942010	0.997399	0.997467
660	0.963360	0.999405	0.999398	0.942324	0.997399	0.997467
670	0.963657	0.999405	0.999398	0.942619	0.997399	0.997467
680	0.964207	0.999405	0.999398	0.943189	0.997399	0.997467
690	0.964522	0.999405	0.999398	0.943504	0.997399	0.997467
700	0.964950	0.999405	0.999398	0.944050	0.997399	0.997467
710	0.965251	0.999405	0.999398	0.944315	0.997399	0.997467
720	0.965986	0.999405	0.999398	0.944993	0.997399	0.997467
730	0.966358	0.999405	0.999398	0.945368	0.997399	0.997467
740	0.966853	0.999405	0.999398	0.945855	0.997399	0.997467
750	0.967319	0.999405	0.999398	0.946323	0.997399	0.997467
760	0.967777	0.999405	0.999398	0.946821	0.997399	0.997467
770	0.968136	0.999405	0.999398	0.947266	0.997399	0.997467
780	0.968546	0.999405	0.999398	0.947627	0.997399	0.997467
790	0.969134	0.999405	0.999398	0.948221	0.997399	0.997467
800	0.969556	0.999405	0.999398	0.948635	0.997399	0.997467
810	0.969834	0.999405	0.999398	0.948912	0.997399	0.997467
820	0.970252	0.999405	0.999398	0.949408	0.997399	0.997467
830	0.970571	0.999405	0.999398	0.949758	0.996099	0.996031
840	0.971038	0.999405	0.999398	0.950315	0.996099	0.996031
850	0.971654	0.999405	0.999398	0.950969	0.996099	0.996031
860	0.972090	0.999405	0.999398	0.951468	0.996099	0.996031
870	0.972514	0.999405	0.999398	0.951943	0.997399	0.997467
880	0.972775	0.999405	0.999398	0.952264	0.997399	0.997467
890	0.973089	0.999405	0.999398	0.952624	0.997399	0.997467
900	0.973423	0.999405	0.999398	0.952995	0.996099	0.996031
910	0.973763	0.999405	0.999398	0.953392	0.996099	0.996031
920	0.974089	0.999405	0.999398	0.953787	0.996099	0.996031
930	0.974428	0.999405	0.999398	0.954168	0.996099	0.996031
940	0.974663	0.999405	0.999398	0.954451	0.996099	0.996031
950	0.975076	0.999405	0.999398	0.954922	0.997399	0.997467
960	0.975378	0.999405	0.999398	0.955232	0.997399	0.997467
970	0.975551	0.999405	0.999398	0.955426	0.997399	0.997467
980	0.975953	0.999405	0.999398	0.955870	0.997399	0.997467
990	0.976202	0.999405	0.999398	0.956162	0.997399	0.997467
1000	0.976430	0.999405	0.999398	0.956398	0.997399	0.997467
1010	0.976671	0.999405	0.999398	0.956691	0.997399	0.997467
1020	0.976851	0.999405	0.999398	0.956862	0.997399	0.997467
1030	0.977183	0.999405	0.999398	0.957207	0.997399	0.997467
1040	0.977562	0.999405	0.999398	0.957585	0.997399	0.997467
1050	0.977904	0.999405	0.999398	0.957973	0.997399	0.997467
1060	0.978101	0.999405	0.999398	0.958202	0.997399	0.997467
1070	0.978334	0.999405	0.999398	0.958408	0.997399	0.997467
1080	0.978530	0.999405	0.999398	0.958619	0.997399	0.997467
1090	0.978826	0.999554	0.999547	0.958998	0.997399	0.997467
1100	0.979117	0.999554	0.999547	0.959274	0.997399	0.997467
1110	0.979280	0.999554	0.999547	0.959469	0.997399	0.997467
1120	0.979452	0.999554	0.999547	0.959693	0.997399	0.997467
1130	0.979722	0.999851	0.999852	0.959984	0.997399	0.997467
1140	0.980078	0.999851	0.999852	0.960328	0.997399	0.997467
1150	0.980220	0.999851	0.999852	0.960487	0.997399	0.997467
1160	0.980387	0.999851	0.999852	0.960718	0.997399	0.997467
1170	0.980489	0.999851	0.999852	0.960912	0.997399	0.997467
1180	0.980665	0.999851	0.999852	0.961138	0.997399	0.997467
1190	0.980849	0.999851	0.999852	0.961349	0.997399	0.997467
1200	0.981030	0.999851	0.999852	0.961590	0.997399	0.997467
1210	0.981214	0.999851	0.999852	0.961792	0.997399	0.997467
1220	0.981373	0.999851	0.999852	0.962006	0.997399	0.997467
1230	0.981557	0.999851	0.999852	0.962216	0.997399	0.997467
1240	0.981659	0.999851	0.999852	0.962335	0.997399	0.997467
1250	0.981789	0.999851	0.999852	0.962495	0.997399	0.997467
1260	0.981936	0.999851	0.999852	0.962663	0.997399	0.997467
1270	0.982128	1.000000	1.000000	0.962848	0.997399	0.997467
1280	0.982303	1.000000	1.000000	0.963081	0.997399	0.997467
1290	0.982378	1.000000	1.000000	0.963170	0.997399	0.997467
1300	0.982525	1.000000	1.000000	0.963295	0.997399	0.997467
1310	0.982662	1.000000	1.000000	0.963445	0.997399	0.997467
1320	0.982780	1.000000	1.000000	0.963546	0.997399	0.997467
1330	0.982907	1.000000	1.000000	0.963742	0.997399	0.997467
1340	0.983033	1.000000	1.000000	0.963886	0.997399	0.997467
1350	0.983193	1.000000	1.000000	0.964106	0.997399	0.997467
1360	0.983335	1.000000	1.000000	0.964282	0.997399	0.997467
1370	0.983523	1.000000	1.000000	0.964564	0.997399	0.997467
1380	0.983650	1.000000	1.000000	0.964731	0.998700	0.998741
1390	0.983806	1.000000	1.000000	0.964922	0.998700	0.998741
1400	0.983947	1.000000	1.000000	0.965073	0.998700	0.998741
1410	0.984057	1.000000	1.000000	0.965230	0.998700	0.998741
1420	0.984133	1.000000	1.000000	0.965313	0.998700	0.998741
1430	0.984295	1.000000	1.000000	0.965579	0.998700	0.998741
1440	0.984372	1.000000	1.000000	0.965707	0.998700	0.998741
1450	0.984466	1.000000	1.000000	0.965812	0.998700	0.998741
1460	0.984565	1.000000	1.000000	0.965937	0.998700	0.998741
1470	0.984686	1.000000	1.000000	0.966071	0.998700	0.998741
1480	0.984786	1.000000	1.000000	0.966200	0.998700	0.998741
1490	0.984896	1.000000	1.000000	0.966359	0.998700	0.998741
1500	0.984945	1.000000	1.000000	0.966439	0.998700	0.998741
1510	0.985061	1.000000	1.000000	0.966560	0.998700	0.998741
1520	0.985239	1.000000	1.000000	0.966767	0.998700	0.998741
1530	0.985403	1.000000	1.000000	0.966980	0.998700	0.998741
1540	0.985527	1.000000	1.000000	0.967126	0.998700	0.998741
1550	0.985572	1.000000	1.000000	0.967203	0.998700	0.998741
1560	0.985695	1.000000	1.000000	0.967340	0.998700	0.998741
1570	0.985763	1.000000	1.000000	0.967544	0.998700	0.998741
1580	0.985862	1.000000	1.000000	0.967647	0.998700	0.998741
1590	0.985972	1.000000	1.000000	0.967763	0.998700	0.998741
1600	0.986100	1.000000	1.000000	0.967932	0.998700	0.998741
1610	0.986182	1.000000	1.000000	0.968052	0.998700	0.998741
1620	0.986329	1.000000	1.000000	0.968213	0.998700	0.998741
1630	0.986437	1.000000	1.000000	0.968342	0.998700	0.998741
1640	0.986557	1.000000	1.000000	0.968519	0.998700	0.998741
1650	0.986634	1.000000	1.000000	0.968616	0.998700	0.998741
1660	0.986763	1.000000	1.000000	0.968732	0.998700	0.998741
1670	0.986890	1.000000	1.000000	0.968847	0.998700	0.998741
1680	0.987045	1.000000	1.000000	0.968979	0.998700	0.998741
1690	0.987119	1.000000	1.000000	0.969081	0.998700	0.998741
1700	0.987158	1.000000	1.000000	0.969162	0.998700	0.998741
1710	0.987182	1.000000	1.000000	0.969202	0.998700	0.998741
1720	0.987205	1.000000	1.000000	0.969252	0.998700	0.998741
1730	0.987281	1.000000	1.000000	0.969352	0.998700	0.998741
1740	0.987383	1.000000	1.000000	0.969456	0.998700	0.998741
1750	0.987459	1.000000	1.000000	0.969582	0.998700	0.998741
1760	0.987588	1.000000	1.000000	0.969722	0.998700	0.998741
1770	0.987615	1.000000	1.000000	0.969739	0.998700	0.998741
1780	0.987720	1.000000	1.000000	0.969871	0.998700	0.998741
1790	0.987774	1.000000	1.000000	0.969946	0.998700	0.998741
1800	0.987864	1.000000	1.000000	0.970037	0.998700	0.998741
1810	0.987978	1.000000	1.000000	0.970173	0.998700	0.998741
1820	0.988071	1.000000	1.000000	0.970317	0.998700	0.998741
1830	0.988162	1.000000	1.000000	0.970419	0.998700	0.998741
1840	0.988247	1.000000	1.000000	0.970545	0.998700	0.998741
1850	0.988303	1.000000	1.000000	0.970609	0.998700	0.998741
1860	0.988360	1.000000	1.000000	0.970687	0.998700	0.998741
1870	0.988420	1.000000	1.000000	0.970780	0.998700	0.998741
1880	0.988488	1.000000	1.000000	0.970862	0.998700	0.998741
1890	0.988527	1.000000	1.000000	0.970920	0.998700	0.998741
1900	0.988589	1.000000	1.000000	0.971005	0.998700	0.998741
1910	0.988657	1.000000	1.000000	0.971088	0.998700	0.998741
1920	0.988710	1.000000	1.000000	0.971147	0.998700	0.998741
1930	0.988774	1.000000	1.000000	0.971236	0.998700	0.998741
1940	0.988838	1.000000	1.000000	0.971308	0.998700	0.998741
1950	0.988891	1.000000	1.000000	0.971366	0.998700	0.998741
1960	0.988986	1.000000	1.000000	0.971445	0.998700	0.998741
1970	0.989059	1.000000	1.000000	0.971565	0.998700	0.998741
1980	0.989148	1.000000	1.000000	0.971687	0.998700	0.998741
1990	0.989234	1.000000	1.000000	0.971803	0.998700	0.998741
2000	0.989297	1.000000	1.000000	0.971903	0.998700	0.998741
2010	0.989353	1.000000	1.000000	0.971989	0.998700	0.998741
2020	0.989402	1.000000	1.000000	0.972070	0.998700	0.998741
2030	0.989433	1.000000	1.000000	0.972099	0.998700	0.998741
2040	0.989483	1.000000	1.000000	0.972170	0.998700	0.998741
2050	0.989499	1.000000	1.000000	0.972220	0.998700	0.998741
2060	0.989547	1.000000	1.000000	0.972290	0.998700	0.998741
2070	0.989599	1.000000	1.000000	0.972392	0.998700	0.998741
2080	0.989658	1.000000	1.000000	0.972486	0.998700	0.998741
2090	0.989699	1.000000	1.000000	0.972515	0.998700	0.998741
2100	0.989765	1.000000	1.000000	0.972592	0.998700	0.998741
2110	0.989823	1.000000	1.000000	0.972658	0.998700	0.998741
2120	0.989907	1.000000	1.000000	0.972761	0.998700	0.998741
2130	0.989967	1.000000	1.000000	0.972823	0.998700	0.998741
2140	0.989992	1.000000	1.000000	0.972862	0.998700	0.998741
2150	0.990045	1.000000	1.000000	0.972926	0.998700	0.998741
2160	0.990108	1.000000	1.000000	0.973075	0.998700	0.998741
2170	0.990177	1.000000	1.000000	0.973182	0.998700	0.998741
2180	0.990191	1.000000	1.000000	0.973212	0.998700	0.998741
2190	0.990258	1.000000	1.000000	0.973284	0.998700	0.998741
2200	0.990331	1.000000	1.000000	0.973357	0.998700	0.998741
2210	0.990397	1.000000	1.000000	0.973434	0.998700	0.998741
2220	0.990463	1.000000	1.000000	0.973528	0.998700	0.998741
2230	0.990545	1.000000	1.000000	0.973642	0.998700	0.998741
2240	0.990577	1.000000	1.000000	0.973706	0.998700	0.998741
2250	0.990590	1.000000	1.000000	0.973737	0.998700	0.998741
2260	0.990671	1.000000	1.000000	0.973817	0.998700	0.998741
2270	0.990722	1.000000	1.000000	0.973895	0.998700	0.998741
2280	0.990750	1.000000	1.000000	0.973946	0.998700	0.998741
2290	0.990773	1.000000	1.000000	0.973975	0.998700	0.998741
2300	0.990821	1.000000	1.000000	0.974097	0.998700	0.998741
2310	0.990865	1.000000	1.000000	0.974188	0.998700	0.998741
2320	0.990899	1.000000	1.000000	0.974253	0.998700	0.998741
2330	0.990921	1.000000	1.000000	0.974284	0.998700	0.998741
2340	0.990933	1.000000	1.000000	0.974298	0.998700	0.998741
2350	0.990946	1.000000	1.000000	0.974318	0.998700	0.998741
2360	0.990959	1.000000	1.000000	0.974333	0.998700	0.998741
2370	0.990990	1.000000	1.000000	0.974372	0.998700	0.998741
2380	0.991035	1.000000	1.000000	0.974408	0.998700	0.998741
2390	0.991098	1.000000	1.000000	0.974469	0.998700	0.998741
2400	0.991146	1.000000	1.000000	0.974536	0.998700	0.998741
2410	0.991190	1.000000	1.000000	0.974591	0.998700	0.998741
2420	0.991241	1.000000	1.000000	0.974677	0.998700	0.998741
2430	0.991282	1.000000	1.000000	0.974749	0.998700	0.998741
2440	0.991320	1.000000	1.000000	0.974827	0.998700	0.998741
2450	0.991362	1.000000	1.000000	0.974884	0.998700	0.998741
2460	0.991401	1.000000	1.000000	0.974944	0.998700	0.998741
2470	0.991423	1.000000	1.000000	0.974993	0.998700	0.998741
2480	0.991457	1.000000	1.000000	0.975025	0.998700	0.998741
2490	0.991500	1.000000	1.000000	0.975105	0.998700	0.998741
2500	0.991542	1.000000	1.000000	0.975173	0.998700	0.998741
2510	0.991578	1.000000	1.000000	0.975215	0.998700	0.998741
2520	0.991606	1.000000	1.000000	0.975254	0.998700	0.998741
2530	0.991647	1.000000	1.000000	0.975320	0.998700	0.998741
2540	0.991670	1.000000	1.000000	0.975349	0.998700	0.998741
2550	0.991707	1.000000	1.000000	0.975411	0.998700	0.998741
2560	0.991750	1.000000	1.000000	0.975466	0.998700	0.998741
2570	0.991788	1.000000	1.000000	0.975541	0.998700	0.998741
2580	0.991817	1.000000	1.000000	0.975588	0.998700	0.998741
2590	0.991849	1.000000	1.000000	0.975627	0.998700	0.998741
2600	0.991878	1.000000	1.000000	0.975698	0.998700	0.998741
2610	0.991895	1.000000	1.000000	0.975736	0.998700	0.998741
2620	0.991913	1.000000	1.000000	0.975773	0.998700	0.998741
2630	0.991949	1.000000	1.000000	0.975811	0.998700	0.998741
2640	0.991970	1.000000	1.000000	0.975851	0.998700	0.998741
2650	0.991996	1.000000	1.000000	0.975896	0.998700	0.998741
2660	0.992022	1.000000	1.000000	0.975918	0.998700	0.998741
2670	0.992076	1.000000	1.000000	0.975963	0.998700	0.998741
2680	0.992107	1.000000	1.000000	0.975985	0.998700	0.998741
2690	0.992128	1.000000	1.000000	0.976012	0.998700	0.998741
2700	0.992140	1.000000	1.000000	0.976028	0.998700	0.998741
2710	0.992148	1.000000	1.000000	0.976042	0.998700	0.998741
2720	0.992157	1.000000	1.000000	0.976053	0.998700	0.998741
2730	0.992169	1.000000	1.000000	0.976086	0.998700	0.998741
2740	0.992194	1.000000	1.000000	0.976117	0.998700	0.998741
2750	0.992214	1.000000	1.000000	0.976143	0.998700	0.998741
2760	0.992232	1.000000	1.000000	0.976164	0.998700	0.998741
2770	0.992260	1.000000	1.000000	0.976208	0.998700	0.998741
2780	0.992272	1.000000	1.000000	0.976199	0.998700	0.998741
2790	0.992292	1.000000	1.000000	0.976223	0.998700	0.998741
2800	0.992300	1.000000	1.000000	0.976244	0.998700	0.998741
2810	0.992321	1.000000	1.000000	0.976276	0.998700	0.998741
2820	0.992347	1.000000	1.000000	0.976307	0.998700	0.998741
2830	0.992390	1.000000	1.000000	0.976352	0.998700	0.998741
2840	0.992456	1.000000	1.000000	0.976439	0.998700	0.998741
2850	0.992512	1.000000	1.000000	0.976529	0.998700	0.998741
2860	0.992551	1.000000	1.000000	0.976598	0.998700	0.998741
2870	0.992590	1.000000	1.000000	0.976682	0.998700	0.998741
2880	0.992618	1.000000	1.000000	0.976715	0.998700	0.998741
2890	0.992659	1.000000	1.000000	0.976775	0.998700	0.998741
2900	0.992694	1.000000	1.000000	0.976822	0.998700	0.998741
2910	0.992720	1.000000	1.000000	0.976896	0.998700	0.998741
2920	0.992746	1.000000	1.000000	0.976939	0.998700	0.998741
2930	0.992771	1.000000	1.000000	0.976981	0.998700	0.998741
2940	0.992805	1.000000	1.000000	0.977031	0.998700	0.998741
2950	0.992817	1.000000	1.000000	0.977044	0.998700	0.998741
2960	0.992846	1.000000	1.000000	0.977099	0.998700	0.998741
2970	0.992868	1.000000	1.000000	0.977124	0.998700	0.998741
2980	0.992895	1.000000	1.000000	0.977172	0.998700	0.998741
2990	0.992922	1.000000	1.000000	0.977210	0.998700	0.998741
3000	0.992972	1.000000	1.000000	0.977278	0.998700	0.998741
3010	0.993002	1.000000	1.000000	0.977335	0.998700	0.998741
3020	0.993028	1.000000	1.000000	0.977391	0.998700	0.998741
3030	0.993068	1.000000	1.000000	0.977447	0.998700	0.998741
3040	0.993113	1.000000	1.000000	0.977485	0.998700	0.998741
3050	0.993130	1.000000	1.000000	0.977504	0.998700	0.998741
3060	0.993151	1.000000	1.000000	0.977535	0.998700	0.998741
3070	0.993180	1.000000	1.000000	0.977555	0.998700	0.998741
3080	0.993222	1.000000	1.000000	0.977603	0.998700	0.998741
3090	0.993247	1.000000	1.000000	0.977624	0.998700	0.998741
3100	0.993279	1.000000	1.000000	0.977659	0.998700	0.998741
3110	0.993304	1.000000	1.000000	0.977701	0.998700	0.998741
3120	0.993325	1.000000	1.000000	0.977749	0.998700	0.998741
3130	0.993349	1.000000	1.000000	0.977777	0.998700	0.998741
3140	0.993378	1.000000	1.000000	0.977837	0.998700	0.998741
3150	0.993393	1.000000	1.000000	0.977857	0.998700	0.998741
3160	0.993405	1.000000	1.000000	0.977878	0.998700	0.998741
3170	0.993422	1.000000	1.000000	0.977902	0.998700	0.998741
3180	0.993451	1.000000	1.000000	0.977944	0.998700	0.998741
3190	0.993477	1.000000	1.000000	0.977983	0.998700	0.998741
3200	0.993495	1.000000	1.000000	0.978041	0.998700	0.998741
3210	0.993512	1.000000	1.000000	0.978077	0.998700	0.998741
3220	0.993545	1.000000	1.000000	0.978118	0.998700	0.998741
3230	0.993574	1.000000	1.000000	0.978171	0.998700	0.998741
3240	0.993617	1.000000	1.000000	0.978243	0.998700	0.998741
3250	0.993664	1.000000	1.000000	0.978299	0.998700	0.998741
3260	0.993686	1.000000	1.000000	0.978350	0.998700	0.998741
3270	0.993706	1.000000	1.000000	0.978388	0.998700	0.998741
3280	0.993718	1.000000	1.000000	0.978409	0.998700	0.998741
3290	0.993731	1.000000	1.000000	0.978443	0.998700	0.998741
3300	0.993740	1.000000	1.000000	0.978456	0.998700	0.998741
3310	0.993749	1.000000	1.000000	0.978473	0.998700	0.998741
3320	0.993756	1.000000	1.000000	0.978508	0.998700	0.998741
3330	0.993769	1.000000	1.000000	0.978533	0.998700	0.998741
3340	0.993793	1.000000	1.000000	0.978565	0.998700	0.998741
3350	0.993801	1.000000	1.000000	0.978581	0.998700	0.998741
3360	0.993824	1.000000	1.000000	0.978610	0.998700	0.998741
3370	0.993844	1.000000	1.000000	0.978634	0.998700	0.998741
3380	0.993864	1.000000	1.000000	0.978665	0.998700	0.998741
3390	0.993887	1.000000	1.000000	0.978693	0.998700	0.998741
3400	0.993905	1.000000	1.000000	0.978711	0.998700	0.998741
3410	0.993926	1.000000	1.000000	0.978743	0.998700	0.998741
3420	0.993957	1.000000	1.000000	0.978809	0.998700	0.998741
3430	0.993978	1.000000	1.000000	0.978822	0.998700	0.998741
3440	0.994000	1.000000	1.000000	0.978871	0.998700	0.998741
3450	0.994012	1.000000	1.000000	0.978893	0.998700	0.998741
3460	0.994034	1.000000	1.000000	0.978928	0.998700	0.998741
3470	0.994045	1.000000	1.000000	0.978950	0.998700	0.998741
3480	0.994056	1.000000	1.000000	0.978970	0.998700	0.998741
3490	0.994062	1.000000	1.000000	0.978981	0.998700	0.998741
3500	0.994068	1.000000	1.000000	0.978995	0.998700	0.998741
3510	0.994093	1.000000	1.000000	0.979029	0.998700	0.998741
3520	0.994107	1.000000	1.000000	0.979042	0.998700	0.998741
3530	0.994137	1.000000	1.000000	0.979083	0.998700	0.998741
3540	0.994171	1.000000	1.000000	0.979148	0.998700	0.998741
3550	0.994187	1.000000	1.000000	0.979194	0.998700	0.998741
3560	0.994205	1.000000	1.000000	0.979228	0.998700	0.998741
3570	0.994228	1.000000	1.000000	0.979276	0.998700	0.998741
3580	0.994244	1.000000	1.000000	0.979297	0.998700	0.998741
3590	0.994262	1.000000	1.000000	0.979321	0.998700	0.998741
3600	0.994277	1.000000	1.000000	0.979340	0.998700	0.998741
3610	0.994288	1.000000	1.000000	0.979377	0.998700	0.998741
3620	0.994300	1.000000	1.000000	0.979390	0.998700	0.998741
3630	0.994313	1.000000	1.000000	0.979404	0.998700	0.998741
3640	0.994332	1.000000	1.000000	0.979438	0.998700	0.998741
3650	0.994347	1.000000	1.000000	0.979463	0.998700	0.998741
3660	0.994365	1.000000	1.000000	0.979495	0.998700	0.998741
3670	0.994384	1.000000	1.000000	0.979524	0.998700	0.998741
3680	0.994394	1.000000	1.000000	0.979544	0.998700	0.998741
3690	0.994420	1.000000	1.000000	0.979562	0.998700	0.998741
3700	0.994432	1.000000	1.000000	0.979590	0.998700	0.998741
3710	0.994451	1.000000	1.000000	0.979613	0.998700	0.998741
3720	0.994467	1.000000	1.000000	0.979640	0.998700	0.998741
3730	0.994476	1.000000	1.000000	0.979652	0.998700	0.998741
3740	0.994481	1.000000	1.000000	0.979676	0.998700	0.998741
3750	0.994486	1.000000	1.000000	0.979678	0.998700	0.998741
3760	0.994490	1.000000	1.000000	0.979689	0.998700	0.998741
3770	0.994504	1.000000	1.000000	0.979706	0.998700	0.998741
3780	0.994520	1.000000	1.000000	0.979722	0.998700	0.998741
3790	0.994535	1.000000	1.000000	0.979739	0.998700	0.998741
3800	0.994545	1.000000	1.000000	0.979754	0.998700	0.998741
3810	0.994577	1.000000	1.000000	0.979813	0.998700	0.998741
3820	0.994586	1.000000	1.000000	0.979833	0.998700	0.998741
3830	0.994598	1.000000	1.000000	0.979847	0.998700	0.998741
3840	0.994614	1.000000	1.000000	0.979875	0.998700	0.998741
3850	0.994636	1.000000	1.000000	0.979906	0.998700	0.998741
3860	0.994658	1.000000	1.000000	0.979925	0.998700	0.998741
3870	0.994678	1.000000	1.000000	0.979965	0.998700	0.998741
3880	0.994694	1.000000	1.000000	0.979982	0.998700	0.998741
3890	0.994708	1.000000	1.000000	0.980000	0.998700	0.998741
3900	0.994715	1.000000	1.000000	0.980014	0.998700	0.998741
3910	0.994733	1.000000	1.000000	0.980053	0.998700	0.998741
3920	0.994749	1.000000	1.000000	0.980094	0.998700	0.998741
3930	0.994764	1.000000	1.000000	0.980123	0.998700	0.998741
3940	0.994772	1.000000	1.000000	0.980136	0.998700	0.998741
3950	0.994782	1.000000	1.000000	0.980151	0.998700	0.998741
3960	0.994796	1.000000	1.000000	0.980170	0.998700	0.998741
3970	0.994808	1.000000	1.000000	0.980196	0.998700	0.998741
3980	0.994818	1.000000	1.000000	0.980215	0.998700	0.998741
3990	0.994825	1.000000	1.000000	0.980225	0.998700	0.998741
4000	0.994833	1.000000	1.000000	0.980240	0.998700	0.998741
