10	0.486465	0.824292	0.776463	0.473039	0.814978	0.753655
20	0.582017	0.840134	0.875966	0.561439	0.841410	0.864865
30	0.657331	0.982717	0.982856	0.630110	0.969163	0.971551
40	0.727981	0.991359	0.991416	0.689440	0.973568	0.976028
50	0.772089	0.991839	0.991892	0.727688	0.973568	0.976028
60	0.810645	0.994239	0.994253	0.760396	0.973568	0.976028
70	0.831148	0.995679	0.995703	0.777419	0.973568	0.976028
80	0.856342	0.998080	0.998083	0.799448	0.973568	0.976028
90	0.868706	0.998560	0.998556	0.808308	0.973568	0.976028
100	0.884670	0.998080	0.998082	0.822391	0.973568	0.976028
110	0.892413	0.998560	0.998556	0.828662	0.973568	0.976028
120	0.899305	0.998560	0.998556	0.834073	0.977974	0.979879
130	0.906341	0.999040	0.999042	0.838832	0.977974	0.979879
140	0.912690	0.999520	0.999527	0.843322	0.977974	0.979879
150	0.917634	0.999520	0.999527	0.846629	0.977974	0.979879
160	0.921776	0.999520	0.999527	0.850411	0.977974	0.979879
170	0.926836	0.999520	0.999527	0.853752	0.977974	0.979879
180	0.930644	0.999520	0.999527	0.855448	0.977974	0.979879
190	0.935429	0.999520	0.999527	0.859316	0.977974	0.979879
200	0.938771	0.999520	0.999527	0.861658	0.977974	0.979879
210	0.941552	0.999520	0.999527	0.863460	0.977974	0.979879
220	0.946057	0.999520	0.999527	0.866344	0.977974	0.979879
230	0.948794	1.000000	1.000000	0.868329	0.977974	0.979879
240	0.951959	1.000000	1.000000	0.870452	0.977974	0.979879
250	0.953703	1.000000	1.000000	0.872347	0.977974	0.979879
260	0.956548	1.000000	1.000000	0.874002	0.977974	0.979879
270	0.958830	1.000000	1.000000	0.875503	0.977974	0.979879
280	0.960292	1.000000	1.000000	0.876535	0.977974	0.979879
290	0.961877	1.000000	1.000000	0.876977	0.977974	0.979879
300	0.963958	1.000000	1.000000	0.878297	0.977974	0.979879
310	0.964621	1.000000	1.000000	0.878882	0.977974	0.979879
320	0.965811	1.000000	1.000000	0.879809	0.977974	0.979879
330	0.966498	1.000000	1.000000	0.880399	0.977974	0.979879
340	0.966981	1.000000	1.000000	0.880298	0.977974	0.979879
350	0.968253	1.000000	1.000000	0.881361	0.977974	0.979879
360	0.969008	1.000000	1.000000	0.882162	0.977974	0.979879
370	0.970118	1.000000	1.000000	0.882146	0.977974	0.979879
380	0.970644	1.000000	1.000000	0.882559	0.977974	0.979879
390	0.971366	1.000000	1.000000	0.882446	0.977974	0.979879
400	0.972007	1.000000	1.000000	0.883155	0.977974	0.979879
410	0.972542	1.000000	1.000000	0.883540	0.977974	0.979879
420	0.973187	1.000000	1.000000	0.883416	0.977974	0.979879
430	0.974025	1.000000	1.000000	0.884159	0.977974	0.979879
440	0.974718	1.000000	1.000000	0.884781	0.977974	0.979879
450	0.975243	1.000000	1.000000	0.885174	0.977974	0.979879
460	0.975780	1.000000	1.000000	0.885121	0.977974	0.979879
470	0.976706	1.000000	1.000000	0.885297	0.977974	0.979879
480	0.977035	1.000000	1.000000	0.885392	0.977974	0.979879
490	0.977355	1.000000	1.000000	0.885778	0.977974	0.979879
500	0.977815	1.000000	1.000000	0.886078	0.977974	0.979879
510	0.978621	1.000000	1.000000	0.886595	0.977974	0.979879
520	0.978918	1.000000	1.000000	0.886995	0.977974	0.979879
530	0.979160	1.000000	1.000000	0.886371	0.977974	0.979879
540	0.979789	1.000000	1.000000	0.886357	0.977974	0.979879
550	0.980072	1.000000	1.000000	0.886525	0.977974	0.979879
560	0.980464	1.000000	1.000000	0.886320	0.977974	0.979879
570	0.980832	1.000000	1.000000	0.886452	0.977974	0.979879
580	0.981199	1.000000	1.000000	0.886741	0.977974	0.979879
590	0.981726	1.000000	1.000000	0.886640	0.977974	0.979879
600	0.982209	1.000000	1.000000	0.885899	0.977974	0.979879
610	0.982563	1.000000	1.000000	0.886052	0.977974	0.979879
620	0.982973	1.000000	1.000000	0.886513	0.977974	0.979879
630	0.983255	1.000000	1.000000	0.886614	0.977974	0.979879
640	0.983560	1.000000	1.000000	0.886806	0.977974	0.979879
650	0.983737	1.000000	1.000000	0.886721	0.977974	0.979879
660	0.983853	1.000000	1.000000	0.886631	0.977974	0.979879
670	0.984109	1.000000	1.000000	0.886026	0.977974	0.979879
680	0.984421	1.000000	1.000000	0.886005	0.977974	0.979879
690	0.984669	1.000000	1.000000	0.885788	0.977974	0.979879
700	0.984898	1.000000	1.000000	0.885863	0.977974	0.979879
710	0.985198	1.000000	1.000000	0.885743	0.977974	0.979879
720	0.985329	1.000000	1.000000	0.885631	0.977974	0.979879
730	0.985612	1.000000	1.000000	0.885853	0.977974	0.979879
740	0.985821	1.000000	1.000000	0.885892	0.977974	0.979879
750	0.986128	1.000000	1.000000	0.885317	0.973568	0.975346
760	0.986225	1.000000	1.000000	0.885306	0.973568	0.975346
770	0.986381	1.000000	1.000000	0.885476	0.973568	0.975346
780	0.986596	1.000000	1.000000	0.885583	0.973568	0.975346
790	0.986729	1.000000	1.000000	0.885668	0.973568	0.975346
800	0.986921	1.000000	1.000000	0.885661	0.973568	0.975346
810	0.987174	1.000000	1.000000	0.885089	0.973568	0.975346
820	0.987287	1.000000	1.000000	0.885221	0.973568	0.975346
830	0.987415	1.000000	1.000000	0.885172	0.973568	0.975346
840	0.987561	1.000000	1.000000	0.885145	0.973568	0.975346
850	0.987735	1.000000	1.000000	0.885319	0.973568	0.975346
860	0.987956	1.000000	1.000000	0.884763	0.973568	0.975346
870	0.988077	1.000000	1.000000	0.884846	0.973568	0.975346
880	0.988154	1.000000	1.000000	0.884916	0.973568	0.975346
890	0.988391	1.000000	1.000000	0.885099	0.973568	0.975346
900	0.988504	1.000000	1.000000	0.885132	0.973568	0.975346
910	0.988577	1.000000	1.000000	0.884972	0.973568	0.975346
920	0.988844	1.000000	1.000000	0.885229	0.973568	0.975346
930	0.988968	1.000000	1.000000	0.885124	0.973568	0.975346
940	0.989099	1.000000	1.000000	0.885247	0.973568	0.975346
950	0.989262	1.000000	1.000000	0.884973	0.973568	0.975346
960	0.989346	1.000000	1.000000	0.884817	0.973568	0.975346
970	0.989422	1.000000	1.000000	0.884847	0.973568	0.975346
980	0.989484	1.000000	1.000000	0.884799	0.973568	0.975346
990	0.989602	1.000000	1.000000	0.884936	0.973568	0.975346
1000	0.989676	1.000000	1.000000	0.884834	0.973568	0.975346
1010	0.989756	1.000000	1.000000	0.884972	0.973568	0.975346
1020	0.989871	1.000000	1.000000	0.884664	0.973568	0.975346
1030	0.989922	1.000000	1.000000	0.884542	0.973568	0.975346
1040	0.989989	1.000000	1.000000	0.884548	0.973568	0.975346
1050	0.990057	1.000000	1.000000	0.884423	0.973568	0.975346
1060	0.990220	1.000000	1.000000	0.883945	0.973568	0.975346
1070	0.990281	1.000000	1.000000	0.883905	0.973568	0.975346
1080	0.990329	1.000000	1.000000	0.883900	0.973568	0.975346
1090	0.990378	1.000000	1.000000	0.883855	0.973568	0.975346
1100	0.990405	1.000000	1.000000	0.884025	0.973568	0.975346
1110	0.990558	1.000000	1.000000	0.884046	0.973568	0.975346
1120	0.990745	1.000000	1.000000	0.884315	0.973568	0.975346
1130	0.990876	1.000000	1.000000	0.884497	0.973568	0.975346
1140	0.990936	1.000000	1.000000	0.884511	0.973568	0.975346
1150	0.990988	1.000000	1.000000	0.884385	0.973568	0.975346
1160	0.991049	1.000000	1.000000	0.884128	0.973568	0.975346
1170	0.991096	1.000000	1.000000	0.884285	0.973568	0.975346
1180	0.991153	1.000000	1.000000	0.884297	0.973568	0.975346
1190	0.991228	1.000000	1.000000	0.884277	0.973568	0.975346
1200	0.991298	1.000000	1.000000	0.884253	0.973568	0.975346
1210	0.991361	1.000000	1.000000	0.884297	0.973568	0.975346
1220	0.991392	1.000000	1.000000	0.884388	0.973568	0.975346
1230	0.991432	1.000000	1.000000	0.884327	0.973568	0.975346
1240	0.991514	1.000000	1.000000	0.884096	0.973568	0.975346
1250	0.991620	1.000000	1.000000	0.883573	0.973568	0.975346
1260	0.991711	1.000000	1.000000	0.883697	0.973568	0.975346
1270	0.991784	1.000000	1.000000	0.883787	0.973568	0.975346
1280	0.991845	1.000000	1.000000	0.883894	0.973568	0.975346
1290	0.991890	1.000000	1.000000	0.883799	0.973568	0.975346
1300	0.991928	1.000000	1.000000	0.883686	0.973568	0.975346
1310	0.991958	1.000000	1.000000	0.883616	0.973568	0.975346
1320	0.991998	1.000000	1.000000	0.883377	0.973568	0.975346
1330	0.992031	1.000000	1.000000	0.883303	0.973568	0.975346
1340	0.992079	1.000000	1.000000	0.883332	0.973568	0.975346
1350	0.992133	1.000000	1.000000	0.883332	0.973568	0.975346
1360	0.992214	1.000000	1.000000	0.883390	0.973568	0.975346
1370	0.992241	1.000000	1.000000	0.883414	0.973568	0.975346
1380	0.992291	1.000000	1.000000	0.883458	0.973568	0.975346
1390	0.992330	1.000000	1.000000	0.883505	0.973568	0.975346
1400	0.992421	1.000000	1.000000	0.883254	0.973568	0.975346
1410	0.992472	1.000000	1.000000	0.883034	0.973568	0.975346
1420	0.992492	1.000000	1.000000	0.882984	0.973568	0.975346
1430	0.992553	1.000000	1.000000	0.883098	0.973568	0.975346
1440	0.992636	1.000000	1.000000	0.883151	0.973568	0.975346
1450	0.992672	1.000000	1.000000	0.883123	0.973568	0.975346
1460	0.992692	1.000000	1.000000	0.883160	0.973568	0.975346
1470	0.992725	1.000000	1.000000	0.883195	0.973568	0.975346
1480	0.992782	1.000000	1.000000	0.883272	0.973568	0.975346
1490	0.992951	1.000000	1.000000	0.883472	0.973568	0.975346
1500	0.993021	1.000000	1.000000	0.883492	0.973568	0.975346
1510	0.993062	1.000000	1.000000	0.883528	0.973568	0.975346
1520	0.993081	1.000000	1.000000	0.883682	0.973568	0.975346
1530	0.993116	1.000000	1.000000	0.883688	0.973568	0.975346
1540	0.993153	1.000000	1.000000	0.883729	0.973568	0.975346
1550	0.993210	1.000000	1.000000	0.883530	0.973568	0.975346
1560	0.993280	1.000000	1.000000	0.883164	0.973568	0.975346
1570	0.993324	1.000000	1.000000	0.883187	0.973568	0.975346
1580	0.993349	1.000000	1.000000	0.883210	0.973568	0.975346
1590	0.993383	1.000000	1.000000	0.883161	0.973568	0.975346
1600	0.993406	1.000000	1.000000	0.883147	0.973568	0.975346
1610	0.993436	1.000000	1.000000	0.883211	0.973568	0.975346
1620	0.993482	1.000000	1.000000	0.883225	0.973568	0.975346
1630	0.993518	1.000000	1.000000	0.883116	0.973568	0.975346
1640	0.993563	1.000000	1.000000	0.883125	0.973568	0.975346
1650	0.993601	1.000000	1.000000	0.883189	0.973568	0.975346
1660	0.993639	1.000000	1.000000	0.883074	0.973568	0.975346
1670	0.993668	1.000000	1.000000	0.882989	0.973568	0.975346
1680	0.993714	1.000000	1.000000	0.883006	0.973568	0.975346
1690	0.993751	1.000000	1.000000	0.882847	0.973568	0.975346
1700	0.993801	1.000000	1.000000	0.882714	0.973568	0.975346
1710	0.993915	1.000000	1.000000	0.882839	0.973568	0.975346
1720	0.993969	1.000000	1.000000	0.882792	0.973568	0.975346
1730	0.994022	1.000000	1.000000	0.882668	0.973568	0.975346
1740	0.994046	1.000000	1.000000	0.882717	0.973568	0.975346
1750	0.994075	1.000000	1.000000	0.882786	0.973568	0.975346
1760	0.994099	1.000000	1.000000	0.882781	0.973568	0.975346
1770	0.994116	1.000000	1.000000	0.882797	0.973568	0.975346
1780	0.994167	1.000000	1.000000	0.882909	0.973568	0.975346
1790	0.994210	1.000000	1.000000	0.882924	0.973568	0.975346
1800	0.994244	1.000000	1.000000	0.882935	0.973568	0.975346
1810	0.994270	1.000000	1.000000	0.882879	0.973568	0.975346
1820	0.994307	1.000000	1.000000	0.882729	0.973568	0.975346
1830	0.994354	1.000000	1.000000	0.882314	0.973568	0.975346
1840	0.994395	1.000000	1.000000	0.882424	0.973568	0.975346
1850	0.994417	1.000000	1.000000	0.882409	0.973568	0.975346
1860	0.994433	1.000000	1.000000	0.882343	0.973568	0.975346
1870	0.994456	1.000000	1.000000	0.882295	0.973568	0.975346
1880	0.994470	1.000000	1.000000	0.882135	0.973568	0.975346
1890	0.994507	1.000000	1.000000	0.882076	0.973568	0.975346
1900	0.994522	1.000000	1.000000	0.882118	0.973568	0.975346
1910	0.994544	1.000000	1.000000	0.882095	0.973568	0.975346
1920	0.994566	1.000000	1.000000	0.882054	0.973568	0.975346
1930	0.994598	1.000000	1.000000	0.882074	0.973568	0.975346
1940	0.994631	1.000000	1.000000	0.882148	0.973568	0.975346
1950	0.994657	1.000000	1.000000	0.882126	0.973568	0.975346
1960	0.994690	1.000000	1.000000	0.881948	0.973568	0.975346
1970	0.994780	1.000000	1.000000	0.882053	0.973568	0.975346
1980	0.994804	1.000000	1.000000	0.882039	0.973568	0.975346
1990	0.994821	1.000000	1.000000	0.882063	0.973568	0.975346
2000	0.994851	1.000000	1.000000	0.882132	0.973568	0.975346
2010	0.994903	1.000000	1.000000	0.882158	0.973568	0.975346
2020	0.994922	1.000000	1.000000	0.882183	0.973568	0.975346
2030	0.994952	1.000000	1.000000	0.881985	0.973568	0.975346
2040	0.994971	1.000000	1.000000	0.881841	0.973568	0.975346
2050	0.994983	1.000000	1.000000	0.881889	0.973568	0.975346
2060	0.995004	1.000000	1.000000	0.881811	0.973568	0.975346
2070	0.995013	1.000000	1.000000	0.881833	0.973568	0.975346
2080	0.995038	1.000000	1.000000	0.881788	0.973568	0.975346
2090	0.995065	1.000000	1.000000	0.881516	0.973568	0.975346
2100	0.995087	1.000000	1.000000	0.881557	0.973568	0.975346
2110	0.995111	1.000000	1.000000	0.881780	0.973568	0.975346
2120	0.995134	1.000000	1.000000	0.881803	0.973568	0.975346
2130	0.995147	1.000000	1.000000	0.881685	0.973568	0.975346
2140	0.995160	1.000000	1.000000	0.881630	0.973568	0.975346
2150	0.995176	1.000000	1.000000	0.881619	0.973568	0.975346
2160	0.995194	1.000000	1.000000	0.881627	0.973568	0.975346
2170	0.995217	1.000000	1.000000	0.881599	0.973568	0.975346
2180	0.995236	1.000000	1.000000	0.881610	0.973568	0.975346
2190	0.995281	1.000000	1.000000	0.881463	0.973568	0.975346
2200	0.995325	1.000000	1.000000	0.880965	0.973568	0.975346
2210	0.995357	1.000000	1.000000	0.880720	0.973568	0.975346
2220	0.995372	1.000000	1.000000	0.880710	0.973568	0.975346
2230	0.995389	1.000000	1.000000	0.880713	0.973568	0.975346
2240	0.995406	1.000000	1.000000	0.880716	0.973568	0.975346
2250	0.995428	1.000000	1.000000	0.880752	0.973568	0.975346
2260	0.995441	1.000000	1.000000	0.880783	0.973568	0.975346
2270	0.995461	1.000000	1.000000	0.880820	0.973568	0.975346
2280	0.995493	1.000000	1.000000	0.880870	0.973568	0.975346
2290	0.995506	1.000000	1.000000	0.880782	0.973568	0.975346
2300	0.995527	1.000000	1.000000	0.880788	0.973568	0.975346
2310	0.995537	1.000000	1.000000	0.880825	0.973568	0.975346
2320	0.995550	1.000000	1.000000	0.880813	0.973568	0.975346
2330	0.995571	1.000000	1.000000	0.880857	0.973568	0.975346
2340	0.995595	1.000000	1.000000	0.880918	0.973568	0.975346
2350	0.995607	1.000000	1.000000	0.880889	0.973568	0.975346
2360	0.995620	1.000000	1.000000	0.880827	0.973568	0.975346
2370	0.995645	1.000000	1.000000	0.880689	0.973568	0.975346
2380	0.995657	1.000000	1.000000	0.880669	0.973568	0.975346
2390	0.995667	1.000000	1.000000	0.880665	0.973568	0.975346
2400	0.995681	1.000000	1.000000	0.880670	0.973568	0.975346
2410	0.995687	1.000000	1.000000	0.880619	0.973568	0.975346
2420	0.995692	1.000000	1.000000	0.880579	0.973568	0.975346
2430	0.995696	1.000000	1.000000	0.880549	0.973568	0.975346
2440	0.995702	1.000000	1.000000	0.880433	0.973568	0.975346
2450	0.995719	1.000000	1.000000	0.880365	0.973568	0.975346
