10	0.479356	0.822457	0.766470	0.511090	0.876106	0.786167
20	0.579680	0.963052	0.965094	0.619382	0.964602	0.961431
30	0.664182	0.985125	0.985303	0.686775	0.973451	0.972306
40	0.712875	0.987044	0.987144	0.725261	0.973451	0.972306
50	0.764188	0.990883	0.990974	0.766837	0.973451	0.972306
60	0.795403	0.993282	0.993331	0.795370	0.977876	0.977613
70	0.818531	0.995202	0.995236	0.809750	0.977876	0.977613
80	0.844466	0.996641	0.996667	0.834498	0.977876	0.977613
90	0.859798	0.997601	0.997619	0.847482	0.982301	0.982052
100	0.872420	0.998081	0.998095	0.858539	0.982301	0.982052
110	0.885257	0.998560	0.998573	0.870416	0.986726	0.986270
120	0.894111	0.999040	0.999043	0.875204	0.986726	0.986270
130	0.905127	0.999040	0.999043	0.885210	0.986726	0.986270
140	0.908962	0.999040	0.999043	0.887505	0.986726	0.986270
150	0.916376	0.999520	0.999526	0.894214	0.986726	0.986270
160	0.923459	0.999520	0.999526	0.899850	0.986726	0.986270
170	0.928934	0.999520	0.999526	0.903714	0.986726	0.986270
180	0.933224	1.000000	1.000000	0.907190	0.986726	0.986270
190	0.937985	1.000000	1.000000	0.912509	0.986726	0.986270
200	0.941928	1.000000	1.000000	0.915790	0.986726	0.986270
210	0.943716	1.000000	1.000000	0.916783	0.986726	0.986270
220	0.946633	1.000000	1.000000	0.919498	0.986726	0.986270
230	0.948166	1.000000	1.000000	0.920381	0.986726	0.986270
240	0.950390	1.000000	1.000000	0.921443	0.991150	0.990658
250	0.951892	1.000000	1.000000	0.922257	0.991150	0.990658
260	0.954075	1.000000	1.000000	0.924160	0.991150	0.990658
270	0.956385	1.000000	1.000000	0.926342	0.991150	0.990658
280	0.957776	1.000000	1.000000	0.926857	0.991150	0.990658
290	0.958744	1.000000	1.000000	0.927668	0.991150	0.990658
300	0.960996	1.000000	1.000000	0.929652	0.991150	0.990658
310	0.961934	1.000000	1.000000	0.930035	0.991150	0.990658
320	0.963450	1.000000	1.000000	0.931414	0.991150	0.990658
330	0.965017	1.000000	1.000000	0.933058	0.991150	0.990658
340	0.965700	1.000000	1.000000	0.933172	0.991150	0.990658
350	0.966559	1.000000	1.000000	0.932868	0.991150	0.990658
360	0.968382	1.000000	1.000000	0.935138	0.991150	0.990658
370	0.969257	1.000000	1.000000	0.935219	0.991150	0.990658
380	0.969947	1.000000	1.000000	0.936247	0.991150	0.990658
390	0.970823	1.000000	1.000000	0.937314	0.991150	0.990658
400	0.971516	1.000000	1.000000	0.938774	0.991150	0.990658
410	0.972568	1.000000	1.000000	0.940161	0.991150	0.990658
420	0.973084	1.000000	1.000000	0.940867	0.991150	0.990658
430	0.973486	1.000000	1.000000	0.941083	0.991150	0.990658
440	0.974055	1.000000	1.000000	0.941435	0.991150	0.990658
450	0.974917	1.000000	1.000000	0.942003	0.991150	0.990658
460	0.975863	1.000000	1.000000	0.943267	0.991150	0.990658
470	0.976256	1.000000	1.000000	0.943338	0.991150	0.990658
480	0.976711	1.000000	1.000000	0.943705	0.991150	0.990658
490	0.977372	1.000000	1.000000	0.944068	0.991150	0.990658
500	0.977856	1.000000	1.000000	0.944168	0.991150	0.990658
510	0.978472	1.000000	1.000000	0.944992	0.991150	0.990658
520	0.978770	1.000000	1.000000	0.945415	0.991150	0.990658
530	0.979042	1.000000	1.000000	0.945441	0.991150	0.990658
540	0.979497	1.000000	1.000000	0.945951	0.991150	0.990658
550	0.979738	1.000000	1.000000	0.945959	0.991150	0.990658
560	0.980009	1.000000	1.000000	0.946079	0.991150	0.990658
570	0.980506	1.000000	1.000000	0.946360	0.991150	0.990658
580	0.980877	1.000000	1.000000	0.946777	0.991150	0.990658
590	0.981417	1.000000	1.000000	0.947652	0.991150	0.990658
600	0.981620	1.000000	1.000000	0.947832	0.991150	0.990658
610	0.981961	1.000000	1.000000	0.948087	0.991150	0.990658
620	0.982164	1.000000	1.000000	0.948136	0.991150	0.990658
630	0.982349	1.000000	1.000000	0.948453	0.991150	0.990658
640	0.982490	1.000000	1.000000	0.948534	0.991150	0.990658
650	0.982642	1.000000	1.000000	0.948645	0.991150	0.990658
660	0.983131	1.000000	1.000000	0.949167	0.991150	0.990658
670	0.983453	1.000000	1.000000	0.949319	0.991150	0.990658
680	0.983644	1.000000	1.000000	0.949815	0.991150	0.990658
690	0.983911	1.000000	1.000000	0.950007	0.991150	0.990658
700	0.984030	1.000000	1.000000	0.950080	0.991150	0.990658
710	0.984538	1.000000	1.000000	0.950876	0.991150	0.990658
720	0.984769	1.000000	1.000000	0.950839	0.991150	0.990658
730	0.984938	1.000000	1.000000	0.950707	0.991150	0.990658
740	0.985203	1.000000	1.000000	0.950614	0.991150	0.990658
750	0.985380	1.000000	1.000000	0.950919	0.991150	0.990658
760	0.985563	1.000000	1.000000	0.951079	0.991150	0.990658
770	0.985813	1.000000	1.000000	0.951253	0.991150	0.990658
780	0.985966	1.000000	1.000000	0.951360	0.991150	0.990658
790	0.986068	1.000000	1.000000	0.951394	0.991150	0.990658
800	0.986216	1.000000	1.000000	0.951489	0.991150	0.990658
810	0.986523	1.000000	1.000000	0.952054	0.991150	0.990658
820	0.986679	1.000000	1.000000	0.952195	0.991150	0.990658
830	0.986843	1.000000	1.000000	0.952275	0.991150	0.990658
840	0.986961	1.000000	1.000000	0.952160	0.991150	0.990658
850	0.987082	1.000000	1.000000	0.952235	0.991150	0.990658
860	0.987205	1.000000	1.000000	0.952437	0.991150	0.990658
870	0.987339	1.000000	1.000000	0.952509	0.991150	0.990658
880	0.987575	1.000000	1.000000	0.952708	0.991150	0.990658
890	0.987707	1.000000	1.000000	0.952672	0.991150	0.990658
900	0.987902	1.000000	1.000000	0.952828	0.991150	0.990658
910	0.988047	1.000000	1.000000	0.953178	0.991150	0.990658
920	0.988241	1.000000	1.000000	0.953487	0.991150	0.990658
930	0.988408	1.000000	1.000000	0.953661	0.991150	0.990658
940	0.988532	1.000000	1.000000	0.953783	0.991150	0.990658
950	0.988604	1.000000	1.000000	0.953849	0.991150	0.990658
960	0.988796	1.000000	1.000000	0.954206	0.991150	0.990658
970	0.988964	1.000000	1.000000	0.954236	0.991150	0.990658
980	0.989059	1.000000	1.000000	0.954292	0.991150	0.990658
990	0.989128	1.000000	1.000000	0.954301	0.991150	0.990658
1000	0.989227	1.000000	1.000000	0.954407	0.991150	0.990658
1010	0.989300	1.000000	1.000000	0.954594	0.991150	0.990658
1020	0.989453	1.000000	1.000000	0.954554	0.991150	0.990658
1030	0.989564	1.000000	1.000000	0.954732	0.991150	0.990658
1040	0.989779	1.000000	1.000000	0.955141	0.991150	0.990658
1050	0.989955	1.000000	1.000000	0.955409	0.991150	0.990658
1060	0.990039	1.000000	1.000000	0.955393	0.991150	0.990658
1070	0.990117	1.000000	1.000000	0.955274	0.991150	0.990658
1080	0.990172	1.000000	1.000000	0.955236	0.991150	0.990658
1090	0.990274	1.000000	1.000000	0.955086	0.991150	0.990658
1100	0.990441	1.000000	1.000000	0.955163	0.991150	0.990658
1110	0.990507	1.000000	1.000000	0.955022	0.991150	0.990658
1120	0.990591	1.000000	1.000000	0.954942	0.991150	0.990658
1130	0.990685	1.000000	1.000000	0.954947	0.991150	0.990658
1140	0.990758	1.000000	1.000000	0.954877	0.991150	0.990658
1150	0.990821	1.000000	1.000000	0.954921	0.991150	0.990658
1160	0.990875	1.000000	1.000000	0.954858	0.991150	0.990658
1170	0.990936	1.000000	1.000000	0.954917	0.991150	0.990658
1180	0.990978	1.000000	1.000000	0.955052	0.991150	0.990658
1190	0.991061	1.000000	1.000000	0.955204	0.991150	0.990658
1200	0.991151	1.000000	1.000000	0.955285	0.991150	0.990658
1210	0.991207	1.000000	1.000000	0.955112	0.991150	0.990658
1220	0.991257	1.000000	1.000000	0.955053	0.991150	0.990658
1230	0.991365	1.000000	1.000000	0.955145	0.991150	0.990658
1240	0.991452	1.000000	1.000000	0.955255	0.991150	0.990658
1250	0.991502	1.000000	1.000000	0.955403	0.991150	0.990658
1260	0.991546	1.000000	1.000000	0.955480	0.991150	0.990658
1270	0.991618	1.000000	1.000000	0.955469	0.991150	0.990658
1280	0.991691	1.000000	1.000000	0.955480	0.991150	0.990658
1290	0.991764	1.000000	1.000000	0.955416	0.991150	0.990658
1300	0.991860	1.000000	1.000000	0.955555	0.991150	0.990658
1310	0.991878	1.000000	1.000000	0.955609	0.991150	0.990658
1320	0.991926	1.000000	1.000000	0.955805	0.991150	0.990658
1330	0.992016	1.000000	1.000000	0.955887	0.991150	0.990658
1340	0.992075	1.000000	1.000000	0.955760	0.991150	0.990658
1350	0.992210	1.000000	1.000000	0.956129	0.991150	0.990658
1360	0.992292	1.000000	1.000000	0.956143	0.991150	0.990658
1370	0.992329	1.000000	1.000000	0.956162	0.991150	0.990658
1380	0.992364	1.000000	1.000000	0.956267	0.991150	0.990658
1390	0.992417	1.000000	1.000000	0.956281	0.991150	0.990658
1400	0.992464	1.000000	1.000000	0.956323	0.991150	0.990658
1410	0.992510	1.000000	1.000000	0.956351	0.991150	0.990658
1420	0.992552	1.000000	1.000000	0.956470	0.991150	0.990658
1430	0.992597	1.000000	1.000000	0.956506	0.991150	0.990658
1440	0.992656	1.000000	1.000000	0.956582	0.991150	0.990658
1450	0.992715	1.000000	1.000000	0.956456	0.991150	0.990658
1460	0.992753	1.000000	1.000000	0.956364	0.991150	0.990658
1470	0.992801	1.000000	1.000000	0.956416	0.991150	0.990658
1480	0.992886	1.000000	1.000000	0.956200	0.991150	0.990658
1490	0.992979	1.000000	1.000000	0.956312	0.991150	0.990658
1500	0.993022	1.000000	1.000000	0.956353	0.991150	0.990658
1510	0.993097	1.000000	1.000000	0.956699	0.991150	0.990658
1520	0.993189	1.000000	1.000000	0.956921	0.991150	0.990658
1530	0.993219	1.000000	1.000000	0.956940	0.991150	0.990658
1540	0.993263	1.000000	1.000000	0.956859	0.991150	0.990658
1550	0.993312	1.000000	1.000000	0.956796	0.991150	0.990658
1560	0.993357	1.000000	1.000000	0.956833	0.991150	0.990658
1570	0.993398	1.000000	1.000000	0.956853	0.991150	0.990658
1580	0.993440	1.000000	1.000000	0.956950	0.991150	0.990658
1590	0.993484	1.000000	1.000000	0.956906	0.991150	0.990658
1600	0.993512	1.000000	1.000000	0.956848	0.991150	0.990658
1610	0.993533	1.000000	1.000000	0.956835	0.991150	0.990658
1620	0.993574	1.000000	1.000000	0.956817	0.991150	0.990658
1630	0.993592	1.000000	1.000000	0.956829	0.991150	0.990658
1640	0.993602	1.000000	1.000000	0.956843	0.991150	0.990658
1650	0.993625	1.000000	1.000000	0.956752	0.991150	0.990658
1660	0.993668	1.000000	1.000000	0.956801	0.991150	0.990658
1670	0.993709	1.000000	1.000000	0.956911	0.991150	0.990658
1680	0.993738	1.000000	1.000000	0.956951	0.991150	0.990658
1690	0.993767	1.000000	1.000000	0.956869	0.991150	0.990658
1700	0.993790	1.000000	1.000000	0.956755	0.991150	0.990658
1710	0.993823	1.000000	1.000000	0.956726	0.991150	0.990658
1720	0.993842	1.000000	1.000000	0.956703	0.991150	0.990658
1730	0.993867	1.000000	1.000000	0.956707	0.991150	0.990658
1740	0.993892	1.000000	1.000000	0.956744	0.991150	0.990658
1750	0.993914	1.000000	1.000000	0.956765	0.991150	0.990658
1760	0.993939	1.000000	1.000000	0.956813	0.991150	0.990658
1770	0.994010	1.000000	1.000000	0.956922	0.991150	0.990658
1780	0.994127	1.000000	1.000000	0.957184	0.991150	0.990658
1790	0.994175	1.000000	1.000000	0.957320	0.991150	0.990658
1800	0.994208	1.000000	1.000000	0.957390	0.991150	0.990658
1810	0.994243	1.000000	1.000000	0.957429	0.991150	0.990658
1820	0.994275	1.000000	1.000000	0.957394	0.991150	0.990658
1830	0.994297	1.000000	1.000000	0.957342	0.991150	0.990658
1840	0.994325	1.000000	1.000000	0.957460	0.991150	0.990658
1850	0.994353	1.000000	1.000000	0.957515	0.991150	0.990658
1860	0.994370	1.000000	1.000000	0.957501	0.991150	0.990658
1870	0.994396	1.000000	1.000000	0.957480	0.991150	0.990658
1880	0.994430	1.000000	1.000000	0.957479	0.991150	0.990658
1890	0.994475	1.000000	1.000000	0.957507	0.991150	0.990658
1900	0.994558	1.000000	1.000000	0.957659	0.991150	0.990658
1910	0.994603	1.000000	1.000000	0.957754	0.991150	0.990658
1920	0.994630	1.000000	1.000000	0.957739	0.991150	0.990658
1930	0.994652	1.000000	1.000000	0.957680	0.991150	0.990658
1940	0.994669	1.000000	1.000000	0.957676	0.991150	0.990658
1950	0.994686	1.000000	1.000000	0.957549	0.991150	0.990658
1960	0.994726	1.000000	1.000000	0.957556	0.991150	0.990658
1970	0.994769	1.000000	1.000000	0.957605	0.991150	0.990658
1980	0.994799	1.000000	1.000000	0.957607	0.991150	0.990658
1990	0.994820	1.000000	1.000000	0.957610	0.991150	0.990658
2000	0.994837	1.000000	1.000000	0.957507	0.991150	0.990658
2010	0.994847	1.000000	1.000000	0.957531	0.991150	0.990658
2020	0.994862	1.000000	1.000000	0.957518	0.991150	0.990658
2030	0.994883	1.000000	1.000000	0.957481	0.991150	0.990658
2040	0.994913	1.000000	1.000000	0.957452	0.991150	0.990658
2050	0.994938	1.000000	1.000000	0.957433	0.991150	0.990658
2060	0.994954	1.000000	1.000000	0.957443	0.991150	0.990658
2070	0.994970	1.000000	1.000000	0.957533	0.991150	0.990658
2080	0.994989	1.000000	1.000000	0.957363	0.991150	0.990658
2090	0.995010	1.000000	1.000000	0.957184	0.991150	0.990658
2100	0.995031	1.000000	1.000000	0.957200	0.991150	0.990658
2110	0.995046	1.000000	1.000000	0.957337	0.991150	0.990658
2120	0.995054	1.000000	1.000000	0.957439	0.991150	0.990658
2130	0.995063	1.000000	1.000000	0.957573	0.991150	0.990658
2140	0.995089	1.000000	1.000000	0.957636	0.991150	0.990658
2150	0.995147	1.000000	1.000000	0.957666	0.991150	0.990658
2160	0.995173	1.000000	1.000000	0.957697	0.991150	0.990658
2170	0.995201	1.000000	1.000000	0.957687	0.991150	0.990658
2180	0.995226	1.000000	1.000000	0.957708	0.991150	0.990658
2190	0.995243	1.000000	1.000000	0.957751	0.991150	0.990658
2200	0.995264	1.000000	1.000000	0.957739	0.991150	0.990658
2210	0.995287	1.000000	1.000000	0.957691	0.991150	0.990658
2220	0.995310	1.000000	1.000000	0.957644	0.991150	0.990658
2230	0.995324	1.000000	1.000000	0.957652	0.991150	0.990658
2240	0.995344	1.000000	1.000000	0.957668	0.991150	0.990658
2250	0.995399	1.000000	1.000000	0.957788	0.991150	0.990658
2260	0.995422	1.000000	1.000000	0.957816	0.991150	0.990658
2270	0.995446	1.000000	1.000000	0.957791	0.991150	0.990658
2280	0.995458	1.000000	1.000000	0.957648	0.991150	0.990658
2290	0.995471	1.000000	1.000000	0.957544	0.991150	0.990658
2300	0.995496	1.000000	1.000000	0.957616	0.991150	0.990658
2310	0.995523	1.000000	1.000000	0.957598	0.991150	0.990658
2320	0.995550	1.000000	1.000000	0.957629	0.991150	0.990658
2330	0.995560	1.000000	1.000000	0.957668	0.991150	0.990658
2340	0.995567	1.000000	1.000000	0.957810	0.991150	0.990658
2350	0.995595	1.000000	1.000000	0.957860	0.991150	0.990658
2360	0.995615	1.000000	1.000000	0.957847	0.991150	0.990658
2370	0.995637	1.000000	1.000000	0.957844	0.991150	0.990658
2380	0.995659	1.000000	1.000000	0.957804	0.991150	0.990658
2390	0.995681	1.000000	1.000000	0.957757	0.991150	0.990658
2400	0.995706	1.000000	1.000000	0.957772	0.991150	0.990658
2410	0.995717	1.000000	1.000000	0.957759	0.991150	0.990658
2420	0.995729	1.000000	1.000000	0.957746	0.991150	0.990658
2430	0.995744	1.000000	1.000000	0.957600	0.991150	0.990658
2440	0.995760	1.000000	1.000000	0.957622	0.991150	0.990658
2450	0.995777	1.000000	1.000000	0.957665	0.991150	0.990658
