10	0.497334	0.824793	0.778356	0.477810	0.804598	0.751504
20	0.588256	0.974622	0.975146	0.563558	0.965517	0.965470
30	0.673029	0.983407	0.983528	0.644964	0.973180	0.971815
40	0.718504	0.988775	0.988807	0.693082	0.980843	0.979329
50	0.772509	0.992191	0.992190	0.743477	0.980843	0.979329
60	0.809394	0.994143	0.994122	0.778493	0.980843	0.979329
70	0.830572	0.995608	0.995592	0.799826	0.984674	0.983439
80	0.852748	0.997072	0.997075	0.818911	0.988506	0.987340
90	0.867844	0.998048	0.998063	0.831059	0.988506	0.987340
100	0.883010	0.998048	0.998063	0.847334	0.984674	0.983439
110	0.896802	0.998048	0.998063	0.859040	0.988506	0.987340
120	0.902878	0.998048	0.998063	0.865294	0.992337	0.991409
130	0.909425	0.998536	0.998546	0.872616	0.992337	0.991409
140	0.918464	1.000000	1.000000	0.879827	0.992337	0.991409
150	0.924190	1.000000	1.000000	0.885058	0.992337	0.991409
160	0.930508	1.000000	1.000000	0.889836	0.992337	0.991409
170	0.934857	1.000000	1.000000	0.894036	0.988506	0.988229
180	0.938428	1.000000	1.000000	0.897110	0.988506	0.988229
190	0.943075	1.000000	1.000000	0.900710	0.988506	0.988229
200	0.945375	1.000000	1.000000	0.903508	0.988506	0.988229
210	0.948405	1.000000	1.000000	0.906874	0.988506	0.988229
220	0.951753	1.000000	1.000000	0.909671	0.988506	0.988229
230	0.953564	1.000000	1.000000	0.911184	0.988506	0.988229
240	0.956216	1.000000	1.000000	0.913529	0.988506	0.988229
250	0.957976	1.000000	1.000000	0.915100	0.988506	0.988229
260	0.959578	1.000000	1.000000	0.917079	0.988506	0.988229
270	0.960922	1.000000	1.000000	0.918131	0.988506	0.988229
280	0.962261	1.000000	1.000000	0.919437	0.988506	0.988229
290	0.964089	1.000000	1.000000	0.920698	0.988506	0.988229
300	0.964980	1.000000	1.000000	0.921501	0.988506	0.988229
310	0.966550	1.000000	1.000000	0.922658	0.988506	0.988229
320	0.967474	1.000000	1.000000	0.923639	0.988506	0.988229
330	0.968540	1.000000	1.000000	0.924319	0.988506	0.988229
340	0.969522	1.000000	1.000000	0.925259	0.988506	0.988229
350	0.970292	1.000000	1.000000	0.926919	0.988506	0.988229
360	0.970785	1.000000	1.000000	0.927459	0.988506	0.988229
370	0.971645	1.000000	1.000000	0.927627	0.988506	0.988229
380	0.972397	1.000000	1.000000	0.928630	0.988506	0.988229
390	0.972742	1.000000	1.000000	0.928857	0.988506	0.988229
400	0.973476	1.000000	1.000000	0.929114	0.988506	0.988229
410	0.974627	1.000000	1.000000	0.929754	0.988506	0.988229
420	0.974983	1.000000	1.000000	0.930114	0.988506	0.988229
430	0.975577	1.000000	1.000000	0.930632	0.988506	0.988229
440	0.976601	1.000000	1.000000	0.931140	0.988506	0.988229
450	0.977297	1.000000	1.000000	0.931684	0.988506	0.988229
460	0.977669	1.000000	1.000000	0.931832	0.988506	0.988229
470	0.978103	1.000000	1.000000	0.932165	0.988506	0.988229
480	0.978481	1.000000	1.000000	0.932659	0.988506	0.988229
490	0.978800	1.000000	1.000000	0.933089	0.988506	0.988229
500	0.979086	1.000000	1.000000	0.933185	0.988506	0.988229
510	0.979545	1.000000	1.000000	0.933468	0.988506	0.988229
520	0.980317	1.000000	1.000000	0.933952	0.988506	0.988229
530	0.980837	1.000000	1.000000	0.934143	0.988506	0.988229
540	0.981220	1.000000	1.000000	0.934806	0.988506	0.988229
550	0.981536	1.000000	1.000000	0.935165	0.988506	0.988229
560	0.981802	1.000000	1.000000	0.935447	0.988506	0.988229
570	0.982089	1.000000	1.000000	0.935648	0.988506	0.988229
580	0.982437	1.000000	1.000000	0.935661	0.988506	0.988229
590	0.982871	1.000000	1.000000	0.935616	0.988506	0.988229
600	0.983154	1.000000	1.000000	0.935665	0.988506	0.988229
610	0.983379	1.000000	1.000000	0.935855	0.988506	0.988229
620	0.983658	1.000000	1.000000	0.936083	0.988506	0.988229
630	0.983836	1.000000	1.000000	0.936067	0.988506	0.988229
640	0.984167	1.000000	1.000000	0.936273	0.988506	0.988229
650	0.984406	1.000000	1.000000	0.936534	0.988506	0.988229
660	0.984573	1.000000	1.000000	0.937140	0.988506	0.988229
670	0.985021	1.000000	1.000000	0.937454	0.988506	0.988229
680	0.985274	1.000000	1.000000	0.937640	0.988506	0.988229
690	0.985571	1.000000	1.000000	0.937905	0.988506	0.988229
700	0.985786	1.000000	1.000000	0.937908	0.988506	0.988229
710	0.985916	1.000000	1.000000	0.938127	0.988506	0.988229
720	0.986109	1.000000	1.000000	0.938266	0.988506	0.988229
730	0.986302	1.000000	1.000000	0.938236	0.988506	0.988229
740	0.986475	1.000000	1.000000	0.938513	0.988506	0.988229
750	0.986563	1.000000	1.000000	0.938616	0.988506	0.988229
760	0.986790	1.000000	1.000000	0.938762	0.988506	0.988229
770	0.986952	1.000000	1.000000	0.938830	0.988506	0.988229
780	0.987218	1.000000	1.000000	0.938910	0.988506	0.988229
790	0.987342	1.000000	1.000000	0.939016	0.988506	0.988229
800	0.987484	1.000000	1.000000	0.939367	0.988506	0.988229
810	0.987634	1.000000	1.000000	0.939481	0.988506	0.988229
820	0.987765	1.000000	1.000000	0.939467	0.988506	0.988229
830	0.987885	1.000000	1.000000	0.939483	0.988506	0.988229
840	0.988060	1.000000	1.000000	0.939647	0.988506	0.988229
850	0.988200	1.000000	1.000000	0.940072	0.988506	0.988229
860	0.988417	1.000000	1.000000	0.940183	0.988506	0.988229
870	0.988579	1.000000	1.000000	0.940191	0.988506	0.988229
880	0.988710	1.000000	1.000000	0.940378	0.988506	0.988229
890	0.988915	1.000000	1.000000	0.940376	0.988506	0.988229
900	0.989040	1.000000	1.000000	0.940495	0.988506	0.988229
910	0.989154	1.000000	1.000000	0.940608	0.988506	0.988229
920	0.989252	1.000000	1.000000	0.940682	0.988506	0.988229
930	0.989330	1.000000	1.000000	0.940761	0.988506	0.988229
940	0.989448	1.000000	1.000000	0.940981	0.988506	0.988229
950	0.989673	1.000000	1.000000	0.941062	0.988506	0.988229
960	0.989841	1.000000	1.000000	0.941168	0.988506	0.988229
970	0.989926	1.000000	1.000000	0.941098	0.988506	0.988229
980	0.990020	1.000000	1.000000	0.941150	0.988506	0.988229
990	0.990172	1.000000	1.000000	0.941201	0.988506	0.988229
1000	0.990272	1.000000	1.000000	0.941263	0.988506	0.988229
1010	0.990332	1.000000	1.000000	0.941334	0.988506	0.988229
1020	0.990433	1.000000	1.000000	0.941410	0.988506	0.988229
1030	0.990591	1.000000	1.000000	0.941386	0.988506	0.988229
1040	0.990678	1.000000	1.000000	0.941705	0.988506	0.988229
1050	0.990774	1.000000	1.000000	0.941763	0.988506	0.988229
1060	0.990836	1.000000	1.000000	0.941871	0.988506	0.988229
1070	0.990882	1.000000	1.000000	0.942026	0.988506	0.988229
1080	0.990960	1.000000	1.000000	0.941992	0.988506	0.988229
1090	0.991108	1.000000	1.000000	0.941986	0.988506	0.988229
1100	0.991182	1.000000	1.000000	0.942013	0.988506	0.988229
1110	0.991235	1.000000	1.000000	0.942136	0.988506	0.988229
1120	0.991328	1.000000	1.000000	0.942184	0.988506	0.988229
1130	0.991476	1.000000	1.000000	0.942182	0.988506	0.988229
1140	0.991561	1.000000	1.000000	0.942237	0.988506	0.988229
1150	0.991632	1.000000	1.000000	0.942371	0.988506	0.988229
1160	0.991697	1.000000	1.000000	0.942367	0.988506	0.988229
1170	0.991749	1.000000	1.000000	0.942456	0.988506	0.988229
1180	0.991768	1.000000	1.000000	0.942472	0.988506	0.988229
1190	0.991825	1.000000	1.000000	0.942638	0.988506	0.988229
1200	0.991863	1.000000	1.000000	0.942679	0.988506	0.988229
1210	0.991902	1.000000	1.000000	0.942705	0.988506	0.988229
1220	0.991985	1.000000	1.000000	0.942645	0.988506	0.988229
1230	0.992092	1.000000	1.000000	0.942741	0.988506	0.988229
1240	0.992198	1.000000	1.000000	0.942827	0.988506	0.988229
1250	0.992235	1.000000	1.000000	0.942754	0.988506	0.988229
1260	0.992284	1.000000	1.000000	0.942945	0.988506	0.988229
1270	0.992346	1.000000	1.000000	0.943003	0.988506	0.988229
1280	0.992410	1.000000	1.000000	0.943061	0.988506	0.988229
1290	0.992466	1.000000	1.000000	0.943076	0.988506	0.988229
1300	0.992509	1.000000	1.000000	0.943106	0.988506	0.988229
1310	0.992618	1.000000	1.000000	0.943049	0.988506	0.988229
1320	0.992692	1.000000	1.000000	0.942966	0.988506	0.988229
1330	0.992725	1.000000	1.000000	0.942971	0.988506	0.988229
1340	0.992780	1.000000	1.000000	0.943007	0.988506	0.988229
1350	0.992818	1.000000	1.000000	0.943039	0.988506	0.988229
1360	0.992861	1.000000	1.000000	0.943065	0.988506	0.988229
1370	0.992913	1.000000	1.000000	0.943014	0.988506	0.988229
1380	0.992995	1.000000	1.000000	0.943005	0.988506	0.988229
1390	0.993066	1.000000	1.000000	0.942935	0.988506	0.988229
1400	0.993124	1.000000	1.000000	0.942955	0.988506	0.988229
1410	0.993212	1.000000	1.000000	0.943121	0.988506	0.988229
1420	0.993277	1.000000	1.000000	0.943193	0.988506	0.988229
1430	0.993345	1.000000	1.000000	0.943281	0.988506	0.988229
1440	0.993391	1.000000	1.000000	0.943302	0.988506	0.988229
1450	0.993442	1.000000	1.000000	0.943322	0.988506	0.988229
1460	0.993475	1.000000	1.000000	0.943295	0.988506	0.988229
1470	0.993507	1.000000	1.000000	0.943335	0.988506	0.988229
1480	0.993543	1.000000	1.000000	0.943370	0.988506	0.988229
1490	0.993574	1.000000	1.000000	0.943453	0.988506	0.988229
1500	0.993588	1.000000	1.000000	0.943452	0.988506	0.988229
1510	0.993635	1.000000	1.000000	0.943522	0.988506	0.988229
1520	0.993752	1.000000	1.000000	0.943601	0.988506	0.988229
1530	0.993820	1.000000	1.000000	0.943498	0.988506	0.988229
1540	0.993871	1.000000	1.000000	0.943399	0.988506	0.988229
1550	0.993893	1.000000	1.000000	0.943448	0.988506	0.988229
1560	0.993917	1.000000	1.000000	0.943483	0.988506	0.988229
1570	0.993956	1.000000	1.000000	0.943484	0.988506	0.988229
1580	0.993991	1.000000	1.000000	0.943816	0.988506	0.988229
1590	0.994027	1.000000	1.000000	0.943885	0.988506	0.988229
1600	0.994055	1.000000	1.000000	0.943870	0.988506	0.988229
1610	0.994071	1.000000	1.000000	0.943894	0.988506	0.988229
1620	0.994095	1.000000	1.000000	0.943893	0.988506	0.988229
1630	0.994124	1.000000	1.000000	0.943930	0.988506	0.988229
1640	0.994157	1.000000	1.000000	0.943981	0.988506	0.988229
1650	0.994247	1.000000	1.000000	0.943742	0.988506	0.988229
1660	0.994275	1.000000	1.000000	0.943703	0.988506	0.988229
1670	0.994317	1.000000	1.000000	0.943839	0.988506	0.988229
1680	0.994354	1.000000	1.000000	0.943847	0.988506	0.988229
1690	0.994375	1.000000	1.000000	0.943848	0.988506	0.988229
1700	0.994398	1.000000	1.000000	0.943849	0.988506	0.988229
1710	0.994432	1.000000	1.000000	0.943858	0.988506	0.988229
1720	0.994453	1.000000	1.000000	0.943834	0.988506	0.988229
1730	0.994479	1.000000	1.000000	0.943922	0.988506	0.988229
1740	0.994498	1.000000	1.000000	0.943937	0.988506	0.988229
1750	0.994525	1.000000	1.000000	0.943924	0.988506	0.988229
1760	0.994548	1.000000	1.000000	0.943925	0.988506	0.988229
1770	0.994591	1.000000	1.000000	0.943970	0.988506	0.988229
1780	0.994620	1.000000	1.000000	0.943945	0.988506	0.988229
1790	0.994651	1.000000	1.000000	0.943983	0.988506	0.988229
1800	0.994682	1.000000	1.000000	0.943969	0.988506	0.988229
1810	0.994741	1.000000	1.000000	0.944022	0.988506	0.988229
1820	0.994818	1.000000	1.000000	0.944022	0.988506	0.988229
1830	0.994844	1.000000	1.000000	0.944017	0.988506	0.988229
1840	0.994863	1.000000	1.000000	0.944020	0.988506	0.988229
1850	0.994887	1.000000	1.000000	0.944043	0.988506	0.988229
1860	0.994920	1.000000	1.000000	0.944164	0.988506	0.988229
1870	0.994933	1.000000	1.000000	0.944147	0.988506	0.988229
1880	0.994957	1.000000	1.000000	0.944110	0.988506	0.988229
1890	0.994972	1.000000	1.000000	0.944125	0.988506	0.988229
1900	0.994988	1.000000	1.000000	0.944161	0.988506	0.988229
1910	0.995028	1.000000	1.000000	0.944049	0.988506	0.988229
1920	0.995058	1.000000	1.000000	0.944055	0.988506	0.988229
1930	0.995077	1.000000	1.000000	0.944034	0.988506	0.988229
1940	0.995097	1.000000	1.000000	0.944044	0.988506	0.988229
1950	0.995148	1.000000	1.000000	0.943915	0.988506	0.988229
1960	0.995188	1.000000	1.000000	0.943864	0.988506	0.988229
1970	0.995213	1.000000	1.000000	0.943843	0.988506	0.988229
1980	0.995229	1.000000	1.000000	0.943878	0.988506	0.988229
1990	0.995257	1.000000	1.000000	0.943829	0.988506	0.988229
2000	0.995280	1.000000	1.000000	0.943945	0.988506	0.988229
2010	0.995294	1.000000	1.000000	0.943983	0.988506	0.988229
2020	0.995305	1.000000	1.000000	0.944011	0.988506	0.988229
2030	0.995311	1.000000	1.000000	0.944000	0.988506	0.988229
2040	0.995316	1.000000	1.000000	0.943998	0.988506	0.988229
2050	0.995321	1.000000	1.000000	0.943990	0.988506	0.988229
2060	0.995324	1.000000	1.000000	0.943974	0.988506	0.988229
2070	0.995329	1.000000	1.000000	0.943957	0.988506	0.988229
2080	0.995341	1.000000	1.000000	0.943980	0.988506	0.988229
2090	0.995367	1.000000	1.000000	0.944012	0.988506	0.988229
2100	0.995397	1.000000	1.000000	0.943941	0.988506	0.988229
2110	0.995422	1.000000	1.000000	0.944128	0.988506	0.988229
2120	0.995452	1.000000	1.000000	0.944102	0.988506	0.988229
2130	0.995470	1.000000	1.000000	0.944138	0.988506	0.988229
2140	0.995483	1.000000	1.000000	0.944143	0.988506	0.988229
2150	0.995495	1.000000	1.000000	0.944700	0.988506	0.988229
2160	0.995519	1.000000	1.000000	0.944773	0.988506	0.988229
2170	0.995535	1.000000	1.000000	0.944893	0.988506	0.988229
2180	0.995549	1.000000	1.000000	0.944879	0.988506	0.988229
2190	0.995558	1.000000	1.000000	0.944923	0.988506	0.988229
2200	0.995578	1.000000	1.000000	0.944963	0.988506	0.988229
2210	0.995595	1.000000	1.000000	0.945031	0.988506	0.988229
2220	0.995616	1.000000	1.000000	0.945131	0.988506	0.988229
2230	0.995645	1.000000	1.000000	0.945162	0.988506	0.988229
2240	0.995656	1.000000	1.000000	0.945165	0.988506	0.988229
2250	0.995668	1.000000	1.000000	0.945173	0.988506	0.988229
2260	0.995687	1.000000	1.000000	0.945175	0.988506	0.988229
2270	0.995698	1.000000	1.000000	0.945189	0.988506	0.988229
2280	0.995720	1.000000	1.000000	0.945167	0.988506	0.988229
2290	0.995783	1.000000	1.000000	0.944839	0.988506	0.988229
2300	0.995820	1.000000	1.000000	0.944704	0.988506	0.988229
2310	0.995842	1.000000	1.000000	0.944658	0.988506	0.988229
2320	0.995858	1.000000	1.000000	0.944740	0.988506	0.988229
2330	0.995872	1.000000	1.000000	0.944716	0.988506	0.988229
2340	0.995889	1.000000	1.000000	0.944741	0.988506	0.988229
2350	0.995904	1.000000	1.000000	0.944723	0.988506	0.988229
2360	0.995950	1.000000	1.000000	0.944740	0.988506	0.988229
2370	0.995988	1.000000	1.000000	0.944761	0.988506	0.988229
2380	0.996008	1.000000	1.000000	0.944757	0.988506	0.988229
2390	0.996020	1.000000	1.000000	0.944794	0.988506	0.988229
2400	0.996032	1.000000	1.000000	0.944815	0.988506	0.988229
2410	0.996044	1.000000	1.000000	0.944865	0.988506	0.988229
2420	0.996074	1.000000	1.000000	0.944784	0.988506	0.988229
2430	0.996091	1.000000	1.000000	0.944722	0.988506	0.988229
2440	0.996105	1.000000	1.000000	0.944667	0.988506	0.988229
2450	0.996122	1.000000	1.000000	0.944818	0.988506	0.988229
