10	0.506525	0.829513	0.776532	0.509318	0.824074	0.773853
20	0.614793	0.981853	0.982229	0.597133	0.976852	0.973187
30	0.682729	0.985673	0.985946	0.660375	0.976852	0.973187
40	0.728106	0.988061	0.988213	0.703861	0.976852	0.973187
50	0.772186	0.989494	0.989610	0.742614	0.976852	0.973187
60	0.810949	0.993792	0.993848	0.778293	0.976852	0.972936
70	0.831418	0.995224	0.995249	0.796261	0.976852	0.972936
80	0.848666	0.996180	0.996183	0.811396	0.981481	0.978481
90	0.863376	0.996180	0.996183	0.825965	0.981481	0.978664
100	0.874612	0.997135	0.997138	0.834193	0.981481	0.978481
110	0.884966	0.998090	0.998104	0.841521	0.981481	0.978481
120	0.897319	0.998567	0.998572	0.855300	0.981481	0.977336
130	0.906456	0.999045	0.999043	0.863845	0.981481	0.977336
140	0.916176	0.999522	0.999515	0.873965	0.981481	0.977336
150	0.921171	0.999522	0.999515	0.877222	0.981481	0.977336
160	0.925296	0.999522	0.999515	0.880342	0.981481	0.977336
170	0.930236	0.999522	0.999515	0.887062	0.986111	0.983797
180	0.933453	1.000000	1.000000	0.890316	0.986111	0.983797
190	0.936887	0.999522	0.999515	0.894009	0.990741	0.989158
200	0.940931	1.000000	1.000000	0.897378	0.990741	0.989158
210	0.944164	1.000000	1.000000	0.900992	0.990741	0.989158
220	0.946125	1.000000	1.000000	0.903195	0.990741	0.989158
230	0.949527	1.000000	1.000000	0.905968	0.990741	0.989158
240	0.950827	1.000000	1.000000	0.906832	0.990741	0.989158
250	0.952645	1.000000	1.000000	0.908713	0.990741	0.989158
260	0.954440	1.000000	1.000000	0.910695	0.990741	0.989158
270	0.956390	1.000000	1.000000	0.912912	0.990741	0.989158
280	0.957689	1.000000	1.000000	0.913156	0.986111	0.983861
290	0.958955	1.000000	1.000000	0.913950	0.986111	0.983861
300	0.960594	1.000000	1.000000	0.915183	0.986111	0.983861
310	0.961648	1.000000	1.000000	0.916135	0.986111	0.983861
320	0.962759	1.000000	1.000000	0.916908	0.986111	0.983861
330	0.964631	1.000000	1.000000	0.919222	0.986111	0.983861
340	0.965646	1.000000	1.000000	0.920089	0.986111	0.983861
350	0.967098	1.000000	1.000000	0.921968	0.990741	0.989158
360	0.967997	1.000000	1.000000	0.922500	0.990741	0.989158
370	0.968666	1.000000	1.000000	0.922857	0.990741	0.989158
380	0.969589	1.000000	1.000000	0.923194	0.990741	0.989158
390	0.970674	1.000000	1.000000	0.924538	0.990741	0.989158
400	0.971265	1.000000	1.000000	0.924485	0.990741	0.989158
410	0.972037	1.000000	1.000000	0.925652	0.990741	0.989158
420	0.973049	1.000000	1.000000	0.926890	0.990741	0.989158
430	0.973794	1.000000	1.000000	0.927093	0.990741	0.989158
440	0.974293	1.000000	1.000000	0.927728	0.990741	0.989158
450	0.975197	1.000000	1.000000	0.928767	0.990741	0.989158
460	0.975747	1.000000	1.000000	0.928969	0.990741	0.989158
470	0.976099	1.000000	1.000000	0.929318	0.990741	0.989158
480	0.976663	1.000000	1.000000	0.929928	0.990741	0.989158
490	0.977052	1.000000	1.000000	0.930294	0.990741	0.989158
500	0.977728	1.000000	1.000000	0.930894	0.990741	0.989158
510	0.978286	1.000000	1.000000	0.931201	0.990741	0.989158
520	0.978559	1.000000	1.000000	0.931628	0.990741	0.989158
530	0.978773	1.000000	1.000000	0.932102	0.990741	0.989158
540	0.979343	1.000000	1.000000	0.932864	0.990741	0.989158
550	0.979872	1.000000	1.000000	0.933248	0.990741	0.989158
560	0.980170	1.000000	1.000000	0.933307	0.990741	0.989158
570	0.980445	1.000000	1.000000	0.933178	0.990741	0.989158
580	0.980747	1.000000	1.000000	0.933542	0.990741	0.989158
590	0.981112	1.000000	1.000000	0.933977	0.990741	0.989158
600	0.981423	1.000000	1.000000	0.934318	0.986111	0.983861
610	0.981797	1.000000	1.000000	0.934890	0.986111	0.983861
620	0.982081	1.000000	1.000000	0.935046	0.986111	0.983861
630	0.982284	1.000000	1.000000	0.935394	0.986111	0.983861
640	0.982472	1.000000	1.000000	0.935624	0.986111	0.983861
650	0.982863	1.000000	1.000000	0.935769	0.986111	0.983861
660	0.983084	1.000000	1.000000	0.935789	0.986111	0.983861
670	0.983387	1.000000	1.000000	0.935980	0.990741	0.989158
680	0.983595	1.000000	1.000000	0.936288	0.990741	0.989158
690	0.983861	1.000000	1.000000	0.936496	0.990741	0.989158
700	0.984065	1.000000	1.000000	0.936514	0.986111	0.983861
710	0.984275	1.000000	1.000000	0.936420	0.990741	0.989158
720	0.984471	1.000000	1.000000	0.936586	0.990741	0.989158
730	0.984718	1.000000	1.000000	0.936928	0.990741	0.989158
740	0.985063	1.000000	1.000000	0.937381	0.990741	0.989158
750	0.985177	1.000000	1.000000	0.937642	0.990741	0.989158
760	0.985427	1.000000	1.000000	0.938296	0.990741	0.989158
770	0.985616	1.000000	1.000000	0.938545	0.990741	0.989158
780	0.985732	1.000000	1.000000	0.938651	0.990741	0.989158
790	0.985969	1.000000	1.000000	0.938978	0.990741	0.989158
800	0.986116	1.000000	1.000000	0.938743	0.990741	0.989158
810	0.986285	1.000000	1.000000	0.939079	0.990741	0.989158
820	0.986477	1.000000	1.000000	0.939308	0.990741	0.989158
830	0.986594	1.000000	1.000000	0.939455	0.990741	0.989158
840	0.986850	1.000000	1.000000	0.939708	0.990741	0.989158
850	0.987063	1.000000	1.000000	0.939709	0.990741	0.989158
860	0.987307	1.000000	1.000000	0.940008	0.990741	0.989158
870	0.987432	1.000000	1.000000	0.940113	0.990741	0.989158
880	0.987537	1.000000	1.000000	0.940016	0.990741	0.989158
890	0.987709	1.000000	1.000000	0.940215	0.990741	0.989158
900	0.987810	1.000000	1.000000	0.940352	0.990741	0.989158
910	0.987965	1.000000	1.000000	0.940563	0.990741	0.989158
920	0.988211	1.000000	1.000000	0.940935	0.990741	0.989158
930	0.988364	1.000000	1.000000	0.941019	0.990741	0.989158
940	0.988627	1.000000	1.000000	0.941146	0.990741	0.989158
950	0.988694	1.000000	1.000000	0.941114	0.990741	0.989158
960	0.988801	1.000000	1.000000	0.941043	0.990741	0.989158
970	0.989007	1.000000	1.000000	0.941237	0.990741	0.989158
980	0.989077	1.000000	1.000000	0.941457	0.990741	0.989158
990	0.989171	1.000000	1.000000	0.941415	0.990741	0.989158
1000	0.989298	1.000000	1.000000	0.941455	0.990741	0.989158
1010	0.989375	1.000000	1.000000	0.941587	0.990741	0.989158
1020	0.989463	1.000000	1.000000	0.941667	0.990741	0.989158
1030	0.989571	1.000000	1.000000	0.941492	0.990741	0.989158
1040	0.989661	1.000000	1.000000	0.941451	0.990741	0.989158
1050	0.989779	1.000000	1.000000	0.941455	0.990741	0.989158
1060	0.989889	1.000000	1.000000	0.941577	0.990741	0.989158
1070	0.990036	1.000000	1.000000	0.941843	0.990741	0.989158
1080	0.990127	1.000000	1.000000	0.941791	0.990741	0.989158
1090	0.990286	1.000000	1.000000	0.941877	0.990741	0.989158
1100	0.990414	1.000000	1.000000	0.941941	0.990741	0.989158
1110	0.990459	1.000000	1.000000	0.941856	0.990741	0.989158
1120	0.990495	1.000000	1.000000	0.941793	0.990741	0.989158
1130	0.990594	1.000000	1.000000	0.941908	0.990741	0.989158
1140	0.990711	1.000000	1.000000	0.942177	0.990741	0.989158
1150	0.990768	1.000000	1.000000	0.942132	0.990741	0.989158
1160	0.990858	1.000000	1.000000	0.942150	0.990741	0.989158
1170	0.990913	1.000000	1.000000	0.941993	0.990741	0.989158
1180	0.991066	1.000000	1.000000	0.942242	0.990741	0.989158
1190	0.991141	1.000000	1.000000	0.942261	0.990741	0.989158
1200	0.991178	1.000000	1.000000	0.942326	0.990741	0.989158
1210	0.991224	1.000000	1.000000	0.942328	0.990741	0.989158
1220	0.991307	1.000000	1.000000	0.942421	0.990741	0.989158
1230	0.991370	1.000000	1.000000	0.942163	0.990741	0.989158
1240	0.991476	1.000000	1.000000	0.942311	0.990741	0.989158
1250	0.991543	1.000000	1.000000	0.942348	0.990741	0.989158
1260	0.991580	1.000000	1.000000	0.942394	0.990741	0.989158
1270	0.991634	1.000000	1.000000	0.942663	0.990741	0.989158
1280	0.991683	1.000000	1.000000	0.942669	0.990741	0.989158
1290	0.991795	1.000000	1.000000	0.942750	0.990741	0.989158
1300	0.991891	1.000000	1.000000	0.942732	0.990741	0.989158
1310	0.991931	1.000000	1.000000	0.942828	0.990741	0.989158
1320	0.991981	1.000000	1.000000	0.942823	0.990741	0.989158
1330	0.992014	1.000000	1.000000	0.942799	0.990741	0.989158
1340	0.992060	1.000000	1.000000	0.942874	0.990741	0.989158
1350	0.992112	1.000000	1.000000	0.942887	0.990741	0.989158
1360	0.992244	1.000000	1.000000	0.943012	0.990741	0.989158
1370	0.992306	1.000000	1.000000	0.943039	0.990741	0.989158
1380	0.992343	1.000000	1.000000	0.943125	0.990741	0.989158
1390	0.992403	1.000000	1.000000	0.943218	0.990741	0.989158
1400	0.992440	1.000000	1.000000	0.943087	0.990741	0.989158
1410	0.992472	1.000000	1.000000	0.943053	0.990741	0.989158
1420	0.992510	1.000000	1.000000	0.943109	0.990741	0.989158
1430	0.992552	1.000000	1.000000	0.942959	0.990741	0.989158
1440	0.992594	1.000000	1.000000	0.943063	0.990741	0.989158
1450	0.992657	1.000000	1.000000	0.943102	0.990741	0.989158
1460	0.992720	1.000000	1.000000	0.943131	0.990741	0.989158
1470	0.992762	1.000000	1.000000	0.943122	0.990741	0.989158
1480	0.992807	1.000000	1.000000	0.943070	0.990741	0.989158
1490	0.992883	1.000000	1.000000	0.943125	0.990741	0.989158
1500	0.992936	1.000000	1.000000	0.943088	0.990741	0.989158
1510	0.993049	1.000000	1.000000	0.943142	0.990741	0.989158
1520	0.993083	1.000000	1.000000	0.943013	0.990741	0.989158
1530	0.993122	1.000000	1.000000	0.943055	0.990741	0.989158
1540	0.993152	1.000000	1.000000	0.943126	0.990741	0.989158
1550	0.993198	1.000000	1.000000	0.943049	0.990741	0.989158
1560	0.993248	1.000000	1.000000	0.943134	0.990741	0.989158
1570	0.993275	1.000000	1.000000	0.943177	0.990741	0.989158
1580	0.993330	1.000000	1.000000	0.943057	0.990741	0.989158
1590	0.993386	1.000000	1.000000	0.943165	0.990741	0.989158
1600	0.993427	1.000000	1.000000	0.943058	0.990741	0.989158
1610	0.993464	1.000000	1.000000	0.943131	0.990741	0.989158
1620	0.993487	1.000000	1.000000	0.943092	0.990741	0.989158
1630	0.993544	1.000000	1.000000	0.943215	0.990741	0.989158
1640	0.993622	1.000000	1.000000	0.943264	0.990741	0.989158
1650	0.993646	1.000000	1.000000	0.943201	0.990741	0.989158
1660	0.993691	1.000000	1.000000	0.943463	0.990741	0.989158
1670	0.993762	1.000000	1.000000	0.943536	0.990741	0.989158
1680	0.993783	1.000000	1.000000	0.943638	0.990741	0.989158
1690	0.993809	1.000000	1.000000	0.943689	0.990741	0.989158
1700	0.993841	1.000000	1.000000	0.943730	0.990741	0.989158
1710	0.993919	1.000000	1.000000	0.943813	0.990741	0.989158
1720	0.993939	1.000000	1.000000	0.943782	0.990741	0.989158
1730	0.993969	1.000000	1.000000	0.943694	0.990741	0.989158
1740	0.994004	1.000000	1.000000	0.943783	0.990741	0.989158
1750	0.994038	1.000000	1.000000	0.943776	0.990741	0.989158
1760	0.994074	1.000000	1.000000	0.943823	0.990741	0.989158
1770	0.994095	1.000000	1.000000	0.943734	0.990741	0.989158
1780	0.994145	1.000000	1.000000	0.943781	0.990741	0.989158
1790	0.994240	1.000000	1.000000	0.943881	0.990741	0.989158
1800	0.994301	1.000000	1.000000	0.943951	0.990741	0.989158
1810	0.994349	1.000000	1.000000	0.943990	0.990741	0.989158
1820	0.994377	1.000000	1.000000	0.944013	0.990741	0.989158
1830	0.994406	1.000000	1.000000	0.944021	0.990741	0.989158
1840	0.994436	1.000000	1.000000	0.944038	0.990741	0.989158
1850	0.994472	1.000000	1.000000	0.943969	0.990741	0.989158
1860	0.994516	1.000000	1.000000	0.944043	0.990741	0.989158
1870	0.994549	1.000000	1.000000	0.944078	0.990741	0.989158
1880	0.994577	1.000000	1.000000	0.943936	0.990741	0.989158
1890	0.994602	1.000000	1.000000	0.943924	0.990741	0.989158
1900	0.994625	1.000000	1.000000	0.943960	0.990741	0.989158
1910	0.994664	1.000000	1.000000	0.944053	0.990741	0.989158
1920	0.994682	1.000000	1.000000	0.943977	0.990741	0.989158
1930	0.994724	1.000000	1.000000	0.943955	0.990741	0.989158
1940	0.994741	1.000000	1.000000	0.943998	0.990741	0.989158
1950	0.994761	1.000000	1.000000	0.943997	0.990741	0.989158
1960	0.994782	1.000000	1.000000	0.944003	0.990741	0.989158
1970	0.994817	1.000000	1.000000	0.944014	0.990741	0.989158
1980	0.994846	1.000000	1.000000	0.944003	0.990741	0.989158
1990	0.994865	1.000000	1.000000	0.944021	0.990741	0.989158
2000	0.994903	1.000000	1.000000	0.944052	0.990741	0.989158
2010	0.994931	1.000000	1.000000	0.944089	0.990741	0.989158
2020	0.994952	1.000000	1.000000	0.944061	0.990741	0.989158
2030	0.994971	1.000000	1.000000	0.944094	0.990741	0.989158
2040	0.994992	1.000000	1.000000	0.944050	0.990741	0.989158
2050	0.995019	1.000000	1.000000	0.944099	0.986111	0.982715
2060	0.995034	1.000000	1.000000	0.944050	0.990741	0.989158
2070	0.995059	1.000000	1.000000	0.944108	0.990741	0.989158
2080	0.995129	1.000000	1.000000	0.944181	0.990741	0.989158
2090	0.995172	1.000000	1.000000	0.944191	0.990741	0.989158
2100	0.995200	1.000000	1.000000	0.944177	0.986111	0.982715
2110	0.995224	1.000000	1.000000	0.944226	0.986111	0.982715
2120	0.995252	1.000000	1.000000	0.944243	0.990741	0.989158
2130	0.995268	1.000000	1.000000	0.944268	0.990741	0.989158
2140	0.995288	1.000000	1.000000	0.944311	0.990741	0.989158
2150	0.995303	1.000000	1.000000	0.944280	0.990741	0.989158
2160	0.995315	1.000000	1.000000	0.944300	0.990741	0.989158
2170	0.995335	1.000000	1.000000	0.944240	0.990741	0.989158
2180	0.995378	1.000000	1.000000	0.944260	0.990741	0.989158
2190	0.995414	1.000000	1.000000	0.944275	0.990741	0.989158
2200	0.995434	1.000000	1.000000	0.944176	0.990741	0.989158
2210	0.995451	1.000000	1.000000	0.944144	0.986111	0.982715
2220	0.995473	1.000000	1.000000	0.944013	0.986111	0.982715
2230	0.995493	1.000000	1.000000	0.944017	0.986111	0.982715
2240	0.995508	1.000000	1.000000	0.943873	0.986111	0.982715
2250	0.995533	1.000000	1.000000	0.943887	0.986111	0.982715
2260	0.995575	1.000000	1.000000	0.943925	0.986111	0.982715
2270	0.995595	1.000000	1.000000	0.943921	0.986111	0.982715
2280	0.995607	1.000000	1.000000	0.943973	0.986111	0.982715
2290	0.995617	1.000000	1.000000	0.944011	0.986111	0.982715
2300	0.995629	1.000000	1.000000	0.943958	0.986111	0.982715
2310	0.995640	1.000000	1.000000	0.943877	0.986111	0.982715
2320	0.995649	1.000000	1.000000	0.943738	0.986111	0.982715
2330	0.995661	1.000000	1.000000	0.943790	0.986111	0.982715
2340	0.995672	1.000000	1.000000	0.943699	0.986111	0.982715
2350	0.995684	1.000000	1.000000	0.943667	0.986111	0.982715
2360	0.995699	1.000000	1.000000	0.943658	0.986111	0.982715
2370	0.995713	1.000000	1.000000	0.943674	0.986111	0.982715
2380	0.995730	1.000000	1.000000	0.943687	0.986111	0.982715
2390	0.995741	1.000000	1.000000	0.943679	0.986111	0.982715
2400	0.995754	1.000000	1.000000	0.943593	0.986111	0.982715
2410	0.995765	1.000000	1.000000	0.943481	0.986111	0.982715
2420	0.995776	1.000000	1.000000	0.943406	0.986111	0.982715
2430	0.995798	1.000000	1.000000	0.943415	0.986111	0.982715
2440	0.995815	1.000000	1.000000	0.943434	0.986111	0.982715
2450	0.995829	1.000000	1.000000	0.943432	0.986111	0.982715
