10	0.484363	0.831812	0.778088	0.435739	0.786026	0.758981
20	0.608502	0.962999	0.963705	0.536799	0.917031	0.926030
30	0.693082	0.986545	0.986582	0.622924	0.956332	0.958997
40	0.753367	0.987506	0.987512	0.679339	0.956332	0.958997
50	0.789329	0.991831	0.991801	0.714468	0.960699	0.963695
60	0.828720	0.995675	0.995643	0.746658	0.965066	0.967691
70	0.841837	0.996636	0.996612	0.760440	0.965066	0.968039
80	0.864140	0.998078	0.998074	0.782379	0.969432	0.972125
90	0.880501	0.998558	0.998562	0.796715	0.965066	0.967691
100	0.897115	0.999519	0.999515	0.816113	0.973799	0.975450
110	0.905610	0.999519	0.999515	0.821307	0.978166	0.979745
120	0.916110	0.999519	0.999515	0.832250	0.978166	0.979745
130	0.921887	0.999519	0.999515	0.836176	0.978166	0.979745
140	0.928788	1.000000	1.000000	0.842894	0.978166	0.979745
150	0.933848	1.000000	1.000000	0.848148	0.978166	0.979745
160	0.937605	1.000000	1.000000	0.851133	0.978166	0.979745
170	0.941992	1.000000	1.000000	0.855937	0.978166	0.979745
180	0.945619	1.000000	1.000000	0.858050	0.978166	0.979745
190	0.947320	1.000000	1.000000	0.859514	0.978166	0.979745
200	0.950180	1.000000	1.000000	0.863724	0.978166	0.979745
210	0.951832	1.000000	1.000000	0.864268	0.978166	0.979745
220	0.953643	1.000000	1.000000	0.866205	0.978166	0.979745
230	0.956273	1.000000	1.000000	0.868831	0.978166	0.979745
240	0.958262	1.000000	1.000000	0.870455	0.978166	0.979745
250	0.960058	1.000000	1.000000	0.872180	0.978166	0.979745
260	0.962217	1.000000	1.000000	0.873221	0.978166	0.979745
270	0.963794	1.000000	1.000000	0.874449	0.978166	0.979745
280	0.965116	1.000000	1.000000	0.875171	0.978166	0.979745
290	0.966407	1.000000	1.000000	0.876564	0.978166	0.979745
300	0.967327	1.000000	1.000000	0.876681	0.978166	0.979745
310	0.968793	1.000000	1.000000	0.878327	0.978166	0.979745
320	0.969538	1.000000	1.000000	0.878861	0.978166	0.979745
330	0.970682	1.000000	1.000000	0.880333	0.978166	0.979745
340	0.971896	1.000000	1.000000	0.881910	0.978166	0.979745
350	0.972475	1.000000	1.000000	0.882320	0.978166	0.979745
360	0.973820	1.000000	1.000000	0.883457	0.978166	0.979745
370	0.974350	1.000000	1.000000	0.883253	0.978166	0.979745
380	0.974822	1.000000	1.000000	0.883556	0.978166	0.979745
390	0.975844	1.000000	1.000000	0.884830	0.978166	0.979745
400	0.976357	1.000000	1.000000	0.884925	0.978166	0.979745
410	0.976979	1.000000	1.000000	0.884946	0.978166	0.979745
420	0.977565	1.000000	1.000000	0.885210	0.978166	0.979745
430	0.978144	1.000000	1.000000	0.885749	0.978166	0.979745
440	0.978462	1.000000	1.000000	0.886304	0.978166	0.979745
450	0.978852	1.000000	1.000000	0.886098	0.978166	0.979745
460	0.979288	1.000000	1.000000	0.886535	0.978166	0.979745
470	0.979629	1.000000	1.000000	0.886764	0.978166	0.979745
480	0.980094	1.000000	1.000000	0.887276	0.978166	0.979745
490	0.980438	1.000000	1.000000	0.887177	0.978166	0.979745
500	0.980704	1.000000	1.000000	0.886722	0.978166	0.979745
510	0.980931	1.000000	1.000000	0.886497	0.978166	0.979745
520	0.981238	1.000000	1.000000	0.886827	0.978166	0.979745
530	0.981457	1.000000	1.000000	0.886669	0.978166	0.979745
540	0.981967	1.000000	1.000000	0.887232	0.978166	0.979745
550	0.982184	1.000000	1.000000	0.887211	0.978166	0.979745
560	0.982587	1.000000	1.000000	0.887118	0.978166	0.979745
570	0.982827	1.000000	1.000000	0.887391	0.978166	0.979745
580	0.983255	1.000000	1.000000	0.887849	0.978166	0.979745
590	0.983578	1.000000	1.000000	0.888370	0.978166	0.979745
600	0.983982	1.000000	1.000000	0.889228	0.978166	0.979745
610	0.984182	1.000000	1.000000	0.889197	0.978166	0.979745
620	0.984389	1.000000	1.000000	0.889172	0.978166	0.979745
630	0.984582	1.000000	1.000000	0.889442	0.978166	0.979745
640	0.984868	1.000000	1.000000	0.889606	0.978166	0.979745
650	0.985053	1.000000	1.000000	0.889565	0.978166	0.979745
660	0.985253	1.000000	1.000000	0.889686	0.978166	0.979745
670	0.985602	1.000000	1.000000	0.890420	0.978166	0.979745
680	0.985857	1.000000	1.000000	0.890283	0.978166	0.979745
690	0.986043	1.000000	1.000000	0.890192	0.978166	0.979745
700	0.986166	1.000000	1.000000	0.890271	0.978166	0.979745
710	0.986295	1.000000	1.000000	0.890145	0.978166	0.979745
720	0.986463	1.000000	1.000000	0.890228	0.978166	0.979745
730	0.986771	1.000000	1.000000	0.890485	0.978166	0.979745
740	0.987022	1.000000	1.000000	0.890954	0.978166	0.979745
750	0.987151	1.000000	1.000000	0.891155	0.978166	0.979745
760	0.987342	1.000000	1.000000	0.891118	0.978166	0.979745
770	0.987494	1.000000	1.000000	0.891000	0.978166	0.979745
780	0.987602	1.000000	1.000000	0.890910	0.978166	0.979745
790	0.987700	1.000000	1.000000	0.890892	0.978166	0.979745
800	0.987861	1.000000	1.000000	0.890982	0.978166	0.979745
810	0.988042	1.000000	1.000000	0.891094	0.978166	0.979745
820	0.988302	1.000000	1.000000	0.891543	0.978166	0.979745
830	0.988445	1.000000	1.000000	0.890908	0.978166	0.979745
840	0.988593	1.000000	1.000000	0.890811	0.978166	0.979745
850	0.988665	1.000000	1.000000	0.890904	0.973799	0.975837
860	0.988834	1.000000	1.000000	0.890998	0.973799	0.975837
870	0.988936	1.000000	1.000000	0.890870	0.973799	0.975837
880	0.989034	1.000000	1.000000	0.890810	0.973799	0.975837
890	0.989186	1.000000	1.000000	0.891297	0.973799	0.975837
900	0.989261	1.000000	1.000000	0.891253	0.973799	0.975837
910	0.989403	1.000000	1.000000	0.891452	0.973799	0.975837
920	0.989536	1.000000	1.000000	0.891430	0.973799	0.975837
930	0.989630	1.000000	1.000000	0.891386	0.973799	0.975837
940	0.989703	1.000000	1.000000	0.891293	0.973799	0.975837
950	0.989793	1.000000	1.000000	0.891493	0.973799	0.975837
960	0.990002	1.000000	1.000000	0.892107	0.973799	0.975837
970	0.990120	1.000000	1.000000	0.892326	0.978166	0.979745
980	0.990215	1.000000	1.000000	0.892417	0.978166	0.979745
990	0.990296	1.000000	1.000000	0.892302	0.978166	0.979745
1000	0.990364	1.000000	1.000000	0.892213	0.978166	0.979745
1010	0.990392	1.000000	1.000000	0.892081	0.978166	0.979745
1020	0.990519	1.000000	1.000000	0.892180	0.978166	0.979745
1030	0.990623	1.000000	1.000000	0.892093	0.978166	0.979745
1040	0.990698	1.000000	1.000000	0.892002	0.978166	0.979745
1050	0.990825	1.000000	1.000000	0.892057	0.978166	0.979745
1060	0.990908	1.000000	1.000000	0.891783	0.978166	0.979745
1070	0.990963	1.000000	1.000000	0.891894	0.978166	0.979745
1080	0.991012	1.000000	1.000000	0.891882	0.978166	0.979745
1090	0.991067	1.000000	1.000000	0.891906	0.978166	0.979745
1100	0.991221	1.000000	1.000000	0.892266	0.978166	0.979745
1110	0.991313	1.000000	1.000000	0.892483	0.978166	0.979745
1120	0.991463	1.000000	1.000000	0.892443	0.978166	0.979745
1130	0.991555	1.000000	1.000000	0.892449	0.978166	0.979745
1140	0.991631	1.000000	1.000000	0.892407	0.978166	0.979745
1150	0.991710	1.000000	1.000000	0.892445	0.978166	0.979745
1160	0.991802	1.000000	1.000000	0.892597	0.978166	0.979745
1170	0.991879	1.000000	1.000000	0.892550	0.978166	0.979745
1180	0.991950	1.000000	1.000000	0.892264	0.978166	0.979745
1190	0.992012	1.000000	1.000000	0.891871	0.978166	0.979745
1200	0.992191	1.000000	1.000000	0.892310	0.978166	0.979745
1210	0.992261	1.000000	1.000000	0.892355	0.978166	0.979745
1220	0.992327	1.000000	1.000000	0.892269	0.978166	0.979745
1230	0.992409	1.000000	1.000000	0.892306	0.978166	0.979745
1240	0.992456	1.000000	1.000000	0.892277	0.978166	0.979745
1250	0.992487	1.000000	1.000000	0.892387	0.978166	0.979745
1260	0.992555	1.000000	1.000000	0.892102	0.978166	0.979745
1270	0.992604	1.000000	1.000000	0.892046	0.978166	0.979745
1280	0.992647	1.000000	1.000000	0.892097	0.978166	0.979745
1290	0.992700	1.000000	1.000000	0.892254	0.978166	0.979745
1300	0.992770	1.000000	1.000000	0.892226	0.978166	0.979745
1310	0.992813	1.000000	1.000000	0.892078	0.978166	0.979745
1320	0.992893	1.000000	1.000000	0.892046	0.978166	0.979745
1330	0.992935	1.000000	1.000000	0.892139	0.978166	0.979745
1340	0.992966	1.000000	1.000000	0.892175	0.978166	0.979745
1350	0.993006	1.000000	1.000000	0.892233	0.978166	0.979745
1360	0.993046	1.000000	1.000000	0.892230	0.978166	0.979745
1370	0.993086	1.000000	1.000000	0.892328	0.978166	0.979745
1380	0.993140	1.000000	1.000000	0.892023	0.978166	0.979745
1390	0.993222	1.000000	1.000000	0.892143	0.978166	0.979745
1400	0.993269	1.000000	1.000000	0.892196	0.978166	0.979745
1410	0.993321	1.000000	1.000000	0.892270	0.978166	0.979745
1420	0.993424	1.000000	1.000000	0.892277	0.978166	0.979745
1430	0.993457	1.000000	1.000000	0.892319	0.978166	0.979745
1440	0.993580	1.000000	1.000000	0.892715	0.978166	0.979745
1450	0.993629	1.000000	1.000000	0.892610	0.978166	0.979745
1460	0.993661	1.000000	1.000000	0.892537	0.978166	0.979745
1470	0.993688	1.000000	1.000000	0.892515	0.978166	0.979745
1480	0.993733	1.000000	1.000000	0.892427	0.978166	0.979745
1490	0.993758	1.000000	1.000000	0.892449	0.978166	0.979745
1500	0.993794	1.000000	1.000000	0.892522	0.978166	0.979745
1510	0.993838	1.000000	1.000000	0.892456	0.978166	0.979745
1520	0.993897	1.000000	1.000000	0.892444	0.978166	0.979745
1530	0.993928	1.000000	1.000000	0.892499	0.978166	0.979745
1540	0.993957	1.000000	1.000000	0.892465	0.978166	0.979745
1550	0.993995	1.000000	1.000000	0.892474	0.978166	0.979745
1560	0.994020	1.000000	1.000000	0.892445	0.978166	0.979745
1570	0.994047	1.000000	1.000000	0.892315	0.978166	0.979745
1580	0.994072	1.000000	1.000000	0.892401	0.978166	0.979745
1590	0.994113	1.000000	1.000000	0.892432	0.978166	0.979745
1600	0.994155	1.000000	1.000000	0.892427	0.978166	0.979745
1610	0.994243	1.000000	1.000000	0.892478	0.978166	0.979745
1620	0.994269	1.000000	1.000000	0.892549	0.978166	0.979745
1630	0.994286	1.000000	1.000000	0.892496	0.978166	0.979745
1640	0.994347	1.000000	1.000000	0.892518	0.978166	0.979745
1650	0.994435	1.000000	1.000000	0.892814	0.978166	0.979745
1660	0.994472	1.000000	1.000000	0.892834	0.978166	0.979745
1670	0.994501	1.000000	1.000000	0.892876	0.978166	0.979745
1680	0.994532	1.000000	1.000000	0.892862	0.978166	0.979745
1690	0.994558	1.000000	1.000000	0.892817	0.978166	0.979745
1700	0.994583	1.000000	1.000000	0.892784	0.978166	0.979745
1710	0.994605	1.000000	1.000000	0.892725	0.978166	0.979745
1720	0.994644	1.000000	1.000000	0.892731	0.978166	0.979745
1730	0.994670	1.000000	1.000000	0.892371	0.978166	0.979745
1740	0.994697	1.000000	1.000000	0.892438	0.978166	0.979745
1750	0.994728	1.000000	1.000000	0.892400	0.978166	0.979745
1760	0.994753	1.000000	1.000000	0.892407	0.978166	0.979745
1770	0.994775	1.000000	1.000000	0.892375	0.978166	0.979745
1780	0.994804	1.000000	1.000000	0.892352	0.978166	0.979745
1790	0.994851	1.000000	1.000000	0.892373	0.978166	0.979745
1800	0.994879	1.000000	1.000000	0.892297	0.978166	0.979745
1810	0.994895	1.000000	1.000000	0.892338	0.978166	0.979745
1820	0.994917	1.000000	1.000000	0.892403	0.978166	0.979745
1830	0.994937	1.000000	1.000000	0.892356	0.978166	0.979745
1840	0.994956	1.000000	1.000000	0.892313	0.978166	0.979745
1850	0.994979	1.000000	1.000000	0.892229	0.978166	0.979745
1860	0.995000	1.000000	1.000000	0.892230	0.978166	0.979745
1870	0.995015	1.000000	1.000000	0.892291	0.978166	0.979745
1880	0.995029	1.000000	1.000000	0.892240	0.978166	0.979745
1890	0.995051	1.000000	1.000000	0.892118	0.978166	0.979745
1900	0.995072	1.000000	1.000000	0.892135	0.978166	0.979745
1910	0.995085	1.000000	1.000000	0.892096	0.978166	0.979745
1920	0.995108	1.000000	1.000000	0.892117	0.978166	0.979745
1930	0.995168	1.000000	1.000000	0.892143	0.978166	0.979745
1940	0.995196	1.000000	1.000000	0.892149	0.978166	0.979745
1950	0.995218	1.000000	1.000000	0.892132	0.978166	0.979745
1960	0.995243	1.000000	1.000000	0.891959	0.978166	0.979745
1970	0.995261	1.000000	1.000000	0.891975	0.978166	0.979745
1980	0.995290	1.000000	1.000000	0.892038	0.978166	0.979745
1990	0.995327	1.000000	1.000000	0.892071	0.978166	0.979745
2000	0.995361	1.000000	1.000000	0.892109	0.978166	0.979745
2010	0.995382	1.000000	1.000000	0.892115	0.978166	0.979745
2020	0.995393	1.000000	1.000000	0.892030	0.978166	0.979745
2030	0.995408	1.000000	1.000000	0.891945	0.978166	0.979745
2040	0.995435	1.000000	1.000000	0.891937	0.978166	0.979745
2050	0.995449	1.000000	1.000000	0.891846	0.978166	0.979745
2060	0.995476	1.000000	1.000000	0.891852	0.978166	0.979745
2070	0.995517	1.000000	1.000000	0.891830	0.978166	0.979745
2080	0.995579	1.000000	1.000000	0.891948	0.978166	0.979745
2090	0.995593	1.000000	1.000000	0.891975	0.978166	0.979745
2100	0.995612	1.000000	1.000000	0.891944	0.978166	0.979745
2110	0.995630	1.000000	1.000000	0.891962	0.978166	0.979745
2120	0.995640	1.000000	1.000000	0.891698	0.978166	0.979745
2130	0.995654	1.000000	1.000000	0.891625	0.978166	0.979745
2140	0.995675	1.000000	1.000000	0.891591	0.978166	0.979745
2150	0.995684	1.000000	1.000000	0.891424	0.978166	0.979745
2160	0.995699	1.000000	1.000000	0.891421	0.978166	0.979745
2170	0.995709	1.000000	1.000000	0.891358	0.978166	0.979745
2180	0.995719	1.000000	1.000000	0.891340	0.978166	0.979745
2190	0.995730	1.000000	1.000000	0.891292	0.978166	0.979745
2200	0.995738	1.000000	1.000000	0.891125	0.978166	0.979745
2210	0.995752	1.000000	1.000000	0.891133	0.978166	0.979745
2220	0.995772	1.000000	1.000000	0.891102	0.978166	0.979745
2230	0.995791	1.000000	1.000000	0.891009	0.978166	0.979745
2240	0.995800	1.000000	1.000000	0.890972	0.978166	0.979745
2250	0.995812	1.000000	1.000000	0.890925	0.978166	0.979745
2260	0.995825	1.000000	1.000000	0.890873	0.978166	0.979745
2270	0.995841	1.000000	1.000000	0.890888	0.978166	0.979745
2280	0.995859	1.000000	1.000000	0.890836	0.978166	0.979745
2290	0.995867	1.000000	1.000000	0.890876	0.978166	0.979745
2300	0.995884	1.000000	1.000000	0.890930	0.978166	0.979745
2310	0.995908	1.000000	1.000000	0.890846	0.978166	0.979745
2320	0.995939	1.000000	1.000000	0.890916	0.978166	0.979745
2330	0.995969	1.000000	1.000000	0.890984	0.978166	0.979745
2340	0.995987	1.000000	1.000000	0.890997	0.978166	0.979745
2350	0.996000	1.000000	1.000000	0.890959	0.978166	0.979745
2360	0.996015	1.000000	1.000000	0.890963	0.978166	0.979745
2370	0.996037	1.000000	1.000000	0.890948	0.978166	0.979745
2380	0.996045	1.000000	1.000000	0.890927	0.978166	0.979745
2390	0.996055	1.000000	1.000000	0.890764	0.978166	0.979745
2400	0.996075	1.000000	1.000000	0.890748	0.978166	0.979745
2410	0.996084	1.000000	1.000000	0.890725	0.978166	0.979745
2420	0.996095	1.000000	1.000000	0.890551	0.978166	0.979745
2430	0.996114	1.000000	1.000000	0.890592	0.978166	0.979745
2440	0.996128	1.000000	1.000000	0.890575	0.978166	0.979745
2450	0.996140	1.000000	1.000000	0.890586	0.978166	0.979745
