10	0.500343	0.834380	0.782381	0.481707	0.807531	0.773657
20	0.596257	0.974408	0.974823	0.569402	0.958159	0.964005
30	0.676081	0.990826	0.990801	0.643821	0.966527	0.970347
40	0.750880	0.992274	0.992275	0.711809	0.970711	0.974924
50	0.790759	0.992757	0.992741	0.746439	0.970711	0.973786
60	0.817656	0.994689	0.994673	0.769966	0.970711	0.973786
70	0.845556	0.996620	0.996602	0.792901	0.970711	0.973786
80	0.864521	0.997586	0.997574	0.809902	0.974895	0.978312
90	0.878074	0.998069	0.998056	0.819307	0.970711	0.973786
100	0.886909	0.998069	0.998056	0.827427	0.970711	0.973786
110	0.898320	0.998551	0.998539	0.836590	0.970711	0.973786
120	0.907664	0.999517	0.999518	0.845791	0.970711	0.973786
130	0.916293	0.999517	0.999518	0.851062	0.970711	0.973786
140	0.921830	0.999517	0.999518	0.856652	0.970711	0.973786
150	0.926925	0.999517	0.999518	0.861177	0.974895	0.978312
160	0.930919	0.999517	0.999518	0.864021	0.974895	0.978312
170	0.936755	1.000000	1.000000	0.870494	0.974895	0.978312
180	0.940345	1.000000	1.000000	0.872718	0.974895	0.978312
190	0.943735	1.000000	1.000000	0.877792	0.974895	0.978312
200	0.946166	1.000000	1.000000	0.879291	0.974895	0.978312
210	0.948152	1.000000	1.000000	0.881485	0.974895	0.978312
220	0.951148	1.000000	1.000000	0.884110	0.974895	0.978312
230	0.952652	1.000000	1.000000	0.885655	0.974895	0.978312
240	0.954837	1.000000	1.000000	0.887145	0.974895	0.978312
250	0.956270	1.000000	1.000000	0.887761	0.974895	0.978312
260	0.957411	1.000000	1.000000	0.888349	0.974895	0.978312
270	0.959417	1.000000	1.000000	0.889819	0.974895	0.978312
280	0.961081	1.000000	1.000000	0.891912	0.974895	0.978312
290	0.962194	1.000000	1.000000	0.892295	0.974895	0.978312
300	0.963271	1.000000	1.000000	0.893556	0.974895	0.978312
310	0.964642	1.000000	1.000000	0.894522	0.974895	0.978312
320	0.965637	1.000000	1.000000	0.895676	0.974895	0.978312
330	0.966777	1.000000	1.000000	0.896879	0.974895	0.978312
340	0.968192	1.000000	1.000000	0.897417	0.974895	0.978312
350	0.969171	1.000000	1.000000	0.898024	0.974895	0.978312
360	0.969898	1.000000	1.000000	0.899393	0.974895	0.978312
370	0.970869	1.000000	1.000000	0.900320	0.974895	0.978312
380	0.971483	1.000000	1.000000	0.900562	0.974895	0.978312
390	0.972493	1.000000	1.000000	0.901887	0.974895	0.978312
400	0.973105	1.000000	1.000000	0.902539	0.974895	0.978312
410	0.973772	1.000000	1.000000	0.902413	0.974895	0.978312
420	0.974597	1.000000	1.000000	0.902979	0.974895	0.978312
430	0.975229	1.000000	1.000000	0.902775	0.974895	0.978312
440	0.975837	1.000000	1.000000	0.903751	0.974895	0.978312
450	0.976124	1.000000	1.000000	0.904928	0.974895	0.978312
460	0.976549	1.000000	1.000000	0.905210	0.974895	0.978312
470	0.977084	1.000000	1.000000	0.905626	0.974895	0.978312
480	0.977852	1.000000	1.000000	0.906648	0.974895	0.978312
490	0.978498	1.000000	1.000000	0.906854	0.974895	0.978312
500	0.978854	1.000000	1.000000	0.906839	0.974895	0.978312
510	0.979133	1.000000	1.000000	0.907038	0.974895	0.978312
520	0.979558	1.000000	1.000000	0.907129	0.974895	0.978312
530	0.979976	1.000000	1.000000	0.907437	0.974895	0.978312
540	0.980273	1.000000	1.000000	0.907796	0.974895	0.978312
550	0.980533	1.000000	1.000000	0.908537	0.974895	0.978312
560	0.980895	1.000000	1.000000	0.908724	0.974895	0.978312
570	0.981307	1.000000	1.000000	0.909292	0.974895	0.978312
580	0.981856	1.000000	1.000000	0.910022	0.974895	0.978312
590	0.982207	1.000000	1.000000	0.910185	0.974895	0.978312
600	0.982499	1.000000	1.000000	0.910287	0.974895	0.978312
610	0.982856	1.000000	1.000000	0.910591	0.974895	0.978312
620	0.983033	1.000000	1.000000	0.910695	0.974895	0.978312
630	0.983420	1.000000	1.000000	0.911289	0.974895	0.978312
640	0.983705	1.000000	1.000000	0.911274	0.974895	0.978312
650	0.984135	1.000000	1.000000	0.911789	0.974895	0.978312
660	0.984245	1.000000	1.000000	0.911630	0.974895	0.978312
670	0.984495	1.000000	1.000000	0.911677	0.974895	0.978312
680	0.984839	1.000000	1.000000	0.912430	0.974895	0.978312
690	0.985049	1.000000	1.000000	0.912865	0.974895	0.978312
700	0.985294	1.000000	1.000000	0.912860	0.974895	0.978312
710	0.985462	1.000000	1.000000	0.913038	0.974895	0.978312
720	0.985623	1.000000	1.000000	0.913063	0.974895	0.978312
730	0.985757	1.000000	1.000000	0.912951	0.974895	0.978312
740	0.985906	1.000000	1.000000	0.913000	0.974895	0.978312
750	0.986068	1.000000	1.000000	0.912839	0.974895	0.978312
760	0.986260	1.000000	1.000000	0.913267	0.974895	0.978312
770	0.986483	1.000000	1.000000	0.913284	0.974895	0.978312
780	0.986600	1.000000	1.000000	0.913386	0.974895	0.978312
790	0.986882	1.000000	1.000000	0.913346	0.974895	0.978312
800	0.987047	1.000000	1.000000	0.913402	0.974895	0.978312
810	0.987207	1.000000	1.000000	0.913613	0.974895	0.978312
820	0.987381	1.000000	1.000000	0.913577	0.974895	0.978312
830	0.987550	1.000000	1.000000	0.913592	0.974895	0.978312
840	0.987762	1.000000	1.000000	0.913743	0.974895	0.978312
850	0.987898	1.000000	1.000000	0.913557	0.974895	0.978312
860	0.988059	1.000000	1.000000	0.913731	0.974895	0.978312
870	0.988279	1.000000	1.000000	0.913877	0.974895	0.978312
880	0.988416	1.000000	1.000000	0.913692	0.974895	0.978312
890	0.988509	1.000000	1.000000	0.914080	0.974895	0.978312
900	0.988601	1.000000	1.000000	0.913985	0.974895	0.978312
910	0.988722	1.000000	1.000000	0.914118	0.974895	0.978312
920	0.988846	1.000000	1.000000	0.914292	0.974895	0.978312
930	0.988979	1.000000	1.000000	0.914467	0.974895	0.978312
940	0.989062	1.000000	1.000000	0.914311	0.974895	0.978312
950	0.989186	1.000000	1.000000	0.914448	0.974895	0.978312
960	0.989293	1.000000	1.000000	0.914559	0.974895	0.978312
970	0.989361	1.000000	1.000000	0.914546	0.974895	0.978312
980	0.989504	1.000000	1.000000	0.914614	0.974895	0.978312
990	0.989562	1.000000	1.000000	0.914790	0.974895	0.978312
1000	0.989660	1.000000	1.000000	0.914874	0.974895	0.978312
1010	0.989772	1.000000	1.000000	0.914734	0.974895	0.978312
1020	0.989961	1.000000	1.000000	0.914958	0.974895	0.978312
1030	0.990057	1.000000	1.000000	0.914927	0.974895	0.978312
1040	0.990122	1.000000	1.000000	0.914680	0.974895	0.978312
1050	0.990181	1.000000	1.000000	0.914333	0.974895	0.978312
1060	0.990238	1.000000	1.000000	0.914199	0.974895	0.978312
1070	0.990387	1.000000	1.000000	0.914411	0.974895	0.978312
1080	0.990532	1.000000	1.000000	0.914527	0.974895	0.978312
1090	0.990589	1.000000	1.000000	0.914508	0.974895	0.978312
1100	0.990637	1.000000	1.000000	0.914309	0.974895	0.978312
1110	0.990706	1.000000	1.000000	0.914240	0.974895	0.978312
1120	0.990774	1.000000	1.000000	0.914155	0.974895	0.978312
1130	0.990874	1.000000	1.000000	0.914209	0.974895	0.978312
1140	0.990967	1.000000	1.000000	0.914366	0.974895	0.978312
1150	0.991039	1.000000	1.000000	0.914383	0.974895	0.978312
1160	0.991158	1.000000	1.000000	0.914494	0.974895	0.978312
1170	0.991270	1.000000	1.000000	0.914532	0.974895	0.978312
1180	0.991350	1.000000	1.000000	0.914909	0.974895	0.978312
1190	0.991428	1.000000	1.000000	0.915160	0.974895	0.978312
1200	0.991491	1.000000	1.000000	0.915217	0.974895	0.978312
1210	0.991556	1.000000	1.000000	0.915308	0.974895	0.978312
1220	0.991600	1.000000	1.000000	0.915190	0.974895	0.978312
1230	0.991672	1.000000	1.000000	0.915284	0.974895	0.978312
1240	0.991721	1.000000	1.000000	0.915235	0.974895	0.978312
1250	0.991780	1.000000	1.000000	0.915103	0.974895	0.978312
1260	0.991842	1.000000	1.000000	0.915126	0.974895	0.978312
1270	0.991935	1.000000	1.000000	0.915130	0.974895	0.978312
1280	0.992038	1.000000	1.000000	0.915135	0.974895	0.978312
1290	0.992146	1.000000	1.000000	0.915602	0.974895	0.978312
1300	0.992214	1.000000	1.000000	0.915679	0.974895	0.978312
1310	0.992271	1.000000	1.000000	0.915618	0.974895	0.978312
1320	0.992304	1.000000	1.000000	0.915591	0.974895	0.978312
1330	0.992347	1.000000	1.000000	0.915478	0.974895	0.978312
1340	0.992383	1.000000	1.000000	0.915584	0.974895	0.978312
1350	0.992419	1.000000	1.000000	0.915413	0.974895	0.978312
1360	0.992516	1.000000	1.000000	0.915489	0.974895	0.978312
1370	0.992615	1.000000	1.000000	0.915541	0.974895	0.978312
1380	0.992679	1.000000	1.000000	0.915579	0.974895	0.978312
1390	0.992715	1.000000	1.000000	0.915602	0.974895	0.978312
1400	0.992747	1.000000	1.000000	0.915709	0.974895	0.978312
1410	0.992791	1.000000	1.000000	0.915908	0.974895	0.978312
1420	0.992841	1.000000	1.000000	0.915981	0.974895	0.978312
1430	0.992907	1.000000	1.000000	0.916112	0.974895	0.978312
1440	0.992957	1.000000	1.000000	0.916096	0.974895	0.978312
1450	0.992989	1.000000	1.000000	0.916054	0.974895	0.978312
1460	0.993049	1.000000	1.000000	0.916048	0.974895	0.978312
1470	0.993137	1.000000	1.000000	0.916012	0.974895	0.978312
1480	0.993199	1.000000	1.000000	0.916730	0.974895	0.978312
1490	0.993227	1.000000	1.000000	0.916703	0.974895	0.978312
1500	0.993257	1.000000	1.000000	0.916788	0.974895	0.978312
1510	0.993291	1.000000	1.000000	0.916691	0.974895	0.978312
1520	0.993337	1.000000	1.000000	0.916634	0.974895	0.978312
1530	0.993369	1.000000	1.000000	0.916679	0.974895	0.978312
1540	0.993426	1.000000	1.000000	0.916787	0.974895	0.978312
1550	0.993451	1.000000	1.000000	0.916719	0.974895	0.978312
1560	0.993530	1.000000	1.000000	0.916763	0.974895	0.978312
1570	0.993570	1.000000	1.000000	0.916844	0.974895	0.978312
1580	0.993603	1.000000	1.000000	0.916827	0.974895	0.978312
1590	0.993624	1.000000	1.000000	0.916900	0.974895	0.978312
1600	0.993649	1.000000	1.000000	0.916682	0.974895	0.978312
1610	0.993677	1.000000	1.000000	0.916630	0.974895	0.978312
1620	0.993697	1.000000	1.000000	0.916479	0.974895	0.978312
1630	0.993714	1.000000	1.000000	0.916462	0.974895	0.978312
1640	0.993733	1.000000	1.000000	0.916372	0.974895	0.978312
1650	0.993800	1.000000	1.000000	0.916497	0.974895	0.978312
1660	0.993826	1.000000	1.000000	0.916585	0.974895	0.978312
1670	0.993869	1.000000	1.000000	0.916763	0.974895	0.978312
1680	0.993931	1.000000	1.000000	0.916976	0.974895	0.978312
1690	0.993969	1.000000	1.000000	0.917006	0.974895	0.978312
1700	0.993985	1.000000	1.000000	0.917020	0.974895	0.978312
1710	0.994001	1.000000	1.000000	0.917119	0.974895	0.978312
1720	0.994021	1.000000	1.000000	0.917086	0.974895	0.978312
1730	0.994048	1.000000	1.000000	0.917008	0.974895	0.978312
1740	0.994085	1.000000	1.000000	0.917299	0.974895	0.978312
1750	0.994106	1.000000	1.000000	0.917296	0.974895	0.978312
1760	0.994158	1.000000	1.000000	0.917294	0.974895	0.978312
1770	0.994184	1.000000	1.000000	0.917269	0.974895	0.978312
1780	0.994221	1.000000	1.000000	0.917269	0.974895	0.978312
1790	0.994241	1.000000	1.000000	0.917234	0.974895	0.978312
1800	0.994260	1.000000	1.000000	0.917254	0.974895	0.978312
1810	0.994302	1.000000	1.000000	0.917256	0.974895	0.978312
1820	0.994334	1.000000	1.000000	0.917375	0.974895	0.978312
1830	0.994349	1.000000	1.000000	0.917198	0.974895	0.978312
1840	0.994437	1.000000	1.000000	0.917300	0.974895	0.978312
1850	0.994504	1.000000	1.000000	0.917350	0.974895	0.978312
1860	0.994526	1.000000	1.000000	0.917272	0.974895	0.978312
1870	0.994552	1.000000	1.000000	0.917227	0.974895	0.978312
1880	0.994573	1.000000	1.000000	0.917387	0.974895	0.978312
1890	0.994589	1.000000	1.000000	0.917399	0.974895	0.978312
1900	0.994628	1.000000	1.000000	0.917358	0.974895	0.978312
1910	0.994644	1.000000	1.000000	0.917352	0.974895	0.978312
1920	0.994672	1.000000	1.000000	0.917401	0.974895	0.978312
1930	0.994700	1.000000	1.000000	0.917543	0.974895	0.978312
1940	0.994725	1.000000	1.000000	0.917572	0.974895	0.978312
1950	0.994745	1.000000	1.000000	0.917506	0.974895	0.978312
1960	0.994768	1.000000	1.000000	0.917454	0.974895	0.978312
1970	0.994790	1.000000	1.000000	0.917450	0.974895	0.978312
1980	0.994809	1.000000	1.000000	0.917392	0.974895	0.978312
1990	0.994848	1.000000	1.000000	0.917503	0.974895	0.978312
2000	0.994866	1.000000	1.000000	0.917508	0.974895	0.978312
2010	0.994892	1.000000	1.000000	0.917583	0.974895	0.978312
2020	0.994916	1.000000	1.000000	0.917767	0.974895	0.978312
2030	0.994939	1.000000	1.000000	0.917981	0.974895	0.978312
2040	0.995004	1.000000	1.000000	0.918071	0.974895	0.978312
2050	0.995036	1.000000	1.000000	0.918058	0.974895	0.978312
2060	0.995052	1.000000	1.000000	0.918026	0.974895	0.978312
2070	0.995068	1.000000	1.000000	0.918151	0.974895	0.978312
2080	0.995086	1.000000	1.000000	0.918083	0.974895	0.978312
2090	0.995110	1.000000	1.000000	0.918101	0.974895	0.978312
2100	0.995129	1.000000	1.000000	0.918187	0.974895	0.978312
2110	0.995145	1.000000	1.000000	0.918106	0.974895	0.978312
2120	0.995167	1.000000	1.000000	0.918013	0.974895	0.978312
2130	0.995182	1.000000	1.000000	0.917953	0.974895	0.978312
2140	0.995204	1.000000	1.000000	0.917927	0.974895	0.978312
2150	0.995224	1.000000	1.000000	0.917961	0.974895	0.978312
2160	0.995236	1.000000	1.000000	0.917937	0.974895	0.978312
2170	0.995253	1.000000	1.000000	0.917990	0.974895	0.978312
2180	0.995273	1.000000	1.000000	0.918004	0.974895	0.978312
2190	0.995310	1.000000	1.000000	0.918066	0.974895	0.978312
2200	0.995387	1.000000	1.000000	0.918146	0.974895	0.978312
2210	0.995423	1.000000	1.000000	0.918152	0.974895	0.978312
2220	0.995442	1.000000	1.000000	0.918134	0.974895	0.978312
2230	0.995460	1.000000	1.000000	0.918135	0.974895	0.978312
2240	0.995473	1.000000	1.000000	0.918071	0.974895	0.978312
2250	0.995485	1.000000	1.000000	0.918037	0.974895	0.978312
2260	0.995504	1.000000	1.000000	0.918027	0.974895	0.978312
2270	0.995526	1.000000	1.000000	0.918166	0.974895	0.978312
2280	0.995549	1.000000	1.000000	0.918261	0.974895	0.978312
2290	0.995563	1.000000	1.000000	0.918291	0.974895	0.978312
2300	0.995579	1.000000	1.000000	0.918277	0.974895	0.978312
2310	0.995595	1.000000	1.000000	0.918142	0.974895	0.978312
2320	0.995608	1.000000	1.000000	0.918103	0.974895	0.978312
2330	0.995626	1.000000	1.000000	0.918169	0.974895	0.978312
2340	0.995645	1.000000	1.000000	0.918377	0.974895	0.978312
2350	0.995659	1.000000	1.000000	0.918480	0.974895	0.978312
2360	0.995673	1.000000	1.000000	0.918482	0.974895	0.978312
2370	0.995683	1.000000	1.000000	0.918457	0.974895	0.978312
2380	0.995699	1.000000	1.000000	0.918505	0.974895	0.978312
2390	0.995719	1.000000	1.000000	0.918468	0.974895	0.978312
2400	0.995736	1.000000	1.000000	0.918223	0.974895	0.978312
2410	0.995750	1.000000	1.000000	0.918096	0.974895	0.978312
2420	0.995766	1.000000	1.000000	0.917980	0.974895	0.978312
2430	0.995775	1.000000	1.000000	0.917951	0.974895	0.978312
2440	0.995808	1.000000	1.000000	0.918035	0.974895	0.978312
2450	0.995849	1.000000	1.000000	0.918090	0.974895	0.978312
