10	0.498042	0.826422	0.774249	0.504261	0.826271	0.778927
20	0.594951	0.935873	0.940671	0.592203	0.940678	0.945026
30	0.678646	0.986017	0.986065	0.666325	0.983051	0.984525
40	0.736163	0.990357	0.990366	0.717459	0.987288	0.988432
50	0.778263	0.992285	0.992293	0.755820	0.987288	0.988432
60	0.812141	0.993732	0.993768	0.785046	0.987288	0.988432
70	0.833775	0.997589	0.997595	0.801257	0.987288	0.988432
80	0.857979	0.999036	0.999035	0.821832	0.987288	0.988432
90	0.875118	0.998554	0.998554	0.836637	0.991525	0.992655
100	0.885754	0.999518	0.999517	0.846374	0.991525	0.992655
110	0.897882	0.999518	0.999517	0.857374	0.991525	0.992655
120	0.907620	0.999518	0.999517	0.865287	0.991525	0.992655
130	0.913461	0.999518	0.999517	0.871694	0.991525	0.992655
140	0.921561	1.000000	1.000000	0.878342	0.991525	0.992655
150	0.926447	1.000000	1.000000	0.883360	0.991525	0.992655
160	0.931582	1.000000	1.000000	0.887506	0.991525	0.992655
170	0.936151	1.000000	1.000000	0.892060	0.991525	0.992655
180	0.940335	1.000000	1.000000	0.895437	0.991525	0.992655
190	0.943463	1.000000	1.000000	0.898220	0.991525	0.992655
200	0.945774	1.000000	1.000000	0.900348	0.991525	0.992655
210	0.948766	1.000000	1.000000	0.902073	0.991525	0.992655
220	0.952424	1.000000	1.000000	0.905280	0.991525	0.992655
230	0.953710	1.000000	1.000000	0.905934	0.991525	0.992655
240	0.955983	1.000000	1.000000	0.907566	0.991525	0.992655
250	0.957704	1.000000	1.000000	0.909012	0.991525	0.992655
260	0.959025	1.000000	1.000000	0.909352	0.991525	0.992655
270	0.961007	1.000000	1.000000	0.911072	0.991525	0.992655
280	0.962254	1.000000	1.000000	0.911903	0.991525	0.992655
290	0.964177	1.000000	1.000000	0.913575	0.991525	0.992655
300	0.965660	1.000000	1.000000	0.914977	0.991525	0.992655
310	0.966845	1.000000	1.000000	0.915477	0.991525	0.992655
320	0.968216	1.000000	1.000000	0.916587	0.991525	0.992655
330	0.969352	1.000000	1.000000	0.917427	0.991525	0.992655
340	0.970168	1.000000	1.000000	0.918039	0.991525	0.992655
350	0.970675	1.000000	1.000000	0.918086	0.991525	0.992655
360	0.971531	1.000000	1.000000	0.918588	0.991525	0.992655
370	0.972625	1.000000	1.000000	0.919629	0.991525	0.992655
380	0.973372	1.000000	1.000000	0.920008	0.991525	0.992655
390	0.974106	1.000000	1.000000	0.920361	0.991525	0.992655
400	0.974621	1.000000	1.000000	0.919859	0.991525	0.992655
410	0.975536	1.000000	1.000000	0.920573	0.991525	0.992655
420	0.976433	1.000000	1.000000	0.921588	0.991525	0.992655
430	0.976749	1.000000	1.000000	0.921699	0.991525	0.992655
440	0.977384	1.000000	1.000000	0.922115	0.991525	0.992655
450	0.978025	1.000000	1.000000	0.922639	0.991525	0.992655
460	0.978419	1.000000	1.000000	0.923014	0.991525	0.992655
470	0.979039	1.000000	1.000000	0.923809	0.991525	0.992655
480	0.979559	1.000000	1.000000	0.924352	0.991525	0.992655
490	0.979982	1.000000	1.000000	0.924662	0.991525	0.992655
500	0.980453	1.000000	1.000000	0.924814	0.991525	0.992655
510	0.980685	1.000000	1.000000	0.925031	0.991525	0.992655
520	0.980963	1.000000	1.000000	0.925041	0.991525	0.992655
530	0.981310	1.000000	1.000000	0.924989	0.991525	0.992655
540	0.981792	1.000000	1.000000	0.925160	0.991525	0.992655
550	0.982063	1.000000	1.000000	0.925356	0.991525	0.992655
560	0.982412	1.000000	1.000000	0.925460	0.991525	0.992655
570	0.982843	1.000000	1.000000	0.925890	0.991525	0.992655
580	0.983332	1.000000	1.000000	0.926360	0.991525	0.992655
590	0.983516	1.000000	1.000000	0.926227	0.991525	0.992655
600	0.983810	1.000000	1.000000	0.926139	0.991525	0.992655
610	0.984129	1.000000	1.000000	0.926408	0.991525	0.992655
620	0.984324	1.000000	1.000000	0.926318	0.991525	0.992655
630	0.984486	1.000000	1.000000	0.926422	0.991525	0.992655
640	0.984747	1.000000	1.000000	0.926492	0.991525	0.992655
650	0.985029	1.000000	1.000000	0.926608	0.991525	0.992655
660	0.985252	1.000000	1.000000	0.926978	0.991525	0.992655
670	0.985498	1.000000	1.000000	0.927768	0.991525	0.992655
680	0.985700	1.000000	1.000000	0.927714	0.991525	0.992655
690	0.985796	1.000000	1.000000	0.927761	0.991525	0.992655
700	0.986112	1.000000	1.000000	0.927974	0.991525	0.992655
710	0.986232	1.000000	1.000000	0.928176	0.991525	0.992655
720	0.986376	1.000000	1.000000	0.928564	0.991525	0.992655
730	0.986553	1.000000	1.000000	0.928670	0.991525	0.992655
740	0.986702	1.000000	1.000000	0.928609	0.991525	0.992655
750	0.986809	1.000000	1.000000	0.928694	0.991525	0.992655
760	0.986916	1.000000	1.000000	0.928612	0.991525	0.992655
770	0.987191	1.000000	1.000000	0.928875	0.991525	0.992655
780	0.987409	1.000000	1.000000	0.929072	0.991525	0.992655
790	0.987548	1.000000	1.000000	0.929272	0.991525	0.992655
800	0.987675	1.000000	1.000000	0.929279	0.991525	0.992655
810	0.987867	1.000000	1.000000	0.929443	0.991525	0.992655
820	0.987987	1.000000	1.000000	0.929446	0.991525	0.992655
830	0.988113	1.000000	1.000000	0.929314	0.991525	0.992655
840	0.988401	1.000000	1.000000	0.929582	0.991525	0.992655
850	0.988523	1.000000	1.000000	0.929859	0.991525	0.992655
860	0.988641	1.000000	1.000000	0.929852	0.991525	0.992655
870	0.988736	1.000000	1.000000	0.929671	0.991525	0.992655
880	0.988895	1.000000	1.000000	0.929700	0.991525	0.992655
890	0.989056	1.000000	1.000000	0.929667	0.991525	0.992655
900	0.989130	1.000000	1.000000	0.929555	0.991525	0.992655
910	0.989234	1.000000	1.000000	0.929754	0.991525	0.992655
920	0.989338	1.000000	1.000000	0.929748	0.991525	0.992655
930	0.989542	1.000000	1.000000	0.929955	0.991525	0.992655
940	0.989653	1.000000	1.000000	0.930017	0.991525	0.992655
950	0.989739	1.000000	1.000000	0.929847	0.991525	0.992655
960	0.989871	1.000000	1.000000	0.929901	0.991525	0.992655
970	0.990010	1.000000	1.000000	0.930166	0.991525	0.992655
980	0.990110	1.000000	1.000000	0.929910	0.991525	0.992655
990	0.990182	1.000000	1.000000	0.929813	0.991525	0.992655
1000	0.990304	1.000000	1.000000	0.929992	0.991525	0.992655
1010	0.990505	1.000000	1.000000	0.930211	0.991525	0.992655
1020	0.990600	1.000000	1.000000	0.930363	0.991525	0.992655
1030	0.990686	1.000000	1.000000	0.930357	0.991525	0.992655
1040	0.990757	1.000000	1.000000	0.930309	0.991525	0.992655
1050	0.990832	1.000000	1.000000	0.930353	0.991525	0.992655
1060	0.990947	1.000000	1.000000	0.930138	0.991525	0.992655
1070	0.991109	1.000000	1.000000	0.930332	0.991525	0.992655
1080	0.991199	1.000000	1.000000	0.930531	0.991525	0.992655
1090	0.991268	1.000000	1.000000	0.930550	0.991525	0.992655
1100	0.991364	1.000000	1.000000	0.930579	0.991525	0.992655
1110	0.991418	1.000000	1.000000	0.930618	0.991525	0.992655
1120	0.991473	1.000000	1.000000	0.930547	0.991525	0.992655
1130	0.991523	1.000000	1.000000	0.930534	0.991525	0.992655
1140	0.991588	1.000000	1.000000	0.930685	0.991525	0.992655
1150	0.991651	1.000000	1.000000	0.930588	0.991525	0.992655
1160	0.991721	1.000000	1.000000	0.930617	0.991525	0.992655
1170	0.991808	1.000000	1.000000	0.930613	0.991525	0.992655
1180	0.991854	1.000000	1.000000	0.930650	0.991525	0.992655
1190	0.991919	1.000000	1.000000	0.930645	0.991525	0.992655
1200	0.991980	1.000000	1.000000	0.930591	0.991525	0.992655
1210	0.992056	1.000000	1.000000	0.930648	0.991525	0.992655
1220	0.992142	1.000000	1.000000	0.930784	0.991525	0.992655
1230	0.992192	1.000000	1.000000	0.930827	0.991525	0.992655
1240	0.992226	1.000000	1.000000	0.930601	0.991525	0.992655
1250	0.992262	1.000000	1.000000	0.930324	0.991525	0.992655
1260	0.992338	1.000000	1.000000	0.930291	0.991525	0.992655
1270	0.992400	1.000000	1.000000	0.930255	0.991525	0.992655
1280	0.992479	1.000000	1.000000	0.930316	0.991525	0.992655
1290	0.992553	1.000000	1.000000	0.930448	0.991525	0.992655
1300	0.992598	1.000000	1.000000	0.930492	0.991525	0.992655
1310	0.992668	1.000000	1.000000	0.930599	0.991525	0.992655
1320	0.992751	1.000000	1.000000	0.930657	0.991525	0.992655
1330	0.992814	1.000000	1.000000	0.930548	0.991525	0.992655
1340	0.992862	1.000000	1.000000	0.930378	0.991525	0.992655
1350	0.992921	1.000000	1.000000	0.930417	0.991525	0.992655
1360	0.992983	1.000000	1.000000	0.930439	0.991525	0.992655
1370	0.993024	1.000000	1.000000	0.930494	0.991525	0.992655
1380	0.993067	1.000000	1.000000	0.930507	0.991525	0.992655
1390	0.993108	1.000000	1.000000	0.930583	0.991525	0.992655
1400	0.993148	1.000000	1.000000	0.930587	0.991525	0.992655
1410	0.993218	1.000000	1.000000	0.930585	0.991525	0.992655
1420	0.993263	1.000000	1.000000	0.930545	0.991525	0.992655
1430	0.993303	1.000000	1.000000	0.930500	0.991525	0.992655
1440	0.993420	1.000000	1.000000	0.930613	0.991525	0.992655
1450	0.993444	1.000000	1.000000	0.930624	0.991525	0.992655
1460	0.993469	1.000000	1.000000	0.930724	0.991525	0.992655
1470	0.993493	1.000000	1.000000	0.930518	0.991525	0.992655
1480	0.993530	1.000000	1.000000	0.930442	0.991525	0.992655
1490	0.993580	1.000000	1.000000	0.930318	0.991525	0.992655
1500	0.993614	1.000000	1.000000	0.930254	0.991525	0.992655
1510	0.993672	1.000000	1.000000	0.930273	0.991525	0.992655
1520	0.993719	1.000000	1.000000	0.930361	0.991525	0.992655
1530	0.993754	1.000000	1.000000	0.930404	0.991525	0.992655
1540	0.993791	1.000000	1.000000	0.930313	0.991525	0.992655
1550	0.993830	1.000000	1.000000	0.930150	0.991525	0.992655
1560	0.993908	1.000000	1.000000	0.930218	0.991525	0.992655
1570	0.994008	1.000000	1.000000	0.930314	0.991525	0.992655
1580	0.994081	1.000000	1.000000	0.930338	0.991525	0.992655
1590	0.994132	1.000000	1.000000	0.930356	0.991525	0.992655
1600	0.994171	1.000000	1.000000	0.930293	0.991525	0.992655
1610	0.994202	1.000000	1.000000	0.930339	0.991525	0.992655
1620	0.994228	1.000000	1.000000	0.930295	0.991525	0.992655
1630	0.994262	1.000000	1.000000	0.930148	0.991525	0.992655
1640	0.994290	1.000000	1.000000	0.930308	0.991525	0.992655
1650	0.994348	1.000000	1.000000	0.930292	0.991525	0.992655
1660	0.994388	1.000000	1.000000	0.930328	0.991525	0.992655
1670	0.994418	1.000000	1.000000	0.930329	0.991525	0.992655
1680	0.994443	1.000000	1.000000	0.930285	0.991525	0.992655
1690	0.994462	1.000000	1.000000	0.930209	0.991525	0.992655
1700	0.994486	1.000000	1.000000	0.930335	0.991525	0.992655
1710	0.994524	1.000000	1.000000	0.930281	0.991525	0.992655
1720	0.994542	1.000000	1.000000	0.930040	0.991525	0.992655
1730	0.994565	1.000000	1.000000	0.930068	0.991525	0.992655
1740	0.994605	1.000000	1.000000	0.930119	0.991525	0.992655
1750	0.994624	1.000000	1.000000	0.930057	0.991525	0.992655
1760	0.994652	1.000000	1.000000	0.930046	0.991525	0.992655
1770	0.994676	1.000000	1.000000	0.929975	0.991525	0.992655
1780	0.994712	1.000000	1.000000	0.929929	0.991525	0.992655
1790	0.994749	1.000000	1.000000	0.929923	0.991525	0.992655
1800	0.994778	1.000000	1.000000	0.929939	0.991525	0.992655
1810	0.994813	1.000000	1.000000	0.929930	0.991525	0.992655
1820	0.994844	1.000000	1.000000	0.929990	0.991525	0.992655
1830	0.994868	1.000000	1.000000	0.930014	0.991525	0.992655
1840	0.994881	1.000000	1.000000	0.929894	0.991525	0.992655
1850	0.994908	1.000000	1.000000	0.929860	0.991525	0.992655
1860	0.994953	1.000000	1.000000	0.929849	0.991525	0.992655
1870	0.994976	1.000000	1.000000	0.929791	0.991525	0.992655
1880	0.995006	1.000000	1.000000	0.929751	0.991525	0.992655
1890	0.995066	1.000000	1.000000	0.929786	0.991525	0.992655
1900	0.995091	1.000000	1.000000	0.929699	0.991525	0.992655
1910	0.995107	1.000000	1.000000	0.929593	0.991525	0.992655
1920	0.995129	1.000000	1.000000	0.929523	0.991525	0.992655
1930	0.995160	1.000000	1.000000	0.929568	0.991525	0.992655
1940	0.995181	1.000000	1.000000	0.929625	0.991525	0.992655
1950	0.995194	1.000000	1.000000	0.929522	0.991525	0.992655
1960	0.995212	1.000000	1.000000	0.929539	0.991525	0.992655
1970	0.995241	1.000000	1.000000	0.929512	0.991525	0.992655
1980	0.995267	1.000000	1.000000	0.929531	0.991525	0.992655
1990	0.995302	1.000000	1.000000	0.929556	0.991525	0.992655
2000	0.995341	1.000000	1.000000	0.929590	0.991525	0.992655
2010	0.995362	1.000000	1.000000	0.929616	0.991525	0.992655
2020	0.995376	1.000000	1.000000	0.929621	0.991525	0.992655
2030	0.995390	1.000000	1.000000	0.929703	0.991525	0.992655
2040	0.995406	1.000000	1.000000	0.929611	0.991525	0.992655
2050	0.995425	1.000000	1.000000	0.929718	0.991525	0.992655
2060	0.995446	1.000000	1.000000	0.929646	0.991525	0.992655
2070	0.995465	1.000000	1.000000	0.929639	0.991525	0.992655
2080	0.995482	1.000000	1.000000	0.929607	0.991525	0.992655
2090	0.995500	1.000000	1.000000	0.929643	0.991525	0.992655
2100	0.995560	1.000000	1.000000	0.929646	0.991525	0.992655
2110	0.995613	1.000000	1.000000	0.929723	0.991525	0.992655
2120	0.995627	1.000000	1.000000	0.929796	0.991525	0.992655
2130	0.995646	1.000000	1.000000	0.929838	0.991525	0.992655
2140	0.995656	1.000000	1.000000	0.929728	0.991525	0.992655
2150	0.995691	1.000000	1.000000	0.929679	0.991525	0.992655
2160	0.995746	1.000000	1.000000	0.929742	0.991525	0.992655
2170	0.995775	1.000000	1.000000	0.929778	0.991525	0.992655
2180	0.995786	1.000000	1.000000	0.929752	0.991525	0.992655
2190	0.995799	1.000000	1.000000	0.929692	0.991525	0.992655
2200	0.995812	1.000000	1.000000	0.929568	0.991525	0.992655
2210	0.995822	1.000000	1.000000	0.929478	0.991525	0.992655
2220	0.995843	1.000000	1.000000	0.929555	0.991525	0.992655
2230	0.995856	1.000000	1.000000	0.929533	0.991525	0.992655
2240	0.995876	1.000000	1.000000	0.929495	0.991525	0.992655
2250	0.995897	1.000000	1.000000	0.929524	0.991525	0.992655
2260	0.995912	1.000000	1.000000	0.929496	0.991525	0.992655
2270	0.995930	1.000000	1.000000	0.929541	0.991525	0.992655
2280	0.995938	1.000000	1.000000	0.929356	0.991525	0.992655
2290	0.995944	1.000000	1.000000	0.929232	0.991525	0.992655
2300	0.995958	1.000000	1.000000	0.929198	0.991525	0.992655
2310	0.995975	1.000000	1.000000	0.929213	0.991525	0.992655
2320	0.995995	1.000000	1.000000	0.929217	0.991525	0.992655
2330	0.996022	1.000000	1.000000	0.929245	0.991525	0.992655
2340	0.996053	1.000000	1.000000	0.929272	0.991525	0.992655
2350	0.996069	1.000000	1.000000	0.929255	0.991525	0.992655
2360	0.996083	1.000000	1.000000	0.929274	0.991525	0.992655
2370	0.996101	1.000000	1.000000	0.929281	0.991525	0.992655
2380	0.996114	1.000000	1.000000	0.929252	0.991525	0.992655
2390	0.996129	1.000000	1.000000	0.929239	0.991525	0.992655
2400	0.996140	1.000000	1.000000	0.929207	0.991525	0.992655
2410	0.996161	1.000000	1.000000	0.929292	0.991525	0.992655
2420	0.996177	1.000000	1.000000	0.929282	0.991525	0.992655
2430	0.996189	1.000000	1.000000	0.929107	0.991525	0.992655
2440	0.996209	1.000000	1.000000	0.929119	0.991525	0.992655
2450	0.996221	1.000000	1.000000	0.929071	0.991525	0.992655
