10	0.487996	0.823047	0.769739	0.478098	0.822034	0.769233
20	0.587657	0.963838	0.964841	0.563644	0.953390	0.953475
30	0.684395	0.986500	0.986611	0.649428	0.961864	0.961485
40	0.741258	0.991803	0.991867	0.702422	0.970339	0.969945
50	0.780067	0.993250	0.993291	0.737583	0.970339	0.969945
60	0.809855	0.993732	0.993777	0.770645	0.974576	0.974588
70	0.835283	0.995178	0.995209	0.791979	0.974576	0.974588
80	0.850631	0.996625	0.996642	0.804779	0.974576	0.974588
90	0.867296	0.997107	0.997121	0.820279	0.974576	0.974588
100	0.884659	0.998071	0.998078	0.835642	0.974576	0.974588
110	0.897642	0.998071	0.998078	0.847472	0.974576	0.974588
120	0.903156	0.998554	0.998556	0.851796	0.974576	0.974588
130	0.909315	0.998554	0.998556	0.858583	0.974576	0.974588
140	0.916047	0.999036	0.999039	0.865295	0.974576	0.974588
150	0.921893	0.999036	0.999035	0.871169	0.974576	0.974588
160	0.927589	0.999518	0.999517	0.875793	0.974576	0.974588
170	0.932823	0.999518	0.999517	0.881052	0.974576	0.974588
180	0.935551	0.999518	0.999517	0.883791	0.974576	0.974588
190	0.939413	1.000000	1.000000	0.886551	0.974576	0.974588
200	0.942402	1.000000	1.000000	0.888584	0.974576	0.974588
210	0.946135	1.000000	1.000000	0.895812	0.974576	0.974588
220	0.949162	1.000000	1.000000	0.899374	0.974576	0.974588
230	0.951067	1.000000	1.000000	0.901484	0.974576	0.974588
240	0.953328	1.000000	1.000000	0.904235	0.974576	0.974588
250	0.955442	1.000000	1.000000	0.906700	0.974576	0.974588
260	0.956880	1.000000	1.000000	0.907524	0.974576	0.974588
270	0.959136	1.000000	1.000000	0.910519	0.974576	0.974588
280	0.960961	1.000000	1.000000	0.912789	0.974576	0.974588
290	0.961988	1.000000	1.000000	0.913812	0.974576	0.974588
300	0.963085	1.000000	1.000000	0.914664	0.974576	0.974588
310	0.964394	1.000000	1.000000	0.916199	0.974576	0.974588
320	0.966182	1.000000	1.000000	0.919331	0.974576	0.974588
330	0.967740	1.000000	1.000000	0.920804	0.974576	0.974588
340	0.968972	1.000000	1.000000	0.922715	0.978814	0.979386
350	0.969802	1.000000	1.000000	0.923579	0.978814	0.979386
360	0.970884	1.000000	1.000000	0.925204	0.978814	0.979386
370	0.972071	1.000000	1.000000	0.926571	0.978814	0.979386
380	0.972823	1.000000	1.000000	0.927208	0.978814	0.979386
390	0.973818	1.000000	1.000000	0.928805	0.978814	0.979386
400	0.974460	1.000000	1.000000	0.929514	0.978814	0.979386
410	0.975052	1.000000	1.000000	0.929964	0.978814	0.979386
420	0.975596	1.000000	1.000000	0.930745	0.978814	0.979386
430	0.976411	1.000000	1.000000	0.932059	0.978814	0.979386
440	0.976877	1.000000	1.000000	0.932576	0.978814	0.979386
450	0.977532	1.000000	1.000000	0.933920	0.978814	0.979386
460	0.978116	1.000000	1.000000	0.934231	0.978814	0.979386
470	0.978751	1.000000	1.000000	0.934450	0.978814	0.979386
480	0.979129	1.000000	1.000000	0.934517	0.978814	0.979386
490	0.979477	1.000000	1.000000	0.934955	0.978814	0.979386
500	0.979821	1.000000	1.000000	0.935198	0.978814	0.979386
510	0.980189	1.000000	1.000000	0.935692	0.978814	0.979386
520	0.980677	1.000000	1.000000	0.937073	0.978814	0.979386
530	0.981128	1.000000	1.000000	0.937636	0.978814	0.979386
540	0.981300	1.000000	1.000000	0.937892	0.978814	0.979386
550	0.981723	1.000000	1.000000	0.938225	0.978814	0.979386
560	0.981944	1.000000	1.000000	0.938360	0.978814	0.979386
570	0.982349	1.000000	1.000000	0.938709	0.978814	0.979386
580	0.982565	1.000000	1.000000	0.938906	0.978814	0.979386
590	0.982923	1.000000	1.000000	0.939396	0.978814	0.979386
600	0.983200	1.000000	1.000000	0.940240	0.987288	0.987206
610	0.983375	1.000000	1.000000	0.940315	0.987288	0.987206
620	0.983659	1.000000	1.000000	0.940816	0.987288	0.987206
630	0.984010	1.000000	1.000000	0.941234	0.987288	0.987206
640	0.984156	1.000000	1.000000	0.941272	0.987288	0.987206
650	0.984541	1.000000	1.000000	0.941621	0.987288	0.987206
660	0.984795	1.000000	1.000000	0.941915	0.987288	0.987206
670	0.985064	1.000000	1.000000	0.942497	0.987288	0.987206
680	0.985282	1.000000	1.000000	0.942550	0.987288	0.987206
690	0.985444	1.000000	1.000000	0.942892	0.987288	0.987206
700	0.985541	1.000000	1.000000	0.943012	0.987288	0.987206
710	0.985786	1.000000	1.000000	0.943335	0.987288	0.987206
720	0.986201	1.000000	1.000000	0.944145	0.987288	0.987206
730	0.986393	1.000000	1.000000	0.944194	0.987288	0.987206
740	0.986466	1.000000	1.000000	0.944254	0.987288	0.987206
750	0.986628	1.000000	1.000000	0.944675	0.987288	0.987206
760	0.986848	1.000000	1.000000	0.944893	0.987288	0.987206
770	0.986953	1.000000	1.000000	0.944923	0.987288	0.987206
780	0.987205	1.000000	1.000000	0.945635	0.987288	0.987206
790	0.987350	1.000000	1.000000	0.945619	0.987288	0.987206
800	0.987502	1.000000	1.000000	0.945712	0.987288	0.987206
810	0.987623	1.000000	1.000000	0.945812	0.987288	0.987206
820	0.987721	1.000000	1.000000	0.945992	0.987288	0.987206
830	0.987854	1.000000	1.000000	0.946095	0.987288	0.987206
840	0.988137	1.000000	1.000000	0.946456	0.987288	0.987206
850	0.988349	1.000000	1.000000	0.946908	0.987288	0.987206
860	0.988505	1.000000	1.000000	0.947353	0.987288	0.987206
870	0.988610	1.000000	1.000000	0.947508	0.987288	0.987206
880	0.988757	1.000000	1.000000	0.947637	0.987288	0.987206
890	0.988963	1.000000	1.000000	0.947887	0.987288	0.987206
900	0.989053	1.000000	1.000000	0.947959	0.987288	0.987206
910	0.989156	1.000000	1.000000	0.948019	0.987288	0.987206
920	0.989301	1.000000	1.000000	0.948295	0.987288	0.987206
930	0.989463	1.000000	1.000000	0.948773	0.987288	0.987206
940	0.989652	1.000000	1.000000	0.948742	0.987288	0.987206
950	0.989799	1.000000	1.000000	0.948893	0.987288	0.987206
960	0.989904	1.000000	1.000000	0.948938	0.987288	0.987206
970	0.989983	1.000000	1.000000	0.949015	0.987288	0.987206
980	0.990072	1.000000	1.000000	0.949082	0.987288	0.987206
990	0.990150	1.000000	1.000000	0.949153	0.987288	0.987206
1000	0.990250	1.000000	1.000000	0.949350	0.987288	0.987206
1010	0.990492	1.000000	1.000000	0.949617	0.987288	0.987206
1020	0.990576	1.000000	1.000000	0.949857	0.987288	0.987206
1030	0.990637	1.000000	1.000000	0.949833	0.987288	0.987206
1040	0.990726	1.000000	1.000000	0.950004	0.987288	0.987206
1050	0.990789	1.000000	1.000000	0.950003	0.987288	0.987206
1060	0.990851	1.000000	1.000000	0.950193	0.987288	0.987206
1070	0.990920	1.000000	1.000000	0.950322	0.987288	0.987206
1080	0.991069	1.000000	1.000000	0.950556	0.987288	0.987206
1090	0.991175	1.000000	1.000000	0.950613	0.987288	0.987206
1100	0.991252	1.000000	1.000000	0.950668	0.987288	0.987206
1110	0.991403	1.000000	1.000000	0.950865	0.987288	0.987206
1120	0.991443	1.000000	1.000000	0.951048	0.987288	0.987206
1130	0.991521	1.000000	1.000000	0.951105	0.987288	0.987206
1140	0.991610	1.000000	1.000000	0.951013	0.987288	0.987206
1150	0.991688	1.000000	1.000000	0.950950	0.987288	0.987206
1160	0.991755	1.000000	1.000000	0.951104	0.987288	0.987206
1170	0.991800	1.000000	1.000000	0.951198	0.987288	0.987206
1180	0.991980	1.000000	1.000000	0.951405	0.987288	0.987206
1190	0.992087	1.000000	1.000000	0.951541	0.987288	0.987206
1200	0.992119	1.000000	1.000000	0.951843	0.987288	0.987206
1210	0.992232	1.000000	1.000000	0.951907	0.987288	0.987206
1220	0.992302	1.000000	1.000000	0.952015	0.987288	0.987206
1230	0.992379	1.000000	1.000000	0.952196	0.987288	0.987206
1240	0.992421	1.000000	1.000000	0.952180	0.987288	0.987206
1250	0.992468	1.000000	1.000000	0.952217	0.987288	0.987206
1260	0.992542	1.000000	1.000000	0.952351	0.987288	0.987206
1270	0.992604	1.000000	1.000000	0.952454	0.987288	0.987206
1280	0.992640	1.000000	1.000000	0.952483	0.987288	0.987206
1290	0.992683	1.000000	1.000000	0.952411	0.987288	0.987206
1300	0.992753	1.000000	1.000000	0.952517	0.987288	0.987206
1310	0.992791	1.000000	1.000000	0.952483	0.987288	0.987206
1320	0.992875	1.000000	1.000000	0.952596	0.987288	0.987206
1330	0.992939	1.000000	1.000000	0.952699	0.987288	0.987206
1340	0.992993	1.000000	1.000000	0.952947	0.987288	0.987206
1350	0.993030	1.000000	1.000000	0.953049	0.987288	0.987206
1360	0.993058	1.000000	1.000000	0.953005	0.987288	0.987206
1370	0.993101	1.000000	1.000000	0.953012	0.987288	0.987206
1380	0.993167	1.000000	1.000000	0.953051	0.987288	0.987206
1390	0.993222	1.000000	1.000000	0.953264	0.987288	0.987206
1400	0.993251	1.000000	1.000000	0.953303	0.987288	0.987206
1410	0.993298	1.000000	1.000000	0.953318	0.987288	0.987206
1420	0.993371	1.000000	1.000000	0.953364	0.987288	0.987206
1430	0.993403	1.000000	1.000000	0.953337	0.987288	0.987206
1440	0.993431	1.000000	1.000000	0.953306	0.987288	0.987206
1450	0.993470	1.000000	1.000000	0.953375	0.987288	0.987206
1460	0.993550	1.000000	1.000000	0.953431	0.987288	0.987206
1470	0.993676	1.000000	1.000000	0.953570	0.987288	0.987206
1480	0.993708	1.000000	1.000000	0.953513	0.987288	0.987206
1490	0.993744	1.000000	1.000000	0.953551	0.987288	0.987206
1500	0.993777	1.000000	1.000000	0.953622	0.987288	0.987206
1510	0.993804	1.000000	1.000000	0.953657	0.987288	0.987206
1520	0.993831	1.000000	1.000000	0.953728	0.987288	0.987206
1530	0.993886	1.000000	1.000000	0.953727	0.987288	0.987206
1540	0.993937	1.000000	1.000000	0.953778	0.987288	0.987206
1550	0.993988	1.000000	1.000000	0.953861	0.987288	0.987206
1560	0.994040	1.000000	1.000000	0.953952	0.987288	0.987206
1570	0.994070	1.000000	1.000000	0.953916	0.987288	0.987206
1580	0.994103	1.000000	1.000000	0.953919	0.987288	0.987206
1590	0.994143	1.000000	1.000000	0.953967	0.987288	0.987206
1600	0.994198	1.000000	1.000000	0.954128	0.987288	0.987206
1610	0.994235	1.000000	1.000000	0.954221	0.987288	0.987206
1620	0.994270	1.000000	1.000000	0.954255	0.987288	0.987206
1630	0.994298	1.000000	1.000000	0.954252	0.987288	0.987206
1640	0.994319	1.000000	1.000000	0.954260	0.987288	0.987206
1650	0.994362	1.000000	1.000000	0.954276	0.987288	0.987206
1660	0.994404	1.000000	1.000000	0.954240	0.987288	0.987206
1670	0.994432	1.000000	1.000000	0.954262	0.987288	0.987206
1680	0.994450	1.000000	1.000000	0.954315	0.987288	0.987206
1690	0.994477	1.000000	1.000000	0.954333	0.987288	0.987206
1700	0.994507	1.000000	1.000000	0.954384	0.987288	0.987206
1710	0.994518	1.000000	1.000000	0.954256	0.987288	0.987206
1720	0.994555	1.000000	1.000000	0.954260	0.987288	0.987206
1730	0.994582	1.000000	1.000000	0.954304	0.987288	0.987206
1740	0.994600	1.000000	1.000000	0.954408	0.987288	0.987206
1750	0.994618	1.000000	1.000000	0.954418	0.987288	0.987206
1760	0.994647	1.000000	1.000000	0.954425	0.987288	0.987206
1770	0.994685	1.000000	1.000000	0.954485	0.987288	0.987206
1780	0.994719	1.000000	1.000000	0.954548	0.987288	0.987206
1790	0.994810	1.000000	1.000000	0.954658	0.987288	0.987206
1800	0.994859	1.000000	1.000000	0.954698	0.987288	0.987206
1810	0.994882	1.000000	1.000000	0.954776	0.987288	0.987206
1820	0.994909	1.000000	1.000000	0.954757	0.987288	0.987206
1830	0.994946	1.000000	1.000000	0.954785	0.987288	0.987206
1840	0.994962	1.000000	1.000000	0.954818	0.987288	0.987206
1850	0.994993	1.000000	1.000000	0.954858	0.987288	0.987206
1860	0.995013	1.000000	1.000000	0.954884	0.987288	0.987206
1870	0.995025	1.000000	1.000000	0.954925	0.987288	0.987206
1880	0.995047	1.000000	1.000000	0.954940	0.987288	0.987206
1890	0.995078	1.000000	1.000000	0.954970	0.987288	0.987206
1900	0.995102	1.000000	1.000000	0.955134	0.987288	0.987206
1910	0.995124	1.000000	1.000000	0.955058	0.987288	0.987206
1920	0.995139	1.000000	1.000000	0.955099	0.987288	0.987206
1930	0.995154	1.000000	1.000000	0.955139	0.987288	0.987206
1940	0.995168	1.000000	1.000000	0.955116	0.987288	0.987206
1950	0.995196	1.000000	1.000000	0.955103	0.987288	0.987206
1960	0.995226	1.000000	1.000000	0.955361	0.987288	0.987206
1970	0.995263	1.000000	1.000000	0.955379	0.987288	0.987206
1980	0.995279	1.000000	1.000000	0.955387	0.987288	0.987206
1990	0.995330	1.000000	1.000000	0.955434	0.987288	0.987206
2000	0.995352	1.000000	1.000000	0.955557	0.987288	0.987206
2010	0.995374	1.000000	1.000000	0.955645	0.987288	0.987206
2020	0.995393	1.000000	1.000000	0.955619	0.987288	0.987206
2030	0.995402	1.000000	1.000000	0.955620	0.987288	0.987206
2040	0.995416	1.000000	1.000000	0.955569	0.987288	0.987206
2050	0.995437	1.000000	1.000000	0.955577	0.987288	0.987206
2060	0.995461	1.000000	1.000000	0.955758	0.987288	0.987206
2070	0.995500	1.000000	1.000000	0.955783	0.987288	0.987206
2080	0.995520	1.000000	1.000000	0.955798	0.987288	0.987206
2090	0.995535	1.000000	1.000000	0.955828	0.987288	0.987206
2100	0.995552	1.000000	1.000000	0.955906	0.987288	0.987206
2110	0.995568	1.000000	1.000000	0.955868	0.987288	0.987206
2120	0.995585	1.000000	1.000000	0.955889	0.987288	0.987206
2130	0.995596	1.000000	1.000000	0.955859	0.987288	0.987206
2140	0.995611	1.000000	1.000000	0.955871	0.987288	0.987206
2150	0.995626	1.000000	1.000000	0.955903	0.987288	0.987206
2160	0.995653	1.000000	1.000000	0.956012	0.987288	0.987206
2170	0.995684	1.000000	1.000000	0.956127	0.987288	0.987206
2180	0.995744	1.000000	1.000000	0.956198	0.987288	0.987206
2190	0.995772	1.000000	1.000000	0.956210	0.987288	0.987206
2200	0.995793	1.000000	1.000000	0.956254	0.987288	0.987206
2210	0.995808	1.000000	1.000000	0.956309	0.987288	0.987206
2220	0.995824	1.000000	1.000000	0.956365	0.987288	0.987206
2230	0.995835	1.000000	1.000000	0.956361	0.987288	0.987206
2240	0.995855	1.000000	1.000000	0.956363	0.987288	0.987206
2250	0.995871	1.000000	1.000000	0.956383	0.987288	0.987206
2260	0.995923	1.000000	1.000000	0.956451	0.987288	0.987206
2270	0.995974	1.000000	1.000000	0.956509	0.987288	0.987206
2280	0.996006	1.000000	1.000000	0.956575	0.987288	0.987206
2290	0.996030	1.000000	1.000000	0.956602	0.987288	0.987206
2300	0.996056	1.000000	1.000000	0.956701	0.987288	0.987206
2310	0.996081	1.000000	1.000000	0.956727	0.987288	0.987206
2320	0.996091	1.000000	1.000000	0.956740	0.987288	0.987206
2330	0.996108	1.000000	1.000000	0.956715	0.987288	0.987206
2340	0.996121	1.000000	1.000000	0.956726	0.987288	0.987206
2350	0.996134	1.000000	1.000000	0.956679	0.987288	0.987206
2360	0.996149	1.000000	1.000000	0.956688	0.987288	0.987206
2370	0.996155	1.000000	1.000000	0.956644	0.987288	0.987206
2380	0.996166	1.000000	1.000000	0.956662	0.987288	0.987206
2390	0.996188	1.000000	1.000000	0.956710	0.987288	0.987206
2400	0.996203	1.000000	1.000000	0.956724	0.987288	0.987206
2410	0.996215	1.000000	1.000000	0.956765	0.987288	0.987206
2420	0.996226	1.000000	1.000000	0.956784	0.987288	0.987206
2430	0.996240	1.000000	1.000000	0.956878	0.987288	0.987206
2440	0.996276	1.000000	1.000000	0.956978	0.987288	0.987206
2450	0.996291	1.000000	1.000000	0.956995	0.987288	0.987206
