10	0.712424	0.980317	0.980600	0.683822	0.947137	0.948542
20	0.829917	0.990879	0.990984	0.782959	0.964758	0.967052
30	0.884374	0.996159	0.996199	0.828233	0.964758	0.967052
40	0.914068	0.998080	0.998098	0.851964	0.969163	0.970252
50	0.931855	0.999040	0.999042	0.864578	0.969163	0.970252
60	0.943415	0.999520	0.999528	0.872368	0.969163	0.970252
70	0.951567	0.999520	0.999528	0.876496	0.969163	0.971265
80	0.957903	1.000000	1.000000	0.878961	0.969163	0.970252
90	0.962601	1.000000	1.000000	0.882653	0.973568	0.975115
100	0.966459	1.000000	1.000000	0.885008	0.973568	0.975115
110	0.969544	1.000000	1.000000	0.887883	0.973568	0.976028
120	0.972130	1.000000	1.000000	0.890164	0.973568	0.976028
130	0.974281	1.000000	1.000000	0.890929	0.973568	0.976028
140	0.976308	1.000000	1.000000	0.892217	0.973568	0.976028
150	0.977848	1.000000	1.000000	0.893347	0.973568	0.976028
160	0.979246	1.000000	1.000000	0.893627	0.973568	0.976028
170	0.980545	1.000000	1.000000	0.893161	0.969163	0.971265
180	0.981656	1.000000	1.000000	0.893011	0.969163	0.971265
190	0.982617	1.000000	1.000000	0.892858	0.969163	0.971265
200	0.983480	1.000000	1.000000	0.892839	0.969163	0.971265
210	0.984264	1.000000	1.000000	0.893052	0.969163	0.971265
220	0.985001	1.000000	1.000000	0.893121	0.969163	0.971265
230	0.985630	1.000000	1.000000	0.892912	0.969163	0.971265
240	0.986263	1.000000	1.000000	0.892945	0.969163	0.971265
250	0.986952	1.000000	1.000000	0.892861	0.969163	0.971265
