10	0.706721	0.979267	0.979217	0.703903	0.978814	0.980373
20	0.826197	0.990839	0.990782	0.814194	0.983051	0.984525
30	0.882610	0.995661	0.995629	0.860701	0.983051	0.984525
40	0.912565	0.999518	0.999517	0.888315	0.991525	0.992655
50	0.930337	0.999518	0.999517	0.902706	0.991525	0.992655
60	0.942494	1.000000	1.000000	0.913716	0.991525	0.992655
70	0.950852	1.000000	1.000000	0.920992	0.991525	0.992655
80	0.957236	1.000000	1.000000	0.926597	0.991525	0.992655
90	0.962129	1.000000	1.000000	0.930923	0.991525	0.992655
100	0.966060	1.000000	1.000000	0.934688	0.991525	0.992655
110	0.969228	1.000000	1.000000	0.936827	0.991525	0.992655
120	0.971976	1.000000	1.000000	0.939258	0.991525	0.992655
130	0.974193	1.000000	1.000000	0.941268	0.991525	0.992655
140	0.976167	1.000000	1.000000	0.943683	0.991525	0.992655
150	0.977789	1.000000	1.000000	0.944852	0.991525	0.992655
160	0.979158	1.000000	1.000000	0.945870	0.991525	0.992655
170	0.980418	1.000000	1.000000	0.947392	0.991525	0.992655
180	0.981533	1.000000	1.000000	0.948068	0.991525	0.992655
190	0.982573	1.000000	1.000000	0.949170	0.991525	0.992655
200	0.983467	1.000000	1.000000	0.950027	0.991525	0.992655
210	0.984245	1.000000	1.000000	0.950507	0.991525	0.992655
220	0.984972	1.000000	1.000000	0.951182	0.991525	0.992655
230	0.985652	1.000000	1.000000	0.951648	0.991525	0.992655
240	0.986260	1.000000	1.000000	0.951898	0.991525	0.992655
250	0.986820	1.000000	1.000000	0.952404	0.991525	0.992655
