10	0.704636	0.979367	0.979553	0.743340	0.986726	0.986122
20	0.825515	0.988484	0.988562	0.843409	0.986726	0.986122
30	0.879971	0.993762	0.993824	0.883007	0.986726	0.986122
40	0.910524	0.997601	0.997638	0.904360	0.986726	0.986122
50	0.928898	0.998081	0.998113	0.916872	0.986726	0.986122
60	0.941836	0.998560	0.998583	0.926498	0.986726	0.986122
70	0.950675	0.999520	0.999526	0.933246	0.986726	0.986122
80	0.957068	1.000000	1.000000	0.938768	0.986726	0.986122
90	0.961949	1.000000	1.000000	0.942724	0.986726	0.986122
100	0.965898	1.000000	1.000000	0.946066	0.986726	0.986122
110	0.969149	1.000000	1.000000	0.948370	0.986726	0.986122
120	0.971855	1.000000	1.000000	0.950688	0.986726	0.986122
130	0.974097	1.000000	1.000000	0.952411	0.986726	0.986122
140	0.975955	1.000000	1.000000	0.953651	0.986726	0.986122
150	0.977516	1.000000	1.000000	0.954498	0.986726	0.986122
160	0.978898	1.000000	1.000000	0.955212	0.986726	0.986122
170	0.980141	1.000000	1.000000	0.955830	0.986726	0.986122
180	0.981260	1.000000	1.000000	0.956396	0.986726	0.985897
190	0.982286	1.000000	1.000000	0.957760	0.986726	0.986122
200	0.983133	1.000000	1.000000	0.958334	0.986726	0.986122
210	0.983919	1.000000	1.000000	0.959043	0.991150	0.991071
220	0.984641	1.000000	1.000000	0.959492	0.986726	0.986122
230	0.985330	1.000000	1.000000	0.960494	0.991150	0.991071
240	0.985948	1.000000	1.000000	0.960784	0.991150	0.991071
250	0.986519	1.000000	1.000000	0.961078	0.991150	0.991071
