10	0.709799	0.980298	0.980281	0.631379	0.947598	0.951746
20	0.829104	0.989909	0.989870	0.749730	0.951965	0.955126
30	0.884649	0.995675	0.995638	0.806690	0.956332	0.959194
40	0.914744	0.997597	0.997574	0.838123	0.960699	0.963330
50	0.932403	0.998078	0.998061	0.856175	0.960699	0.963330
60	0.944703	0.998558	0.998544	0.869826	0.960699	0.963330
70	0.952810	0.999519	0.999515	0.879598	0.965066	0.967691
80	0.959065	1.000000	1.000000	0.886089	0.969432	0.971645
90	0.963964	1.000000	1.000000	0.890149	0.969432	0.971645
100	0.967749	1.000000	1.000000	0.894407	0.973799	0.975450
110	0.970820	1.000000	1.000000	0.897535	0.973799	0.975450
120	0.973315	1.000000	1.000000	0.900524	0.973799	0.975450
130	0.975475	1.000000	1.000000	0.902917	0.973799	0.975450
140	0.977277	1.000000	1.000000	0.905061	0.973799	0.975450
150	0.978836	1.000000	1.000000	0.906580	0.973799	0.975450
160	0.980170	1.000000	1.000000	0.907860	0.973799	0.975450
170	0.981373	1.000000	1.000000	0.909009	0.973799	0.975450
180	0.982500	1.000000	1.000000	0.910342	0.973799	0.975450
190	0.983420	1.000000	1.000000	0.910906	0.973799	0.975450
200	0.984286	1.000000	1.000000	0.911822	0.973799	0.975450
210	0.985050	1.000000	1.000000	0.912561	0.973799	0.975450
220	0.985767	1.000000	1.000000	0.913877	0.973799	0.975450
230	0.986424	1.000000	1.000000	0.914251	0.973799	0.975450
240	0.987025	1.000000	1.000000	0.914677	0.973799	0.975450
250	0.987529	1.000000	1.000000	0.915276	0.973799	0.975450
