10	0.710583	0.979943	0.980206	0.681320	0.967593	0.966808
20	0.828798	0.988061	0.988180	0.795512	0.976852	0.976636
30	0.884349	0.995702	0.995740	0.851006	0.981481	0.980799
40	0.914729	0.998090	0.998105	0.881550	0.981481	0.980834
50	0.932884	0.999045	0.999051	0.899685	0.990741	0.990692
60	0.944201	0.999522	0.999525	0.911864	0.990741	0.990692
70	0.952563	1.000000	1.000000	0.919712	0.990741	0.990692
80	0.958695	1.000000	1.000000	0.926057	0.990741	0.990692
90	0.963557	1.000000	1.000000	0.931383	0.990741	0.990692
100	0.967404	1.000000	1.000000	0.935264	0.990741	0.990692
110	0.970465	1.000000	1.000000	0.938066	0.990741	0.990692
120	0.972982	1.000000	1.000000	0.940379	0.990741	0.990692
130	0.975057	1.000000	1.000000	0.942589	0.990741	0.990692
140	0.976923	1.000000	1.000000	0.944374	0.990741	0.990692
150	0.978514	1.000000	1.000000	0.945996	0.990741	0.990692
160	0.979872	1.000000	1.000000	0.947009	0.990741	0.990692
170	0.981004	1.000000	1.000000	0.947915	0.990741	0.990692
180	0.982059	1.000000	1.000000	0.948975	0.990741	0.990692
190	0.982993	1.000000	1.000000	0.950149	0.990741	0.990692
200	0.983839	1.000000	1.000000	0.951210	0.990741	0.990692
210	0.984612	1.000000	1.000000	0.952117	0.986111	0.985672
220	0.985316	1.000000	1.000000	0.952575	0.986111	0.985672
230	0.985911	1.000000	1.000000	0.953266	0.986111	0.985672
240	0.986482	1.000000	1.000000	0.953579	0.986111	0.985672
250	0.987028	1.000000	1.000000	0.953994	0.986111	0.985672
