10	0.707070	0.978428	0.978555	0.703682	0.986607	0.987202
20	0.824107	0.986577	0.986639	0.817863	0.991071	0.991404
30	0.880277	0.994247	0.994261	0.871715	0.995536	0.995496
40	0.909862	0.996644	0.996645	0.901179	0.995536	0.995496
50	0.928417	0.998082	0.998077	0.919755	0.995536	0.995496
60	0.940808	0.999041	0.999040	0.931439	0.995536	0.995496
70	0.949839	0.999521	0.999520	0.939761	0.995536	0.995496
80	0.956549	1.000000	1.000000	0.946228	0.995536	0.995496
90	0.961936	1.000000	1.000000	0.951577	0.995536	0.995496
100	0.966042	1.000000	1.000000	0.955008	0.995536	0.995496
110	0.969240	1.000000	1.000000	0.957656	0.995536	0.995496
120	0.971779	1.000000	1.000000	0.960366	0.995536	0.995496
130	0.973940	1.000000	1.000000	0.962410	0.995536	0.995496
140	0.975874	1.000000	1.000000	0.964188	0.995536	0.995496
150	0.977522	1.000000	1.000000	0.965534	0.995536	0.995496
160	0.978971	1.000000	1.000000	0.966661	0.995536	0.995496
170	0.980237	1.000000	1.000000	0.967747	0.995536	0.995496
180	0.981321	1.000000	1.000000	0.968809	0.995536	0.995496
190	0.982279	1.000000	1.000000	0.969745	0.995536	0.995496
200	0.983168	1.000000	1.000000	0.970612	0.995536	0.995496
210	0.984003	1.000000	1.000000	0.971234	0.995536	0.995496
220	0.984757	1.000000	1.000000	0.971672	0.995536	0.995496
230	0.985423	1.000000	1.000000	0.972312	0.995536	0.995496
240	0.986016	1.000000	1.000000	0.972838	0.995536	0.995496
250	0.986605	1.000000	1.000000	0.973154	0.995536	0.995496
