10	0.707871	0.979943	0.980350	0.696179	0.981481	0.977400
20	0.828602	0.990926	0.991080	0.804615	0.981481	0.977400
30	0.883378	0.995702	0.995784	0.852871	0.976852	0.971201
40	0.912983	0.998090	0.998122	0.875736	0.976852	0.971201
50	0.931160	0.998567	0.998589	0.892123	0.976852	0.971201
60	0.942867	0.998567	0.998589	0.901060	0.976852	0.971201
70	0.951490	0.998567	0.998589	0.907145	0.976852	0.971201
80	0.957975	0.999045	0.999058	0.911219	0.976852	0.971201
90	0.962795	0.999522	0.999528	0.914399	0.976852	0.971201
100	0.966643	1.000000	1.000000	0.917477	0.976852	0.971201
110	0.969750	1.000000	1.000000	0.918787	0.976852	0.971201
120	0.972380	1.000000	1.000000	0.920278	0.976852	0.971201
130	0.974600	1.000000	1.000000	0.921142	0.976852	0.971201
140	0.976500	1.000000	1.000000	0.921965	0.976852	0.971201
150	0.978019	1.000000	1.000000	0.922462	0.976852	0.971201
160	0.979557	1.000000	1.000000	0.923156	0.976852	0.971201
170	0.980809	1.000000	1.000000	0.924158	0.976852	0.971201
180	0.981929	1.000000	1.000000	0.925505	0.976852	0.971201
190	0.982869	1.000000	1.000000	0.925627	0.976852	0.971201
200	0.983745	1.000000	1.000000	0.925688	0.976852	0.971201
210	0.984535	1.000000	1.000000	0.926123	0.976852	0.971201
220	0.985248	1.000000	1.000000	0.926171	0.976852	0.971201
230	0.985922	1.000000	1.000000	0.926446	0.976852	0.971201
240	0.986508	1.000000	1.000000	0.926521	0.976852	0.971201
250	0.987067	1.000000	1.000000	0.926553	0.976852	0.971201
