10	0.710028	0.978271	0.978144	0.679367	0.970711	0.974924
20	0.826744	0.989860	0.989862	0.786370	0.974895	0.978312
30	0.881701	0.994689	0.994642	0.834643	0.974895	0.978312
40	0.912605	0.998551	0.998531	0.861870	0.974895	0.978312
50	0.930817	0.998551	0.998531	0.876462	0.974895	0.978312
60	0.942927	0.999034	0.999020	0.887816	0.974895	0.978312
70	0.951521	0.999517	0.999510	0.895698	0.974895	0.978312
80	0.957667	0.999517	0.999510	0.901738	0.974895	0.978312
90	0.962666	1.000000	1.000000	0.905434	0.974895	0.978312
100	0.966374	1.000000	1.000000	0.908919	0.974895	0.978312
110	0.969484	1.000000	1.000000	0.912494	0.974895	0.978312
120	0.971953	1.000000	1.000000	0.914681	0.974895	0.978312
130	0.974064	1.000000	1.000000	0.916686	0.974895	0.978312
140	0.976062	1.000000	1.000000	0.918666	0.974895	0.978312
150	0.977688	1.000000	1.000000	0.920364	0.974895	0.978312
160	0.979235	1.000000	1.000000	0.921407	0.974895	0.978312
170	0.980427	1.000000	1.000000	0.922286	0.974895	0.978312
180	0.981529	1.000000	1.000000	0.922708	0.974895	0.978312
190	0.982512	1.000000	1.000000	0.923459	0.974895	0.978312
200	0.983395	1.000000	1.000000	0.923665	0.979079	0.982085
210	0.984282	1.000000	1.000000	0.924284	0.979079	0.982085
220	0.985037	1.000000	1.000000	0.924609	0.979079	0.982085
230	0.985677	1.000000	1.000000	0.925392	0.979079	0.982085
240	0.986246	1.000000	1.000000	0.925521	0.979079	0.982085
250	0.986771	1.000000	1.000000	0.925866	0.979079	0.982085
