10	0.710300	0.979502	0.979409	0.688014	0.973180	0.972919
20	0.830216	0.990239	0.990191	0.793947	0.980843	0.979770
30	0.883352	0.992679	0.992622	0.847408	0.980843	0.979770
40	0.913004	0.997072	0.997057	0.871019	0.980843	0.979770
50	0.931105	0.998536	0.998542	0.887428	0.980843	0.979770
60	0.942906	0.998536	0.998542	0.897424	0.980843	0.979770
70	0.951551	0.999512	0.999519	0.906258	0.980843	0.979770
80	0.957776	1.000000	1.000000	0.911285	0.980843	0.979770
90	0.962494	1.000000	1.000000	0.915087	0.980843	0.979770
100	0.966348	1.000000	1.000000	0.919367	0.980843	0.979770
110	0.969470	1.000000	1.000000	0.921878	0.980843	0.979770
120	0.971991	1.000000	1.000000	0.923435	0.980843	0.979770
130	0.974208	1.000000	1.000000	0.925023	0.980843	0.979770
140	0.976070	1.000000	1.000000	0.926443	0.980843	0.979770
150	0.977686	1.000000	1.000000	0.927722	0.980843	0.979770
160	0.979132	1.000000	1.000000	0.928613	0.980843	0.979770
170	0.980444	1.000000	1.000000	0.929060	0.980843	0.979770
180	0.981534	1.000000	1.000000	0.929744	0.980843	0.979770
190	0.982544	1.000000	1.000000	0.930063	0.980843	0.979770
200	0.983443	1.000000	1.000000	0.930676	0.980843	0.979770
210	0.984211	1.000000	1.000000	0.931013	0.980843	0.979770
220	0.984961	1.000000	1.000000	0.932061	0.984674	0.983932
230	0.985622	1.000000	1.000000	0.932439	0.984674	0.983932
240	0.986220	1.000000	1.000000	0.932697	0.984674	0.983932
250	0.986802	1.000000	1.000000	0.932758	0.984674	0.983932
