10	0.707690	0.980231	0.980384	0.671718	0.953390	0.953519
20	0.827008	0.987464	0.987566	0.779263	0.957627	0.957511
30	0.881719	0.993732	0.993786	0.825495	0.974576	0.974753
40	0.911505	0.996143	0.996174	0.849926	0.978814	0.979721
50	0.929678	0.996625	0.996650	0.863858	0.974576	0.974753
60	0.942024	0.998071	0.998085	0.876041	0.978814	0.979298
70	0.950614	0.998554	0.998564	0.884962	0.974576	0.974368
80	0.957115	0.999518	0.999517	0.891037	0.974576	0.974368
90	0.962056	0.999518	0.999517	0.895134	0.974576	0.974368
100	0.965911	0.999518	0.999517	0.899019	0.974576	0.974368
110	0.969090	0.999518	0.999517	0.901470	0.974576	0.974368
120	0.971694	0.999518	0.999517	0.904073	0.974576	0.974368
130	0.973866	0.999518	0.999517	0.905452	0.974576	0.974368
140	0.975776	0.999518	0.999517	0.907339	0.974576	0.974368
150	0.977471	0.999518	0.999517	0.908719	0.974576	0.974368
160	0.978867	1.000000	1.000000	0.909980	0.974576	0.974368
170	0.980093	1.000000	1.000000	0.910873	0.974576	0.974368
180	0.981242	1.000000	1.000000	0.911113	0.970339	0.969602
190	0.982228	1.000000	1.000000	0.912741	0.970339	0.969602
200	0.983117	1.000000	1.000000	0.914008	0.970339	0.969602
210	0.983933	1.000000	1.000000	0.915328	0.970339	0.969602
220	0.984676	1.000000	1.000000	0.916633	0.970339	0.969602
230	0.985362	1.000000	1.000000	0.918299	0.974576	0.974368
240	0.985998	1.000000	1.000000	0.919340	0.970339	0.969602
250	0.986562	1.000000	1.000000	0.920094	0.970339	0.969602
