10	0	0.877129	0.876343	0	0.878476	0.878008
20	0	0.911350	0.910796	0	0.912496	0.911913
30	0	0.928905	0.928373	0	0.926398	0.925829
40	0	0.938834	0.938418	0	0.932941	0.932557
50	0	0.944754	0.944379	0	0.940137	0.939645
60	0	0.950302	0.949965	0	0.943736	0.943247
70	0	0.954218	0.953918	0	0.946680	0.946196
80	0	0.957521	0.957255	0	0.947498	0.947059
90	0	0.960435	0.960201	0	0.949624	0.949183
100	0	0.962662	0.962447	0	0.951587	0.951201
110	0	0.964833	0.964627	0	0.953386	0.952972
120	0	0.967060	0.966876	0	0.954531	0.954144
130	0	0.969027	0.968857	0	0.955839	0.955461
140	0	0.970419	0.970270	0	0.956657	0.956302
150	0	0.971681	0.971543	0	0.957802	0.957477
160	0	0.973166	0.973040	0	0.957638	0.957281
170	0	0.974260	0.974152	0	0.958783	0.958440
180	0	0.975374	0.975281	0	0.959764	0.959447
190	0	0.976339	0.976248	0	0.960255	0.959940
200	0	0.977285	0.977205	0	0.961073	0.960716
210	0	0.977916	0.977842	0	0.961727	0.961397
220	0	0.978863	0.978796	0	0.963363	0.963019
230	0	0.979531	0.979469	0	0.963036	0.962703
240	0	0.980273	0.980214	0	0.963853	0.963533
250	0	0.981071	0.981018	0	0.964017	0.963679
260	0	0.981684	0.981628	0	0.964508	0.964171
270	0	0.982259	0.982207	0	0.964998	0.964655
280	0	0.982853	0.982809	0	0.964835	0.964472
290	0	0.983595	0.983555	0	0.965162	0.964806
300	0	0.984115	0.984080	0	0.965816	0.965475
310	0	0.984746	0.984712	0	0.965489	0.965141
320	0	0.985210	0.985183	0	0.965816	0.965472
330	0	0.985711	0.985683	0	0.965980	0.965666
340	0	0.986304	0.986280	0	0.966470	0.966162
350	0	0.986694	0.986681	0	0.966961	0.966636
360	0	0.987010	0.986997	0	0.966798	0.966476
370	0	0.987436	0.987421	0	0.966798	0.966476
380	0	0.987826	0.987818	0	0.967125	0.966812
390	0	0.988179	0.988169	0	0.967288	0.966971
400	0	0.988346	0.988338	0	0.967452	0.967127
