10	0	0.875181	0.874420	0	0.871395	0.870352
20	0	0.913205	0.912721	0	0.903712	0.902690
30	0	0.928826	0.928369	0	0.919622	0.918778
40	0	0.938795	0.938412	0	0.928737	0.927967
50	0	0.945651	0.945319	0	0.937189	0.936243
60	0	0.950395	0.950112	0	0.940835	0.939969
70	0	0.954675	0.954445	0	0.944316	0.943466
80	0	0.958122	0.957903	0	0.947464	0.946669
90	0	0.960901	0.960692	0	0.948956	0.948222
100	0	0.963292	0.963102	0	0.951276	0.950570
110	0	0.965089	0.964913	0	0.952602	0.951955
120	0	0.966905	0.966737	0	0.953928	0.953325
130	0	0.968628	0.968462	0	0.955751	0.955215
140	0	0.970129	0.969974	0	0.957574	0.957085
150	0	0.971890	0.971746	0	0.958568	0.958115
160	0	0.973039	0.972910	0	0.960060	0.959627
170	0	0.974187	0.974075	0	0.961054	0.960669
180	0	0.975095	0.974991	0	0.962214	0.961840
190	0	0.975818	0.975716	0	0.962546	0.962184
200	0	0.976837	0.976742	0	0.964037	0.963691
210	0	0.977560	0.977468	0	0.964369	0.964015
220	0	0.978561	0.978481	0	0.964369	0.963989
230	0	0.979413	0.979340	0	0.964866	0.964505
240	0	0.980321	0.980261	0	0.965197	0.964840
250	0	0.981081	0.981025	0	0.965860	0.965508
260	0	0.981785	0.981736	0	0.966689	0.966372
270	0	0.982508	0.982461	0	0.967020	0.966720
280	0	0.983138	0.983100	0	0.967352	0.967039
290	0	0.983656	0.983618	0	0.967517	0.967194
300	0	0.984083	0.984045	0	0.967683	0.967359
310	0	0.984638	0.984605	0	0.968015	0.967675
320	0	0.984935	0.984902	0	0.968346	0.967985
330	0	0.985435	0.985400	0	0.967849	0.967513
340	0	0.985936	0.985902	0	0.968677	0.968368
350	0	0.986269	0.986237	0	0.969009	0.968716
360	0	0.986844	0.986817	0	0.968843	0.968565
370	0	0.987251	0.987232	0	0.969009	0.968710
380	0	0.987529	0.987511	0	0.969506	0.969222
390	0	0.987974	0.987963	0	0.969672	0.969397
400	0	0.988270	0.988256	0	0.970169	0.969919
