10	0	0.872589	0.871982	0	0.878502	0.877351
20	0	0.912076	0.911551	0	0.912647	0.911769
30	0	0.928197	0.927703	0	0.925079	0.924309
40	0	0.938388	0.937968	0	0.934858	0.934214
50	0	0.945411	0.945040	0	0.940660	0.940010
60	0	0.950488	0.950179	0	0.943975	0.943411
70	0	0.954361	0.954075	0	0.947456	0.946832
80	0	0.957493	0.957238	0	0.950605	0.950066
90	0	0.960568	0.960334	0	0.952428	0.951882
100	0	0.962644	0.962434	0	0.954583	0.954100
110	0	0.964738	0.964553	0	0.956406	0.955934
120	0	0.966294	0.966130	0	0.957567	0.957133
130	0	0.967999	0.967842	0	0.958395	0.957994
140	0	0.969593	0.969452	0	0.958727	0.958300
150	0	0.970890	0.970762	0	0.960882	0.960469
160	0	0.972094	0.971976	0	0.961379	0.960962
170	0	0.973688	0.973583	0	0.962374	0.961970
180	0	0.974762	0.974664	0	0.963037	0.962695
190	0	0.975596	0.975503	0	0.963865	0.963528
200	0	0.976171	0.976082	0	0.964528	0.964158
210	0	0.977171	0.977095	0	0.965026	0.964658
220	0	0.978098	0.978027	0	0.965689	0.965291
230	0	0.978932	0.978870	0	0.966683	0.966320
240	0	0.979691	0.979633	0	0.967512	0.967123
250	0	0.980618	0.980560	0	0.967015	0.966631
260	0	0.981174	0.981116	0	0.967678	0.967299
270	0	0.981804	0.981744	0	0.967678	0.967305
280	0	0.982360	0.982298	0	0.967512	0.967128
290	0	0.983249	0.983193	0	0.967346	0.966967
300	0	0.983694	0.983643	0	0.968009	0.967630
310	0	0.984324	0.984281	0	0.969170	0.968761
320	0	0.984750	0.984709	0	0.969170	0.968770
330	0	0.985250	0.985215	0	0.969501	0.969086
340	0	0.985788	0.985749	0	0.969667	0.969250
350	0	0.986195	0.986159	0	0.969998	0.969579
360	0	0.986603	0.986565	0	0.970164	0.969757
370	0	0.986955	0.986924	0	0.970330	0.969916
380	0	0.987270	0.987241	0	0.970330	0.969954
390	0	0.987622	0.987599	0	0.970661	0.970284
400	0	0.987974	0.987954	0	0.970827	0.970476
