Learn: 0.9881428783162888 Test: 0.9722775564409031
10	0.873444	0.872636	0.873174	0.872606
20	0.910386	0.909737	0.904382	0.903963
30	0.927949	0.927397	0.921647	0.921198
40	0.937972	0.937495	0.932271	0.931959
50	0.944920	0.944489	0.938247	0.937902
60	0.949959	0.949593	0.942065	0.941713
70	0.953924	0.953592	0.945219	0.944908
80	0.957259	0.956956	0.948705	0.948393
90	0.959982	0.959709	0.951029	0.950766
100	0.962446	0.962196	0.953519	0.953268
110	0.964392	0.964158	0.956507	0.956265
120	0.966448	0.966235	0.957669	0.957467
130	0.968375	0.968181	0.959329	0.959048
140	0.969727	0.969551	0.960325	0.960075
150	0.971302	0.971142	0.961487	0.961294
160	0.972265	0.972119	0.962317	0.962109
170	0.973192	0.973060	0.963147	0.962944
180	0.974211	0.974095	0.963479	0.963295
190	0.975063	0.974951	0.964807	0.964644
200	0.975971	0.975865	0.965637	0.965516
210	0.976934	0.976838	0.965969	0.965867
220	0.977583	0.977492	0.966467	0.966361
230	0.978361	0.978272	0.966965	0.966874
240	0.979046	0.978964	0.967297	0.967203
250	0.979861	0.979790	0.967961	0.967869
260	0.980528	0.980471	0.968293	0.968183
270	0.981121	0.981057	0.967961	0.967856
280	0.981621	0.981560	0.967961	0.967864
290	0.982381	0.982338	0.969124	0.969050
300	0.983085	0.983043	0.970120	0.970047
310	0.983956	0.983923	0.970286	0.970201
320	0.984623	0.984592	0.971116	0.971017
330	0.985179	0.985153	0.971116	0.971042
340	0.985568	0.985541	0.971282	0.971207
350	0.985994	0.985971	0.970618	0.970560
360	0.986383	0.986359	0.971448	0.971394
370	0.986809	0.986785	0.971780	0.971735
380	0.987272	0.987250	0.971780	0.971732
390	0.987828	0.987810	0.971946	0.971891
400	0.988143	0.988131	0.972278	0.972233
