Learn: 0.9884802425990644 Test: 0.9689136678492989
10	0.873246	0.872314	0.873458	0.872488
20	0.912132	0.911547	0.906741	0.905932
30	0.927720	0.927223	0.919412	0.918605
40	0.938093	0.937662	0.929211	0.928414
50	0.944897	0.944535	0.934448	0.933786
60	0.949982	0.949645	0.940362	0.939804
70	0.953792	0.953494	0.943403	0.942892
80	0.956861	0.956594	0.946950	0.946484
90	0.960263	0.960040	0.949316	0.948893
100	0.963129	0.962933	0.952019	0.951646
110	0.965274	0.965083	0.953708	0.953390
120	0.967327	0.967154	0.953877	0.953568
130	0.969009	0.968854	0.954553	0.954227
140	0.970452	0.970302	0.955398	0.955082
150	0.971894	0.971753	0.957087	0.956771
160	0.973299	0.973167	0.957763	0.957446
170	0.973965	0.973835	0.958777	0.958474
180	0.974853	0.974742	0.959284	0.958984
190	0.975833	0.975731	0.960128	0.959830
200	0.976868	0.976777	0.960973	0.960702
210	0.978088	0.978000	0.962156	0.961900
220	0.978939	0.978858	0.962663	0.962425
230	0.979531	0.979451	0.962832	0.962597
240	0.980030	0.979948	0.963169	0.962938
250	0.980696	0.980612	0.963676	0.963449
260	0.981583	0.981505	0.964352	0.964137
270	0.982045	0.981972	0.965197	0.964973
280	0.982582	0.982513	0.965873	0.965660
290	0.983469	0.983401	0.966717	0.966517
300	0.983968	0.983905	0.967055	0.966848
310	0.984320	0.984256	0.966886	0.966672
320	0.984949	0.984891	0.967562	0.967355
330	0.985411	0.985352	0.967224	0.967029
340	0.985836	0.985785	0.967900	0.967710
350	0.986335	0.986285	0.968238	0.968053
360	0.986742	0.986694	0.968238	0.968044
370	0.987426	0.987378	0.968576	0.968415
380	0.987870	0.987832	0.968914	0.968743
390	0.988203	0.988167	0.969421	0.969265
400	0.988480	0.988448	0.968914	0.968754
