Learn: 0.9882546611423498 Test: 0.9708557951482479
10	0.872706	0.871517	0.869778	0.869883
20	0.913288	0.912618	0.912230	0.912313
30	0.928825	0.928288	0.926718	0.926785
40	0.938776	0.938314	0.934299	0.934245
50	0.945639	0.945217	0.939690	0.939678
60	0.950337	0.949946	0.943902	0.943886
70	0.954480	0.954141	0.947271	0.947267
80	0.957846	0.957546	0.949461	0.949484
90	0.960491	0.960221	0.952325	0.952383
100	0.963044	0.962800	0.953336	0.953386
110	0.965134	0.964893	0.955020	0.955108
120	0.967021	0.966817	0.955863	0.955929
130	0.968389	0.968200	0.957042	0.957090
140	0.969943	0.969774	0.957547	0.957589
150	0.971164	0.971000	0.959063	0.959119
160	0.972440	0.972295	0.960411	0.960434
170	0.973494	0.973353	0.961590	0.961643
180	0.974789	0.974669	0.962096	0.962144
190	0.975899	0.975785	0.963106	0.963171
200	0.976676	0.976570	0.963612	0.963686
210	0.977564	0.977464	0.963780	0.963855
220	0.978396	0.978304	0.964454	0.964525
230	0.979025	0.978940	0.964286	0.964361
240	0.979783	0.979697	0.965296	0.965358
250	0.980283	0.980194	0.965465	0.965509
260	0.981226	0.981145	0.966307	0.966374
270	0.982114	0.982035	0.966644	0.966733
280	0.982650	0.982575	0.967150	0.967235
290	0.983279	0.983213	0.967318	0.967398
300	0.983926	0.983868	0.967655	0.967716
310	0.984555	0.984499	0.967992	0.968040
320	0.984981	0.984925	0.967823	0.967870
330	0.985684	0.985632	0.967992	0.968032
340	0.986054	0.986004	0.968160	0.968202
350	0.986534	0.986490	0.968329	0.968365
360	0.986960	0.986919	0.968834	0.968870
370	0.987237	0.987199	0.969171	0.969219
380	0.987700	0.987667	0.970013	0.970066
390	0.988014	0.987984	0.970519	0.970560
400	0.988255	0.988223	0.970856	0.970894
