Learn: 0.9883531459467466 Test: 0.9719719719719719
10	0.876403	0.875544	0.878378	0.877909
20	0.913658	0.912992	0.912412	0.912031
30	0.928915	0.928418	0.924925	0.924568
40	0.938433	0.937973	0.932099	0.931874
50	0.944839	0.944413	0.936103	0.935930
60	0.949876	0.949491	0.939940	0.939788
70	0.954135	0.953806	0.943110	0.942979
80	0.957486	0.957206	0.947447	0.947357
90	0.960079	0.959817	0.950117	0.950042
100	0.962560	0.962320	0.951785	0.951703
110	0.964708	0.964487	0.953453	0.953342
120	0.966652	0.966450	0.955455	0.955374
130	0.968503	0.968317	0.957457	0.957367
140	0.970003	0.969832	0.957958	0.957854
150	0.971355	0.971198	0.958792	0.958680
160	0.972577	0.972437	0.959960	0.959850
170	0.973670	0.973538	0.961128	0.961004
180	0.974892	0.974775	0.961461	0.961330
190	0.976243	0.976147	0.962462	0.962345
200	0.977077	0.976975	0.963297	0.963208
210	0.977947	0.977853	0.964298	0.964235
220	0.978891	0.978805	0.963964	0.963885
230	0.979706	0.979624	0.964965	0.964918
240	0.980521	0.980450	0.965465	0.965417
250	0.981095	0.981029	0.965799	0.965758
260	0.981780	0.981716	0.966466	0.966437
270	0.982409	0.982354	0.967301	0.967277
280	0.983039	0.982989	0.967634	0.967625
290	0.983631	0.983583	0.968302	0.968283
300	0.984057	0.984008	0.968802	0.968780
310	0.984705	0.984661	0.969136	0.969108
320	0.985224	0.985181	0.969136	0.969130
330	0.985687	0.985641	0.969469	0.969451
340	0.985965	0.985919	0.969970	0.969949
350	0.986520	0.986478	0.970137	0.970122
360	0.987094	0.987059	0.971138	0.971126
370	0.987464	0.987432	0.971471	0.971473
380	0.987779	0.987747	0.971471	0.971464
390	0.988094	0.988065	0.971805	0.971798
400	0.988353	0.988326	0.971972	0.971966
