Learn: 0.9883908536246129 Test: 0.9695573473753497
10	0.872299	0.871392	0.864571	0.863825
20	0.911429	0.910810	0.899457	0.898591
30	0.927953	0.927467	0.915254	0.914558
40	0.938523	0.938107	0.924305	0.923615
50	0.945218	0.944864	0.931216	0.930652
60	0.950503	0.950182	0.937140	0.936625
70	0.954824	0.954538	0.941089	0.940579
80	0.957810	0.957533	0.943887	0.943498
90	0.960555	0.960306	0.945697	0.945354
100	0.963003	0.962771	0.948823	0.948619
110	0.964839	0.964621	0.950469	0.950264
120	0.966990	0.966792	0.952444	0.952267
130	0.968993	0.968822	0.953596	0.953389
140	0.970569	0.970413	0.954254	0.954036
150	0.971904	0.971754	0.955899	0.955685
160	0.972980	0.972836	0.956558	0.956373
170	0.974074	0.973941	0.958039	0.957865
180	0.975168	0.975043	0.959684	0.959504
190	0.976114	0.975995	0.959519	0.959341
200	0.977041	0.976929	0.960342	0.960181
210	0.977931	0.977830	0.961330	0.961158
220	0.978785	0.978693	0.961988	0.961841
230	0.979693	0.979612	0.962646	0.962501
240	0.980305	0.980221	0.963304	0.963189
250	0.981047	0.980972	0.963798	0.963659
260	0.981640	0.981565	0.964292	0.964165
270	0.982215	0.982145	0.965114	0.964994
280	0.982716	0.982649	0.964785	0.964650
290	0.983439	0.983375	0.965443	0.965300
300	0.984218	0.984161	0.966102	0.965969
310	0.984812	0.984756	0.966102	0.965961
320	0.985257	0.985203	0.966266	0.966136
330	0.985702	0.985653	0.966595	0.966448
340	0.986073	0.986027	0.967418	0.967269
350	0.986518	0.986482	0.967747	0.967586
360	0.986963	0.986925	0.967747	0.967586
370	0.987371	0.987333	0.968241	0.968085
380	0.987760	0.987730	0.968570	0.968403
390	0.987983	0.987951	0.969557	0.969408
400	0.988391	0.988361	0.969557	0.969406
