Learn: 0.9880646651270207 Test: 0.9703829787234043
10	0.875289	0.874394	0.866553	0.865061
20	0.912850	0.912289	0.907404	0.906711
30	0.929293	0.928801	0.923574	0.923013
40	0.938845	0.938362	0.932766	0.932293
50	0.945145	0.944717	0.937702	0.937274
60	0.950596	0.950233	0.943830	0.943477
70	0.955289	0.954996	0.947745	0.947459
80	0.958319	0.958050	0.949617	0.949292
90	0.961145	0.960896	0.950809	0.950443
100	0.963141	0.962905	0.953191	0.952884
110	0.965395	0.965186	0.955574	0.955304
120	0.967150	0.966957	0.957617	0.957338
130	0.968739	0.968558	0.958809	0.958578
140	0.970291	0.970117	0.959830	0.959609
150	0.971547	0.971380	0.960170	0.959957
160	0.972896	0.972744	0.961191	0.960983
170	0.973764	0.973622	0.962553	0.962386
180	0.974762	0.974635	0.962894	0.962728
190	0.975686	0.975567	0.963404	0.963251
200	0.976462	0.976349	0.963915	0.963773
210	0.977238	0.977127	0.964255	0.964110
220	0.978217	0.978114	0.964766	0.964642
230	0.979104	0.979013	0.965277	0.965167
240	0.979714	0.979633	0.966128	0.966012
250	0.980490	0.980415	0.966809	0.966692
260	0.981339	0.981269	0.967489	0.967384
270	0.982079	0.982014	0.968000	0.967904
280	0.982818	0.982758	0.968170	0.968050
290	0.983464	0.983411	0.968170	0.968050
300	0.983945	0.983894	0.968851	0.968742
310	0.984296	0.984246	0.969021	0.968914
320	0.984850	0.984803	0.969191	0.969089
330	0.985293	0.985253	0.969362	0.969262
340	0.985755	0.985718	0.969191	0.969087
350	0.986051	0.986016	0.969702	0.969608
360	0.986457	0.986429	0.970043	0.969964
370	0.986975	0.986949	0.970213	0.970138
380	0.987400	0.987373	0.970383	0.970313
390	0.987880	0.987857	0.970383	0.970313
400	0.988065	0.988041	0.970383	0.970293
