10	0.334734	0.847432	0.806735	0.331003	0.851852	0.805071
20	0.495321	0.872366	0.827886	0.487860	0.871693	0.823171
30	0.578328	0.882606	0.836212	0.571015	0.887566	0.836937
40	0.617435	0.888246	0.892499	0.606736	0.888889	0.836816
50	0.658941	0.943158	0.944162	0.647787	0.937831	0.936613
60	0.696780	0.970169	0.970356	0.683109	0.964286	0.963481
70	0.728380	0.981300	0.981333	0.712849	0.970899	0.970707
80	0.755396	0.986940	0.986962	0.739156	0.978836	0.979279
90	0.780451	0.988275	0.988273	0.762027	0.981481	0.981765
100	0.798495	0.989611	0.989615	0.779504	0.982804	0.983109
110	0.813839	0.990650	0.990663	0.794042	0.984127	0.984753
120	0.827548	0.991541	0.991562	0.808515	0.985450	0.985896
130	0.839064	0.992876	0.992899	0.818163	0.985450	0.986001
140	0.849409	0.993915	0.993923	0.827241	0.985450	0.986001
150	0.858779	0.994657	0.994656	0.835227	0.985450	0.986001
160	0.866339	0.995102	0.995099	0.842674	0.986772	0.987313
170	0.874589	0.995844	0.995859	0.851542	0.988095	0.988514
180	0.881905	0.996290	0.996300	0.858133	0.988095	0.988677
190	0.888454	0.996883	0.996895	0.863265	0.988095	0.988677
200	0.894088	0.997032	0.997045	0.868838	0.988095	0.988677
210	0.898636	0.997032	0.997045	0.872516	0.988095	0.988677
220	0.904174	0.997477	0.997490	0.878557	0.988095	0.988677
230	0.907635	0.997774	0.997775	0.881491	0.988095	0.988677
240	0.911809	0.997922	0.997927	0.885418	0.988095	0.988677
250	0.915350	0.998071	0.998076	0.888932	0.988095	0.988677
260	0.917828	0.998071	0.998076	0.891293	0.988095	0.988677
270	0.920626	0.998219	0.998224	0.893607	0.988095	0.988677
280	0.923299	0.998367	0.998372	0.895877	0.988095	0.988677
290	0.925821	0.998516	0.998515	0.898238	0.988095	0.988677
300	0.928166	0.998813	0.998799	0.900421	0.988095	0.988677
310	0.930218	0.998813	0.998799	0.902122	0.988095	0.988677
320	0.932135	0.998813	0.998799	0.904201	0.988095	0.988677
330	0.934119	0.998813	0.998799	0.905944	0.988095	0.988677
340	0.935985	0.998813	0.998799	0.907591	0.988095	0.988677
350	0.937833	0.998961	0.998954	0.909322	0.988095	0.988677
360	0.939632	0.999110	0.999106	0.911128	0.988095	0.988677
370	0.940880	0.999110	0.999106	0.912287	0.988095	0.988677
380	0.942184	0.999110	0.999106	0.913568	0.988095	0.988677
390	0.943346	0.999110	0.999106	0.914517	0.988095	0.988677
400	0.944429	0.999110	0.999106	0.915425	0.988095	0.988677
410	0.945812	0.999110	0.999106	0.916560	0.988095	0.988677
420	0.947022	0.999110	0.999106	0.917660	0.988095	0.988677
430	0.947948	0.999110	0.999106	0.918445	0.988095	0.988677
440	0.948779	0.999110	0.999106	0.919201	0.988095	0.988677
450	0.949664	0.999110	0.999106	0.919691	0.988095	0.988677
460	0.950828	0.999110	0.999106	0.920790	0.988095	0.988677
470	0.951650	0.999258	0.999253	0.921623	0.988095	0.988677
480	0.952586	0.999258	0.999253	0.922384	0.988095	0.988677
490	0.953338	0.999258	0.999253	0.923006	0.988095	0.988677
500	0.953966	0.999258	0.999253	0.923704	0.988095	0.988677
510	0.954946	0.999258	0.999253	0.924565	0.988095	0.988677
520	0.955832	0.999406	0.999403	0.925416	0.988095	0.988677
530	0.956402	0.999406	0.999403	0.925825	0.988095	0.988677
540	0.956806	0.999406	0.999403	0.926134	0.988095	0.988677
550	0.957235	0.999406	0.999403	0.926508	0.988095	0.988677
560	0.957912	0.999406	0.999403	0.927157	0.988095	0.988677
570	0.958462	0.999406	0.999403	0.927598	0.988095	0.988677
580	0.959327	0.999406	0.999403	0.928249	0.988095	0.988677
590	0.959908	0.999406	0.999403	0.928822	0.988095	0.988677
600	0.960721	0.999406	0.999403	0.929666	0.988095	0.988677
610	0.961550	0.999406	0.999403	0.930668	0.988095	0.988677
620	0.962094	0.999406	0.999403	0.931234	0.988095	0.988677
630	0.962758	0.999406	0.999403	0.931685	0.988095	0.988677
640	0.963272	0.999406	0.999403	0.932084	0.988095	0.988677
650	0.963646	0.999406	0.999403	0.932447	0.988095	0.988677
660	0.963967	0.999406	0.999403	0.932770	0.988095	0.988677
670	0.964481	0.999406	0.999403	0.933322	0.988095	0.988677
680	0.965072	0.999406	0.999403	0.934049	0.988095	0.988677
690	0.965586	0.999555	0.999551	0.934537	0.988095	0.988677
700	0.965915	0.999555	0.999551	0.934773	0.988095	0.988677
710	0.966228	0.999555	0.999551	0.934981	0.988095	0.988677
720	0.966733	0.999555	0.999551	0.935502	0.988095	0.988677
730	0.967127	0.999555	0.999551	0.935850	0.988095	0.988677
740	0.967634	0.999555	0.999551	0.936339	0.988095	0.988677
750	0.968033	0.999555	0.999551	0.936500	0.988095	0.988677
760	0.968413	0.999555	0.999551	0.936946	0.988095	0.988677
770	0.968824	0.999555	0.999551	0.937271	0.988095	0.988677
780	0.969227	0.999555	0.999551	0.937703	0.988095	0.988677
790	0.969540	0.999555	0.999551	0.938037	0.988095	0.988677
800	0.969905	0.999555	0.999551	0.938414	0.988095	0.988677
810	0.970394	0.999555	0.999551	0.938899	0.988095	0.988677
820	0.970642	0.999555	0.999551	0.939168	0.988095	0.988677
830	0.971013	0.999555	0.999551	0.939487	0.988095	0.988677
840	0.971259	0.999555	0.999551	0.939676	0.988095	0.988677
850	0.971660	0.999555	0.999551	0.940147	0.988095	0.988677
860	0.972014	0.999555	0.999551	0.940471	0.988095	0.988677
870	0.972227	0.999555	0.999551	0.940670	0.988095	0.988677
880	0.972552	0.999555	0.999551	0.941020	0.988095	0.988677
890	0.972815	0.999555	0.999551	0.941285	0.988095	0.988677
900	0.973056	0.999555	0.999551	0.941495	0.988095	0.988677
910	0.973360	0.999555	0.999551	0.941783	0.988095	0.988677
920	0.973687	0.999555	0.999551	0.942065	0.988095	0.988677
930	0.973985	0.999555	0.999551	0.942312	0.988095	0.988677
940	0.974248	0.999555	0.999551	0.942442	0.988095	0.988677
950	0.974648	0.999555	0.999551	0.942875	0.988095	0.988677
960	0.974997	0.999555	0.999551	0.943291	0.988095	0.988677
970	0.975257	0.999555	0.999551	0.943643	0.988095	0.988677
980	0.975704	0.999555	0.999551	0.944277	0.988095	0.988677
990	0.976023	0.999555	0.999551	0.944626	0.988095	0.988677
1000	0.976499	0.999555	0.999551	0.945226	0.989418	0.989958
1010	0.976924	0.999555	0.999551	0.945711	0.989418	0.989958
1020	0.977290	0.999555	0.999551	0.946147	0.989418	0.989958
1030	0.977532	0.999555	0.999551	0.946326	0.989418	0.989958
1040	0.977738	0.999555	0.999551	0.946511	0.989418	0.989958
1050	0.977941	0.999555	0.999551	0.946657	0.989418	0.989958
1060	0.978068	0.999555	0.999551	0.946764	0.989418	0.989958
1070	0.978312	0.999555	0.999551	0.947002	0.989418	0.989958
1080	0.978513	0.999703	0.999698	0.947240	0.989418	0.989958
1090	0.978715	0.999703	0.999698	0.947464	0.989418	0.989958
1100	0.978889	0.999703	0.999698	0.947584	0.989418	0.989958
1110	0.979163	0.999703	0.999698	0.947968	0.989418	0.989958
1120	0.979358	0.999703	0.999698	0.948162	0.989418	0.989958
1130	0.979555	0.999703	0.999698	0.948348	0.989418	0.989958
1140	0.979693	0.999703	0.999698	0.948441	0.989418	0.989958
1150	0.979901	0.999703	0.999698	0.948631	0.989418	0.989958
1160	0.980065	0.999703	0.999698	0.948786	0.989418	0.989958
1170	0.980238	0.999703	0.999698	0.948977	0.989418	0.989958
1180	0.980443	0.999852	0.999847	0.949177	0.989418	0.989958
1190	0.980637	0.999852	0.999847	0.949364	0.989418	0.989958
1200	0.980798	0.999852	0.999847	0.949489	0.989418	0.989958
1210	0.980991	0.999852	0.999847	0.949727	0.989418	0.989958
1220	0.981148	0.999852	0.999847	0.949938	0.989418	0.989958
1230	0.981250	0.999852	0.999847	0.950019	0.989418	0.989958
1240	0.981424	0.999852	0.999847	0.950205	0.989418	0.989958
1250	0.981587	0.999852	0.999847	0.950328	0.989418	0.989958
1260	0.981729	0.999852	0.999847	0.950436	0.989418	0.989958
1270	0.981831	0.999852	0.999847	0.950556	0.989418	0.989958
1280	0.981982	0.999852	0.999847	0.950731	0.989418	0.989958
1290	0.982132	0.999852	0.999847	0.950979	0.989418	0.989958
1300	0.982330	1.000000	1.000000	0.951183	0.989418	0.989958
1310	0.982498	1.000000	1.000000	0.951393	0.989418	0.989958
1320	0.982655	1.000000	1.000000	0.951532	0.989418	0.989958
1330	0.982777	1.000000	1.000000	0.951622	0.989418	0.989958
1340	0.982857	1.000000	1.000000	0.951704	0.989418	0.989958
1350	0.982970	1.000000	1.000000	0.951849	0.990741	0.991268
1360	0.983109	1.000000	1.000000	0.952021	0.990741	0.991268
1370	0.983254	1.000000	1.000000	0.952169	0.990741	0.991268
1380	0.983413	1.000000	1.000000	0.952389	0.990741	0.991268
1390	0.983578	1.000000	1.000000	0.952535	0.990741	0.991268
1400	0.983717	1.000000	1.000000	0.952739	0.990741	0.991268
1410	0.983872	1.000000	1.000000	0.952935	0.990741	0.991268
1420	0.983971	1.000000	1.000000	0.953033	0.990741	0.991268
1430	0.984082	1.000000	1.000000	0.953202	0.990741	0.991268
1440	0.984217	1.000000	1.000000	0.953353	0.990741	0.991268
1450	0.984354	1.000000	1.000000	0.953472	0.990741	0.991268
1460	0.984458	1.000000	1.000000	0.953620	0.990741	0.991268
1470	0.984587	1.000000	1.000000	0.953740	0.990741	0.991268
1480	0.984710	1.000000	1.000000	0.953900	0.990741	0.991268
1490	0.984851	1.000000	1.000000	0.954046	0.990741	0.991268
1500	0.984948	1.000000	1.000000	0.954097	0.990741	0.991268
1510	0.985048	1.000000	1.000000	0.954227	0.990741	0.991268
1520	0.985203	1.000000	1.000000	0.954425	0.990741	0.991268
1530	0.985310	1.000000	1.000000	0.954537	0.990741	0.991268
1540	0.985412	1.000000	1.000000	0.954688	0.990741	0.991268
1550	0.985502	1.000000	1.000000	0.954793	0.990741	0.991268
1560	0.985580	1.000000	1.000000	0.954861	0.990741	0.991268
1570	0.985638	1.000000	1.000000	0.954864	0.990741	0.991268
1580	0.985748	1.000000	1.000000	0.954966	0.990741	0.991268
1590	0.985829	1.000000	1.000000	0.955035	0.990741	0.991268
1600	0.985920	1.000000	1.000000	0.955166	0.990741	0.991268
1610	0.986024	1.000000	1.000000	0.955321	0.990741	0.991268
1620	0.986131	1.000000	1.000000	0.955418	0.990741	0.991268
1630	0.986206	1.000000	1.000000	0.955585	0.990741	0.991268
1640	0.986324	1.000000	1.000000	0.955757	0.990741	0.991268
1650	0.986429	1.000000	1.000000	0.955896	0.990741	0.991268
1660	0.986527	1.000000	1.000000	0.956035	0.990741	0.991268
1670	0.986599	1.000000	1.000000	0.956069	0.990741	0.991268
1680	0.986673	1.000000	1.000000	0.956185	0.990741	0.991268
1690	0.986755	1.000000	1.000000	0.956321	0.990741	0.991268
1700	0.986842	1.000000	1.000000	0.956433	0.990741	0.991268
1710	0.986934	1.000000	1.000000	0.956522	0.990741	0.991268
1720	0.986991	1.000000	1.000000	0.956561	0.990741	0.991268
1730	0.987034	1.000000	1.000000	0.956637	0.990741	0.991268
1740	0.987114	1.000000	1.000000	0.956680	0.990741	0.991268
1750	0.987204	1.000000	1.000000	0.956813	0.990741	0.991268
1760	0.987289	1.000000	1.000000	0.956896	0.990741	0.991268
1770	0.987388	1.000000	1.000000	0.956996	0.990741	0.991268
1780	0.987485	1.000000	1.000000	0.957097	0.990741	0.991268
1790	0.987594	1.000000	1.000000	0.957236	0.990741	0.991268
1800	0.987713	1.000000	1.000000	0.957357	0.990741	0.991268
1810	0.987802	1.000000	1.000000	0.957444	0.990741	0.991268
1820	0.987882	1.000000	1.000000	0.957541	0.990741	0.991268
1830	0.987942	1.000000	1.000000	0.957606	0.990741	0.991268
1840	0.988001	1.000000	1.000000	0.957671	0.990741	0.991268
1850	0.988089	1.000000	1.000000	0.957758	0.990741	0.991268
1860	0.988151	1.000000	1.000000	0.957772	0.990741	0.991268
1870	0.988216	1.000000	1.000000	0.957818	0.990741	0.991268
1880	0.988266	1.000000	1.000000	0.957864	0.990741	0.991268
1890	0.988341	1.000000	1.000000	0.957950	0.990741	0.991268
1900	0.988407	1.000000	1.000000	0.957988	0.990741	0.991268
1910	0.988478	1.000000	1.000000	0.958045	0.990741	0.991268
1920	0.988541	1.000000	1.000000	0.958132	0.990741	0.991268
1930	0.988602	1.000000	1.000000	0.958187	0.990741	0.991268
1940	0.988639	1.000000	1.000000	0.958217	0.990741	0.991268
1950	0.988687	1.000000	1.000000	0.958241	0.990741	0.991268
1960	0.988748	1.000000	1.000000	0.958299	0.990741	0.991268
1970	0.988823	1.000000	1.000000	0.958353	0.990741	0.991268
1980	0.988903	1.000000	1.000000	0.958501	0.990741	0.991268
1990	0.988990	1.000000	1.000000	0.958592	0.990741	0.991268
2000	0.989065	1.000000	1.000000	0.958666	0.990741	0.991268
2010	0.989124	1.000000	1.000000	0.958691	0.990741	0.991268
2020	0.989194	1.000000	1.000000	0.958745	0.990741	0.991268
2030	0.989246	1.000000	1.000000	0.958756	0.990741	0.991268
2040	0.989298	1.000000	1.000000	0.958800	0.990741	0.991268
2050	0.989350	1.000000	1.000000	0.958836	0.990741	0.991268
2060	0.989394	1.000000	1.000000	0.958883	0.990741	0.991268
2070	0.989441	1.000000	1.000000	0.958920	0.990741	0.991268
2080	0.989499	1.000000	1.000000	0.959002	0.990741	0.991268
2090	0.989554	1.000000	1.000000	0.959050	0.990741	0.991268
2100	0.989620	1.000000	1.000000	0.959123	0.990741	0.991268
2110	0.989668	1.000000	1.000000	0.959194	0.990741	0.991268
2120	0.989718	1.000000	1.000000	0.959257	0.990741	0.991268
2130	0.989781	1.000000	1.000000	0.959355	0.990741	0.991268
2140	0.989830	1.000000	1.000000	0.959402	0.990741	0.991268
2150	0.989859	1.000000	1.000000	0.959419	0.990741	0.991268
2160	0.989901	1.000000	1.000000	0.959455	0.990741	0.991268
2170	0.989942	1.000000	1.000000	0.959544	0.990741	0.991268
2180	0.989981	1.000000	1.000000	0.959566	0.990741	0.991268
2190	0.990035	1.000000	1.000000	0.959620	0.990741	0.991268
2200	0.990080	1.000000	1.000000	0.959652	0.990741	0.991268
2210	0.990133	1.000000	1.000000	0.959701	0.990741	0.991268
2220	0.990183	1.000000	1.000000	0.959751	0.990741	0.991268
2230	0.990225	1.000000	1.000000	0.959794	0.990741	0.991268
2240	0.990279	1.000000	1.000000	0.959851	0.990741	0.991268
2250	0.990317	1.000000	1.000000	0.959933	0.990741	0.991268
2260	0.990372	1.000000	1.000000	0.960006	0.990741	0.991268
2270	0.990425	1.000000	1.000000	0.960028	0.990741	0.991268
2280	0.990475	1.000000	1.000000	0.960126	0.990741	0.991268
2290	0.990528	1.000000	1.000000	0.960171	0.990741	0.991268
2300	0.990571	1.000000	1.000000	0.960200	0.990741	0.991268
2310	0.990610	1.000000	1.000000	0.960271	0.990741	0.991268
2320	0.990653	1.000000	1.000000	0.960328	0.990741	0.991268
2330	0.990686	1.000000	1.000000	0.960368	0.990741	0.991268
2340	0.990734	1.000000	1.000000	0.960421	0.990741	0.991268
2350	0.990769	1.000000	1.000000	0.960469	0.990741	0.991268
2360	0.990790	1.000000	1.000000	0.960485	0.990741	0.991268
2370	0.990828	1.000000	1.000000	0.960520	0.990741	0.991268
2380	0.990852	1.000000	1.000000	0.960551	0.990741	0.991268
2390	0.990891	1.000000	1.000000	0.960620	0.990741	0.991268
2400	0.990929	1.000000	1.000000	0.960657	0.990741	0.991268
2410	0.990972	1.000000	1.000000	0.960701	0.990741	0.991268
2420	0.991012	1.000000	1.000000	0.960734	0.990741	0.991268
2430	0.991045	1.000000	1.000000	0.960840	0.990741	0.991268
2440	0.991075	1.000000	1.000000	0.960908	0.990741	0.991268
2450	0.991100	1.000000	1.000000	0.960987	0.990741	0.991268
2460	0.991125	1.000000	1.000000	0.961014	0.990741	0.991268
2470	0.991162	1.000000	1.000000	0.961040	0.990741	0.991268
2480	0.991199	1.000000	1.000000	0.961094	0.990741	0.991268
2490	0.991227	1.000000	1.000000	0.961146	0.990741	0.991268
2500	0.991273	1.000000	1.000000	0.961172	0.990741	0.991268
2510	0.991312	1.000000	1.000000	0.961240	0.990741	0.991268
2520	0.991350	1.000000	1.000000	0.961279	0.990741	0.991268
2530	0.991385	1.000000	1.000000	0.961315	0.990741	0.991268
2540	0.991416	1.000000	1.000000	0.961360	0.990741	0.991268
2550	0.991446	1.000000	1.000000	0.961386	0.990741	0.991268
2560	0.991467	1.000000	1.000000	0.961396	0.990741	0.991268
2570	0.991494	1.000000	1.000000	0.961414	0.990741	0.991268
2580	0.991522	1.000000	1.000000	0.961447	0.990741	0.991268
2590	0.991544	1.000000	1.000000	0.961466	0.990741	0.991268
2600	0.991571	1.000000	1.000000	0.961481	0.990741	0.991268
2610	0.991590	1.000000	1.000000	0.961506	0.990741	0.991268
2620	0.991609	1.000000	1.000000	0.961538	0.990741	0.991268
2630	0.991639	1.000000	1.000000	0.961553	0.990741	0.991268
2640	0.991660	1.000000	1.000000	0.961578	0.990741	0.991268
2650	0.991689	1.000000	1.000000	0.961616	0.990741	0.991268
2660	0.991712	1.000000	1.000000	0.961635	0.990741	0.991268
2670	0.991742	1.000000	1.000000	0.961684	0.990741	0.991268
2680	0.991773	1.000000	1.000000	0.961707	0.990741	0.991268
2690	0.991811	1.000000	1.000000	0.961742	0.990741	0.991268
2700	0.991845	1.000000	1.000000	0.961808	0.990741	0.991268
2710	0.991867	1.000000	1.000000	0.961824	0.990741	0.991268
2720	0.991893	1.000000	1.000000	0.961880	0.990741	0.991268
2730	0.991921	1.000000	1.000000	0.961905	0.990741	0.991268
2740	0.991955	1.000000	1.000000	0.961939	0.990741	0.991268
2750	0.991977	1.000000	1.000000	0.961946	0.990741	0.991268
2760	0.992007	1.000000	1.000000	0.961948	0.990741	0.991268
2770	0.992037	1.000000	1.000000	0.961994	0.990741	0.991268
2780	0.992058	1.000000	1.000000	0.962006	0.990741	0.991268
2790	0.992094	1.000000	1.000000	0.962062	0.990741	0.991268
2800	0.992136	1.000000	1.000000	0.962115	0.990741	0.991268
2810	0.992159	1.000000	1.000000	0.962126	0.990741	0.991268
2820	0.992184	1.000000	1.000000	0.962144	0.990741	0.991268
2830	0.992211	1.000000	1.000000	0.962145	0.990741	0.991268
2840	0.992227	1.000000	1.000000	0.962139	0.990741	0.991268
2850	0.992258	1.000000	1.000000	0.962184	0.990741	0.991268
2860	0.992281	1.000000	1.000000	0.962181	0.990741	0.991268
2870	0.992304	1.000000	1.000000	0.962205	0.990741	0.991268
2880	0.992320	1.000000	1.000000	0.962214	0.990741	0.991268
2890	0.992339	1.000000	1.000000	0.962238	0.990741	0.991268
2900	0.992361	1.000000	1.000000	0.962279	0.990741	0.991268
2910	0.992391	1.000000	1.000000	0.962327	0.990741	0.991268
2920	0.992413	1.000000	1.000000	0.962356	0.990741	0.991268
2930	0.992440	1.000000	1.000000	0.962390	0.990741	0.991268
2940	0.992471	1.000000	1.000000	0.962431	0.990741	0.991268
2950	0.992507	1.000000	1.000000	0.962461	0.990741	0.991268
2960	0.992534	1.000000	1.000000	0.962484	0.990741	0.991268
2970	0.992560	1.000000	1.000000	0.962505	0.990741	0.991268
2980	0.992587	1.000000	1.000000	0.962548	0.990741	0.991268
2990	0.992631	1.000000	1.000000	0.962608	0.990741	0.991268
3000	0.992659	1.000000	1.000000	0.962636	0.990741	0.991268
3010	0.992690	1.000000	1.000000	0.962663	0.990741	0.991268
3020	0.992715	1.000000	1.000000	0.962703	0.990741	0.991268
3030	0.992734	1.000000	1.000000	0.962742	0.990741	0.991268
3040	0.992748	1.000000	1.000000	0.962744	0.990741	0.991268
3050	0.992766	1.000000	1.000000	0.962763	0.990741	0.991268
3060	0.992784	1.000000	1.000000	0.962779	0.990741	0.991268
3070	0.992809	1.000000	1.000000	0.962789	0.990741	0.991268
3080	0.992831	1.000000	1.000000	0.962791	0.990741	0.991268
3090	0.992852	1.000000	1.000000	0.962832	0.990741	0.991268
3100	0.992882	1.000000	1.000000	0.962865	0.990741	0.991268
3110	0.992910	1.000000	1.000000	0.962911	0.990741	0.991268
3120	0.992944	1.000000	1.000000	0.962953	0.990741	0.991268
3130	0.992968	1.000000	1.000000	0.962982	0.990741	0.991268
3140	0.992991	1.000000	1.000000	0.963021	0.990741	0.991268
3150	0.993026	1.000000	1.000000	0.963056	0.990741	0.991268
3160	0.993044	1.000000	1.000000	0.963062	0.990741	0.991268
3170	0.993067	1.000000	1.000000	0.963091	0.990741	0.991268
3180	0.993102	1.000000	1.000000	0.963153	0.990741	0.991268
3190	0.993137	1.000000	1.000000	0.963176	0.990741	0.991268
3200	0.993164	1.000000	1.000000	0.963212	0.990741	0.991268
3210	0.993183	1.000000	1.000000	0.963266	0.990741	0.991268
3220	0.993213	1.000000	1.000000	0.963318	0.990741	0.991268
3230	0.993239	1.000000	1.000000	0.963354	0.990741	0.991268
3240	0.993259	1.000000	1.000000	0.963384	0.990741	0.991268
3250	0.993276	1.000000	1.000000	0.963437	0.990741	0.991268
3260	0.993291	1.000000	1.000000	0.963446	0.990741	0.991268
3270	0.993312	1.000000	1.000000	0.963506	0.990741	0.991268
3280	0.993333	1.000000	1.000000	0.963540	0.990741	0.991268
3290	0.993356	1.000000	1.000000	0.963571	0.990741	0.991268
3300	0.993372	1.000000	1.000000	0.963579	0.990741	0.991268
3310	0.993389	1.000000	1.000000	0.963600	0.990741	0.991268
3320	0.993407	1.000000	1.000000	0.963621	0.990741	0.991268
3330	0.993423	1.000000	1.000000	0.963638	0.990741	0.991268
3340	0.993437	1.000000	1.000000	0.963660	0.990741	0.991268
3350	0.993450	1.000000	1.000000	0.963665	0.990741	0.991268
3360	0.993468	1.000000	1.000000	0.963672	0.990741	0.991268
3370	0.993485	1.000000	1.000000	0.963684	0.990741	0.991268
3380	0.993496	1.000000	1.000000	0.963670	0.990741	0.991268
3390	0.993511	1.000000	1.000000	0.963669	0.990741	0.991268
3400	0.993524	1.000000	1.000000	0.963692	0.990741	0.991268
3410	0.993539	1.000000	1.000000	0.963712	0.990741	0.991268
3420	0.993555	1.000000	1.000000	0.963743	0.990741	0.991268
3430	0.993574	1.000000	1.000000	0.963749	0.990741	0.991268
3440	0.993600	1.000000	1.000000	0.963712	0.990741	0.991268
3450	0.993623	1.000000	1.000000	0.963715	0.990741	0.991268
3460	0.993646	1.000000	1.000000	0.963724	0.990741	0.991268
3470	0.993658	1.000000	1.000000	0.963727	0.990741	0.991268
3480	0.993683	1.000000	1.000000	0.963766	0.990741	0.991268
3490	0.993704	1.000000	1.000000	0.963780	0.990741	0.991268
3500	0.993720	1.000000	1.000000	0.963788	0.990741	0.991268
3510	0.993741	1.000000	1.000000	0.963804	0.990741	0.991268
3520	0.993757	1.000000	1.000000	0.963816	0.990741	0.991268
3530	0.993771	1.000000	1.000000	0.963857	0.990741	0.991268
3540	0.993785	1.000000	1.000000	0.963840	0.990741	0.991268
3550	0.993802	1.000000	1.000000	0.963868	0.990741	0.991268
3560	0.993821	1.000000	1.000000	0.963872	0.990741	0.991268
3570	0.993838	1.000000	1.000000	0.963896	0.990741	0.991268
3580	0.993857	1.000000	1.000000	0.963900	0.990741	0.991268
3590	0.993872	1.000000	1.000000	0.963921	0.990741	0.991268
3600	0.993890	1.000000	1.000000	0.963945	0.990741	0.991268
3610	0.993910	1.000000	1.000000	0.963962	0.990741	0.991268
3620	0.993923	1.000000	1.000000	0.963899	0.990741	0.991268
3630	0.993938	1.000000	1.000000	0.963909	0.990741	0.991268
3640	0.993948	1.000000	1.000000	0.963917	0.990741	0.991268
3650	0.993960	1.000000	1.000000	0.963931	0.990741	0.991268
3660	0.993978	1.000000	1.000000	0.963935	0.990741	0.991268
3670	0.993992	1.000000	1.000000	0.963963	0.990741	0.991268
3680	0.994009	1.000000	1.000000	0.963985	0.990741	0.991268
3690	0.994028	1.000000	1.000000	0.964006	0.990741	0.991268
3700	0.994041	1.000000	1.000000	0.964018	0.990741	0.991268
3710	0.994052	1.000000	1.000000	0.964017	0.990741	0.991268
3720	0.994065	1.000000	1.000000	0.964039	0.990741	0.991268
3730	0.994077	1.000000	1.000000	0.964056	0.990741	0.991268
3740	0.994093	1.000000	1.000000	0.964080	0.990741	0.991268
3750	0.994110	1.000000	1.000000	0.964100	0.990741	0.991268
3760	0.994131	1.000000	1.000000	0.964159	0.990741	0.991268
3770	0.994147	1.000000	1.000000	0.964182	0.990741	0.991268
3780	0.994165	1.000000	1.000000	0.964213	0.990741	0.991268
3790	0.994183	1.000000	1.000000	0.964242	0.990741	0.991268
3800	0.994198	1.000000	1.000000	0.964284	0.990741	0.991268
3810	0.994215	1.000000	1.000000	0.964304	0.990741	0.991268
3820	0.994231	1.000000	1.000000	0.964322	0.990741	0.991268
3830	0.994245	1.000000	1.000000	0.964342	0.990741	0.991268
3840	0.994261	1.000000	1.000000	0.964349	0.990741	0.991268
3850	0.994274	1.000000	1.000000	0.964367	0.990741	0.991268
3860	0.994286	1.000000	1.000000	0.964395	0.990741	0.991268
3870	0.994294	1.000000	1.000000	0.964394	0.990741	0.991268
3880	0.994304	1.000000	1.000000	0.964386	0.990741	0.991268
3890	0.994316	1.000000	1.000000	0.964389	0.990741	0.991268
3900	0.994334	1.000000	1.000000	0.964424	0.990741	0.991268
3910	0.994354	1.000000	1.000000	0.964450	0.990741	0.991268
3920	0.994373	1.000000	1.000000	0.964516	0.990741	0.991268
3930	0.994389	1.000000	1.000000	0.964551	0.990741	0.991268
3940	0.994409	1.000000	1.000000	0.964571	0.990741	0.991268
3950	0.994423	1.000000	1.000000	0.964595	0.990741	0.991268
3960	0.994442	1.000000	1.000000	0.964604	0.990741	0.991268
3970	0.994459	1.000000	1.000000	0.964646	0.990741	0.991268
3980	0.994476	1.000000	1.000000	0.964651	0.990741	0.991268
3990	0.994488	1.000000	1.000000	0.964664	0.990741	0.991268
4000	0.994500	1.000000	1.000000	0.964685	0.990741	0.991268
