10	0.334267	0.840580	0.802631	0.338385	0.851093	0.804333
20	0.507527	0.870305	0.828554	0.515982	0.881148	0.832632
30	0.574231	0.885093	0.840700	0.580476	0.894809	0.843490
40	0.619722	0.889825	0.895819	0.623989	0.897541	0.846071
50	0.658778	0.949127	0.950379	0.660839	0.949454	0.949286
60	0.695498	0.974416	0.974643	0.693152	0.972678	0.972617
70	0.721881	0.982697	0.982780	0.714640	0.976776	0.977113
80	0.748072	0.986099	0.986136	0.738690	0.982240	0.982582
90	0.770103	0.987873	0.987942	0.758218	0.980874	0.981298
100	0.789199	0.990240	0.990306	0.775295	0.984973	0.985340
110	0.805948	0.990979	0.991034	0.788921	0.983607	0.983960
120	0.821524	0.991866	0.991915	0.803002	0.983607	0.983998
130	0.834260	0.992458	0.992475	0.815195	0.984973	0.985512
140	0.844270	0.993493	0.993515	0.824161	0.984973	0.985512
150	0.854958	0.993937	0.993967	0.834037	0.986339	0.987020
160	0.864232	0.994972	0.994988	0.841971	0.987705	0.988286
170	0.871905	0.995120	0.995134	0.848170	0.989071	0.989658
180	0.878323	0.995711	0.995718	0.853480	0.989071	0.989658
190	0.884015	0.996599	0.996591	0.858197	0.987705	0.988385
200	0.890216	0.996747	0.996745	0.863795	0.989071	0.989658
210	0.895760	0.996894	0.996880	0.868477	0.987705	0.988286
220	0.900117	0.997042	0.997030	0.872115	0.987705	0.988167
230	0.904536	0.997190	0.997176	0.875687	0.987705	0.988167
240	0.909141	0.997486	0.997479	0.879162	0.987705	0.988167
250	0.913269	0.997634	0.997626	0.882379	0.989071	0.989672
260	0.916731	0.998225	0.998214	0.885052	0.989071	0.989672
270	0.919841	0.998077	0.998064	0.888695	0.989071	0.989672
280	0.922819	0.998225	0.998214	0.891189	0.989071	0.989672
290	0.925718	0.998225	0.998223	0.893770	0.989071	0.989672
300	0.928507	0.998373	0.998364	0.895708	0.989071	0.989672
310	0.930825	0.998669	0.998656	0.897468	0.989071	0.989672
320	0.933140	0.998817	0.998811	0.899644	0.989071	0.989672
330	0.935693	0.999113	0.999108	0.902191	0.989071	0.989672
340	0.937928	0.999261	0.999263	0.904080	0.989071	0.989672
350	0.940120	0.999261	0.999263	0.905907	0.989071	0.989672
360	0.941964	0.999113	0.999117	0.908061	0.989071	0.989672
370	0.943560	0.999261	0.999263	0.909356	0.989071	0.989672
380	0.945488	0.999261	0.999263	0.911394	0.989071	0.989672
390	0.946901	0.999261	0.999263	0.912368	0.989071	0.989672
400	0.948209	0.999261	0.999263	0.913979	0.989071	0.989672
410	0.949388	0.999261	0.999263	0.915066	0.989071	0.989672
420	0.950262	0.999261	0.999263	0.915746	0.989071	0.989672
430	0.951104	0.999556	0.999551	0.916342	0.989071	0.989672
440	0.952275	0.999556	0.999551	0.917273	0.989071	0.989672
450	0.953424	0.999556	0.999551	0.918454	0.989071	0.989672
460	0.954473	0.999556	0.999551	0.919355	0.989071	0.989672
470	0.955544	0.999556	0.999551	0.920373	0.989071	0.989672
480	0.956544	0.999556	0.999551	0.921054	0.989071	0.989672
490	0.957457	0.999704	0.999699	0.922209	0.989071	0.989672
500	0.958327	0.999704	0.999699	0.923086	0.989071	0.989672
510	0.959005	0.999704	0.999699	0.923563	0.989071	0.989672
520	0.959644	0.999704	0.999699	0.924048	0.989071	0.989672
530	0.960579	0.999704	0.999699	0.925070	0.989071	0.989672
540	0.961254	0.999704	0.999699	0.925606	0.989071	0.989672
550	0.961928	0.999704	0.999699	0.926285	0.989071	0.989672
560	0.962848	0.999704	0.999699	0.927300	0.989071	0.989672
570	0.963402	0.999704	0.999699	0.927724	0.989071	0.989672
580	0.963949	0.999704	0.999699	0.928166	0.989071	0.989672
590	0.964539	0.999704	0.999699	0.928596	0.989071	0.989672
600	0.965189	0.999704	0.999699	0.929056	0.989071	0.989672
610	0.965840	0.999704	0.999699	0.929864	0.989071	0.989672
620	0.966562	0.999704	0.999699	0.930517	0.989071	0.989672
630	0.967075	0.999704	0.999699	0.930840	0.989071	0.989672
640	0.967585	0.999704	0.999699	0.931362	0.989071	0.989672
650	0.968038	0.999704	0.999699	0.931754	0.989071	0.989672
660	0.968445	0.999704	0.999699	0.932200	0.989071	0.989672
670	0.968932	0.999704	0.999699	0.932539	0.989071	0.989416
680	0.969484	0.999704	0.999699	0.932967	0.989071	0.989416
690	0.969962	0.999704	0.999699	0.933288	0.989071	0.989672
700	0.970500	0.999704	0.999699	0.933958	0.989071	0.989672
710	0.970936	0.999704	0.999699	0.934316	0.989071	0.989672
720	0.971386	0.999704	0.999699	0.934884	0.989071	0.989672
730	0.971917	0.999704	0.999699	0.935290	0.989071	0.989672
740	0.972359	0.999704	0.999699	0.935813	0.989071	0.989672
750	0.972767	0.999704	0.999699	0.936199	0.989071	0.989416
760	0.973195	0.999704	0.999699	0.936406	0.990437	0.990859
770	0.973712	0.999704	0.999699	0.936851	0.990437	0.990859
780	0.974145	0.999852	0.999847	0.937351	0.989071	0.989416
790	0.974455	0.999852	0.999847	0.937512	0.989071	0.989416
800	0.974915	0.999852	0.999847	0.937974	0.989071	0.989416
810	0.975299	0.999852	0.999847	0.938346	0.989071	0.989416
820	0.975588	0.999852	0.999847	0.938725	0.989071	0.989416
830	0.975911	0.999852	0.999847	0.939088	0.989071	0.989416
840	0.976239	0.999852	0.999847	0.939428	0.989071	0.989416
850	0.976543	0.999852	0.999847	0.939699	0.989071	0.989416
860	0.976902	0.999852	0.999847	0.939894	0.989071	0.989416
870	0.977191	0.999852	0.999847	0.940131	0.989071	0.989416
880	0.977484	0.999852	0.999847	0.940438	0.989071	0.989416
890	0.977746	0.999852	0.999847	0.940803	0.989071	0.989416
900	0.977978	0.999852	0.999847	0.940958	0.989071	0.989416
910	0.978239	0.999852	0.999847	0.941267	0.989071	0.989416
920	0.978578	0.999852	0.999847	0.941520	0.989071	0.989416
930	0.978805	0.999852	0.999847	0.941880	0.989071	0.989416
940	0.979019	0.999852	0.999847	0.942245	0.990437	0.990859
950	0.979294	0.999852	0.999847	0.942386	0.990437	0.990859
960	0.979536	0.999852	0.999847	0.942631	0.990437	0.990859
970	0.979760	1.000000	1.000000	0.942739	0.990437	0.990859
980	0.980003	1.000000	1.000000	0.942887	0.990437	0.990859
990	0.980278	1.000000	1.000000	0.943101	0.990437	0.990859
1000	0.980490	1.000000	1.000000	0.943226	0.990437	0.990859
1010	0.980762	1.000000	1.000000	0.943499	0.990437	0.990859
1020	0.980999	1.000000	1.000000	0.943652	0.990437	0.990859
1030	0.981180	1.000000	1.000000	0.943735	0.990437	0.990859
1040	0.981398	1.000000	1.000000	0.943903	0.990437	0.990859
1050	0.981550	1.000000	1.000000	0.943993	0.990437	0.990859
1060	0.981721	1.000000	1.000000	0.944190	0.990437	0.990859
1070	0.981839	1.000000	1.000000	0.944292	0.990437	0.990859
1080	0.982001	1.000000	1.000000	0.944456	0.990437	0.990859
1090	0.982145	1.000000	1.000000	0.944536	0.990437	0.990859
1100	0.982297	1.000000	1.000000	0.944665	0.990437	0.990859
1110	0.982473	1.000000	1.000000	0.944826	0.990437	0.990859
1120	0.982564	1.000000	1.000000	0.945032	0.990437	0.990859
1130	0.982697	1.000000	1.000000	0.945146	0.990437	0.990859
1140	0.982818	1.000000	1.000000	0.945231	0.990437	0.990859
1150	0.982998	1.000000	1.000000	0.945337	0.990437	0.990859
1160	0.983179	1.000000	1.000000	0.945600	0.990437	0.990859
1170	0.983368	1.000000	1.000000	0.945746	0.990437	0.990859
1180	0.983536	1.000000	1.000000	0.945880	0.990437	0.990859
1190	0.983684	1.000000	1.000000	0.945966	0.990437	0.990859
1200	0.983850	1.000000	1.000000	0.946162	0.990437	0.990859
1210	0.983996	1.000000	1.000000	0.946240	0.990437	0.990859
1220	0.984148	1.000000	1.000000	0.946389	0.990437	0.990859
1230	0.984272	1.000000	1.000000	0.946496	0.990437	0.990859
1240	0.984376	1.000000	1.000000	0.946603	0.990437	0.990859
1250	0.984492	1.000000	1.000000	0.946664	0.990437	0.990859
1260	0.984624	1.000000	1.000000	0.946791	0.990437	0.990859
1270	0.984761	1.000000	1.000000	0.946932	0.990437	0.990859
1280	0.984870	1.000000	1.000000	0.947060	0.990437	0.990859
1290	0.984968	1.000000	1.000000	0.947173	0.990437	0.990859
1300	0.985073	1.000000	1.000000	0.947250	0.990437	0.990859
1310	0.985193	1.000000	1.000000	0.947325	0.990437	0.990859
1320	0.985326	1.000000	1.000000	0.947506	0.990437	0.990859
1330	0.985478	1.000000	1.000000	0.947683	0.990437	0.990859
1340	0.985596	1.000000	1.000000	0.947786	0.990437	0.990859
1350	0.985713	1.000000	1.000000	0.947993	0.990437	0.990859
1360	0.985789	1.000000	1.000000	0.948095	0.990437	0.990859
1370	0.985888	1.000000	1.000000	0.948212	0.990437	0.990859
1380	0.985981	1.000000	1.000000	0.948366	0.990437	0.990859
1390	0.986073	1.000000	1.000000	0.948480	0.990437	0.990859
1400	0.986160	1.000000	1.000000	0.948578	0.990437	0.990859
1410	0.986259	1.000000	1.000000	0.948695	0.990437	0.990859
1420	0.986350	1.000000	1.000000	0.948871	0.990437	0.990859
1430	0.986428	1.000000	1.000000	0.948975	0.990437	0.990859
1440	0.986557	1.000000	1.000000	0.949146	0.990437	0.990859
1450	0.986658	1.000000	1.000000	0.949245	0.990437	0.990859
1460	0.986734	1.000000	1.000000	0.949347	0.990437	0.990859
1470	0.986844	1.000000	1.000000	0.949439	0.990437	0.990859
1480	0.986963	1.000000	1.000000	0.949536	0.990437	0.990859
1490	0.987075	1.000000	1.000000	0.949624	0.990437	0.990859
1500	0.987197	1.000000	1.000000	0.949721	0.990437	0.990859
1510	0.987301	1.000000	1.000000	0.949829	0.990437	0.990859
1520	0.987408	1.000000	1.000000	0.949941	0.990437	0.990859
1530	0.987494	1.000000	1.000000	0.950053	0.990437	0.990859
1540	0.987589	1.000000	1.000000	0.950190	0.990437	0.990859
1550	0.987687	1.000000	1.000000	0.950261	0.990437	0.990859
1560	0.987776	1.000000	1.000000	0.950294	0.990437	0.990859
1570	0.987870	1.000000	1.000000	0.950347	0.990437	0.990859
1580	0.987956	1.000000	1.000000	0.950407	0.990437	0.990859
1590	0.988064	1.000000	1.000000	0.950572	0.990437	0.990859
1600	0.988151	1.000000	1.000000	0.950577	0.990437	0.990859
1610	0.988245	1.000000	1.000000	0.950627	0.990437	0.990859
1620	0.988313	1.000000	1.000000	0.950667	0.990437	0.990859
1630	0.988385	1.000000	1.000000	0.950846	0.990437	0.990859
1640	0.988472	1.000000	1.000000	0.950919	0.990437	0.990859
1650	0.988550	1.000000	1.000000	0.950971	0.990437	0.990859
1660	0.988617	1.000000	1.000000	0.951038	0.990437	0.990859
1670	0.988683	1.000000	1.000000	0.951131	0.990437	0.990859
1680	0.988767	1.000000	1.000000	0.951155	0.990437	0.990859
1690	0.988842	1.000000	1.000000	0.951306	0.990437	0.990859
1700	0.988897	1.000000	1.000000	0.951387	0.990437	0.990859
1710	0.988951	1.000000	1.000000	0.951503	0.990437	0.990859
1720	0.989012	1.000000	1.000000	0.951612	0.990437	0.990859
1730	0.989067	1.000000	1.000000	0.951677	0.990437	0.990859
1740	0.989122	1.000000	1.000000	0.951842	0.990437	0.990859
1750	0.989177	1.000000	1.000000	0.951944	0.990437	0.990859
1760	0.989232	1.000000	1.000000	0.952025	0.990437	0.990859
1770	0.989284	1.000000	1.000000	0.952106	0.990437	0.990859
1780	0.989355	1.000000	1.000000	0.952151	0.990437	0.990859
1790	0.989435	1.000000	1.000000	0.952213	0.990437	0.990859
1800	0.989497	1.000000	1.000000	0.952323	0.990437	0.990859
1810	0.989559	1.000000	1.000000	0.952368	0.990437	0.990859
1820	0.989602	1.000000	1.000000	0.952383	0.990437	0.990859
1830	0.989685	1.000000	1.000000	0.952427	0.990437	0.990859
1840	0.989746	1.000000	1.000000	0.952518	0.990437	0.990859
1850	0.989798	1.000000	1.000000	0.952565	0.990437	0.990859
1860	0.989849	1.000000	1.000000	0.952613	0.990437	0.990859
1870	0.989903	1.000000	1.000000	0.952645	0.990437	0.990859
1880	0.989952	1.000000	1.000000	0.952666	0.990437	0.990859
1890	0.990004	1.000000	1.000000	0.952681	0.990437	0.990859
1900	0.990072	1.000000	1.000000	0.952752	0.990437	0.990859
1910	0.990123	1.000000	1.000000	0.952796	0.990437	0.990859
1920	0.990183	1.000000	1.000000	0.952844	0.990437	0.990859
1930	0.990230	1.000000	1.000000	0.952878	0.990437	0.990859
1940	0.990295	1.000000	1.000000	0.952956	0.990437	0.990859
1950	0.990335	1.000000	1.000000	0.953006	0.990437	0.990859
1960	0.990370	1.000000	1.000000	0.953067	0.990437	0.990859
1970	0.990422	1.000000	1.000000	0.953125	0.990437	0.990859
1980	0.990471	1.000000	1.000000	0.953182	0.990437	0.990859
1990	0.990519	1.000000	1.000000	0.953255	0.990437	0.990859
2000	0.990553	1.000000	1.000000	0.953249	0.990437	0.990859
2010	0.990597	1.000000	1.000000	0.953254	0.990437	0.990859
2020	0.990649	1.000000	1.000000	0.953328	0.990437	0.990859
2030	0.990698	1.000000	1.000000	0.953396	0.990437	0.990859
2040	0.990737	1.000000	1.000000	0.953428	0.990437	0.990859
2050	0.990783	1.000000	1.000000	0.953445	0.990437	0.990859
2060	0.990834	1.000000	1.000000	0.953463	0.990437	0.990859
2070	0.990886	1.000000	1.000000	0.953513	0.990437	0.990859
2080	0.990947	1.000000	1.000000	0.953563	0.990437	0.990859
2090	0.990997	1.000000	1.000000	0.953599	0.990437	0.990859
2100	0.991050	1.000000	1.000000	0.953652	0.990437	0.990859
2110	0.991098	1.000000	1.000000	0.953693	0.990437	0.990859
2120	0.991138	1.000000	1.000000	0.953711	0.990437	0.990859
2130	0.991189	1.000000	1.000000	0.953743	0.990437	0.990859
2140	0.991245	1.000000	1.000000	0.953792	0.990437	0.990859
2150	0.991299	1.000000	1.000000	0.953851	0.990437	0.990859
2160	0.991337	1.000000	1.000000	0.953895	0.990437	0.990859
2170	0.991377	1.000000	1.000000	0.953965	0.990437	0.990859
2180	0.991421	1.000000	1.000000	0.953995	0.990437	0.990859
2190	0.991467	1.000000	1.000000	0.954057	0.990437	0.990859
2200	0.991505	1.000000	1.000000	0.954121	0.990437	0.990859
2210	0.991543	1.000000	1.000000	0.954273	0.990437	0.990859
2220	0.991570	1.000000	1.000000	0.954322	0.990437	0.990859
2230	0.991612	1.000000	1.000000	0.954358	0.990437	0.990859
2240	0.991654	1.000000	1.000000	0.954403	0.990437	0.990859
2250	0.991693	1.000000	1.000000	0.954446	0.990437	0.990859
2260	0.991725	1.000000	1.000000	0.954448	0.990437	0.990859
2270	0.991762	1.000000	1.000000	0.954493	0.990437	0.990859
2280	0.991795	1.000000	1.000000	0.954536	0.990437	0.990859
2290	0.991832	1.000000	1.000000	0.954555	0.990437	0.990859
2300	0.991869	1.000000	1.000000	0.954604	0.990437	0.990859
2310	0.991896	1.000000	1.000000	0.954653	0.990437	0.990859
2320	0.991927	1.000000	1.000000	0.954685	0.990437	0.990859
2330	0.991958	1.000000	1.000000	0.954730	0.990437	0.990859
2340	0.991995	1.000000	1.000000	0.954785	0.990437	0.990859
2350	0.992030	1.000000	1.000000	0.954834	0.990437	0.990859
2360	0.992061	1.000000	1.000000	0.954858	0.990437	0.990859
2370	0.992095	1.000000	1.000000	0.954887	0.990437	0.990859
2380	0.992126	1.000000	1.000000	0.954903	0.990437	0.990859
2390	0.992154	1.000000	1.000000	0.954917	0.990437	0.990859
2400	0.992187	1.000000	1.000000	0.954939	0.990437	0.990859
2410	0.992223	1.000000	1.000000	0.954961	0.990437	0.990859
2420	0.992256	1.000000	1.000000	0.955051	0.990437	0.990859
2430	0.992282	1.000000	1.000000	0.955120	0.990437	0.990859
2440	0.992311	1.000000	1.000000	0.955149	0.990437	0.990859
2450	0.992341	1.000000	1.000000	0.955155	0.990437	0.990859
2460	0.992379	1.000000	1.000000	0.955196	0.990437	0.990859
2470	0.992414	1.000000	1.000000	0.955226	0.990437	0.990859
2480	0.992447	1.000000	1.000000	0.955237	0.990437	0.990859
2490	0.992479	1.000000	1.000000	0.955271	0.990437	0.990859
2500	0.992506	1.000000	1.000000	0.955299	0.990437	0.990859
2510	0.992538	1.000000	1.000000	0.955348	0.990437	0.990859
2520	0.992572	1.000000	1.000000	0.955354	0.990437	0.990859
2530	0.992609	1.000000	1.000000	0.955372	0.990437	0.990859
2540	0.992645	1.000000	1.000000	0.955456	0.990437	0.990859
2550	0.992665	1.000000	1.000000	0.955540	0.990437	0.990859
2560	0.992695	1.000000	1.000000	0.955572	0.990437	0.990859
2570	0.992717	1.000000	1.000000	0.955609	0.990437	0.990859
2580	0.992743	1.000000	1.000000	0.955629	0.990437	0.990859
2590	0.992778	1.000000	1.000000	0.955643	0.990437	0.990859
2600	0.992815	1.000000	1.000000	0.955671	0.990437	0.990859
2610	0.992845	1.000000	1.000000	0.955694	0.990437	0.990859
2620	0.992870	1.000000	1.000000	0.955699	0.990437	0.990859
2630	0.992893	1.000000	1.000000	0.955736	0.990437	0.990859
2640	0.992921	1.000000	1.000000	0.955766	0.990437	0.990859
2650	0.992949	1.000000	1.000000	0.955821	0.990437	0.990859
2660	0.992971	1.000000	1.000000	0.955835	0.990437	0.990859
2670	0.992997	1.000000	1.000000	0.955868	0.990437	0.990859
2680	0.993024	1.000000	1.000000	0.955917	0.990437	0.990859
2690	0.993045	1.000000	1.000000	0.955948	0.991803	0.992202
2700	0.993068	1.000000	1.000000	0.955943	0.991803	0.992202
2710	0.993095	1.000000	1.000000	0.955933	0.991803	0.992202
2720	0.993120	1.000000	1.000000	0.955933	0.990437	0.990859
2730	0.993146	1.000000	1.000000	0.955971	0.990437	0.990859
2740	0.993174	1.000000	1.000000	0.955978	0.991803	0.992202
2750	0.993196	1.000000	1.000000	0.955982	0.991803	0.992202
2760	0.993214	1.000000	1.000000	0.955991	0.991803	0.992202
2770	0.993244	1.000000	1.000000	0.956007	0.991803	0.992202
2780	0.993278	1.000000	1.000000	0.956072	0.991803	0.992202
2790	0.993295	1.000000	1.000000	0.956107	0.991803	0.992202
2800	0.993318	1.000000	1.000000	0.956111	0.991803	0.992202
2810	0.993348	1.000000	1.000000	0.956138	0.991803	0.992202
2820	0.993372	1.000000	1.000000	0.956157	0.991803	0.992202
2830	0.993402	1.000000	1.000000	0.956181	0.991803	0.992202
2840	0.993428	1.000000	1.000000	0.956220	0.991803	0.992202
2850	0.993457	1.000000	1.000000	0.956231	0.991803	0.992202
2860	0.993479	1.000000	1.000000	0.956244	0.991803	0.992202
2870	0.993494	1.000000	1.000000	0.956282	0.991803	0.992202
2880	0.993510	1.000000	1.000000	0.956278	0.991803	0.992202
2890	0.993530	1.000000	1.000000	0.956301	0.991803	0.992202
2900	0.993555	1.000000	1.000000	0.956296	0.991803	0.992202
2910	0.993579	1.000000	1.000000	0.956312	0.991803	0.992202
2920	0.993608	1.000000	1.000000	0.956330	0.991803	0.992202
2930	0.993631	1.000000	1.000000	0.956354	0.991803	0.992202
2940	0.993651	1.000000	1.000000	0.956400	0.991803	0.992202
2950	0.993672	1.000000	1.000000	0.956392	0.991803	0.992202
2960	0.993692	1.000000	1.000000	0.956447	0.991803	0.992202
2970	0.993707	1.000000	1.000000	0.956477	0.991803	0.992202
2980	0.993727	1.000000	1.000000	0.956488	0.991803	0.992202
2990	0.993746	1.000000	1.000000	0.956471	0.991803	0.992202
3000	0.993765	1.000000	1.000000	0.956497	0.991803	0.992202
3010	0.993784	1.000000	1.000000	0.956523	0.991803	0.992202
3020	0.993804	1.000000	1.000000	0.956528	0.991803	0.992202
3030	0.993823	1.000000	1.000000	0.956555	0.991803	0.992202
3040	0.993840	1.000000	1.000000	0.956565	0.991803	0.992202
3050	0.993857	1.000000	1.000000	0.956586	0.991803	0.992202
3060	0.993876	1.000000	1.000000	0.956599	0.991803	0.992202
3070	0.993891	1.000000	1.000000	0.956641	0.991803	0.992202
3080	0.993911	1.000000	1.000000	0.956645	0.991803	0.992202
3090	0.993929	1.000000	1.000000	0.956678	0.991803	0.992202
3100	0.993948	1.000000	1.000000	0.956696	0.991803	0.992202
3110	0.993965	1.000000	1.000000	0.956678	0.991803	0.992202
3120	0.993990	1.000000	1.000000	0.956706	0.991803	0.992202
3130	0.994020	1.000000	1.000000	0.956723	0.991803	0.992202
3140	0.994041	1.000000	1.000000	0.956741	0.991803	0.992202
3150	0.994064	1.000000	1.000000	0.956761	0.991803	0.992202
3160	0.994084	1.000000	1.000000	0.956773	0.991803	0.992202
3170	0.994107	1.000000	1.000000	0.956763	0.991803	0.992202
3180	0.994124	1.000000	1.000000	0.956771	0.991803	0.992202
3190	0.994139	1.000000	1.000000	0.956805	0.991803	0.992202
3200	0.994155	1.000000	1.000000	0.956816	0.991803	0.992202
3210	0.994171	1.000000	1.000000	0.956836	0.991803	0.992202
3220	0.994187	1.000000	1.000000	0.956842	0.991803	0.992202
3230	0.994204	1.000000	1.000000	0.956867	0.991803	0.992202
3240	0.994224	1.000000	1.000000	0.956859	0.991803	0.992202
3250	0.994246	1.000000	1.000000	0.956893	0.991803	0.992202
3260	0.994262	1.000000	1.000000	0.956927	0.991803	0.992202
3270	0.994280	1.000000	1.000000	0.956957	0.991803	0.992202
3280	0.994302	1.000000	1.000000	0.957004	0.991803	0.992202
3290	0.994320	1.000000	1.000000	0.957041	0.991803	0.992202
3300	0.994333	1.000000	1.000000	0.957074	0.991803	0.992202
3310	0.994345	1.000000	1.000000	0.957102	0.991803	0.992202
3320	0.994365	1.000000	1.000000	0.957144	0.991803	0.992202
3330	0.994377	1.000000	1.000000	0.957165	0.991803	0.992202
3340	0.994393	1.000000	1.000000	0.957196	0.991803	0.992202
3350	0.994405	1.000000	1.000000	0.957210	0.991803	0.992202
3360	0.994424	1.000000	1.000000	0.957235	0.991803	0.992202
3370	0.994439	1.000000	1.000000	0.957257	0.991803	0.992202
3380	0.994460	1.000000	1.000000	0.957286	0.991803	0.992202
3390	0.994479	1.000000	1.000000	0.957321	0.991803	0.992202
3400	0.994501	1.000000	1.000000	0.957340	0.991803	0.992202
3410	0.994519	1.000000	1.000000	0.957357	0.991803	0.992202
3420	0.994533	1.000000	1.000000	0.957373	0.991803	0.992202
3430	0.994551	1.000000	1.000000	0.957414	0.991803	0.992202
3440	0.994564	1.000000	1.000000	0.957450	0.991803	0.992202
3450	0.994582	1.000000	1.000000	0.957490	0.991803	0.992202
3460	0.994600	1.000000	1.000000	0.957487	0.991803	0.992202
3470	0.994617	1.000000	1.000000	0.957512	0.991803	0.992202
3480	0.994633	1.000000	1.000000	0.957529	0.991803	0.992202
3490	0.994651	1.000000	1.000000	0.957557	0.991803	0.992202
3500	0.994669	1.000000	1.000000	0.957541	0.991803	0.992202
3510	0.994684	1.000000	1.000000	0.957570	0.991803	0.992202
3520	0.994702	1.000000	1.000000	0.957591	0.991803	0.992202
3530	0.994722	1.000000	1.000000	0.957574	0.991803	0.992202
3540	0.994743	1.000000	1.000000	0.957568	0.991803	0.992202
3550	0.994762	1.000000	1.000000	0.957571	0.991803	0.992202
3560	0.994778	1.000000	1.000000	0.957603	0.991803	0.992202
3570	0.994794	1.000000	1.000000	0.957598	0.991803	0.992202
3580	0.994810	1.000000	1.000000	0.957604	0.991803	0.992202
3590	0.994824	1.000000	1.000000	0.957618	0.991803	0.992202
3600	0.994835	1.000000	1.000000	0.957632	0.991803	0.992202
3610	0.994855	1.000000	1.000000	0.957638	0.991803	0.992202
3620	0.994871	1.000000	1.000000	0.957653	0.991803	0.992202
3630	0.994885	1.000000	1.000000	0.957671	0.991803	0.992202
3640	0.994900	1.000000	1.000000	0.957671	0.991803	0.992202
3650	0.994916	1.000000	1.000000	0.957667	0.991803	0.992202
3660	0.994930	1.000000	1.000000	0.957677	0.991803	0.992202
3670	0.994945	1.000000	1.000000	0.957695	0.991803	0.992202
3680	0.994960	1.000000	1.000000	0.957719	0.991803	0.992202
3690	0.994977	1.000000	1.000000	0.957723	0.991803	0.992202
3700	0.994992	1.000000	1.000000	0.957721	0.991803	0.992202
3710	0.995003	1.000000	1.000000	0.957716	0.991803	0.992202
3720	0.995015	1.000000	1.000000	0.957719	0.991803	0.992202
3730	0.995032	1.000000	1.000000	0.957730	0.991803	0.992202
3740	0.995048	1.000000	1.000000	0.957724	0.991803	0.992202
3750	0.995066	1.000000	1.000000	0.957748	0.991803	0.992202
3760	0.995078	1.000000	1.000000	0.957756	0.991803	0.992202
3770	0.995091	1.000000	1.000000	0.957787	0.991803	0.992202
3780	0.995103	1.000000	1.000000	0.957771	0.991803	0.992202
3790	0.995115	1.000000	1.000000	0.957767	0.991803	0.992202
3800	0.995130	1.000000	1.000000	0.957758	0.991803	0.992202
3810	0.995149	1.000000	1.000000	0.957769	0.991803	0.992202
3820	0.995164	1.000000	1.000000	0.957760	0.991803	0.992202
3830	0.995178	1.000000	1.000000	0.957762	0.991803	0.992202
3840	0.995191	1.000000	1.000000	0.957772	0.991803	0.992202
3850	0.995205	1.000000	1.000000	0.957792	0.991803	0.992202
3860	0.995217	1.000000	1.000000	0.957789	0.991803	0.992202
3870	0.995229	1.000000	1.000000	0.957831	0.991803	0.992202
3880	0.995243	1.000000	1.000000	0.957871	0.991803	0.992202
3890	0.995255	1.000000	1.000000	0.957874	0.991803	0.992202
3900	0.995265	1.000000	1.000000	0.957897	0.991803	0.992202
3910	0.995273	1.000000	1.000000	0.957911	0.991803	0.992202
3920	0.995284	1.000000	1.000000	0.957923	0.991803	0.992202
3930	0.995294	1.000000	1.000000	0.957945	0.991803	0.992202
3940	0.995303	1.000000	1.000000	0.957958	0.991803	0.992202
3950	0.995313	1.000000	1.000000	0.957952	0.991803	0.992202
3960	0.995325	1.000000	1.000000	0.957968	0.991803	0.992202
3970	0.995338	1.000000	1.000000	0.957993	0.991803	0.992202
3980	0.995351	1.000000	1.000000	0.958002	0.991803	0.992202
3990	0.995364	1.000000	1.000000	0.958005	0.991803	0.992202
4000	0.995375	1.000000	1.000000	0.958001	0.991803	0.992202
