10	0.328661	0.843610	0.800922	0.326112	0.830769	0.789450
20	0.496623	0.872803	0.826938	0.487558	0.866667	0.821925
30	0.576403	0.886804	0.840117	0.560001	0.879487	0.834339
40	0.626134	0.890825	0.895072	0.607527	0.882051	0.834988
50	0.664934	0.945934	0.946651	0.643447	0.932051	0.933750
60	0.704131	0.972148	0.972178	0.679184	0.953846	0.954358
70	0.732797	0.978552	0.978548	0.705007	0.965385	0.965803
80	0.755918	0.982574	0.982582	0.726381	0.967949	0.968184
90	0.776287	0.985999	0.986012	0.744404	0.975641	0.975869
100	0.797774	0.988234	0.988275	0.763709	0.976923	0.977252
110	0.812051	0.991063	0.991113	0.777154	0.979487	0.979711
120	0.825374	0.992702	0.992752	0.791332	0.983333	0.983549
130	0.839891	0.994340	0.994373	0.804980	0.983333	0.983549
140	0.849952	0.994489	0.994523	0.813358	0.983333	0.983549
150	0.859576	0.995234	0.995263	0.823262	0.983333	0.983549
160	0.868696	0.995979	0.995995	0.832368	0.984615	0.984806
170	0.876723	0.995979	0.995995	0.840854	0.984615	0.984806
180	0.882663	0.996276	0.996294	0.846421	0.984615	0.984806
190	0.888439	0.996574	0.996593	0.852460	0.984615	0.984806
200	0.893373	0.996574	0.996575	0.856873	0.985897	0.986047
210	0.898295	0.997170	0.997178	0.861953	0.985897	0.986047
220	0.903370	0.997468	0.997470	0.866946	0.987179	0.987323
230	0.906714	0.997766	0.997775	0.870281	0.987179	0.987323
240	0.910615	0.997766	0.997775	0.874129	0.987179	0.987323
250	0.914129	0.997915	0.997919	0.877829	0.988462	0.988575
260	0.917139	0.997915	0.997919	0.880898	0.987179	0.987323
270	0.920246	0.997915	0.997919	0.884007	0.987179	0.987323
280	0.923035	0.997915	0.997919	0.886920	0.987179	0.987323
290	0.925382	0.998213	0.998214	0.889105	0.987179	0.987323
300	0.928268	0.998511	0.998510	0.891990	0.987179	0.987323
310	0.930419	0.998511	0.998510	0.894310	0.987179	0.987323
320	0.933190	0.998511	0.998510	0.897141	0.988462	0.988655
330	0.935127	0.998511	0.998510	0.899141	0.988462	0.988625
340	0.937087	0.998511	0.998510	0.901151	0.989744	0.989958
350	0.938839	0.998660	0.998658	0.903108	0.989744	0.989958
360	0.940912	0.998808	0.998807	0.905069	0.989744	0.989958
370	0.942315	0.998808	0.998814	0.906289	0.989744	0.989958
380	0.943698	0.998808	0.998814	0.907704	0.989744	0.989958
390	0.944896	0.998957	0.998957	0.908911	0.989744	0.989958
400	0.946312	0.998957	0.998957	0.910300	0.989744	0.989958
410	0.947453	0.999106	0.999106	0.911213	0.989744	0.989958
420	0.948436	0.999106	0.999106	0.912211	0.989744	0.989958
430	0.949460	0.999106	0.999106	0.913098	0.989744	0.989958
440	0.950490	0.999106	0.999106	0.914030	0.989744	0.989958
450	0.951757	0.999106	0.999106	0.915367	0.989744	0.989958
460	0.952620	0.999255	0.999249	0.916173	0.989744	0.989958
470	0.953437	0.999255	0.999249	0.917006	0.989744	0.989958
480	0.954475	0.999255	0.999249	0.917962	0.989744	0.989958
490	0.955310	0.999404	0.999397	0.918770	0.989744	0.989958
500	0.956033	0.999404	0.999397	0.919460	0.989744	0.989958
510	0.956888	0.999404	0.999397	0.920567	0.989744	0.989958
520	0.957638	0.999404	0.999397	0.921372	0.989744	0.989958
530	0.958073	0.999404	0.999397	0.921802	0.989744	0.989958
540	0.958584	0.999404	0.999397	0.922186	0.989744	0.989958
550	0.959217	0.999404	0.999397	0.922781	0.989744	0.989958
560	0.959919	0.999404	0.999397	0.923261	0.989744	0.989958
570	0.960616	0.999404	0.999397	0.923876	0.989744	0.989958
580	0.961404	0.999404	0.999397	0.924671	0.989744	0.989958
590	0.961888	0.999404	0.999397	0.925004	0.989744	0.989958
600	0.962455	0.999404	0.999397	0.925587	0.989744	0.989958
610	0.963100	0.999404	0.999397	0.926261	0.989744	0.989958
620	0.963549	0.999404	0.999397	0.926650	0.989744	0.989958
630	0.964005	0.999404	0.999397	0.927123	0.989744	0.989958
640	0.964380	0.999404	0.999397	0.927547	0.989744	0.989958
650	0.964908	0.999404	0.999397	0.928197	0.989744	0.989958
660	0.965430	0.999404	0.999397	0.928661	0.989744	0.989958
670	0.965887	0.999404	0.999397	0.929170	0.991026	0.991228
680	0.966280	0.999404	0.999397	0.929553	0.991026	0.991228
690	0.966604	0.999404	0.999397	0.929888	0.991026	0.991228
700	0.966987	0.999404	0.999397	0.930350	0.991026	0.991228
710	0.967507	0.999404	0.999397	0.930896	0.992308	0.992518
720	0.967814	0.999404	0.999397	0.931259	0.992308	0.992518
730	0.968181	0.999404	0.999397	0.931600	0.992308	0.992518
740	0.968382	0.999404	0.999397	0.931719	0.992308	0.992518
750	0.968812	0.999404	0.999397	0.932163	0.992308	0.992518
760	0.969227	0.999404	0.999397	0.932568	0.991026	0.991228
770	0.969646	0.999404	0.999397	0.933089	0.991026	0.991228
780	0.969926	0.999404	0.999397	0.933486	0.991026	0.991228
790	0.970258	0.999404	0.999397	0.933796	0.991026	0.991228
800	0.970680	0.999404	0.999397	0.934270	0.991026	0.991228
810	0.971095	0.999404	0.999397	0.934936	0.991026	0.991228
820	0.971481	0.999404	0.999397	0.935378	0.991026	0.991228
830	0.971900	0.999404	0.999397	0.935771	0.991026	0.991228
840	0.972253	0.999404	0.999397	0.936068	0.991026	0.991228
850	0.972614	0.999404	0.999397	0.936620	0.991026	0.991228
860	0.972931	0.999404	0.999397	0.936846	0.991026	0.991228
870	0.973213	0.999404	0.999397	0.937105	0.991026	0.991228
880	0.973583	0.999553	0.999546	0.937545	0.991026	0.991228
890	0.973998	0.999553	0.999546	0.938036	0.991026	0.991228
900	0.974250	0.999553	0.999546	0.938285	0.991026	0.991228
910	0.974612	0.999553	0.999546	0.938613	0.991026	0.991228
920	0.975027	0.999553	0.999546	0.939118	0.991026	0.991228
930	0.975303	0.999553	0.999546	0.939519	0.991026	0.991228
940	0.975637	0.999553	0.999546	0.939843	0.991026	0.991228
950	0.975890	0.999553	0.999546	0.940090	0.991026	0.991228
960	0.976145	0.999553	0.999546	0.940382	0.991026	0.991228
970	0.976556	0.999553	0.999546	0.940823	0.989744	0.989958
980	0.976864	0.999553	0.999546	0.941148	0.989744	0.989958
990	0.977053	0.999553	0.999546	0.941220	0.989744	0.989958
1000	0.977334	0.999553	0.999546	0.941528	0.989744	0.989958
1010	0.977567	0.999553	0.999546	0.941848	0.989744	0.989958
1020	0.977790	0.999553	0.999546	0.942104	0.989744	0.989958
1030	0.978050	0.999553	0.999546	0.942514	0.989744	0.989958
1040	0.978272	0.999553	0.999546	0.942788	0.989744	0.989958
1050	0.978420	0.999553	0.999546	0.942947	0.989744	0.989958
1060	0.978622	0.999553	0.999546	0.943118	0.989744	0.989958
1070	0.978819	0.999553	0.999546	0.943372	0.989744	0.989958
1080	0.978967	0.999553	0.999546	0.943513	0.989744	0.989958
1090	0.979171	0.999553	0.999546	0.943703	0.989744	0.989958
1100	0.979384	0.999553	0.999546	0.944005	0.989744	0.989958
1110	0.979503	0.999553	0.999546	0.944141	0.989744	0.989958
1120	0.979666	0.999553	0.999546	0.944512	0.989744	0.989958
1130	0.979891	0.999553	0.999546	0.944745	0.989744	0.989958
1140	0.980076	0.999553	0.999546	0.944891	0.989744	0.989958
1150	0.980324	0.999553	0.999546	0.945108	0.989744	0.989958
1160	0.980521	0.999553	0.999546	0.945332	0.989744	0.989958
1170	0.980716	0.999702	0.999696	0.945684	0.989744	0.989958
1180	0.980892	0.999702	0.999696	0.945907	0.989744	0.989958
1190	0.981112	0.999702	0.999696	0.946207	0.989744	0.989958
1200	0.981241	0.999702	0.999696	0.946419	0.989744	0.989958
1210	0.981388	0.999702	0.999696	0.946550	0.989744	0.989958
1220	0.981582	0.999851	0.999845	0.946734	0.989744	0.989958
1230	0.981750	0.999851	0.999845	0.946953	0.989744	0.989958
1240	0.981870	0.999851	0.999845	0.947066	0.989744	0.989958
1250	0.982003	0.999851	0.999845	0.947216	0.989744	0.989958
1260	0.982108	1.000000	1.000000	0.947331	0.989744	0.989958
1270	0.982247	1.000000	1.000000	0.947531	0.989744	0.989958
1280	0.982472	1.000000	1.000000	0.947830	0.989744	0.989958
1290	0.982641	1.000000	1.000000	0.948045	0.989744	0.989958
1300	0.982847	1.000000	1.000000	0.948275	0.989744	0.989958
1310	0.982974	1.000000	1.000000	0.948439	0.989744	0.989958
1320	0.983103	1.000000	1.000000	0.948676	0.989744	0.989958
1330	0.983280	1.000000	1.000000	0.948795	0.989744	0.989958
1340	0.983445	1.000000	1.000000	0.948956	0.989744	0.989958
1350	0.983560	1.000000	1.000000	0.949116	0.989744	0.989958
1360	0.983730	1.000000	1.000000	0.949250	0.989744	0.989958
1370	0.983904	1.000000	1.000000	0.949442	0.989744	0.989958
1380	0.984041	1.000000	1.000000	0.949647	0.989744	0.989958
1390	0.984151	1.000000	1.000000	0.949811	0.989744	0.989958
1400	0.984245	1.000000	1.000000	0.949949	0.989744	0.989958
1410	0.984325	1.000000	1.000000	0.949946	0.989744	0.989958
1420	0.984437	1.000000	1.000000	0.950067	0.989744	0.989958
1430	0.984549	1.000000	1.000000	0.950179	0.989744	0.989958
1440	0.984715	1.000000	1.000000	0.950389	0.989744	0.989958
1450	0.984838	1.000000	1.000000	0.950507	0.989744	0.989958
1460	0.984960	1.000000	1.000000	0.950682	0.989744	0.989958
1470	0.985077	1.000000	1.000000	0.950868	0.989744	0.989958
1480	0.985204	1.000000	1.000000	0.951086	0.989744	0.989958
1490	0.985321	1.000000	1.000000	0.951244	0.989744	0.989958
1500	0.985443	1.000000	1.000000	0.951442	0.989744	0.989958
1510	0.985538	1.000000	1.000000	0.951625	0.989744	0.989958
1520	0.985614	1.000000	1.000000	0.951708	0.989744	0.989958
1530	0.985709	1.000000	1.000000	0.951834	0.989744	0.989958
1540	0.985797	1.000000	1.000000	0.951944	0.989744	0.989958
1550	0.985921	1.000000	1.000000	0.952065	0.989744	0.989958
1560	0.986025	1.000000	1.000000	0.952176	0.989744	0.989958
1570	0.986132	1.000000	1.000000	0.952331	0.989744	0.989958
1580	0.986238	1.000000	1.000000	0.952512	0.989744	0.989958
1590	0.986317	1.000000	1.000000	0.952580	0.989744	0.989958
1600	0.986423	1.000000	1.000000	0.952724	0.989744	0.989958
1610	0.986526	1.000000	1.000000	0.952938	0.989744	0.989958
1620	0.986626	1.000000	1.000000	0.953032	0.989744	0.989958
1630	0.986741	1.000000	1.000000	0.953204	0.989744	0.989958
1640	0.986832	1.000000	1.000000	0.953367	0.989744	0.989958
1650	0.986922	1.000000	1.000000	0.953555	0.989744	0.989958
1660	0.986991	1.000000	1.000000	0.953653	0.989744	0.989958
1670	0.987109	1.000000	1.000000	0.953789	0.989744	0.989958
1680	0.987171	1.000000	1.000000	0.953845	0.989744	0.989958
1690	0.987254	1.000000	1.000000	0.953937	0.989744	0.989958
1700	0.987314	1.000000	1.000000	0.954004	0.991026	0.991224
1710	0.987357	1.000000	1.000000	0.954029	0.991026	0.991224
1720	0.987439	1.000000	1.000000	0.954150	0.991026	0.991224
1730	0.987516	1.000000	1.000000	0.954249	0.991026	0.991224
1740	0.987575	1.000000	1.000000	0.954305	0.991026	0.991224
1750	0.987654	1.000000	1.000000	0.954409	0.991026	0.991224
1760	0.987693	1.000000	1.000000	0.954471	0.991026	0.991224
1770	0.987766	1.000000	1.000000	0.954565	0.991026	0.991224
1780	0.987845	1.000000	1.000000	0.954720	0.991026	0.991224
1790	0.987914	1.000000	1.000000	0.954817	0.991026	0.991224
1800	0.987994	1.000000	1.000000	0.954954	0.992308	0.992567
1810	0.988055	1.000000	1.000000	0.955041	0.992308	0.992567
1820	0.988116	1.000000	1.000000	0.955107	0.992308	0.992567
1830	0.988174	1.000000	1.000000	0.955213	0.992308	0.992567
1840	0.988234	1.000000	1.000000	0.955339	0.992308	0.992567
1850	0.988299	1.000000	1.000000	0.955440	0.992308	0.992567
1860	0.988348	1.000000	1.000000	0.955499	0.992308	0.992567
1870	0.988401	1.000000	1.000000	0.955585	0.992308	0.992567
1880	0.988476	1.000000	1.000000	0.955710	0.992308	0.992567
1890	0.988523	1.000000	1.000000	0.955765	0.992308	0.992567
1900	0.988600	1.000000	1.000000	0.955916	0.992308	0.992567
1910	0.988672	1.000000	1.000000	0.956055	0.992308	0.992567
1920	0.988737	1.000000	1.000000	0.956134	0.992308	0.992567
1930	0.988784	1.000000	1.000000	0.956172	0.992308	0.992567
1940	0.988827	1.000000	1.000000	0.956218	0.992308	0.992567
1950	0.988879	1.000000	1.000000	0.956291	0.992308	0.992567
1960	0.988939	1.000000	1.000000	0.956370	0.992308	0.992567
1970	0.989003	1.000000	1.000000	0.956441	0.992308	0.992567
1980	0.989054	1.000000	1.000000	0.956540	0.992308	0.992567
1990	0.989122	1.000000	1.000000	0.956636	0.992308	0.992567
2000	0.989200	1.000000	1.000000	0.956787	0.992308	0.992567
2010	0.989260	1.000000	1.000000	0.956867	0.992308	0.992567
2020	0.989326	1.000000	1.000000	0.956952	0.992308	0.992567
2030	0.989390	1.000000	1.000000	0.957043	0.992308	0.992567
2040	0.989437	1.000000	1.000000	0.957090	0.992308	0.992567
2050	0.989468	1.000000	1.000000	0.957109	0.992308	0.992567
2060	0.989523	1.000000	1.000000	0.957199	0.992308	0.992567
2070	0.989568	1.000000	1.000000	0.957268	0.993590	0.993779
2080	0.989625	1.000000	1.000000	0.957337	0.992308	0.992567
2090	0.989686	1.000000	1.000000	0.957419	0.992308	0.992567
2100	0.989742	1.000000	1.000000	0.957477	0.992308	0.992567
2110	0.989813	1.000000	1.000000	0.957555	0.992308	0.992567
2120	0.989883	1.000000	1.000000	0.957636	0.993590	0.993779
2130	0.989951	1.000000	1.000000	0.957746	0.993590	0.993779
2140	0.990014	1.000000	1.000000	0.957868	0.993590	0.993779
2150	0.990073	1.000000	1.000000	0.957978	0.993590	0.993779
2160	0.990118	1.000000	1.000000	0.958052	0.993590	0.993779
2170	0.990156	1.000000	1.000000	0.958092	0.993590	0.993779
2180	0.990191	1.000000	1.000000	0.958169	0.993590	0.993779
2190	0.990240	1.000000	1.000000	0.958234	0.993590	0.993779
2200	0.990272	1.000000	1.000000	0.958274	0.993590	0.993779
2210	0.990322	1.000000	1.000000	0.958388	0.993590	0.993779
2220	0.990370	1.000000	1.000000	0.958451	0.993590	0.993779
2230	0.990429	1.000000	1.000000	0.958502	0.993590	0.993779
2240	0.990486	1.000000	1.000000	0.958545	0.993590	0.993779
2250	0.990527	1.000000	1.000000	0.958600	0.993590	0.993779
2260	0.990555	1.000000	1.000000	0.958619	0.993590	0.993779
2270	0.990597	1.000000	1.000000	0.958661	0.993590	0.993779
2280	0.990628	1.000000	1.000000	0.958688	0.993590	0.993779
2290	0.990658	1.000000	1.000000	0.958814	0.993590	0.993779
2300	0.990699	1.000000	1.000000	0.958884	0.993590	0.993779
2310	0.990743	1.000000	1.000000	0.958934	0.993590	0.993779
2320	0.990779	1.000000	1.000000	0.958954	0.993590	0.993779
2330	0.990824	1.000000	1.000000	0.959013	0.993590	0.993779
2340	0.990849	1.000000	1.000000	0.959042	0.993590	0.993779
2350	0.990886	1.000000	1.000000	0.959087	0.993590	0.993779
2360	0.990926	1.000000	1.000000	0.959145	0.993590	0.993779
2370	0.990960	1.000000	1.000000	0.959205	0.993590	0.993779
2380	0.990999	1.000000	1.000000	0.959240	0.993590	0.993779
2390	0.991038	1.000000	1.000000	0.959312	0.993590	0.993779
2400	0.991070	1.000000	1.000000	0.959362	0.993590	0.993779
2410	0.991107	1.000000	1.000000	0.959399	0.993590	0.993779
2420	0.991149	1.000000	1.000000	0.959467	0.993590	0.993779
2430	0.991194	1.000000	1.000000	0.959558	0.993590	0.993779
2440	0.991231	1.000000	1.000000	0.959597	0.993590	0.993779
2450	0.991270	1.000000	1.000000	0.959644	0.993590	0.993779
2460	0.991305	1.000000	1.000000	0.959690	0.993590	0.993779
2470	0.991337	1.000000	1.000000	0.959770	0.993590	0.993779
2480	0.991384	1.000000	1.000000	0.959854	0.993590	0.993779
2490	0.991417	1.000000	1.000000	0.959877	0.993590	0.993779
2500	0.991460	1.000000	1.000000	0.959919	0.993590	0.993779
2510	0.991505	1.000000	1.000000	0.959972	0.993590	0.993779
2520	0.991551	1.000000	1.000000	0.960056	0.993590	0.993779
2530	0.991585	1.000000	1.000000	0.960106	0.993590	0.993779
2540	0.991621	1.000000	1.000000	0.960154	0.993590	0.993779
2550	0.991657	1.000000	1.000000	0.960211	0.993590	0.993779
2560	0.991684	1.000000	1.000000	0.960236	0.993590	0.993779
2570	0.991724	1.000000	1.000000	0.960291	0.993590	0.993779
2580	0.991758	1.000000	1.000000	0.960358	0.993590	0.993779
2590	0.991793	1.000000	1.000000	0.960389	0.993590	0.993779
2600	0.991827	1.000000	1.000000	0.960482	0.993590	0.993779
2610	0.991853	1.000000	1.000000	0.960515	0.993590	0.993779
2620	0.991868	1.000000	1.000000	0.960622	0.993590	0.993779
2630	0.991895	1.000000	1.000000	0.960656	0.993590	0.993779
2640	0.991919	1.000000	1.000000	0.960701	0.993590	0.993779
2650	0.991941	1.000000	1.000000	0.960731	0.993590	0.993779
2660	0.991973	1.000000	1.000000	0.960791	0.993590	0.993779
2670	0.992003	1.000000	1.000000	0.960833	0.993590	0.993779
2680	0.992034	1.000000	1.000000	0.960873	0.993590	0.993779
2690	0.992063	1.000000	1.000000	0.960894	0.993590	0.993779
2700	0.992095	1.000000	1.000000	0.960971	0.993590	0.993779
2710	0.992122	1.000000	1.000000	0.960985	0.993590	0.993779
2720	0.992150	1.000000	1.000000	0.961012	0.993590	0.993779
2730	0.992185	1.000000	1.000000	0.961053	0.993590	0.993779
2740	0.992223	1.000000	1.000000	0.961098	0.993590	0.993779
2750	0.992255	1.000000	1.000000	0.961130	0.993590	0.993779
2760	0.992288	1.000000	1.000000	0.961176	0.993590	0.993779
2770	0.992326	1.000000	1.000000	0.961219	0.993590	0.993779
2780	0.992361	1.000000	1.000000	0.961246	0.993590	0.993779
2790	0.992387	1.000000	1.000000	0.961272	0.993590	0.993779
2800	0.992406	1.000000	1.000000	0.961307	0.993590	0.993779
2810	0.992448	1.000000	1.000000	0.961358	0.993590	0.993779
2820	0.992482	1.000000	1.000000	0.961457	0.993590	0.993779
2830	0.992512	1.000000	1.000000	0.961503	0.993590	0.993779
2840	0.992549	1.000000	1.000000	0.961556	0.993590	0.993779
2850	0.992579	1.000000	1.000000	0.961644	0.993590	0.993779
2860	0.992606	1.000000	1.000000	0.961687	0.993590	0.993779
2870	0.992626	1.000000	1.000000	0.961723	0.993590	0.993779
2880	0.992644	1.000000	1.000000	0.961740	0.993590	0.993779
2890	0.992667	1.000000	1.000000	0.961811	0.993590	0.993779
2900	0.992689	1.000000	1.000000	0.961830	0.993590	0.993779
2910	0.992728	1.000000	1.000000	0.961932	0.993590	0.993779
2920	0.992754	1.000000	1.000000	0.961969	0.993590	0.993779
2930	0.992778	1.000000	1.000000	0.962008	0.993590	0.993779
2940	0.992800	1.000000	1.000000	0.962033	0.993590	0.993779
2950	0.992820	1.000000	1.000000	0.962082	0.993590	0.993779
2960	0.992844	1.000000	1.000000	0.962152	0.993590	0.993779
2970	0.992860	1.000000	1.000000	0.962181	0.993590	0.993779
2980	0.992884	1.000000	1.000000	0.962216	0.993590	0.993779
2990	0.992908	1.000000	1.000000	0.962160	0.993590	0.993779
3000	0.992931	1.000000	1.000000	0.962200	0.993590	0.993779
3010	0.992958	1.000000	1.000000	0.962219	0.993590	0.993779
3020	0.992994	1.000000	1.000000	0.962268	0.993590	0.993779
3030	0.993024	1.000000	1.000000	0.962316	0.993590	0.993779
3040	0.993056	1.000000	1.000000	0.962371	0.993590	0.993779
3050	0.993079	1.000000	1.000000	0.962438	0.993590	0.993779
3060	0.993100	1.000000	1.000000	0.962479	0.993590	0.993779
3070	0.993118	1.000000	1.000000	0.962498	0.993590	0.993779
3080	0.993146	1.000000	1.000000	0.962546	0.993590	0.993779
3090	0.993176	1.000000	1.000000	0.962584	0.993590	0.993779
3100	0.993200	1.000000	1.000000	0.962606	0.994872	0.995057
3110	0.993230	1.000000	1.000000	0.962646	0.993590	0.993779
3120	0.993256	1.000000	1.000000	0.962715	0.993590	0.993779
3130	0.993280	1.000000	1.000000	0.962747	0.993590	0.993779
3140	0.993300	1.000000	1.000000	0.962793	0.993590	0.993779
3150	0.993329	1.000000	1.000000	0.962825	0.993590	0.993779
3160	0.993352	1.000000	1.000000	0.962872	0.993590	0.993779
3170	0.993379	1.000000	1.000000	0.962869	0.993590	0.993779
3180	0.993403	1.000000	1.000000	0.962951	0.993590	0.993779
3190	0.993424	1.000000	1.000000	0.962967	0.993590	0.993779
3200	0.993445	1.000000	1.000000	0.963019	0.993590	0.993779
3210	0.993463	1.000000	1.000000	0.963024	0.993590	0.993779
3220	0.993498	1.000000	1.000000	0.963082	0.993590	0.993779
3230	0.993521	1.000000	1.000000	0.963164	0.993590	0.993779
3240	0.993543	1.000000	1.000000	0.963191	0.993590	0.993779
3250	0.993572	1.000000	1.000000	0.963238	0.993590	0.993779
3260	0.993598	1.000000	1.000000	0.963293	0.993590	0.993779
3270	0.993618	1.000000	1.000000	0.963305	0.993590	0.993779
3280	0.993641	1.000000	1.000000	0.963332	0.993590	0.993779
3290	0.993657	1.000000	1.000000	0.963349	0.993590	0.993779
3300	0.993674	1.000000	1.000000	0.963386	0.993590	0.993779
3310	0.993692	1.000000	1.000000	0.963425	0.993590	0.993779
3320	0.993710	1.000000	1.000000	0.963475	0.993590	0.993779
3330	0.993726	1.000000	1.000000	0.963504	0.993590	0.993779
3340	0.993747	1.000000	1.000000	0.963529	0.993590	0.993779
3350	0.993764	1.000000	1.000000	0.963549	0.993590	0.993779
3360	0.993779	1.000000	1.000000	0.963593	0.993590	0.993779
3370	0.993796	1.000000	1.000000	0.963608	0.993590	0.993779
3380	0.993812	1.000000	1.000000	0.963634	0.993590	0.993779
3390	0.993826	1.000000	1.000000	0.963652	0.993590	0.993779
3400	0.993838	1.000000	1.000000	0.963664	0.993590	0.993779
3410	0.993851	1.000000	1.000000	0.963779	0.993590	0.993779
3420	0.993866	1.000000	1.000000	0.963806	0.993590	0.993779
3430	0.993884	1.000000	1.000000	0.963835	0.993590	0.993779
3440	0.993902	1.000000	1.000000	0.963871	0.993590	0.993779
3450	0.993931	1.000000	1.000000	0.963907	0.993590	0.993779
3460	0.993950	1.000000	1.000000	0.963929	0.993590	0.993779
3470	0.993969	1.000000	1.000000	0.963949	0.993590	0.993779
3480	0.993988	1.000000	1.000000	0.964005	0.993590	0.993779
3490	0.994009	1.000000	1.000000	0.964027	0.993590	0.993779
3500	0.994026	1.000000	1.000000	0.964113	0.993590	0.993779
3510	0.994039	1.000000	1.000000	0.964127	0.993590	0.993779
3520	0.994058	1.000000	1.000000	0.964149	0.993590	0.993779
3530	0.994076	1.000000	1.000000	0.964161	0.993590	0.993779
3540	0.994093	1.000000	1.000000	0.964180	0.993590	0.993779
3550	0.994111	1.000000	1.000000	0.964197	0.993590	0.993779
3560	0.994128	1.000000	1.000000	0.964214	0.993590	0.993779
3570	0.994142	1.000000	1.000000	0.964229	0.993590	0.993779
3580	0.994152	1.000000	1.000000	0.964258	0.993590	0.993779
3590	0.994163	1.000000	1.000000	0.964279	0.993590	0.993779
3600	0.994176	1.000000	1.000000	0.964296	0.993590	0.993779
3610	0.994187	1.000000	1.000000	0.964309	0.993590	0.993779
3620	0.994199	1.000000	1.000000	0.964318	0.993590	0.993779
3630	0.994214	1.000000	1.000000	0.964352	0.993590	0.993779
3640	0.994228	1.000000	1.000000	0.964369	0.993590	0.993779
3650	0.994240	1.000000	1.000000	0.964382	0.993590	0.993779
3660	0.994254	1.000000	1.000000	0.964399	0.993590	0.993779
3670	0.994265	1.000000	1.000000	0.964417	0.993590	0.993779
3680	0.994278	1.000000	1.000000	0.964429	0.993590	0.993779
3690	0.994294	1.000000	1.000000	0.964431	0.993590	0.993779
3700	0.994306	1.000000	1.000000	0.964463	0.993590	0.993779
3710	0.994321	1.000000	1.000000	0.964496	0.993590	0.993779
3720	0.994337	1.000000	1.000000	0.964509	0.993590	0.993779
3730	0.994353	1.000000	1.000000	0.964542	0.993590	0.993779
3740	0.994369	1.000000	1.000000	0.964564	0.993590	0.993779
3750	0.994384	1.000000	1.000000	0.964582	0.993590	0.993779
3760	0.994399	1.000000	1.000000	0.964609	0.993590	0.993779
3770	0.994415	1.000000	1.000000	0.964652	0.993590	0.993779
3780	0.994431	1.000000	1.000000	0.964678	0.993590	0.993779
3790	0.994446	1.000000	1.000000	0.964692	0.993590	0.993779
3800	0.994462	1.000000	1.000000	0.964710	0.993590	0.993779
3810	0.994476	1.000000	1.000000	0.964730	0.993590	0.993779
3820	0.994497	1.000000	1.000000	0.964767	0.993590	0.993779
3830	0.994513	1.000000	1.000000	0.964782	0.993590	0.993779
3840	0.994529	1.000000	1.000000	0.964817	0.993590	0.993779
3850	0.994546	1.000000	1.000000	0.964846	0.993590	0.993779
3860	0.994562	1.000000	1.000000	0.964860	0.993590	0.993779
3870	0.994576	1.000000	1.000000	0.964871	0.993590	0.993779
3880	0.994594	1.000000	1.000000	0.964886	0.993590	0.993779
3890	0.994606	1.000000	1.000000	0.964923	0.993590	0.993779
3900	0.994619	1.000000	1.000000	0.964956	0.993590	0.993779
3910	0.994631	1.000000	1.000000	0.964961	0.993590	0.993779
3920	0.994645	1.000000	1.000000	0.964974	0.993590	0.993779
3930	0.994660	1.000000	1.000000	0.964993	0.993590	0.993779
3940	0.994674	1.000000	1.000000	0.965057	0.994872	0.995057
3950	0.994690	1.000000	1.000000	0.965080	0.994872	0.995057
3960	0.994701	1.000000	1.000000	0.965088	0.994872	0.995057
3970	0.994710	1.000000	1.000000	0.965086	0.994872	0.995057
3980	0.994720	1.000000	1.000000	0.965101	0.994872	0.995057
3990	0.994729	1.000000	1.000000	0.965111	0.993590	0.993779
4000	0.994741	1.000000	1.000000	0.965129	0.993590	0.993779
