10	0.341440	0.856173	0.813477	0.323198	0.811189	0.779841
20	0.507156	0.878743	0.833128	0.474706	0.841958	0.806621
30	0.585561	0.888184	0.841671	0.549849	0.861538	0.824084
40	0.628987	0.892167	0.844296	0.591582	0.876923	0.837362
50	0.674520	0.949108	0.949568	0.636985	0.930070	0.935410
60	0.706106	0.968727	0.968604	0.668632	0.958042	0.960536
70	0.732609	0.977725	0.977613	0.694361	0.967832	0.969634
80	0.757407	0.984806	0.984756	0.718170	0.973427	0.974799
90	0.779653	0.988789	0.988775	0.739389	0.979021	0.980004
100	0.799885	0.991149	0.991144	0.758849	0.980420	0.981223
110	0.814353	0.992182	0.992205	0.774208	0.980420	0.981223
120	0.827152	0.992624	0.992635	0.786995	0.983217	0.984153
130	0.838391	0.993214	0.993232	0.797749	0.984615	0.985546
140	0.848577	0.995132	0.995154	0.808170	0.984615	0.985546
150	0.859719	0.995575	0.995589	0.819575	0.983217	0.983979
160	0.868921	0.995870	0.995896	0.828367	0.984615	0.985546
170	0.875836	0.996165	0.996184	0.835273	0.984615	0.985546
180	0.882667	0.996165	0.996184	0.842321	0.984615	0.985546
190	0.889367	0.996607	0.996610	0.848941	0.984615	0.985546
200	0.894512	0.997050	0.997049	0.854049	0.984615	0.985546
210	0.900481	0.997640	0.997631	0.860085	0.986014	0.986780
220	0.904492	0.997640	0.997631	0.863638	0.986014	0.986780
230	0.908531	0.997640	0.997631	0.868294	0.986014	0.986780
240	0.912567	0.997787	0.997775	0.872257	0.987413	0.988194
250	0.916129	0.997787	0.997775	0.876036	0.987413	0.988194
260	0.919281	0.997935	0.997921	0.879408	0.987413	0.988194
270	0.922773	0.998082	0.998064	0.883356	0.988811	0.989845
280	0.925213	0.998082	0.998064	0.885848	0.988811	0.989845
290	0.927465	0.998082	0.998064	0.888327	0.988811	0.989845
300	0.930003	0.998230	0.998216	0.891210	0.988811	0.989845
310	0.931951	0.998230	0.998216	0.893435	0.988811	0.989845
320	0.934093	0.998525	0.998513	0.895819	0.988811	0.989845
330	0.935737	0.998525	0.998513	0.897462	0.988811	0.989845
340	0.937479	0.998820	0.998811	0.899095	0.988811	0.989845
350	0.939025	0.998967	0.998960	0.900591	0.988811	0.989845
360	0.940568	0.998967	0.998960	0.902322	0.988811	0.989845
370	0.942002	0.998967	0.998960	0.904045	0.988811	0.989845
380	0.943181	0.998967	0.998960	0.905250	0.988811	0.989845
390	0.944720	0.999115	0.999106	0.906987	0.988811	0.989845
400	0.945835	0.999115	0.999106	0.908110	0.988811	0.989845
410	0.946889	0.999115	0.999106	0.909241	0.988811	0.989845
420	0.948098	0.999115	0.999106	0.910538	0.988811	0.989845
430	0.949621	0.999115	0.999106	0.912048	0.988811	0.989845
440	0.950555	0.999115	0.999106	0.912962	0.988811	0.989845
450	0.951505	0.999115	0.999106	0.913785	0.988811	0.989845
460	0.952485	0.999115	0.999106	0.914855	0.988811	0.989845
470	0.953146	0.999115	0.999106	0.915406	0.988811	0.989845
480	0.954241	0.999115	0.999106	0.916499	0.988811	0.989845
490	0.954946	0.999115	0.999106	0.917352	0.988811	0.989845
500	0.955898	0.999115	0.999106	0.918455	0.988811	0.989845
510	0.956617	0.999115	0.999106	0.919218	0.988811	0.989845
520	0.957405	0.999262	0.999251	0.920024	0.988811	0.989845
530	0.958062	0.999262	0.999251	0.920874	0.988811	0.989845
540	0.958658	0.999410	0.999404	0.921435	0.988811	0.989845
550	0.959198	0.999410	0.999404	0.922113	0.988811	0.989845
560	0.959885	0.999410	0.999404	0.922817	0.988811	0.989845
570	0.960258	0.999410	0.999404	0.923182	0.988811	0.989845
580	0.960809	0.999410	0.999404	0.923699	0.990210	0.991207
590	0.961413	0.999410	0.999404	0.924430	0.990210	0.991207
600	0.961877	0.999410	0.999404	0.924876	0.990210	0.991207
610	0.962601	0.999410	0.999404	0.925679	0.990210	0.991207
620	0.963048	0.999410	0.999404	0.926199	0.990210	0.991207
630	0.963483	0.999410	0.999404	0.926600	0.990210	0.991207
640	0.963837	0.999410	0.999404	0.926909	0.990210	0.991207
650	0.964106	0.999410	0.999404	0.927249	0.990210	0.991207
660	0.964587	0.999410	0.999404	0.927772	0.990210	0.991207
670	0.964903	0.999410	0.999404	0.928190	0.990210	0.991207
680	0.965448	0.999410	0.999404	0.928840	0.990210	0.991207
690	0.965806	0.999410	0.999404	0.929176	0.990210	0.991207
700	0.966077	0.999410	0.999404	0.929564	0.990210	0.991207
710	0.966565	0.999410	0.999404	0.930005	0.990210	0.991207
720	0.967060	0.999410	0.999404	0.930507	0.990210	0.991207
730	0.967513	0.999410	0.999404	0.930905	0.990210	0.991207
740	0.967928	0.999410	0.999404	0.931406	0.990210	0.991207
750	0.968464	0.999410	0.999404	0.932061	0.990210	0.991207
760	0.968940	0.999410	0.999404	0.932695	0.990210	0.991207
770	0.969221	0.999410	0.999404	0.932958	0.990210	0.991207
780	0.969426	0.999410	0.999404	0.933141	0.990210	0.991207
790	0.969819	0.999410	0.999404	0.933498	0.990210	0.991207
800	0.970195	0.999410	0.999404	0.933874	0.990210	0.991207
810	0.970514	0.999410	0.999404	0.934181	0.990210	0.991207
820	0.970899	0.999410	0.999404	0.934584	0.990210	0.991207
830	0.971207	0.999410	0.999404	0.934976	0.990210	0.991207
840	0.971555	0.999410	0.999404	0.935324	0.990210	0.991207
850	0.971849	0.999410	0.999404	0.935767	0.990210	0.991207
860	0.972167	0.999410	0.999404	0.936185	0.990210	0.991207
870	0.972670	0.999410	0.999404	0.936695	0.990210	0.991207
880	0.973060	0.999410	0.999404	0.937175	0.990210	0.991207
890	0.973512	0.999557	0.999552	0.937620	0.990210	0.991207
900	0.973915	0.999557	0.999552	0.938056	0.990210	0.991207
910	0.974252	0.999557	0.999552	0.938451	0.990210	0.991207
920	0.974579	0.999557	0.999552	0.938711	0.990210	0.991207
930	0.974847	0.999705	0.999701	0.939012	0.990210	0.991207
940	0.975153	0.999705	0.999701	0.939356	0.990210	0.991207
950	0.975447	0.999705	0.999701	0.939682	0.990210	0.991207
960	0.975750	0.999705	0.999701	0.940091	0.990210	0.991207
970	0.975973	0.999705	0.999701	0.940395	0.990210	0.991207
980	0.976214	0.999705	0.999701	0.940682	0.990210	0.991207
990	0.976439	0.999705	0.999701	0.940916	0.990210	0.991207
1000	0.976777	0.999705	0.999701	0.941419	0.990210	0.991207
1010	0.977092	0.999705	0.999701	0.941851	0.990210	0.991207
1020	0.977383	0.999705	0.999701	0.942203	0.990210	0.991207
1030	0.977585	0.999705	0.999701	0.942526	0.990210	0.991207
1040	0.977787	0.999705	0.999701	0.942774	0.990210	0.991207
1050	0.977966	0.999705	0.999701	0.942970	0.990210	0.991207
1060	0.978161	0.999705	0.999701	0.943225	0.990210	0.991207
1070	0.978469	0.999705	0.999701	0.943583	0.990210	0.991207
1080	0.978781	0.999705	0.999701	0.943923	0.990210	0.991207
1090	0.979084	0.999705	0.999701	0.944309	0.990210	0.991207
1100	0.979281	0.999705	0.999701	0.944495	0.990210	0.991207
1110	0.979501	0.999705	0.999701	0.944872	0.990210	0.991207
1120	0.979695	0.999705	0.999701	0.945095	0.990210	0.991207
1130	0.979823	0.999705	0.999701	0.945214	0.990210	0.991207
1140	0.980068	0.999705	0.999701	0.945496	0.990210	0.991207
1150	0.980312	0.999705	0.999701	0.945826	0.990210	0.991207
1160	0.980441	0.999705	0.999701	0.945956	0.990210	0.991207
1170	0.980571	0.999705	0.999701	0.946094	0.990210	0.991207
1180	0.980820	0.999705	0.999701	0.946358	0.990210	0.991207
1190	0.980976	0.999705	0.999701	0.946541	0.990210	0.991207
1200	0.981065	0.999705	0.999701	0.946636	0.990210	0.991207
1210	0.981243	0.999705	0.999701	0.946868	0.990210	0.991207
1220	0.981395	0.999705	0.999701	0.947053	0.990210	0.991207
1230	0.981549	0.999852	0.999852	0.947263	0.990210	0.991207
1240	0.981701	0.999852	0.999852	0.947423	0.990210	0.991207
1250	0.981822	0.999852	0.999852	0.947578	0.990210	0.991207
1260	0.981944	0.999852	0.999852	0.947769	0.990210	0.991207
1270	0.982090	0.999852	0.999852	0.947912	0.990210	0.991207
1280	0.982294	0.999852	0.999852	0.948125	0.990210	0.991207
1290	0.982401	0.999852	0.999852	0.948284	0.990210	0.991207
1300	0.982539	1.000000	1.000000	0.948420	0.990210	0.991207
1310	0.982652	1.000000	1.000000	0.948513	0.990210	0.991207
1320	0.982730	1.000000	1.000000	0.948607	0.990210	0.991207
1330	0.982917	1.000000	1.000000	0.948862	0.990210	0.991207
1340	0.983108	1.000000	1.000000	0.949101	0.990210	0.991207
1350	0.983234	1.000000	1.000000	0.949251	0.990210	0.991207
1360	0.983361	1.000000	1.000000	0.949409	0.990210	0.991207
1370	0.983497	1.000000	1.000000	0.949561	0.990210	0.991207
1380	0.983626	1.000000	1.000000	0.949689	0.990210	0.991207
1390	0.983734	1.000000	1.000000	0.949821	0.990210	0.991207
1400	0.983867	1.000000	1.000000	0.949943	0.990210	0.991207
1410	0.983997	1.000000	1.000000	0.950086	0.990210	0.991207
1420	0.984173	1.000000	1.000000	0.950267	0.990210	0.991207
1430	0.984285	1.000000	1.000000	0.950414	0.990210	0.991207
1440	0.984411	1.000000	1.000000	0.950544	0.990210	0.991207
1450	0.984526	1.000000	1.000000	0.950712	0.990210	0.991207
1460	0.984665	1.000000	1.000000	0.950839	0.990210	0.991207
1470	0.984761	1.000000	1.000000	0.950936	0.990210	0.991207
1480	0.984880	1.000000	1.000000	0.951085	0.990210	0.991207
1490	0.984994	1.000000	1.000000	0.951198	0.990210	0.991207
1500	0.985055	1.000000	1.000000	0.951272	0.990210	0.991207
1510	0.985166	1.000000	1.000000	0.951379	0.990210	0.991207
1520	0.985254	1.000000	1.000000	0.951484	0.990210	0.991207
1530	0.985324	1.000000	1.000000	0.951548	0.990210	0.991207
1540	0.985400	1.000000	1.000000	0.951617	0.990210	0.991207
1550	0.985510	1.000000	1.000000	0.951725	0.990210	0.991207
1560	0.985633	1.000000	1.000000	0.951835	0.990210	0.991207
1570	0.985728	1.000000	1.000000	0.951920	0.990210	0.991207
1580	0.985849	1.000000	1.000000	0.952043	0.990210	0.991207
1590	0.985956	1.000000	1.000000	0.952151	0.990210	0.991207
1600	0.986033	1.000000	1.000000	0.952243	0.990210	0.991207
1610	0.986141	1.000000	1.000000	0.952387	0.990210	0.991207
1620	0.986229	1.000000	1.000000	0.952484	0.990210	0.991207
1630	0.986314	1.000000	1.000000	0.952568	0.990210	0.991207
1640	0.986408	1.000000	1.000000	0.952663	0.990210	0.991207
1650	0.986506	1.000000	1.000000	0.952838	0.990210	0.991207
1660	0.986591	1.000000	1.000000	0.952939	0.990210	0.991207
1670	0.986683	1.000000	1.000000	0.953096	0.990210	0.991207
1680	0.986767	1.000000	1.000000	0.953163	0.990210	0.991207
1690	0.986845	1.000000	1.000000	0.953231	0.990210	0.991207
1700	0.986935	1.000000	1.000000	0.953341	0.990210	0.991207
1710	0.987019	1.000000	1.000000	0.953464	0.990210	0.991207
1720	0.987085	1.000000	1.000000	0.953566	0.990210	0.991207
1730	0.987171	1.000000	1.000000	0.953663	0.990210	0.991207
1740	0.987274	1.000000	1.000000	0.953785	0.990210	0.991207
1750	0.987359	1.000000	1.000000	0.953900	0.990210	0.991207
1760	0.987427	1.000000	1.000000	0.954046	0.991608	0.992433
1770	0.987506	1.000000	1.000000	0.954176	0.991608	0.992433
1780	0.987601	1.000000	1.000000	0.954291	0.991608	0.992433
1790	0.987704	1.000000	1.000000	0.954431	0.991608	0.992433
1800	0.987810	1.000000	1.000000	0.954536	0.991608	0.992433
1810	0.987909	1.000000	1.000000	0.954657	0.991608	0.992433
1820	0.988003	1.000000	1.000000	0.954735	0.991608	0.992433
1830	0.988095	1.000000	1.000000	0.954844	0.991608	0.992433
1840	0.988164	1.000000	1.000000	0.954945	0.991608	0.992433
1850	0.988226	1.000000	1.000000	0.955015	0.991608	0.992433
1860	0.988299	1.000000	1.000000	0.955110	0.991608	0.992433
1870	0.988348	1.000000	1.000000	0.955163	0.991608	0.992433
1880	0.988410	1.000000	1.000000	0.955281	0.991608	0.992433
1890	0.988482	1.000000	1.000000	0.955401	0.991608	0.992433
1900	0.988530	1.000000	1.000000	0.955464	0.991608	0.992433
1910	0.988565	1.000000	1.000000	0.955517	0.991608	0.992433
1920	0.988636	1.000000	1.000000	0.955635	0.991608	0.992433
1930	0.988719	1.000000	1.000000	0.955755	0.991608	0.992433
1940	0.988777	1.000000	1.000000	0.955788	0.991608	0.992433
1950	0.988862	1.000000	1.000000	0.955910	0.991608	0.992433
1960	0.988919	1.000000	1.000000	0.955970	0.991608	0.992433
1970	0.988986	1.000000	1.000000	0.956002	0.991608	0.992433
1980	0.989033	1.000000	1.000000	0.956070	0.991608	0.992433
1990	0.989076	1.000000	1.000000	0.956128	0.991608	0.992433
2000	0.989134	1.000000	1.000000	0.956175	0.991608	0.992433
2010	0.989198	1.000000	1.000000	0.956289	0.991608	0.992433
2020	0.989259	1.000000	1.000000	0.956359	0.991608	0.992433
2030	0.989311	1.000000	1.000000	0.956437	0.991608	0.992433
2040	0.989359	1.000000	1.000000	0.956473	0.991608	0.992433
2050	0.989421	1.000000	1.000000	0.956552	0.991608	0.992433
2060	0.989469	1.000000	1.000000	0.956624	0.991608	0.992433
2070	0.989528	1.000000	1.000000	0.956642	0.991608	0.992433
2080	0.989577	1.000000	1.000000	0.956715	0.991608	0.992433
2090	0.989626	1.000000	1.000000	0.956777	0.991608	0.992433
2100	0.989677	1.000000	1.000000	0.956895	0.991608	0.992433
2110	0.989725	1.000000	1.000000	0.956942	0.991608	0.992433
2120	0.989781	1.000000	1.000000	0.957015	0.991608	0.992433
2130	0.989863	1.000000	1.000000	0.957139	0.991608	0.992433
2140	0.989932	1.000000	1.000000	0.957222	0.991608	0.992433
2150	0.989982	1.000000	1.000000	0.957260	0.991608	0.992433
2160	0.990047	1.000000	1.000000	0.957334	0.991608	0.992433
2170	0.990090	1.000000	1.000000	0.957387	0.991608	0.992433
2180	0.990127	1.000000	1.000000	0.957434	0.991608	0.992433
2190	0.990158	1.000000	1.000000	0.957476	0.991608	0.992433
2200	0.990205	1.000000	1.000000	0.957575	0.991608	0.992433
2210	0.990247	1.000000	1.000000	0.957647	0.991608	0.992433
2220	0.990280	1.000000	1.000000	0.957686	0.991608	0.992433
2230	0.990315	1.000000	1.000000	0.957723	0.991608	0.992433
2240	0.990351	1.000000	1.000000	0.957740	0.991608	0.992433
2250	0.990387	1.000000	1.000000	0.957786	0.991608	0.992433
2260	0.990434	1.000000	1.000000	0.957851	0.991608	0.992433
2270	0.990478	1.000000	1.000000	0.957948	0.991608	0.992433
2280	0.990516	1.000000	1.000000	0.957972	0.991608	0.992433
2290	0.990563	1.000000	1.000000	0.958037	0.991608	0.992433
2300	0.990609	1.000000	1.000000	0.958099	0.991608	0.992433
2310	0.990664	1.000000	1.000000	0.958121	0.991608	0.992433
2320	0.990704	1.000000	1.000000	0.958177	0.991608	0.992433
2330	0.990752	1.000000	1.000000	0.958239	0.991608	0.992433
2340	0.990793	1.000000	1.000000	0.958306	0.991608	0.992433
2350	0.990842	1.000000	1.000000	0.958380	0.991608	0.992433
2360	0.990885	1.000000	1.000000	0.958451	0.991608	0.992433
2370	0.990930	1.000000	1.000000	0.958516	0.991608	0.992433
2380	0.990971	1.000000	1.000000	0.958562	0.991608	0.992433
2390	0.991000	1.000000	1.000000	0.958639	0.991608	0.992433
2400	0.991029	1.000000	1.000000	0.958694	0.991608	0.992433
2410	0.991065	1.000000	1.000000	0.958714	0.991608	0.992433
2420	0.991100	1.000000	1.000000	0.958743	0.991608	0.992433
2430	0.991125	1.000000	1.000000	0.958788	0.991608	0.992433
2440	0.991153	1.000000	1.000000	0.958865	0.991608	0.992433
2450	0.991193	1.000000	1.000000	0.958936	0.991608	0.992433
2460	0.991223	1.000000	1.000000	0.958962	0.991608	0.992433
2470	0.991251	1.000000	1.000000	0.958983	0.991608	0.992433
2480	0.991280	1.000000	1.000000	0.959036	0.991608	0.992433
2490	0.991308	1.000000	1.000000	0.959065	0.991608	0.992433
2500	0.991341	1.000000	1.000000	0.959105	0.991608	0.992433
2510	0.991375	1.000000	1.000000	0.959139	0.991608	0.992433
2520	0.991418	1.000000	1.000000	0.959211	0.991608	0.992433
2530	0.991453	1.000000	1.000000	0.959238	0.991608	0.992433
2540	0.991494	1.000000	1.000000	0.959292	0.991608	0.992433
2550	0.991526	1.000000	1.000000	0.959325	0.991608	0.992433
2560	0.991550	1.000000	1.000000	0.959365	0.991608	0.992433
2570	0.991584	1.000000	1.000000	0.959420	0.991608	0.992433
2580	0.991615	1.000000	1.000000	0.959424	0.991608	0.992433
2590	0.991641	1.000000	1.000000	0.959461	0.991608	0.992433
2600	0.991690	1.000000	1.000000	0.959520	0.991608	0.992433
2610	0.991732	1.000000	1.000000	0.959577	0.991608	0.992433
2620	0.991767	1.000000	1.000000	0.959626	0.991608	0.992433
2630	0.991808	1.000000	1.000000	0.959671	0.991608	0.992433
2640	0.991843	1.000000	1.000000	0.959716	0.991608	0.992433
2650	0.991874	1.000000	1.000000	0.959790	0.991608	0.992433
2660	0.991915	1.000000	1.000000	0.959857	0.991608	0.992433
2670	0.991948	1.000000	1.000000	0.959907	0.991608	0.992433
2680	0.991987	1.000000	1.000000	0.959956	0.991608	0.992433
2690	0.992017	1.000000	1.000000	0.959993	0.991608	0.992433
2700	0.992039	1.000000	1.000000	0.960042	0.991608	0.992433
2710	0.992066	1.000000	1.000000	0.960065	0.991608	0.992433
2720	0.992098	1.000000	1.000000	0.960103	0.991608	0.992433
2730	0.992134	1.000000	1.000000	0.960135	0.991608	0.992433
2740	0.992157	1.000000	1.000000	0.960179	0.991608	0.992433
2750	0.992193	1.000000	1.000000	0.960225	0.991608	0.992433
2760	0.992218	1.000000	1.000000	0.960233	0.991608	0.992433
2770	0.992246	1.000000	1.000000	0.960276	0.991608	0.992433
2780	0.992272	1.000000	1.000000	0.960304	0.991608	0.992433
2790	0.992298	1.000000	1.000000	0.960367	0.991608	0.992433
2800	0.992315	1.000000	1.000000	0.960377	0.991608	0.992433
2810	0.992347	1.000000	1.000000	0.960394	0.991608	0.992433
2820	0.992387	1.000000	1.000000	0.960421	0.991608	0.992433
2830	0.992413	1.000000	1.000000	0.960456	0.991608	0.992433
2840	0.992447	1.000000	1.000000	0.960515	0.991608	0.992433
2850	0.992479	1.000000	1.000000	0.960582	0.991608	0.992433
2860	0.992519	1.000000	1.000000	0.960654	0.991608	0.992433
2870	0.992557	1.000000	1.000000	0.960694	0.991608	0.992433
2880	0.992591	1.000000	1.000000	0.960743	0.991608	0.992433
2890	0.992625	1.000000	1.000000	0.960802	0.991608	0.992433
2900	0.992647	1.000000	1.000000	0.960866	0.991608	0.992433
2910	0.992673	1.000000	1.000000	0.960877	0.991608	0.992433
2920	0.992690	1.000000	1.000000	0.960894	0.991608	0.992433
2930	0.992715	1.000000	1.000000	0.960921	0.991608	0.992433
2940	0.992733	1.000000	1.000000	0.960934	0.991608	0.992433
2950	0.992756	1.000000	1.000000	0.960973	0.991608	0.992433
2960	0.992780	1.000000	1.000000	0.961004	0.991608	0.992433
2970	0.992815	1.000000	1.000000	0.961050	0.991608	0.992433
2980	0.992846	1.000000	1.000000	0.961089	0.991608	0.992433
2990	0.992877	1.000000	1.000000	0.961132	0.991608	0.992433
3000	0.992900	1.000000	1.000000	0.961163	0.991608	0.992433
3010	0.992929	1.000000	1.000000	0.961213	0.991608	0.992433
3020	0.992953	1.000000	1.000000	0.961251	0.991608	0.992433
3030	0.992982	1.000000	1.000000	0.961282	0.991608	0.992433
3040	0.993016	1.000000	1.000000	0.961311	0.991608	0.992433
3050	0.993039	1.000000	1.000000	0.961360	0.991608	0.992433
3060	0.993059	1.000000	1.000000	0.961388	0.991608	0.992433
3070	0.993077	1.000000	1.000000	0.961416	0.991608	0.992433
3080	0.993099	1.000000	1.000000	0.961458	0.991608	0.992433
3090	0.993120	1.000000	1.000000	0.961475	0.991608	0.992433
3100	0.993145	1.000000	1.000000	0.961528	0.991608	0.992433
3110	0.993165	1.000000	1.000000	0.961548	0.991608	0.992433
3120	0.993191	1.000000	1.000000	0.961605	0.991608	0.992433
3130	0.993216	1.000000	1.000000	0.961644	0.991608	0.992433
3140	0.993236	1.000000	1.000000	0.961640	0.991608	0.992433
3150	0.993261	1.000000	1.000000	0.961658	0.991608	0.992433
3160	0.993280	1.000000	1.000000	0.961692	0.991608	0.992433
3170	0.993291	1.000000	1.000000	0.961713	0.991608	0.992433
3180	0.993308	1.000000	1.000000	0.961742	0.991608	0.992433
3190	0.993326	1.000000	1.000000	0.961752	0.991608	0.992433
3200	0.993344	1.000000	1.000000	0.961778	0.991608	0.992433
3210	0.993362	1.000000	1.000000	0.961832	0.991608	0.992433
3220	0.993380	1.000000	1.000000	0.961903	0.991608	0.992433
3230	0.993400	1.000000	1.000000	0.961930	0.991608	0.992433
3240	0.993422	1.000000	1.000000	0.961988	0.991608	0.992433
3250	0.993445	1.000000	1.000000	0.962019	0.991608	0.992433
3260	0.993473	1.000000	1.000000	0.962057	0.991608	0.992433
3270	0.993494	1.000000	1.000000	0.962091	0.991608	0.992433
3280	0.993517	1.000000	1.000000	0.962138	0.991608	0.992433
3290	0.993537	1.000000	1.000000	0.962164	0.991608	0.992433
3300	0.993552	1.000000	1.000000	0.962196	0.991608	0.992433
3310	0.993569	1.000000	1.000000	0.962222	0.991608	0.992433
3320	0.993588	1.000000	1.000000	0.962264	0.991608	0.992433
3330	0.993609	1.000000	1.000000	0.962294	0.991608	0.992433
3340	0.993624	1.000000	1.000000	0.962314	0.991608	0.992433
3350	0.993643	1.000000	1.000000	0.962327	0.991608	0.992433
3360	0.993661	1.000000	1.000000	0.962344	0.991608	0.992433
3370	0.993681	1.000000	1.000000	0.962386	0.991608	0.992433
3380	0.993702	1.000000	1.000000	0.962440	0.991608	0.992433
3390	0.993724	1.000000	1.000000	0.962466	0.991608	0.992433
3400	0.993748	1.000000	1.000000	0.962485	0.991608	0.992433
3410	0.993773	1.000000	1.000000	0.962519	0.991608	0.992433
3420	0.993798	1.000000	1.000000	0.962545	0.991608	0.992433
3430	0.993831	1.000000	1.000000	0.962578	0.991608	0.992433
3440	0.993853	1.000000	1.000000	0.962623	0.991608	0.992433
3450	0.993875	1.000000	1.000000	0.962640	0.991608	0.992433
3460	0.993900	1.000000	1.000000	0.962652	0.991608	0.992433
3470	0.993918	1.000000	1.000000	0.962679	0.991608	0.992433
3480	0.993935	1.000000	1.000000	0.962696	0.991608	0.992433
3490	0.993955	1.000000	1.000000	0.962721	0.991608	0.992433
3500	0.993973	1.000000	1.000000	0.962750	0.991608	0.992433
3510	0.993988	1.000000	1.000000	0.962771	0.991608	0.992433
3520	0.994003	1.000000	1.000000	0.962796	0.991608	0.992433
3530	0.994017	1.000000	1.000000	0.962811	0.991608	0.992433
3540	0.994031	1.000000	1.000000	0.962842	0.991608	0.992433
3550	0.994051	1.000000	1.000000	0.962865	0.991608	0.992433
3560	0.994065	1.000000	1.000000	0.962888	0.991608	0.992433
3570	0.994079	1.000000	1.000000	0.962908	0.991608	0.992433
3580	0.994096	1.000000	1.000000	0.962930	0.991608	0.992433
3590	0.994109	1.000000	1.000000	0.962941	0.991608	0.992433
3600	0.994124	1.000000	1.000000	0.962963	0.991608	0.992433
3610	0.994137	1.000000	1.000000	0.962992	0.991608	0.992433
3620	0.994155	1.000000	1.000000	0.963030	0.991608	0.992433
3630	0.994171	1.000000	1.000000	0.963056	0.991608	0.992433
3640	0.994191	1.000000	1.000000	0.963067	0.991608	0.992433
3650	0.994208	1.000000	1.000000	0.963097	0.991608	0.992433
3660	0.994225	1.000000	1.000000	0.963120	0.991608	0.992433
3670	0.994238	1.000000	1.000000	0.963162	0.991608	0.992433
3680	0.994253	1.000000	1.000000	0.963184	0.991608	0.992433
3690	0.994272	1.000000	1.000000	0.963211	0.991608	0.992433
3700	0.994298	1.000000	1.000000	0.963250	0.991608	0.992433
3710	0.994311	1.000000	1.000000	0.963271	0.991608	0.992433
3720	0.994325	1.000000	1.000000	0.963292	0.991608	0.992433
3730	0.994340	1.000000	1.000000	0.963318	0.991608	0.992433
3740	0.994349	1.000000	1.000000	0.963321	0.991608	0.992433
3750	0.994361	1.000000	1.000000	0.963347	0.991608	0.992433
3760	0.994370	1.000000	1.000000	0.963342	0.991608	0.992433
3770	0.994392	1.000000	1.000000	0.963345	0.991608	0.992433
3780	0.994410	1.000000	1.000000	0.963374	0.991608	0.992433
3790	0.994424	1.000000	1.000000	0.963388	0.991608	0.992433
3800	0.994437	1.000000	1.000000	0.963415	0.991608	0.992433
3810	0.994452	1.000000	1.000000	0.963426	0.991608	0.992433
3820	0.994466	1.000000	1.000000	0.963435	0.991608	0.992433
3830	0.994477	1.000000	1.000000	0.963467	0.991608	0.992433
3840	0.994490	1.000000	1.000000	0.963518	0.991608	0.992433
3850	0.994501	1.000000	1.000000	0.963518	0.991608	0.992433
3860	0.994511	1.000000	1.000000	0.963537	0.991608	0.992433
3870	0.994527	1.000000	1.000000	0.963559	0.991608	0.992433
3880	0.994539	1.000000	1.000000	0.963578	0.991608	0.992433
3890	0.994555	1.000000	1.000000	0.963597	0.991608	0.992433
3900	0.994575	1.000000	1.000000	0.963630	0.991608	0.992433
3910	0.994594	1.000000	1.000000	0.963662	0.991608	0.992433
3920	0.994609	1.000000	1.000000	0.963688	0.991608	0.992433
3930	0.994622	1.000000	1.000000	0.963700	0.991608	0.992433
3940	0.994637	1.000000	1.000000	0.963721	0.991608	0.992433
3950	0.994653	1.000000	1.000000	0.963752	0.991608	0.992433
3960	0.994668	1.000000	1.000000	0.963770	0.991608	0.992433
3970	0.994681	1.000000	1.000000	0.963788	0.991608	0.992433
3980	0.994696	1.000000	1.000000	0.963838	0.991608	0.992433
3990	0.994709	1.000000	1.000000	0.963823	0.991608	0.992433
4000	0.994724	1.000000	1.000000	0.963847	0.991608	0.992433
