10	0.340271	0.844616	0.799691	0.332938	0.820996	0.781117
20	0.496907	0.877500	0.830754	0.477148	0.849260	0.808585
30	0.577262	0.890831	0.843803	0.550030	0.861373	0.820481
40	0.623876	0.894238	0.845344	0.591260	0.866756	0.824628
50	0.671858	0.953488	0.953901	0.636053	0.934051	0.936927
60	0.707653	0.976004	0.975876	0.669188	0.952894	0.953974
70	0.736876	0.982373	0.982318	0.695137	0.952894	0.953554
80	0.760477	0.985039	0.984984	0.715610	0.958277	0.958903
90	0.782037	0.988594	0.988601	0.738068	0.962315	0.962846
100	0.802413	0.989779	0.989777	0.755564	0.967699	0.968220
110	0.817501	0.991112	0.991095	0.769341	0.969044	0.969528
120	0.830958	0.992001	0.992000	0.783035	0.970390	0.970798
130	0.841443	0.993186	0.993173	0.791411	0.971736	0.972209
140	0.852085	0.994371	0.994367	0.801038	0.974428	0.974800
150	0.860298	0.995408	0.995433	0.808808	0.975774	0.976165
160	0.867138	0.995556	0.995575	0.815205	0.977120	0.977452
170	0.875511	0.995852	0.995863	0.822494	0.977120	0.977452
180	0.882482	0.996149	0.996167	0.828652	0.977120	0.977452
190	0.888797	0.996149	0.996176	0.833357	0.978466	0.978824
200	0.895127	0.996741	0.996754	0.839034	0.978466	0.978824
210	0.900085	0.996889	0.996909	0.843576	0.977120	0.977452
220	0.904425	0.996741	0.996763	0.847543	0.978466	0.978815
230	0.908628	0.997482	0.997490	0.851562	0.981157	0.981391
240	0.912159	0.997778	0.997787	0.855148	0.981157	0.981391
250	0.916013	0.997630	0.997639	0.859790	0.982503	0.982755
260	0.919068	0.998074	0.998075	0.862886	0.981157	0.981439
270	0.921519	0.998371	0.998372	0.864749	0.981157	0.981439
280	0.924359	0.998371	0.998372	0.867686	0.982503	0.982755
290	0.926787	0.998222	0.998225	0.870180	0.982503	0.982755
300	0.928792	0.998519	0.998519	0.871715	0.982503	0.982755
310	0.931011	0.998667	0.998668	0.873904	0.982503	0.982755
320	0.933470	0.998815	0.998816	0.876414	0.982503	0.982755
330	0.935286	0.998815	0.998816	0.878001	0.982503	0.982755
340	0.936982	0.998963	0.998959	0.879949	0.982503	0.982755
350	0.938993	0.998963	0.998955	0.881686	0.982503	0.982755
360	0.940951	0.999259	0.999245	0.883738	0.982503	0.982755
370	0.942286	0.999407	0.999393	0.885537	0.982503	0.982755
380	0.943747	0.999259	0.999245	0.886926	0.982503	0.982755
390	0.944754	0.999407	0.999393	0.887796	0.982503	0.982755
400	0.946049	0.999407	0.999393	0.889078	0.982503	0.982755
410	0.947112	0.999407	0.999393	0.890238	0.982503	0.982755
420	0.948051	0.999556	0.999548	0.891050	0.982503	0.982755
430	0.949286	0.999556	0.999548	0.892584	0.982503	0.982755
440	0.950179	0.999556	0.999548	0.893461	0.982503	0.982755
450	0.951101	0.999556	0.999548	0.894648	0.982503	0.982755
460	0.952124	0.999556	0.999548	0.895561	0.982503	0.982755
470	0.953012	0.999556	0.999548	0.896231	0.982503	0.982755
480	0.953818	0.999556	0.999548	0.897200	0.982503	0.982755
490	0.954529	0.999556	0.999548	0.898267	0.982503	0.982755
500	0.955301	0.999556	0.999548	0.899081	0.982503	0.982755
510	0.956207	0.999556	0.999548	0.900052	0.982503	0.982755
520	0.956641	0.999556	0.999548	0.900641	0.982503	0.982755
530	0.957389	0.999556	0.999548	0.901211	0.982503	0.982755
540	0.958077	0.999556	0.999548	0.901884	0.982503	0.982755
550	0.958638	0.999556	0.999548	0.902698	0.982503	0.982755
560	0.959184	0.999556	0.999548	0.903227	0.982503	0.982755
570	0.959540	0.999556	0.999548	0.903755	0.983849	0.984118
580	0.960076	0.999556	0.999548	0.904533	0.983849	0.984118
590	0.960541	0.999556	0.999548	0.905073	0.983849	0.984118
600	0.961029	0.999556	0.999548	0.905568	0.983849	0.984118
610	0.961485	0.999556	0.999548	0.906163	0.983849	0.984118
620	0.961972	0.999556	0.999548	0.906554	0.983849	0.984118
630	0.962355	0.999556	0.999548	0.906895	0.983849	0.984118
640	0.962923	0.999556	0.999548	0.907839	0.983849	0.984118
650	0.963256	0.999556	0.999548	0.908071	0.983849	0.984118
660	0.963765	0.999556	0.999548	0.908523	0.983849	0.984118
670	0.964322	0.999556	0.999548	0.909154	0.983849	0.984118
680	0.964644	0.999556	0.999548	0.909720	0.983849	0.984118
690	0.964975	0.999556	0.999548	0.910205	0.983849	0.984118
700	0.965273	0.999556	0.999548	0.910337	0.983849	0.984118
710	0.965788	0.999556	0.999548	0.911028	0.983849	0.984118
720	0.966322	0.999556	0.999548	0.911728	0.983849	0.984118
730	0.966669	0.999556	0.999548	0.912145	0.983849	0.984118
740	0.966926	0.999556	0.999548	0.912414	0.983849	0.984118
750	0.967127	0.999556	0.999548	0.912746	0.983849	0.984118
760	0.967476	0.999556	0.999548	0.913064	0.983849	0.984118
770	0.967794	0.999556	0.999548	0.913435	0.983849	0.984118
780	0.968152	0.999556	0.999548	0.913796	0.983849	0.984118
790	0.968425	0.999556	0.999548	0.914305	0.983849	0.984118
800	0.968802	0.999556	0.999548	0.914772	0.983849	0.984118
810	0.969098	0.999556	0.999548	0.914996	0.983849	0.984118
820	0.969377	0.999556	0.999548	0.915269	0.983849	0.984118
830	0.969604	0.999556	0.999548	0.915550	0.983849	0.984118
840	0.970096	0.999556	0.999548	0.916278	0.983849	0.984118
850	0.970529	0.999556	0.999548	0.916750	0.983849	0.984118
860	0.970969	0.999556	0.999548	0.917141	0.983849	0.984118
870	0.971358	0.999556	0.999548	0.917552	0.983849	0.984118
880	0.971576	0.999556	0.999548	0.917842	0.983849	0.984118
890	0.971774	0.999556	0.999548	0.917983	0.983849	0.984118
900	0.972138	0.999556	0.999548	0.918280	0.983849	0.984118
910	0.972546	0.999704	0.999696	0.918838	0.983849	0.984118
920	0.972911	0.999704	0.999696	0.919248	0.983849	0.984118
930	0.973258	0.999704	0.999696	0.919715	0.983849	0.984118
940	0.973529	0.999704	0.999696	0.919982	0.983849	0.984118
950	0.973879	0.999704	0.999696	0.920382	0.983849	0.984118
960	0.974177	0.999704	0.999696	0.920749	0.983849	0.984118
970	0.974444	0.999704	0.999696	0.921093	0.983849	0.984118
980	0.974747	0.999704	0.999696	0.921355	0.983849	0.984118
990	0.975143	0.999704	0.999696	0.921726	0.983849	0.984118
1000	0.975457	0.999704	0.999696	0.922112	0.983849	0.984118
1010	0.975643	0.999704	0.999696	0.922430	0.983849	0.984118
1020	0.975902	0.999704	0.999696	0.922842	0.983849	0.984118
1030	0.976138	0.999704	0.999696	0.923085	0.983849	0.984118
1040	0.976421	0.999704	0.999696	0.923375	0.983849	0.984118
1050	0.976709	0.999704	0.999696	0.923735	0.983849	0.984118
1060	0.976938	0.999704	0.999696	0.923915	0.983849	0.984118
1070	0.977083	0.999704	0.999696	0.924021	0.983849	0.984118
1080	0.977407	0.999704	0.999696	0.924496	0.983849	0.984118
1090	0.977699	0.999704	0.999696	0.924699	0.983849	0.984118
1100	0.977967	0.999704	0.999696	0.925130	0.983849	0.984118
1110	0.978180	0.999704	0.999696	0.925305	0.983849	0.984118
1120	0.978415	0.999704	0.999696	0.925612	0.983849	0.984118
1130	0.978588	0.999704	0.999696	0.925818	0.983849	0.984118
1140	0.978802	0.999704	0.999696	0.926149	0.983849	0.984118
1150	0.978981	0.999704	0.999696	0.926428	0.983849	0.984118
1160	0.979154	0.999704	0.999696	0.926541	0.983849	0.984118
1170	0.979345	0.999704	0.999696	0.926719	0.983849	0.984118
1180	0.979532	0.999704	0.999696	0.926924	0.983849	0.984118
1190	0.979722	0.999704	0.999696	0.927209	0.983849	0.984118
1200	0.979967	0.999704	0.999696	0.927473	0.983849	0.984118
1210	0.980167	0.999704	0.999696	0.927660	0.983849	0.984118
1220	0.980376	0.999704	0.999696	0.928083	0.983849	0.984118
1230	0.980605	0.999704	0.999696	0.928222	0.983849	0.984118
1240	0.980770	0.999704	0.999696	0.928362	0.983849	0.984118
1250	0.980943	0.999704	0.999696	0.928506	0.983849	0.984118
1260	0.981147	0.999704	0.999696	0.928735	0.983849	0.984118
1270	0.981276	0.999704	0.999696	0.928858	0.983849	0.984118
1280	0.981391	0.999704	0.999696	0.928959	0.983849	0.984118
1290	0.981510	0.999852	0.999845	0.929086	0.983849	0.984118
1300	0.981679	0.999852	0.999845	0.929241	0.983849	0.984118
1310	0.981827	0.999852	0.999845	0.929496	0.983849	0.984118
1320	0.982048	1.000000	1.000000	0.929873	0.983849	0.984118
1330	0.982200	1.000000	1.000000	0.930155	0.983849	0.984118
1340	0.982372	1.000000	1.000000	0.930476	0.983849	0.984118
1350	0.982484	1.000000	1.000000	0.930677	0.983849	0.984118
1360	0.982609	1.000000	1.000000	0.930805	0.983849	0.984118
1370	0.982768	1.000000	1.000000	0.930969	0.983849	0.984118
1380	0.982939	1.000000	1.000000	0.931469	0.983849	0.984118
1390	0.983063	1.000000	1.000000	0.931619	0.983849	0.984118
1400	0.983130	1.000000	1.000000	0.931702	0.983849	0.984118
1410	0.983263	1.000000	1.000000	0.932029	0.983849	0.984118
1420	0.983400	1.000000	1.000000	0.932115	0.983849	0.984118
1430	0.983559	1.000000	1.000000	0.932347	0.983849	0.984118
1440	0.983676	1.000000	1.000000	0.932511	0.983849	0.984118
1450	0.983778	1.000000	1.000000	0.932764	0.983849	0.984118
1460	0.983894	1.000000	1.000000	0.933025	0.983849	0.984118
1470	0.984047	1.000000	1.000000	0.933195	0.983849	0.984118
1480	0.984198	1.000000	1.000000	0.933409	0.983849	0.984118
1490	0.984363	1.000000	1.000000	0.933632	0.983849	0.984118
1500	0.984516	1.000000	1.000000	0.933893	0.983849	0.984118
1510	0.984614	1.000000	1.000000	0.934004	0.983849	0.984118
1520	0.984718	1.000000	1.000000	0.934093	0.983849	0.984118
1530	0.984798	1.000000	1.000000	0.934194	0.983849	0.984118
1540	0.984945	1.000000	1.000000	0.934353	0.983849	0.984118
1550	0.985058	1.000000	1.000000	0.934572	0.983849	0.984118
1560	0.985158	1.000000	1.000000	0.934723	0.983849	0.984118
1570	0.985267	1.000000	1.000000	0.934794	0.983849	0.984118
1580	0.985357	1.000000	1.000000	0.934957	0.983849	0.984118
1590	0.985480	1.000000	1.000000	0.935077	0.983849	0.984118
1600	0.985591	1.000000	1.000000	0.935191	0.983849	0.984118
1610	0.985664	1.000000	1.000000	0.935322	0.983849	0.984118
1620	0.985781	1.000000	1.000000	0.935559	0.983849	0.984118
1630	0.985887	1.000000	1.000000	0.935782	0.983849	0.984118
1640	0.985979	1.000000	1.000000	0.935929	0.983849	0.984118
1650	0.986084	1.000000	1.000000	0.936090	0.983849	0.984118
1660	0.986178	1.000000	1.000000	0.936255	0.983849	0.984118
1670	0.986311	1.000000	1.000000	0.936423	0.983849	0.984118
1680	0.986390	1.000000	1.000000	0.936677	0.983849	0.984118
1690	0.986498	1.000000	1.000000	0.936776	0.983849	0.984118
1700	0.986575	1.000000	1.000000	0.936867	0.983849	0.984118
1710	0.986663	1.000000	1.000000	0.936951	0.983849	0.984118
1720	0.986729	1.000000	1.000000	0.937066	0.983849	0.984118
1730	0.986775	1.000000	1.000000	0.937096	0.983849	0.984118
1740	0.986832	1.000000	1.000000	0.937164	0.983849	0.984118
1750	0.986909	1.000000	1.000000	0.937340	0.983849	0.984118
1760	0.987014	1.000000	1.000000	0.937443	0.983849	0.984118
1770	0.987110	1.000000	1.000000	0.937581	0.983849	0.984118
1780	0.987201	1.000000	1.000000	0.937661	0.983849	0.984118
1790	0.987270	1.000000	1.000000	0.937761	0.983849	0.984118
1800	0.987364	1.000000	1.000000	0.937899	0.983849	0.984118
1810	0.987434	1.000000	1.000000	0.938045	0.983849	0.984118
1820	0.987518	1.000000	1.000000	0.938181	0.983849	0.984118
1830	0.987601	1.000000	1.000000	0.938298	0.983849	0.984118
1840	0.987684	1.000000	1.000000	0.938450	0.983849	0.984118
1850	0.987747	1.000000	1.000000	0.938574	0.983849	0.984118
1860	0.987820	1.000000	1.000000	0.938615	0.983849	0.984118
1870	0.987887	1.000000	1.000000	0.938778	0.983849	0.984118
1880	0.987958	1.000000	1.000000	0.938882	0.983849	0.984118
1890	0.988001	1.000000	1.000000	0.938960	0.983849	0.984118
1900	0.988084	1.000000	1.000000	0.939079	0.983849	0.984118
1910	0.988160	1.000000	1.000000	0.939187	0.983849	0.984118
1920	0.988218	1.000000	1.000000	0.939311	0.983849	0.984118
1930	0.988275	1.000000	1.000000	0.939460	0.983849	0.984118
1940	0.988353	1.000000	1.000000	0.939631	0.983849	0.984118
1950	0.988420	1.000000	1.000000	0.939715	0.983849	0.984118
1960	0.988472	1.000000	1.000000	0.939842	0.983849	0.984118
1970	0.988543	1.000000	1.000000	0.939888	0.983849	0.984118
1980	0.988590	1.000000	1.000000	0.939931	0.983849	0.984118
1990	0.988643	1.000000	1.000000	0.939955	0.983849	0.984118
2000	0.988711	1.000000	1.000000	0.940040	0.983849	0.984118
2010	0.988780	1.000000	1.000000	0.940125	0.983849	0.984118
2020	0.988864	1.000000	1.000000	0.940230	0.983849	0.984118
2030	0.988919	1.000000	1.000000	0.940313	0.983849	0.984118
2040	0.988970	1.000000	1.000000	0.940339	0.983849	0.984118
2050	0.989028	1.000000	1.000000	0.940462	0.983849	0.984118
2060	0.989080	1.000000	1.000000	0.940487	0.983849	0.984118
2070	0.989139	1.000000	1.000000	0.940551	0.983849	0.984118
2080	0.989193	1.000000	1.000000	0.940583	0.983849	0.984118
2090	0.989273	1.000000	1.000000	0.940787	0.983849	0.984118
2100	0.989352	1.000000	1.000000	0.940973	0.983849	0.984118
2110	0.989413	1.000000	1.000000	0.941151	0.983849	0.984118
2120	0.989474	1.000000	1.000000	0.941255	0.983849	0.984118
2130	0.989524	1.000000	1.000000	0.941302	0.983849	0.984118
2140	0.989572	1.000000	1.000000	0.941408	0.983849	0.984118
2150	0.989630	1.000000	1.000000	0.941447	0.983849	0.984118
2160	0.989689	1.000000	1.000000	0.941574	0.983849	0.984118
2170	0.989753	1.000000	1.000000	0.941677	0.983849	0.984118
2180	0.989807	1.000000	1.000000	0.941758	0.983849	0.984118
2190	0.989849	1.000000	1.000000	0.941907	0.983849	0.984118
2200	0.989898	1.000000	1.000000	0.941992	0.983849	0.984118
2210	0.989938	1.000000	1.000000	0.942029	0.983849	0.984118
2220	0.990007	1.000000	1.000000	0.942097	0.983849	0.984118
2230	0.990039	1.000000	1.000000	0.942121	0.983849	0.984118
2240	0.990076	1.000000	1.000000	0.942189	0.983849	0.984118
2250	0.990108	1.000000	1.000000	0.942253	0.983849	0.984118
2260	0.990141	1.000000	1.000000	0.942325	0.983849	0.984118
2270	0.990184	1.000000	1.000000	0.942366	0.983849	0.984118
2280	0.990232	1.000000	1.000000	0.942459	0.983849	0.984118
2290	0.990274	1.000000	1.000000	0.942454	0.983849	0.984118
2300	0.990313	1.000000	1.000000	0.942640	0.983849	0.984118
2310	0.990360	1.000000	1.000000	0.942692	0.983849	0.984118
2320	0.990420	1.000000	1.000000	0.942751	0.983849	0.984118
2330	0.990458	1.000000	1.000000	0.942814	0.983849	0.984118
2340	0.990503	1.000000	1.000000	0.942861	0.983849	0.984118
2350	0.990563	1.000000	1.000000	0.942913	0.983849	0.984118
2360	0.990632	1.000000	1.000000	0.943054	0.983849	0.984118
2370	0.990676	1.000000	1.000000	0.943123	0.983849	0.984118
2380	0.990710	1.000000	1.000000	0.943151	0.983849	0.984118
2390	0.990743	1.000000	1.000000	0.943302	0.983849	0.984118
2400	0.990783	1.000000	1.000000	0.943383	0.983849	0.984118
2410	0.990820	1.000000	1.000000	0.943461	0.983849	0.984118
2420	0.990863	1.000000	1.000000	0.943481	0.983849	0.984118
2430	0.990899	1.000000	1.000000	0.943463	0.983849	0.984118
2440	0.990935	1.000000	1.000000	0.943437	0.983849	0.984118
2450	0.990993	1.000000	1.000000	0.943427	0.983849	0.984118
2460	0.991028	1.000000	1.000000	0.943433	0.983849	0.984118
2470	0.991071	1.000000	1.000000	0.943428	0.983849	0.984118
2480	0.991104	1.000000	1.000000	0.943429	0.983849	0.984118
2490	0.991131	1.000000	1.000000	0.943513	0.983849	0.984118
2500	0.991158	1.000000	1.000000	0.943571	0.983849	0.984118
2510	0.991181	1.000000	1.000000	0.943682	0.983849	0.984118
2520	0.991219	1.000000	1.000000	0.943728	0.983849	0.984118
2530	0.991254	1.000000	1.000000	0.943718	0.983849	0.984118
2540	0.991290	1.000000	1.000000	0.943755	0.983849	0.984118
2550	0.991334	1.000000	1.000000	0.943812	0.983849	0.984118
2560	0.991372	1.000000	1.000000	0.943900	0.983849	0.984118
2570	0.991414	1.000000	1.000000	0.943924	0.983849	0.984118
2580	0.991440	1.000000	1.000000	0.943952	0.983849	0.984118
2590	0.991476	1.000000	1.000000	0.943954	0.983849	0.984118
2600	0.991516	1.000000	1.000000	0.943961	0.983849	0.984118
2610	0.991552	1.000000	1.000000	0.944010	0.983849	0.984118
2620	0.991590	1.000000	1.000000	0.944065	0.983849	0.984118
2630	0.991624	1.000000	1.000000	0.944091	0.983849	0.984118
2640	0.991658	1.000000	1.000000	0.944152	0.983849	0.984118
2650	0.991683	1.000000	1.000000	0.944152	0.983849	0.984118
2660	0.991717	1.000000	1.000000	0.944193	0.983849	0.984118
2670	0.991746	1.000000	1.000000	0.944226	0.983849	0.984118
2680	0.991773	1.000000	1.000000	0.944250	0.983849	0.984118
2690	0.991801	1.000000	1.000000	0.944276	0.983849	0.984118
2700	0.991831	1.000000	1.000000	0.944291	0.983849	0.984118
2710	0.991869	1.000000	1.000000	0.944381	0.983849	0.984118
2720	0.991896	1.000000	1.000000	0.944430	0.983849	0.984118
2730	0.991932	1.000000	1.000000	0.944470	0.983849	0.984118
2740	0.991959	1.000000	1.000000	0.944532	0.983849	0.984118
2750	0.991987	1.000000	1.000000	0.944558	0.983849	0.984118
2760	0.992017	1.000000	1.000000	0.944639	0.983849	0.984118
2770	0.992046	1.000000	1.000000	0.944781	0.983849	0.984118
2780	0.992074	1.000000	1.000000	0.944839	0.983849	0.984118
2790	0.992110	1.000000	1.000000	0.944908	0.983849	0.984118
2800	0.992131	1.000000	1.000000	0.944968	0.983849	0.984118
2810	0.992157	1.000000	1.000000	0.945019	0.983849	0.984118
2820	0.992179	1.000000	1.000000	0.945073	0.983849	0.984118
2830	0.992201	1.000000	1.000000	0.945081	0.983849	0.984118
2840	0.992229	1.000000	1.000000	0.945120	0.983849	0.984118
2850	0.992260	1.000000	1.000000	0.945117	0.983849	0.984118
2860	0.992284	1.000000	1.000000	0.945111	0.983849	0.984118
2870	0.992309	1.000000	1.000000	0.945122	0.983849	0.984118
2880	0.992331	1.000000	1.000000	0.945132	0.983849	0.984118
2890	0.992362	1.000000	1.000000	0.945162	0.983849	0.984118
2900	0.992389	1.000000	1.000000	0.945165	0.983849	0.984118
2910	0.992419	1.000000	1.000000	0.945303	0.983849	0.984118
2920	0.992448	1.000000	1.000000	0.945318	0.983849	0.984118
2930	0.992470	1.000000	1.000000	0.945341	0.983849	0.984118
2940	0.992496	1.000000	1.000000	0.945386	0.983849	0.984118
2950	0.992529	1.000000	1.000000	0.945421	0.983849	0.984118
2960	0.992556	1.000000	1.000000	0.945437	0.983849	0.984118
2970	0.992577	1.000000	1.000000	0.945465	0.983849	0.984118
2980	0.992603	1.000000	1.000000	0.945571	0.983849	0.984118
2990	0.992633	1.000000	1.000000	0.945614	0.983849	0.984118
3000	0.992657	1.000000	1.000000	0.945648	0.983849	0.984118
3010	0.992676	1.000000	1.000000	0.945709	0.983849	0.984118
3020	0.992696	1.000000	1.000000	0.945753	0.983849	0.984118
3030	0.992714	1.000000	1.000000	0.945785	0.983849	0.984118
3040	0.992732	1.000000	1.000000	0.945799	0.983849	0.984118
3050	0.992752	1.000000	1.000000	0.945866	0.983849	0.984118
3060	0.992778	1.000000	1.000000	0.945929	0.983849	0.984118
3070	0.992798	1.000000	1.000000	0.945954	0.983849	0.984118
3080	0.992819	1.000000	1.000000	0.946008	0.983849	0.984118
3090	0.992842	1.000000	1.000000	0.946097	0.983849	0.984118
3100	0.992867	1.000000	1.000000	0.946105	0.983849	0.984118
3110	0.992898	1.000000	1.000000	0.946211	0.983849	0.984118
3120	0.992920	1.000000	1.000000	0.946207	0.983849	0.984118
3130	0.992939	1.000000	1.000000	0.946253	0.983849	0.984118
3140	0.992964	1.000000	1.000000	0.946241	0.983849	0.984118
3150	0.992988	1.000000	1.000000	0.946238	0.983849	0.984118
3160	0.993006	1.000000	1.000000	0.946322	0.983849	0.984118
3170	0.993026	1.000000	1.000000	0.946367	0.983849	0.984118
3180	0.993046	1.000000	1.000000	0.946415	0.983849	0.984118
3190	0.993061	1.000000	1.000000	0.946440	0.983849	0.984118
3200	0.993074	1.000000	1.000000	0.946453	0.983849	0.984118
3210	0.993095	1.000000	1.000000	0.946489	0.983849	0.984118
3220	0.993127	1.000000	1.000000	0.946534	0.983849	0.984118
3230	0.993153	1.000000	1.000000	0.946542	0.983849	0.984118
3240	0.993172	1.000000	1.000000	0.946576	0.983849	0.984118
3250	0.993192	1.000000	1.000000	0.946617	0.983849	0.984118
3260	0.993218	1.000000	1.000000	0.946665	0.983849	0.984118
3270	0.993243	1.000000	1.000000	0.946674	0.983849	0.984118
3280	0.993263	1.000000	1.000000	0.946665	0.983849	0.984118
3290	0.993291	1.000000	1.000000	0.946692	0.983849	0.984118
3300	0.993311	1.000000	1.000000	0.946736	0.983849	0.984118
3310	0.993333	1.000000	1.000000	0.946748	0.983849	0.984118
3320	0.993356	1.000000	1.000000	0.946813	0.983849	0.984118
3330	0.993372	1.000000	1.000000	0.946824	0.983849	0.984118
3340	0.993396	1.000000	1.000000	0.946885	0.983849	0.984118
3350	0.993411	1.000000	1.000000	0.946926	0.983849	0.984118
3360	0.993427	1.000000	1.000000	0.946999	0.983849	0.984118
3370	0.993441	1.000000	1.000000	0.947039	0.983849	0.984118
3380	0.993456	1.000000	1.000000	0.947128	0.983849	0.984118
3390	0.993466	1.000000	1.000000	0.947153	0.983849	0.984118
3400	0.993480	1.000000	1.000000	0.947234	0.983849	0.984118
3410	0.993493	1.000000	1.000000	0.947237	0.983849	0.984118
3420	0.993509	1.000000	1.000000	0.947259	0.983849	0.984118
3430	0.993528	1.000000	1.000000	0.947270	0.983849	0.984118
3440	0.993547	1.000000	1.000000	0.947276	0.983849	0.984118
3450	0.993567	1.000000	1.000000	0.947284	0.983849	0.984118
3460	0.993582	1.000000	1.000000	0.947295	0.983849	0.984118
3470	0.993602	1.000000	1.000000	0.947328	0.983849	0.984118
3480	0.993624	1.000000	1.000000	0.947335	0.983849	0.984118
3490	0.993654	1.000000	1.000000	0.947366	0.983849	0.984118
3500	0.993674	1.000000	1.000000	0.947402	0.983849	0.984118
3510	0.993690	1.000000	1.000000	0.947411	0.983849	0.984118
3520	0.993707	1.000000	1.000000	0.947412	0.983849	0.984118
3530	0.993722	1.000000	1.000000	0.947415	0.983849	0.984118
3540	0.993744	1.000000	1.000000	0.947432	0.983849	0.984118
3550	0.993760	1.000000	1.000000	0.947437	0.983849	0.984118
3560	0.993781	1.000000	1.000000	0.947454	0.983849	0.984118
3570	0.993799	1.000000	1.000000	0.947452	0.983849	0.984118
3580	0.993815	1.000000	1.000000	0.947496	0.983849	0.984118
3590	0.993828	1.000000	1.000000	0.947536	0.983849	0.984118
3600	0.993840	1.000000	1.000000	0.947610	0.983849	0.984118
3610	0.993856	1.000000	1.000000	0.947647	0.983849	0.984118
3620	0.993872	1.000000	1.000000	0.947664	0.983849	0.984118
3630	0.993890	1.000000	1.000000	0.947708	0.983849	0.984118
3640	0.993920	1.000000	1.000000	0.947754	0.983849	0.984118
3650	0.993939	1.000000	1.000000	0.947776	0.983849	0.984118
3660	0.993964	1.000000	1.000000	0.947850	0.983849	0.984118
3670	0.993980	1.000000	1.000000	0.947862	0.983849	0.984118
3680	0.993997	1.000000	1.000000	0.947911	0.983849	0.984118
3690	0.994012	1.000000	1.000000	0.947941	0.983849	0.984118
3700	0.994025	1.000000	1.000000	0.947946	0.983849	0.984118
3710	0.994041	1.000000	1.000000	0.947978	0.983849	0.984118
3720	0.994058	1.000000	1.000000	0.948005	0.983849	0.984118
3730	0.994081	1.000000	1.000000	0.948052	0.983849	0.984118
3740	0.994101	1.000000	1.000000	0.948066	0.983849	0.984118
3750	0.994115	1.000000	1.000000	0.948115	0.983849	0.984118
3760	0.994124	1.000000	1.000000	0.948120	0.983849	0.984118
3770	0.994140	1.000000	1.000000	0.948139	0.983849	0.984118
3780	0.994155	1.000000	1.000000	0.948142	0.983849	0.984118
3790	0.994171	1.000000	1.000000	0.948146	0.983849	0.984118
3800	0.994187	1.000000	1.000000	0.948185	0.983849	0.984118
3810	0.994202	1.000000	1.000000	0.948214	0.983849	0.984118
3820	0.994221	1.000000	1.000000	0.948256	0.983849	0.984118
3830	0.994234	1.000000	1.000000	0.948285	0.983849	0.984118
3840	0.994252	1.000000	1.000000	0.948302	0.983849	0.984118
3850	0.994266	1.000000	1.000000	0.948336	0.983849	0.984118
3860	0.994278	1.000000	1.000000	0.948371	0.983849	0.984118
3870	0.994290	1.000000	1.000000	0.948445	0.985195	0.985353
3880	0.994306	1.000000	1.000000	0.948458	0.985195	0.985353
3890	0.994321	1.000000	1.000000	0.948462	0.985195	0.985353
3900	0.994332	1.000000	1.000000	0.948492	0.985195	0.985353
3910	0.994340	1.000000	1.000000	0.948517	0.985195	0.985353
3920	0.994354	1.000000	1.000000	0.948531	0.985195	0.985353
3930	0.994372	1.000000	1.000000	0.948525	0.985195	0.985353
3940	0.994387	1.000000	1.000000	0.948536	0.985195	0.985353
3950	0.994406	1.000000	1.000000	0.948543	0.985195	0.985353
3960	0.994419	1.000000	1.000000	0.948549	0.985195	0.985353
3970	0.994433	1.000000	1.000000	0.948564	0.985195	0.985353
3980	0.994449	1.000000	1.000000	0.948591	0.985195	0.985353
3990	0.994466	1.000000	1.000000	0.948596	0.985195	0.985353
4000	0.994479	1.000000	1.000000	0.948635	0.985195	0.985353
