10	0.329989	0.845651	0.803046	0.327427	0.854356	0.809732
20	0.489411	0.875093	0.830870	0.486220	0.881664	0.836752
30	0.567364	0.885651	0.839931	0.563720	0.892068	0.845250
40	0.614102	0.890706	0.842955	0.609639	0.894668	0.844932
50	0.654375	0.935316	0.937024	0.646475	0.931079	0.931456
60	0.693888	0.973532	0.973634	0.684421	0.967490	0.966760
70	0.722455	0.979777	0.979837	0.709277	0.977893	0.977398
80	0.746501	0.982454	0.982544	0.732473	0.980494	0.980005
90	0.769793	0.984684	0.984760	0.755042	0.984395	0.983974
100	0.790070	0.987212	0.987279	0.774440	0.986996	0.986613
110	0.807587	0.990037	0.990075	0.790391	0.988296	0.987988
120	0.820884	0.991822	0.991850	0.803606	0.988296	0.987988
130	0.831680	0.992862	0.992903	0.813702	0.989597	0.989270
140	0.844418	0.993457	0.993483	0.826121	0.989597	0.989371
150	0.852652	0.994349	0.994386	0.833809	0.992198	0.992052
160	0.863096	0.995242	0.995251	0.843877	0.990897	0.990771
170	0.871706	0.995836	0.995839	0.852096	0.990897	0.990771
180	0.877779	0.996283	0.996270	0.858162	0.992198	0.992417
190	0.884914	0.996729	0.996708	0.864305	0.992198	0.992417
200	0.890979	0.997026	0.997005	0.870574	0.992198	0.992417
210	0.896701	0.997026	0.997005	0.875517	0.992198	0.992417
220	0.901003	0.997026	0.997005	0.879597	0.992198	0.992417
230	0.904909	0.997026	0.997005	0.883784	0.992198	0.992417
240	0.908881	0.997026	0.997005	0.887627	0.992198	0.992417
250	0.912815	0.997175	0.997149	0.891656	0.992198	0.992417
260	0.916366	0.997323	0.997302	0.894969	0.993498	0.993737
270	0.920129	0.997472	0.997446	0.898697	0.993498	0.993737
280	0.923160	0.997621	0.997595	0.901877	0.993498	0.993737
290	0.925561	0.997621	0.997595	0.904267	0.993498	0.993737
300	0.928286	0.997918	0.997900	0.906810	0.993498	0.993737
310	0.930669	0.998067	0.998055	0.909506	0.994798	0.994935
320	0.932886	0.998364	0.998349	0.911580	0.994798	0.994935
330	0.935035	0.998364	0.998349	0.913612	0.994798	0.994935
340	0.937085	0.998364	0.998349	0.915609	0.994798	0.994935
350	0.938810	0.998513	0.998498	0.917158	0.994798	0.994935
360	0.940571	0.998662	0.998648	0.919001	0.994798	0.994935
370	0.942029	0.998662	0.998648	0.920451	0.994798	0.994935
380	0.943344	0.998662	0.998648	0.921865	0.994798	0.994935
390	0.945068	0.998662	0.998648	0.923945	0.994798	0.994935
400	0.946510	0.998810	0.998797	0.925398	0.994798	0.994861
410	0.947752	0.998959	0.998946	0.926652	0.994798	0.994861
420	0.949085	0.999108	0.999095	0.927868	0.994798	0.994861
430	0.950197	0.999108	0.999095	0.929035	0.994798	0.994861
440	0.951262	0.999108	0.999095	0.930179	0.994798	0.994861
450	0.952342	0.999257	0.999249	0.931273	0.994798	0.994861
460	0.953320	0.999405	0.999398	0.932063	0.994798	0.994861
470	0.954247	0.999405	0.999398	0.932914	0.994798	0.994861
480	0.955211	0.999405	0.999398	0.933710	0.994798	0.994861
490	0.956143	0.999405	0.999398	0.934793	0.994798	0.994861
500	0.956792	0.999405	0.999398	0.935464	0.994798	0.994861
510	0.957401	0.999405	0.999398	0.936212	0.994798	0.994861
520	0.957928	0.999405	0.999398	0.936766	0.994798	0.994861
530	0.958642	0.999405	0.999398	0.937379	0.994798	0.994861
540	0.959374	0.999405	0.999398	0.938148	0.994798	0.994861
550	0.959984	0.999405	0.999398	0.938917	0.994798	0.994861
560	0.960475	0.999405	0.999398	0.939361	0.994798	0.994861
570	0.960928	0.999405	0.999398	0.939896	0.994798	0.994861
580	0.961489	0.999405	0.999398	0.940371	0.994798	0.994861
590	0.961951	0.999405	0.999398	0.940814	0.994798	0.994861
600	0.962406	0.999405	0.999398	0.941291	0.994798	0.994861
610	0.962952	0.999405	0.999398	0.941900	0.994798	0.994861
620	0.963423	0.999405	0.999398	0.942393	0.994798	0.994861
630	0.963993	0.999405	0.999398	0.943072	0.994798	0.994861
640	0.964457	0.999405	0.999398	0.943678	0.994798	0.994861
650	0.964940	0.999405	0.999398	0.944278	0.994798	0.994861
660	0.965484	0.999405	0.999398	0.944824	0.994798	0.994861
670	0.966006	0.999405	0.999398	0.945273	0.994798	0.994861
680	0.966429	0.999405	0.999398	0.945653	0.994798	0.994861
690	0.966646	0.999405	0.999398	0.945915	0.994798	0.994861
700	0.967035	0.999405	0.999398	0.946263	0.994798	0.994861
710	0.967406	0.999405	0.999398	0.946617	0.994798	0.994861
720	0.967904	0.999405	0.999398	0.947060	0.994798	0.994861
730	0.968138	0.999405	0.999398	0.947376	0.994798	0.994861
740	0.968546	0.999405	0.999398	0.947805	0.994798	0.994861
750	0.968872	0.999405	0.999398	0.948119	0.994798	0.994861
760	0.969297	0.999405	0.999398	0.948499	0.994798	0.994861
770	0.969688	0.999405	0.999398	0.949019	0.994798	0.994861
780	0.970233	0.999405	0.999398	0.949569	0.994798	0.994861
790	0.970504	0.999405	0.999398	0.949868	0.994798	0.994861
800	0.970791	0.999405	0.999398	0.950246	0.994798	0.994861
810	0.971078	0.999405	0.999398	0.950556	0.994798	0.994861
820	0.971285	0.999405	0.999398	0.950774	0.994798	0.994861
830	0.971631	0.999405	0.999398	0.951127	0.994798	0.994861
840	0.971859	0.999405	0.999398	0.951389	0.994798	0.994861
850	0.972112	0.999405	0.999398	0.951645	0.994798	0.994861
860	0.972414	0.999405	0.999398	0.951990	0.994798	0.994861
870	0.972664	0.999405	0.999398	0.952273	0.994798	0.994861
880	0.972982	0.999405	0.999398	0.952692	0.994798	0.994861
890	0.973260	0.999405	0.999398	0.953014	0.994798	0.994861
900	0.973504	0.999405	0.999398	0.953237	0.994798	0.994861
910	0.973799	0.999554	0.999547	0.953555	0.994798	0.994861
920	0.974132	0.999554	0.999547	0.953860	0.994798	0.994861
930	0.974461	0.999554	0.999547	0.954385	0.994798	0.994861
940	0.974670	0.999554	0.999547	0.954662	0.994798	0.994861
950	0.974926	0.999554	0.999547	0.954873	0.994798	0.994861
960	0.975335	0.999554	0.999547	0.955270	0.994798	0.994861
970	0.975681	0.999554	0.999547	0.955594	0.994798	0.994861
980	0.975954	0.999554	0.999547	0.955856	0.994798	0.994861
990	0.976196	0.999554	0.999547	0.956200	0.994798	0.994861
1000	0.976536	0.999554	0.999547	0.956549	0.994798	0.994861
1010	0.976789	0.999554	0.999547	0.956824	0.996099	0.996136
1020	0.977084	0.999554	0.999547	0.957093	0.996099	0.996136
1030	0.977441	0.999703	0.999696	0.957458	0.996099	0.996136
1040	0.977675	0.999703	0.999696	0.957761	0.996099	0.996136
1050	0.977991	0.999703	0.999696	0.958033	0.996099	0.996136
1060	0.978147	0.999703	0.999696	0.958266	0.996099	0.996136
1070	0.978411	0.999703	0.999696	0.958551	0.996099	0.996136
1080	0.978539	0.999703	0.999696	0.958703	0.996099	0.996136
1090	0.978740	0.999703	0.999696	0.958885	0.996099	0.996136
1100	0.979020	0.999703	0.999696	0.959178	0.996099	0.996136
1110	0.979237	0.999703	0.999696	0.959432	0.996099	0.996136
1120	0.979407	0.999703	0.999696	0.959611	0.996099	0.996136
1130	0.979567	0.999703	0.999696	0.959799	0.996099	0.996136
1140	0.979700	0.999703	0.999696	0.959931	0.996099	0.996136
1150	0.979950	0.999703	0.999696	0.960186	0.996099	0.996136
1160	0.980066	0.999703	0.999696	0.960317	0.996099	0.996136
1170	0.980231	0.999703	0.999696	0.960533	0.996099	0.996136
1180	0.980379	0.999703	0.999696	0.960743	0.996099	0.996136
1190	0.980540	0.999703	0.999696	0.960959	0.996099	0.996136
1200	0.980793	0.999703	0.999696	0.961249	0.996099	0.996136
1210	0.980994	0.999703	0.999696	0.961492	0.996099	0.996136
1220	0.981178	0.999851	0.999844	0.961699	0.996099	0.996136
1230	0.981434	0.999851	0.999844	0.962025	0.996099	0.996136
1240	0.981596	0.999851	0.999844	0.962221	0.996099	0.996136
1250	0.981727	0.999851	0.999844	0.962375	0.996099	0.996136
1260	0.981909	0.999851	0.999844	0.962582	0.996099	0.996136
1270	0.982047	0.999851	0.999844	0.962713	0.996099	0.996136
1280	0.982195	1.000000	1.000000	0.962834	0.996099	0.996136
1290	0.982323	1.000000	1.000000	0.962975	0.996099	0.996136
1300	0.982539	1.000000	1.000000	0.963215	0.996099	0.996136
1310	0.982719	1.000000	1.000000	0.963456	0.996099	0.996136
1320	0.982870	1.000000	1.000000	0.963696	0.996099	0.996136
1330	0.983047	1.000000	1.000000	0.963931	0.996099	0.996136
1340	0.983148	1.000000	1.000000	0.964042	0.996099	0.996136
1350	0.983284	1.000000	1.000000	0.964247	0.996099	0.996136
1360	0.983442	1.000000	1.000000	0.964445	0.996099	0.996136
1370	0.983577	1.000000	1.000000	0.964616	0.996099	0.996136
1380	0.983711	1.000000	1.000000	0.964770	0.996099	0.996136
1390	0.983831	1.000000	1.000000	0.964911	0.996099	0.996136
1400	0.983938	1.000000	1.000000	0.965046	0.996099	0.996136
1410	0.984050	1.000000	1.000000	0.965174	0.996099	0.996136
1420	0.984181	1.000000	1.000000	0.965355	0.996099	0.996136
1430	0.984313	1.000000	1.000000	0.965544	0.996099	0.996136
1440	0.984420	1.000000	1.000000	0.965683	0.996099	0.996136
1450	0.984547	1.000000	1.000000	0.965809	0.996099	0.996136
1460	0.984646	1.000000	1.000000	0.965917	0.996099	0.996136
1470	0.984730	1.000000	1.000000	0.966050	0.996099	0.996136
1480	0.984804	1.000000	1.000000	0.966165	0.996099	0.996136
1490	0.984892	1.000000	1.000000	0.966327	0.996099	0.996136
1500	0.984973	1.000000	1.000000	0.966450	0.996099	0.996136
1510	0.985085	1.000000	1.000000	0.966631	0.996099	0.996136
1520	0.985197	1.000000	1.000000	0.966733	0.996099	0.996136
1530	0.985327	1.000000	1.000000	0.966915	0.996099	0.996136
1540	0.985443	1.000000	1.000000	0.967081	0.996099	0.996136
1550	0.985543	1.000000	1.000000	0.967210	0.996099	0.996136
1560	0.985651	1.000000	1.000000	0.967369	0.996099	0.996136
1570	0.985735	1.000000	1.000000	0.967462	0.996099	0.996136
1580	0.985826	1.000000	1.000000	0.967578	0.996099	0.996136
1590	0.985936	1.000000	1.000000	0.967726	0.996099	0.996136
1600	0.986025	1.000000	1.000000	0.967890	0.996099	0.996136
1610	0.986114	1.000000	1.000000	0.968019	0.996099	0.996136
1620	0.986194	1.000000	1.000000	0.968125	0.996099	0.996136
1630	0.986300	1.000000	1.000000	0.968305	0.996099	0.996136
1640	0.986392	1.000000	1.000000	0.968445	0.996099	0.996136
1650	0.986496	1.000000	1.000000	0.968585	0.996099	0.996136
1660	0.986561	1.000000	1.000000	0.968676	0.996099	0.996136
1670	0.986623	1.000000	1.000000	0.968761	0.996099	0.996136
1680	0.986705	1.000000	1.000000	0.968845	0.996099	0.996136
1690	0.986806	1.000000	1.000000	0.969012	0.996099	0.996136
1700	0.986924	1.000000	1.000000	0.969151	0.996099	0.996136
1710	0.987005	1.000000	1.000000	0.969282	0.996099	0.996136
1720	0.987094	1.000000	1.000000	0.969414	0.996099	0.996136
1730	0.987189	1.000000	1.000000	0.969553	0.996099	0.996136
1740	0.987264	1.000000	1.000000	0.969690	0.996099	0.996136
1750	0.987333	1.000000	1.000000	0.969785	0.996099	0.996136
1760	0.987413	1.000000	1.000000	0.969935	0.996099	0.996136
1770	0.987479	1.000000	1.000000	0.970010	0.996099	0.996136
1780	0.987532	1.000000	1.000000	0.970093	0.996099	0.996136
1790	0.987601	1.000000	1.000000	0.970186	0.996099	0.996136
1800	0.987668	1.000000	1.000000	0.970270	0.996099	0.996136
1810	0.987723	1.000000	1.000000	0.970352	0.996099	0.996136
1820	0.987778	1.000000	1.000000	0.970453	0.996099	0.996136
1830	0.987846	1.000000	1.000000	0.970547	0.997399	0.997406
1840	0.987888	1.000000	1.000000	0.970624	0.997399	0.997406
1850	0.987940	1.000000	1.000000	0.970677	0.997399	0.997406
1860	0.987977	1.000000	1.000000	0.970703	0.997399	0.997406
1870	0.988036	1.000000	1.000000	0.970795	0.997399	0.997406
1880	0.988122	1.000000	1.000000	0.970895	0.997399	0.997406
1890	0.988171	1.000000	1.000000	0.970960	0.997399	0.997406
1900	0.988239	1.000000	1.000000	0.971042	0.997399	0.997406
1910	0.988295	1.000000	1.000000	0.971111	0.996099	0.996136
1920	0.988380	1.000000	1.000000	0.971212	0.996099	0.996216
1930	0.988459	1.000000	1.000000	0.971342	0.996099	0.996216
1940	0.988537	1.000000	1.000000	0.971417	0.996099	0.996216
1950	0.988606	1.000000	1.000000	0.971545	0.996099	0.996216
1960	0.988667	1.000000	1.000000	0.971632	0.996099	0.996216
1970	0.988721	1.000000	1.000000	0.971691	0.996099	0.996216
1980	0.988777	1.000000	1.000000	0.971759	0.996099	0.996216
1990	0.988844	1.000000	1.000000	0.971895	0.996099	0.996216
2000	0.988905	1.000000	1.000000	0.971970	0.996099	0.996216
2010	0.988959	1.000000	1.000000	0.972067	0.996099	0.996216
2020	0.989019	1.000000	1.000000	0.972156	0.996099	0.996216
2030	0.989069	1.000000	1.000000	0.972235	0.996099	0.996216
2040	0.989125	1.000000	1.000000	0.972324	0.996099	0.996216
2050	0.989180	1.000000	1.000000	0.972401	0.996099	0.996216
2060	0.989242	1.000000	1.000000	0.972496	0.996099	0.996216
2070	0.989303	1.000000	1.000000	0.972605	0.996099	0.996216
2080	0.989362	1.000000	1.000000	0.972682	0.996099	0.996216
2090	0.989429	1.000000	1.000000	0.972768	0.996099	0.996216
2100	0.989485	1.000000	1.000000	0.972856	0.996099	0.996216
2110	0.989532	1.000000	1.000000	0.972920	0.996099	0.996216
2120	0.989576	1.000000	1.000000	0.972960	0.996099	0.996216
2130	0.989627	1.000000	1.000000	0.973025	0.996099	0.996216
2140	0.989674	1.000000	1.000000	0.973109	0.996099	0.996216
2150	0.989713	1.000000	1.000000	0.973166	0.996099	0.996216
2160	0.989752	1.000000	1.000000	0.973261	0.997399	0.997406
2170	0.989790	1.000000	1.000000	0.973320	0.997399	0.997406
2180	0.989836	1.000000	1.000000	0.973397	0.997399	0.997406
2190	0.989902	1.000000	1.000000	0.973511	0.997399	0.997406
2200	0.989950	1.000000	1.000000	0.973588	0.997399	0.997406
2210	0.990007	1.000000	1.000000	0.973686	0.997399	0.997406
2220	0.990052	1.000000	1.000000	0.973752	0.997399	0.997406
2230	0.990110	1.000000	1.000000	0.973828	0.997399	0.997406
2240	0.990155	1.000000	1.000000	0.973905	0.997399	0.997406
2250	0.990209	1.000000	1.000000	0.973992	0.997399	0.997406
2260	0.990250	1.000000	1.000000	0.974072	0.996099	0.996216
2270	0.990287	1.000000	1.000000	0.974128	0.996099	0.996216
2280	0.990333	1.000000	1.000000	0.974192	0.996099	0.996216
2290	0.990390	1.000000	1.000000	0.974303	0.996099	0.996216
2300	0.990434	1.000000	1.000000	0.974371	0.996099	0.996216
2310	0.990474	1.000000	1.000000	0.974435	0.996099	0.996216
2320	0.990518	1.000000	1.000000	0.974498	0.996099	0.996216
2330	0.990573	1.000000	1.000000	0.974576	0.997399	0.997406
2340	0.990617	1.000000	1.000000	0.974648	0.997399	0.997406
2350	0.990649	1.000000	1.000000	0.974683	0.997399	0.997406
2360	0.990691	1.000000	1.000000	0.974723	0.996099	0.996216
2370	0.990710	1.000000	1.000000	0.974749	0.996099	0.996216
2380	0.990755	1.000000	1.000000	0.974816	0.996099	0.996216
2390	0.990797	1.000000	1.000000	0.974875	0.996099	0.996216
2400	0.990837	1.000000	1.000000	0.974926	0.996099	0.996216
2410	0.990876	1.000000	1.000000	0.974989	0.996099	0.996216
2420	0.990918	1.000000	1.000000	0.975057	0.996099	0.996216
2430	0.990952	1.000000	1.000000	0.975096	0.996099	0.996216
2440	0.990988	1.000000	1.000000	0.975167	0.996099	0.996216
2450	0.991030	1.000000	1.000000	0.975201	0.996099	0.996216
2460	0.991073	1.000000	1.000000	0.975263	0.996099	0.996216
2470	0.991116	1.000000	1.000000	0.975305	0.996099	0.996216
2480	0.991152	1.000000	1.000000	0.975362	0.996099	0.996216
2490	0.991188	1.000000	1.000000	0.975403	0.996099	0.996216
2500	0.991228	1.000000	1.000000	0.975475	0.996099	0.996216
2510	0.991270	1.000000	1.000000	0.975549	0.996099	0.996216
2520	0.991311	1.000000	1.000000	0.975630	0.996099	0.996216
2530	0.991350	1.000000	1.000000	0.975662	0.996099	0.996216
2540	0.991380	1.000000	1.000000	0.975721	0.996099	0.996216
2550	0.991402	1.000000	1.000000	0.975757	0.996099	0.996216
2560	0.991434	1.000000	1.000000	0.975811	0.996099	0.996216
2570	0.991470	1.000000	1.000000	0.975870	0.996099	0.996216
2580	0.991510	1.000000	1.000000	0.975942	0.996099	0.996216
2590	0.991540	1.000000	1.000000	0.975978	0.996099	0.996216
2600	0.991563	1.000000	1.000000	0.976025	0.996099	0.996216
2610	0.991594	1.000000	1.000000	0.976055	0.996099	0.996216
2620	0.991629	1.000000	1.000000	0.976096	0.996099	0.996216
2630	0.991664	1.000000	1.000000	0.976155	0.996099	0.996216
2640	0.991702	1.000000	1.000000	0.976214	0.996099	0.996216
2650	0.991745	1.000000	1.000000	0.976265	0.996099	0.996216
2660	0.991788	1.000000	1.000000	0.976326	0.996099	0.996216
2670	0.991824	1.000000	1.000000	0.976379	0.996099	0.996216
2680	0.991854	1.000000	1.000000	0.976415	0.996099	0.996216
2690	0.991883	1.000000	1.000000	0.976440	0.996099	0.996216
2700	0.991912	1.000000	1.000000	0.976474	0.996099	0.996216
2710	0.991946	1.000000	1.000000	0.976521	0.996099	0.996216
2720	0.991976	1.000000	1.000000	0.976558	0.996099	0.996216
2730	0.992000	1.000000	1.000000	0.976612	0.996099	0.996216
2740	0.992031	1.000000	1.000000	0.976657	0.996099	0.996216
2750	0.992067	1.000000	1.000000	0.976699	0.996099	0.996216
2760	0.992108	1.000000	1.000000	0.976764	0.996099	0.996216
2770	0.992138	1.000000	1.000000	0.976799	0.996099	0.996216
2780	0.992166	1.000000	1.000000	0.976837	0.996099	0.996216
2790	0.992199	1.000000	1.000000	0.976883	0.996099	0.996216
2800	0.992226	1.000000	1.000000	0.976924	0.996099	0.996216
2810	0.992248	1.000000	1.000000	0.976963	0.996099	0.996216
2820	0.992268	1.000000	1.000000	0.976998	0.996099	0.996216
2830	0.992285	1.000000	1.000000	0.977025	0.996099	0.996216
2840	0.992313	1.000000	1.000000	0.977054	0.996099	0.996216
2850	0.992342	1.000000	1.000000	0.977103	0.996099	0.996216
2860	0.992363	1.000000	1.000000	0.977153	0.996099	0.996216
2870	0.992408	1.000000	1.000000	0.977208	0.996099	0.996216
2880	0.992437	1.000000	1.000000	0.977270	0.996099	0.996216
2890	0.992459	1.000000	1.000000	0.977307	0.996099	0.996216
2900	0.992483	1.000000	1.000000	0.977349	0.996099	0.996216
2910	0.992511	1.000000	1.000000	0.977400	0.997399	0.997551
2920	0.992539	1.000000	1.000000	0.977447	0.997399	0.997551
2930	0.992567	1.000000	1.000000	0.977497	0.997399	0.997551
2940	0.992594	1.000000	1.000000	0.977540	0.997399	0.997551
2950	0.992624	1.000000	1.000000	0.977588	0.997399	0.997551
2960	0.992648	1.000000	1.000000	0.977624	0.997399	0.997551
2970	0.992673	1.000000	1.000000	0.977657	0.997399	0.997551
2980	0.992704	1.000000	1.000000	0.977708	0.997399	0.997551
2990	0.992725	1.000000	1.000000	0.977739	0.997399	0.997551
3000	0.992747	1.000000	1.000000	0.977778	0.997399	0.997551
3010	0.992774	1.000000	1.000000	0.977808	0.997399	0.997551
3020	0.992811	1.000000	1.000000	0.977861	0.997399	0.997551
3030	0.992840	1.000000	1.000000	0.977897	0.997399	0.997551
3040	0.992856	1.000000	1.000000	0.977926	0.997399	0.997551
3050	0.992872	1.000000	1.000000	0.977969	0.997399	0.997551
3060	0.992891	1.000000	1.000000	0.977993	0.997399	0.997551
3070	0.992911	1.000000	1.000000	0.978051	0.997399	0.997551
3080	0.992931	1.000000	1.000000	0.978086	0.997399	0.997551
3090	0.992951	1.000000	1.000000	0.978113	0.997399	0.997551
3100	0.992977	1.000000	1.000000	0.978160	0.997399	0.997551
3110	0.993010	1.000000	1.000000	0.978212	0.997399	0.997551
3120	0.993046	1.000000	1.000000	0.978256	0.997399	0.997551
3130	0.993076	1.000000	1.000000	0.978314	0.997399	0.997551
3140	0.993113	1.000000	1.000000	0.978380	0.997399	0.997551
3150	0.993142	1.000000	1.000000	0.978413	0.997399	0.997551
3160	0.993162	1.000000	1.000000	0.978467	0.997399	0.997551
3170	0.993192	1.000000	1.000000	0.978532	0.997399	0.997551
3180	0.993219	1.000000	1.000000	0.978571	0.997399	0.997551
3190	0.993245	1.000000	1.000000	0.978626	0.997399	0.997551
3200	0.993264	1.000000	1.000000	0.978649	0.997399	0.997551
3210	0.993285	1.000000	1.000000	0.978684	0.997399	0.997551
3220	0.993310	1.000000	1.000000	0.978733	0.997399	0.997551
3230	0.993340	1.000000	1.000000	0.978784	0.997399	0.997551
3240	0.993365	1.000000	1.000000	0.978811	0.997399	0.997551
3250	0.993393	1.000000	1.000000	0.978845	0.997399	0.997551
3260	0.993413	1.000000	1.000000	0.978887	0.997399	0.997551
3270	0.993435	1.000000	1.000000	0.978921	0.997399	0.997551
3280	0.993455	1.000000	1.000000	0.978963	0.997399	0.997551
3290	0.993474	1.000000	1.000000	0.979013	0.998700	0.998741
3300	0.993500	1.000000	1.000000	0.979044	0.998700	0.998741
3310	0.993516	1.000000	1.000000	0.979075	0.998700	0.998741
3320	0.993537	1.000000	1.000000	0.979129	0.998700	0.998741
3330	0.993551	1.000000	1.000000	0.979161	0.998700	0.998741
3340	0.993565	1.000000	1.000000	0.979190	0.998700	0.998741
3350	0.993575	1.000000	1.000000	0.979193	0.998700	0.998741
3360	0.993588	1.000000	1.000000	0.979220	0.998700	0.998741
3370	0.993607	1.000000	1.000000	0.979229	0.998700	0.998741
3380	0.993631	1.000000	1.000000	0.979281	0.998700	0.998741
3390	0.993648	1.000000	1.000000	0.979309	0.998700	0.998741
3400	0.993671	1.000000	1.000000	0.979343	0.998700	0.998741
3410	0.993700	1.000000	1.000000	0.979376	0.998700	0.998741
3420	0.993718	1.000000	1.000000	0.979403	0.998700	0.998741
3430	0.993741	1.000000	1.000000	0.979429	0.998700	0.998741
3440	0.993762	1.000000	1.000000	0.979482	0.998700	0.998741
3450	0.993781	1.000000	1.000000	0.979516	0.998700	0.998741
3460	0.993801	1.000000	1.000000	0.979550	0.998700	0.998741
3470	0.993820	1.000000	1.000000	0.979571	0.998700	0.998741
3480	0.993841	1.000000	1.000000	0.979604	0.998700	0.998741
3490	0.993868	1.000000	1.000000	0.979678	0.998700	0.998741
3500	0.993888	1.000000	1.000000	0.979705	0.998700	0.998741
3510	0.993916	1.000000	1.000000	0.979753	0.998700	0.998741
3520	0.993930	1.000000	1.000000	0.979793	0.998700	0.998741
3530	0.993945	1.000000	1.000000	0.979813	0.998700	0.998741
3540	0.993962	1.000000	1.000000	0.979848	0.998700	0.998741
3550	0.993983	1.000000	1.000000	0.979862	0.998700	0.998741
3560	0.994000	1.000000	1.000000	0.979883	0.998700	0.998741
3570	0.994014	1.000000	1.000000	0.979909	0.998700	0.998741
3580	0.994032	1.000000	1.000000	0.979946	0.998700	0.998741
3590	0.994047	1.000000	1.000000	0.979955	0.998700	0.998741
3600	0.994064	1.000000	1.000000	0.979976	0.998700	0.998741
3610	0.994080	1.000000	1.000000	0.980010	0.998700	0.998741
3620	0.994092	1.000000	1.000000	0.980032	0.998700	0.998741
3630	0.994106	1.000000	1.000000	0.980066	0.998700	0.998741
3640	0.994121	1.000000	1.000000	0.980087	0.998700	0.998741
3650	0.994134	1.000000	1.000000	0.980127	0.998700	0.998741
3660	0.994147	1.000000	1.000000	0.980148	0.998700	0.998741
3670	0.994166	1.000000	1.000000	0.980190	0.998700	0.998741
3680	0.994186	1.000000	1.000000	0.980231	0.998700	0.998741
3690	0.994208	1.000000	1.000000	0.980246	0.998700	0.998741
3700	0.994231	1.000000	1.000000	0.980289	0.998700	0.998741
3710	0.994255	1.000000	1.000000	0.980342	0.998700	0.998741
3720	0.994275	1.000000	1.000000	0.980370	0.998700	0.998741
3730	0.994290	1.000000	1.000000	0.980399	0.998700	0.998741
3740	0.994302	1.000000	1.000000	0.980416	0.998700	0.998741
3750	0.994318	1.000000	1.000000	0.980449	0.998700	0.998741
3760	0.994333	1.000000	1.000000	0.980483	0.998700	0.998741
3770	0.994351	1.000000	1.000000	0.980514	0.998700	0.998741
3780	0.994368	1.000000	1.000000	0.980544	0.998700	0.998741
3790	0.994385	1.000000	1.000000	0.980568	0.998700	0.998741
3800	0.994403	1.000000	1.000000	0.980586	0.998700	0.998741
3810	0.994422	1.000000	1.000000	0.980610	0.998700	0.998741
3820	0.994445	1.000000	1.000000	0.980617	0.998700	0.998741
3830	0.994461	1.000000	1.000000	0.980648	0.998700	0.998741
3840	0.994472	1.000000	1.000000	0.980671	0.998700	0.998741
3850	0.994485	1.000000	1.000000	0.980701	0.998700	0.998741
3860	0.994497	1.000000	1.000000	0.980716	0.998700	0.998741
3870	0.994511	1.000000	1.000000	0.980744	0.998700	0.998741
3880	0.994526	1.000000	1.000000	0.980763	0.998700	0.998741
3890	0.994543	1.000000	1.000000	0.980794	0.998700	0.998741
3900	0.994554	1.000000	1.000000	0.980825	0.998700	0.998741
3910	0.994568	1.000000	1.000000	0.980854	0.998700	0.998741
3920	0.994584	1.000000	1.000000	0.980883	0.998700	0.998741
3930	0.994599	1.000000	1.000000	0.980902	0.998700	0.998741
3940	0.994619	1.000000	1.000000	0.980924	0.998700	0.998741
3950	0.994639	1.000000	1.000000	0.980954	0.998700	0.998741
3960	0.994651	1.000000	1.000000	0.980968	0.998700	0.998741
3970	0.994665	1.000000	1.000000	0.980990	0.998700	0.998741
3980	0.994676	1.000000	1.000000	0.981005	0.998700	0.998741
3990	0.994692	1.000000	1.000000	0.981026	0.998700	0.998741
4000	0.994707	1.000000	1.000000	0.981044	0.998700	0.998741
