10	0.335406	0.848723	0.805818	0.328294	0.827177	0.791837
20	0.513190	0.874406	0.828186	0.490130	0.849604	0.809844
30	0.575222	0.886728	0.839103	0.544412	0.857520	0.817188
40	0.628899	0.892963	0.844162	0.596459	0.872032	0.832036
50	0.666760	0.950564	0.950811	0.632259	0.934037	0.936646
60	0.708057	0.976247	0.976272	0.672769	0.961741	0.961951
70	0.738285	0.984857	0.984915	0.701704	0.970976	0.970262
80	0.757516	0.986045	0.986092	0.720097	0.973615	0.972686
90	0.778512	0.987827	0.987889	0.740977	0.977573	0.977124
100	0.796940	0.989905	0.989962	0.758711	0.977573	0.977124
110	0.811522	0.990647	0.990702	0.773787	0.981530	0.980965
120	0.826416	0.992577	0.992628	0.788413	0.981530	0.980965
130	0.839258	0.993171	0.993206	0.801895	0.981530	0.980965
140	0.850207	0.994062	0.994067	0.812930	0.981530	0.980965
150	0.861324	0.995101	0.995125	0.824196	0.981530	0.980965
160	0.869220	0.995992	0.996005	0.832505	0.984169	0.983572
170	0.877983	0.996289	0.996295	0.842437	0.985488	0.984911
180	0.885085	0.996734	0.996734	0.849027	0.985488	0.984911
190	0.890190	0.996882	0.996882	0.853956	0.985488	0.984901
200	0.895908	0.997031	0.997025	0.860190	0.984169	0.983569
210	0.900476	0.996882	0.996888	0.865120	0.985488	0.984901
220	0.904955	0.997031	0.997036	0.869307	0.984169	0.983569
230	0.908599	0.997328	0.997321	0.872728	0.984169	0.983569
240	0.912533	0.997625	0.997614	0.878355	0.985488	0.984869
250	0.916095	0.998070	0.998066	0.881914	0.988127	0.987837
260	0.919153	0.998219	0.998222	0.885262	0.986807	0.986506
270	0.921371	0.998367	0.998365	0.887743	0.988127	0.987837
280	0.923983	0.998367	0.998365	0.890841	0.989446	0.989054
290	0.926722	0.998367	0.998365	0.893558	0.989446	0.989054
300	0.929479	0.998367	0.998365	0.896468	0.990765	0.990288
310	0.932110	0.998367	0.998365	0.899315	0.990765	0.990288
320	0.934216	0.998367	0.998365	0.901508	0.990765	0.990288
330	0.935959	0.998515	0.998511	0.903425	0.990765	0.990288
340	0.937511	0.998515	0.998511	0.904822	0.990765	0.990288
350	0.939287	0.998515	0.998511	0.906774	0.990765	0.990288
360	0.940937	0.998515	0.998511	0.908451	0.990765	0.990288
370	0.942518	0.998515	0.998511	0.910617	0.992084	0.991537
380	0.944181	0.998515	0.998511	0.912609	0.992084	0.991537
390	0.945349	0.998515	0.998511	0.913798	0.992084	0.991537
400	0.946566	0.998515	0.998511	0.915000	0.992084	0.991537
410	0.947937	0.998515	0.998511	0.916823	0.992084	0.991537
420	0.948847	0.998515	0.998511	0.917817	0.992084	0.991537
430	0.949942	0.998515	0.998511	0.918970	0.992084	0.991537
440	0.950954	0.998812	0.998807	0.920071	0.992084	0.991537
450	0.951774	0.998812	0.998807	0.920803	0.992084	0.991537
460	0.952889	0.998812	0.998807	0.922080	0.992084	0.991537
470	0.953738	0.998812	0.998807	0.923154	0.992084	0.991537
480	0.954546	0.998812	0.998807	0.924040	0.992084	0.991537
490	0.955129	0.998812	0.998807	0.924562	0.992084	0.991537
500	0.956053	0.998961	0.998957	0.925452	0.992084	0.991537
510	0.956782	0.998961	0.998957	0.926371	0.992084	0.991537
520	0.957445	0.999109	0.999105	0.927039	0.992084	0.991537
530	0.958117	0.999109	0.999105	0.927913	0.992084	0.991537
540	0.958843	0.999109	0.999105	0.928599	0.992084	0.991537
550	0.959224	0.999109	0.999105	0.928980	0.992084	0.991537
560	0.959848	0.999109	0.999105	0.929756	0.992084	0.991537
570	0.960373	0.999109	0.999105	0.930317	0.992084	0.991537
580	0.960916	0.999109	0.999105	0.930843	0.992084	0.991537
590	0.961546	0.999109	0.999105	0.931510	0.992084	0.991537
600	0.962082	0.999258	0.999248	0.932100	0.992084	0.991537
610	0.962587	0.999258	0.999248	0.932626	0.992084	0.991537
620	0.962970	0.999258	0.999248	0.933081	0.992084	0.991537
630	0.963402	0.999258	0.999248	0.933527	0.992084	0.991537
640	0.964080	0.999258	0.999248	0.934204	0.992084	0.991537
650	0.964508	0.999258	0.999248	0.934592	0.992084	0.991537
660	0.964943	0.999258	0.999248	0.935164	0.992084	0.991537
670	0.965384	0.999258	0.999248	0.935627	0.992084	0.991537
680	0.965922	0.999258	0.999248	0.936155	0.992084	0.991537
690	0.966371	0.999258	0.999248	0.936620	0.992084	0.991537
700	0.966765	0.999258	0.999248	0.937031	0.992084	0.991537
710	0.967004	0.999258	0.999248	0.937240	0.992084	0.991537
720	0.967445	0.999258	0.999248	0.937705	0.992084	0.991537
730	0.967767	0.999258	0.999248	0.937979	0.992084	0.991537
740	0.968139	0.999258	0.999248	0.938430	0.992084	0.991537
750	0.968592	0.999258	0.999248	0.938972	0.992084	0.991537
760	0.968990	0.999258	0.999248	0.939387	0.992084	0.991537
770	0.969314	0.999258	0.999248	0.939756	0.992084	0.991537
780	0.969700	0.999258	0.999248	0.940063	0.992084	0.991537
790	0.970048	0.999406	0.999398	0.940542	0.992084	0.991537
800	0.970227	0.999406	0.999398	0.940630	0.992084	0.991537
810	0.970525	0.999406	0.999398	0.940948	0.992084	0.991537
820	0.970773	0.999406	0.999398	0.941247	0.992084	0.991537
830	0.970985	0.999406	0.999398	0.941406	0.992084	0.991537
840	0.971281	0.999406	0.999398	0.941695	0.992084	0.991537
850	0.971615	0.999406	0.999398	0.942044	0.992084	0.991537
860	0.972076	0.999406	0.999398	0.942508	0.992084	0.991537
870	0.972420	0.999555	0.999548	0.942862	0.992084	0.991537
880	0.972762	0.999555	0.999548	0.943254	0.992084	0.991537
890	0.973078	0.999555	0.999548	0.943728	0.992084	0.991537
900	0.973408	0.999555	0.999548	0.944088	0.992084	0.991537
910	0.973679	0.999555	0.999548	0.944551	0.992084	0.991537
920	0.973880	0.999555	0.999548	0.944737	0.992084	0.991537
930	0.974119	0.999555	0.999548	0.945007	0.992084	0.991537
940	0.974455	0.999555	0.999548	0.945327	0.992084	0.991537
950	0.974789	0.999555	0.999548	0.945678	0.992084	0.991537
960	0.975133	0.999555	0.999548	0.946170	0.992084	0.991537
970	0.975342	0.999555	0.999548	0.946340	0.992084	0.991537
980	0.975575	0.999555	0.999548	0.946597	0.992084	0.991537
990	0.975883	0.999555	0.999548	0.946948	0.992084	0.991537
1000	0.976165	0.999555	0.999548	0.947285	0.992084	0.991537
1010	0.976435	0.999555	0.999548	0.947546	0.992084	0.991537
1020	0.976726	0.999703	0.999698	0.947994	0.992084	0.991537
1030	0.976924	0.999703	0.999698	0.948172	0.992084	0.991537
1040	0.977131	0.999703	0.999698	0.948494	0.992084	0.991537
1050	0.977384	0.999703	0.999698	0.948806	0.992084	0.991537
1060	0.977628	0.999703	0.999698	0.949037	0.992084	0.991537
1070	0.977866	0.999703	0.999698	0.949287	0.992084	0.991537
1080	0.978086	0.999703	0.999698	0.949589	0.992084	0.991537
1090	0.978329	0.999703	0.999698	0.949749	0.992084	0.991537
1100	0.978533	0.999703	0.999698	0.949922	0.992084	0.991537
1110	0.978711	0.999703	0.999698	0.950076	0.992084	0.991537
1120	0.978946	0.999703	0.999698	0.950247	0.992084	0.991537
1130	0.979219	0.999703	0.999698	0.950485	0.992084	0.991537
1140	0.979442	0.999703	0.999698	0.950875	0.992084	0.991537
1150	0.979624	0.999703	0.999698	0.951034	0.992084	0.991537
1160	0.979795	0.999703	0.999698	0.951223	0.992084	0.991537
1170	0.979992	0.999703	0.999698	0.951392	0.992084	0.991537
1180	0.980193	0.999703	0.999698	0.951665	0.992084	0.991537
1190	0.980376	0.999703	0.999698	0.951850	0.992084	0.991537
1200	0.980638	0.999703	0.999698	0.952145	0.992084	0.991537
1210	0.980799	0.999703	0.999698	0.952407	0.992084	0.991537
1220	0.980920	0.999703	0.999698	0.952528	0.992084	0.991537
1230	0.981055	0.999703	0.999698	0.952688	0.992084	0.991537
1240	0.981228	0.999703	0.999698	0.952927	0.992084	0.991537
1250	0.981375	0.999703	0.999698	0.953105	0.992084	0.991537
1260	0.981497	0.999703	0.999698	0.953228	0.992084	0.991537
1270	0.981636	0.999852	0.999844	0.953377	0.992084	0.991537
1280	0.981882	1.000000	1.000000	0.953682	0.992084	0.991537
1290	0.982058	1.000000	1.000000	0.953854	0.992084	0.991537
1300	0.982216	1.000000	1.000000	0.954050	0.992084	0.991537
1310	0.982394	1.000000	1.000000	0.954216	0.992084	0.991537
1320	0.982636	1.000000	1.000000	0.954657	0.992084	0.991537
1330	0.982855	1.000000	1.000000	0.955060	0.992084	0.991537
1340	0.983030	1.000000	1.000000	0.955228	0.992084	0.991537
1350	0.983172	1.000000	1.000000	0.955397	0.992084	0.991537
1360	0.983306	1.000000	1.000000	0.955503	0.992084	0.991537
1370	0.983491	1.000000	1.000000	0.955718	0.992084	0.991537
1380	0.983609	1.000000	1.000000	0.955835	0.992084	0.991537
1390	0.983723	1.000000	1.000000	0.956021	0.992084	0.991537
1400	0.983823	1.000000	1.000000	0.956111	0.990765	0.989938
1410	0.983947	1.000000	1.000000	0.956211	0.990765	0.989938
1420	0.984065	1.000000	1.000000	0.956321	0.990765	0.989938
1430	0.984209	1.000000	1.000000	0.956632	0.990765	0.989938
1440	0.984328	1.000000	1.000000	0.956759	0.990765	0.989938
1450	0.984466	1.000000	1.000000	0.956915	0.990765	0.989938
1460	0.984567	1.000000	1.000000	0.957042	0.990765	0.989938
1470	0.984679	1.000000	1.000000	0.957203	0.990765	0.989938
1480	0.984791	1.000000	1.000000	0.957317	0.990765	0.989938
1490	0.984920	1.000000	1.000000	0.957444	0.990765	0.989938
1500	0.985049	1.000000	1.000000	0.957592	0.990765	0.989938
1510	0.985149	1.000000	1.000000	0.957779	0.990765	0.989938
1520	0.985300	1.000000	1.000000	0.957925	0.990765	0.989938
1530	0.985403	1.000000	1.000000	0.958149	0.990765	0.989938
1540	0.985518	1.000000	1.000000	0.958285	0.990765	0.989938
1550	0.985621	1.000000	1.000000	0.958418	0.990765	0.989938
1560	0.985699	1.000000	1.000000	0.958502	0.990765	0.989938
1570	0.985787	1.000000	1.000000	0.958592	0.990765	0.989938
1580	0.985877	1.000000	1.000000	0.958681	0.990765	0.989938
1590	0.985966	1.000000	1.000000	0.958805	0.990765	0.989938
1600	0.986093	1.000000	1.000000	0.958927	0.990765	0.989938
1610	0.986199	1.000000	1.000000	0.959074	0.990765	0.989938
1620	0.986279	1.000000	1.000000	0.959177	0.990765	0.989938
1630	0.986378	1.000000	1.000000	0.959291	0.990765	0.989938
1640	0.986469	1.000000	1.000000	0.959432	0.990765	0.989938
1650	0.986532	1.000000	1.000000	0.959510	0.990765	0.989938
1660	0.986612	1.000000	1.000000	0.959599	0.990765	0.989938
1670	0.986699	1.000000	1.000000	0.959734	0.990765	0.989938
1680	0.986788	1.000000	1.000000	0.959890	0.990765	0.989938
1690	0.986841	1.000000	1.000000	0.959955	0.990765	0.989938
1700	0.986905	1.000000	1.000000	0.960055	0.990765	0.989938
1710	0.986972	1.000000	1.000000	0.960097	0.990765	0.989938
1720	0.987049	1.000000	1.000000	0.960210	0.990765	0.989938
1730	0.987095	1.000000	1.000000	0.960275	0.990765	0.989938
1740	0.987197	1.000000	1.000000	0.960398	0.990765	0.989938
1750	0.987274	1.000000	1.000000	0.960499	0.990765	0.989938
1760	0.987328	1.000000	1.000000	0.960566	0.990765	0.989938
1770	0.987417	1.000000	1.000000	0.960678	0.990765	0.989938
1780	0.987477	1.000000	1.000000	0.960779	0.990765	0.989938
1790	0.987570	1.000000	1.000000	0.960908	0.990765	0.989938
1800	0.987626	1.000000	1.000000	0.960963	0.990765	0.989938
1810	0.987687	1.000000	1.000000	0.961001	0.990765	0.989938
1820	0.987763	1.000000	1.000000	0.961075	0.990765	0.989938
1830	0.987830	1.000000	1.000000	0.961132	0.990765	0.989938
1840	0.987895	1.000000	1.000000	0.961214	0.990765	0.989938
1850	0.987968	1.000000	1.000000	0.961283	0.990765	0.989938
1860	0.988058	1.000000	1.000000	0.961409	0.990765	0.989938
1870	0.988129	1.000000	1.000000	0.961458	0.990765	0.989938
1880	0.988199	1.000000	1.000000	0.961540	0.990765	0.989938
1890	0.988249	1.000000	1.000000	0.961594	0.990765	0.989938
1900	0.988326	1.000000	1.000000	0.961634	0.990765	0.989938
1910	0.988381	1.000000	1.000000	0.961713	0.990765	0.989938
1920	0.988459	1.000000	1.000000	0.961836	0.990765	0.989938
1930	0.988558	1.000000	1.000000	0.961917	0.990765	0.989938
1940	0.988628	1.000000	1.000000	0.961985	0.990765	0.989938
1950	0.988684	1.000000	1.000000	0.962052	0.990765	0.989938
1960	0.988722	1.000000	1.000000	0.962124	0.990765	0.989938
1970	0.988759	1.000000	1.000000	0.962164	0.990765	0.989938
1980	0.988809	1.000000	1.000000	0.962220	0.990765	0.989938
1990	0.988870	1.000000	1.000000	0.962357	0.990765	0.989938
2000	0.988914	1.000000	1.000000	0.962426	0.990765	0.989938
2010	0.988957	1.000000	1.000000	0.962489	0.990765	0.989938
2020	0.989005	1.000000	1.000000	0.962543	0.990765	0.989938
2030	0.989051	1.000000	1.000000	0.962581	0.990765	0.989938
2040	0.989105	1.000000	1.000000	0.962636	0.990765	0.989938
2050	0.989156	1.000000	1.000000	0.962705	0.990765	0.989938
2060	0.989207	1.000000	1.000000	0.962757	0.990765	0.989938
2070	0.989259	1.000000	1.000000	0.962814	0.990765	0.989938
2080	0.989297	1.000000	1.000000	0.962877	0.990765	0.989938
2090	0.989353	1.000000	1.000000	0.962932	0.990765	0.989938
2100	0.989423	1.000000	1.000000	0.963016	0.992084	0.991495
2110	0.989465	1.000000	1.000000	0.963002	0.992084	0.991495
2120	0.989498	1.000000	1.000000	0.963039	0.990765	0.989938
2130	0.989552	1.000000	1.000000	0.963121	0.992084	0.991495
2140	0.989616	1.000000	1.000000	0.963191	0.992084	0.991495
2150	0.989676	1.000000	1.000000	0.963263	0.992084	0.991495
2160	0.989712	1.000000	1.000000	0.963309	0.992084	0.991495
2170	0.989764	1.000000	1.000000	0.963356	0.992084	0.991495
2180	0.989815	1.000000	1.000000	0.963454	0.992084	0.991495
2190	0.989873	1.000000	1.000000	0.963514	0.990765	0.989938
2200	0.989918	1.000000	1.000000	0.963558	0.990765	0.989938
2210	0.989966	1.000000	1.000000	0.963623	0.990765	0.989938
2220	0.990025	1.000000	1.000000	0.963752	0.990765	0.989938
2230	0.990061	1.000000	1.000000	0.963796	0.990765	0.989938
2240	0.990099	1.000000	1.000000	0.963844	0.990765	0.989938
2250	0.990147	1.000000	1.000000	0.963922	0.990765	0.989938
2260	0.990186	1.000000	1.000000	0.963974	0.990765	0.989938
2270	0.990226	1.000000	1.000000	0.964063	0.992084	0.991495
2280	0.990266	1.000000	1.000000	0.964100	0.992084	0.991495
2290	0.990307	1.000000	1.000000	0.964126	0.992084	0.991495
2300	0.990370	1.000000	1.000000	0.964215	0.992084	0.991495
2310	0.990432	1.000000	1.000000	0.964274	0.992084	0.991495
2320	0.990478	1.000000	1.000000	0.964324	0.992084	0.991495
2330	0.990522	1.000000	1.000000	0.964400	0.992084	0.991495
2340	0.990573	1.000000	1.000000	0.964475	0.992084	0.991495
2350	0.990614	1.000000	1.000000	0.964539	0.992084	0.991495
2360	0.990656	1.000000	1.000000	0.964582	0.992084	0.991495
2370	0.990703	1.000000	1.000000	0.964635	0.992084	0.991495
2380	0.990751	1.000000	1.000000	0.964687	0.992084	0.991495
2390	0.990788	1.000000	1.000000	0.964719	0.992084	0.991495
2400	0.990842	1.000000	1.000000	0.964816	0.992084	0.991495
2410	0.990879	1.000000	1.000000	0.964834	0.992084	0.991495
2420	0.990915	1.000000	1.000000	0.964884	0.992084	0.991495
2430	0.990947	1.000000	1.000000	0.964905	0.992084	0.991495
2440	0.990983	1.000000	1.000000	0.964968	0.992084	0.991495
2450	0.991029	1.000000	1.000000	0.965016	0.992084	0.991495
2460	0.991068	1.000000	1.000000	0.965058	0.992084	0.991495
2470	0.991097	1.000000	1.000000	0.965076	0.992084	0.991495
2480	0.991132	1.000000	1.000000	0.965136	0.992084	0.991495
2490	0.991169	1.000000	1.000000	0.965168	0.992084	0.991495
2500	0.991199	1.000000	1.000000	0.965228	0.992084	0.991495
2510	0.991237	1.000000	1.000000	0.965268	0.992084	0.991495
2520	0.991280	1.000000	1.000000	0.965329	0.992084	0.991495
2530	0.991312	1.000000	1.000000	0.965325	0.992084	0.991495
2540	0.991352	1.000000	1.000000	0.965371	0.992084	0.991495
2550	0.991389	1.000000	1.000000	0.965431	0.992084	0.991495
2560	0.991426	1.000000	1.000000	0.965478	0.992084	0.991495
2570	0.991463	1.000000	1.000000	0.965566	0.992084	0.991495
2580	0.991506	1.000000	1.000000	0.965626	0.992084	0.991495
2590	0.991540	1.000000	1.000000	0.965663	0.992084	0.991495
2600	0.991572	1.000000	1.000000	0.965711	0.992084	0.991495
2610	0.991601	1.000000	1.000000	0.965760	0.992084	0.991495
2620	0.991640	1.000000	1.000000	0.965821	0.992084	0.991495
2630	0.991674	1.000000	1.000000	0.965864	0.992084	0.991495
2640	0.991715	1.000000	1.000000	0.965943	0.992084	0.991495
2650	0.991752	1.000000	1.000000	0.965995	0.992084	0.991495
2660	0.991792	1.000000	1.000000	0.966048	0.992084	0.991495
2670	0.991837	1.000000	1.000000	0.966127	0.992084	0.991495
2680	0.991879	1.000000	1.000000	0.966139	0.992084	0.991495
2690	0.991915	1.000000	1.000000	0.966181	0.992084	0.991495
2700	0.991936	1.000000	1.000000	0.966208	0.992084	0.991495
2710	0.991961	1.000000	1.000000	0.966229	0.992084	0.991495
2720	0.991988	1.000000	1.000000	0.966266	0.992084	0.991495
2730	0.992016	1.000000	1.000000	0.966294	0.992084	0.991495
2740	0.992038	1.000000	1.000000	0.966347	0.992084	0.991495
2750	0.992060	1.000000	1.000000	0.966386	0.992084	0.991495
2760	0.992088	1.000000	1.000000	0.966422	0.992084	0.991495
2770	0.992116	1.000000	1.000000	0.966469	0.992084	0.991495
2780	0.992145	1.000000	1.000000	0.966503	0.992084	0.991495
2790	0.992169	1.000000	1.000000	0.966538	0.992084	0.991495
2800	0.992201	1.000000	1.000000	0.966560	0.992084	0.991495
2810	0.992228	1.000000	1.000000	0.966613	0.992084	0.991495
2820	0.992253	1.000000	1.000000	0.966646	0.992084	0.991495
2830	0.992285	1.000000	1.000000	0.966718	0.992084	0.991495
2840	0.992306	1.000000	1.000000	0.966727	0.992084	0.991495
2850	0.992326	1.000000	1.000000	0.966751	0.992084	0.991495
2860	0.992349	1.000000	1.000000	0.966769	0.992084	0.991495
2870	0.992380	1.000000	1.000000	0.966802	0.992084	0.991495
2880	0.992414	1.000000	1.000000	0.966829	0.992084	0.991495
2890	0.992453	1.000000	1.000000	0.966910	0.992084	0.991495
2900	0.992478	1.000000	1.000000	0.966934	0.992084	0.991495
2910	0.992511	1.000000	1.000000	0.966967	0.992084	0.991495
2920	0.992542	1.000000	1.000000	0.967009	0.992084	0.991495
2930	0.992574	1.000000	1.000000	0.967061	0.992084	0.991495
2940	0.992597	1.000000	1.000000	0.967102	0.992084	0.991495
2950	0.992626	1.000000	1.000000	0.967151	0.992084	0.991495
2960	0.992654	1.000000	1.000000	0.967188	0.992084	0.991495
2970	0.992681	1.000000	1.000000	0.967219	0.992084	0.991495
2980	0.992703	1.000000	1.000000	0.967253	0.992084	0.991495
2990	0.992725	1.000000	1.000000	0.967285	0.992084	0.991495
3000	0.992755	1.000000	1.000000	0.967360	0.992084	0.991495
3010	0.992795	1.000000	1.000000	0.967430	0.992084	0.991495
3020	0.992822	1.000000	1.000000	0.967461	0.992084	0.991495
3030	0.992852	1.000000	1.000000	0.967542	0.992084	0.991495
3040	0.992885	1.000000	1.000000	0.967559	0.992084	0.991495
3050	0.992911	1.000000	1.000000	0.967584	0.992084	0.991495
3060	0.992939	1.000000	1.000000	0.967620	0.992084	0.991495
3070	0.992967	1.000000	1.000000	0.967658	0.992084	0.991495
3080	0.992986	1.000000	1.000000	0.967681	0.992084	0.991495
3090	0.993009	1.000000	1.000000	0.967731	0.992084	0.991495
3100	0.993031	1.000000	1.000000	0.967788	0.992084	0.991495
3110	0.993058	1.000000	1.000000	0.967812	0.992084	0.991495
3120	0.993089	1.000000	1.000000	0.967829	0.992084	0.991495
3130	0.993112	1.000000	1.000000	0.967856	0.992084	0.991495
3140	0.993135	1.000000	1.000000	0.967873	0.992084	0.991495
3150	0.993152	1.000000	1.000000	0.967886	0.992084	0.991495
3160	0.993178	1.000000	1.000000	0.967914	0.992084	0.991495
3170	0.993203	1.000000	1.000000	0.967971	0.992084	0.991495
3180	0.993225	1.000000	1.000000	0.967981	0.992084	0.991495
3190	0.993251	1.000000	1.000000	0.968008	0.992084	0.991495
3200	0.993272	1.000000	1.000000	0.968044	0.992084	0.991495
3210	0.993293	1.000000	1.000000	0.968063	0.992084	0.991495
3220	0.993323	1.000000	1.000000	0.968094	0.992084	0.991495
3230	0.993343	1.000000	1.000000	0.968112	0.992084	0.991495
3240	0.993363	1.000000	1.000000	0.968130	0.992084	0.991495
3250	0.993387	1.000000	1.000000	0.968156	0.992084	0.991495
3260	0.993407	1.000000	1.000000	0.968184	0.992084	0.991495
3270	0.993425	1.000000	1.000000	0.968194	0.992084	0.991495
3280	0.993444	1.000000	1.000000	0.968237	0.992084	0.991495
3290	0.993460	1.000000	1.000000	0.968256	0.992084	0.991495
3300	0.993481	1.000000	1.000000	0.968281	0.992084	0.991495
3310	0.993500	1.000000	1.000000	0.968305	0.992084	0.991495
3320	0.993523	1.000000	1.000000	0.968374	0.992084	0.991495
3330	0.993544	1.000000	1.000000	0.968392	0.992084	0.991495
3340	0.993565	1.000000	1.000000	0.968415	0.992084	0.991495
3350	0.993587	1.000000	1.000000	0.968472	0.992084	0.991495
3360	0.993606	1.000000	1.000000	0.968532	0.992084	0.991495
3370	0.993626	1.000000	1.000000	0.968570	0.992084	0.991495
3380	0.993641	1.000000	1.000000	0.968595	0.992084	0.991495
3390	0.993657	1.000000	1.000000	0.968612	0.992084	0.991495
3400	0.993675	1.000000	1.000000	0.968640	0.992084	0.991495
3410	0.993695	1.000000	1.000000	0.968667	0.992084	0.991495
3420	0.993715	1.000000	1.000000	0.968697	0.992084	0.991495
3430	0.993729	1.000000	1.000000	0.968755	0.992084	0.991495
3440	0.993744	1.000000	1.000000	0.968776	0.992084	0.991495
3450	0.993758	1.000000	1.000000	0.968794	0.992084	0.991495
3460	0.993775	1.000000	1.000000	0.968810	0.992084	0.991495
3470	0.993792	1.000000	1.000000	0.968817	0.992084	0.991495
3480	0.993813	1.000000	1.000000	0.968832	0.992084	0.991495
3490	0.993834	1.000000	1.000000	0.968833	0.992084	0.991495
3500	0.993849	1.000000	1.000000	0.968850	0.992084	0.991495
3510	0.993865	1.000000	1.000000	0.968882	0.992084	0.991495
3520	0.993877	1.000000	1.000000	0.968893	0.992084	0.991495
3530	0.993891	1.000000	1.000000	0.968905	0.992084	0.991495
3540	0.993907	1.000000	1.000000	0.968925	0.992084	0.991495
3550	0.993924	1.000000	1.000000	0.968943	0.992084	0.991495
3560	0.993937	1.000000	1.000000	0.968945	0.992084	0.991495
3570	0.993951	1.000000	1.000000	0.968949	0.992084	0.991495
3580	0.993965	1.000000	1.000000	0.968952	0.992084	0.991495
3590	0.993984	1.000000	1.000000	0.968964	0.992084	0.991495
3600	0.994000	1.000000	1.000000	0.968987	0.992084	0.991495
3610	0.994015	1.000000	1.000000	0.969011	0.992084	0.991495
3620	0.994035	1.000000	1.000000	0.969033	0.992084	0.991495
3630	0.994060	1.000000	1.000000	0.969071	0.992084	0.991495
3640	0.994077	1.000000	1.000000	0.969083	0.992084	0.991495
3650	0.994094	1.000000	1.000000	0.969109	0.992084	0.991495
3660	0.994109	1.000000	1.000000	0.969117	0.992084	0.991495
3670	0.994127	1.000000	1.000000	0.969131	0.992084	0.991495
3680	0.994151	1.000000	1.000000	0.969154	0.992084	0.991495
3690	0.994168	1.000000	1.000000	0.969206	0.992084	0.991495
3700	0.994190	1.000000	1.000000	0.969223	0.992084	0.991495
3710	0.994213	1.000000	1.000000	0.969267	0.992084	0.991495
3720	0.994233	1.000000	1.000000	0.969298	0.992084	0.991495
3730	0.994255	1.000000	1.000000	0.969327	0.992084	0.991495
3740	0.994270	1.000000	1.000000	0.969349	0.992084	0.991495
3750	0.994287	1.000000	1.000000	0.969393	0.992084	0.991495
3760	0.994305	1.000000	1.000000	0.969427	0.992084	0.991495
3770	0.994323	1.000000	1.000000	0.969452	0.992084	0.991495
3780	0.994340	1.000000	1.000000	0.969464	0.992084	0.991495
3790	0.994350	1.000000	1.000000	0.969476	0.992084	0.991495
3800	0.994363	1.000000	1.000000	0.969496	0.992084	0.991495
3810	0.994379	1.000000	1.000000	0.969522	0.992084	0.991495
3820	0.994397	1.000000	1.000000	0.969566	0.992084	0.991495
3830	0.994411	1.000000	1.000000	0.969613	0.992084	0.991495
3840	0.994428	1.000000	1.000000	0.969657	0.992084	0.991495
3850	0.994446	1.000000	1.000000	0.969686	0.992084	0.991495
3860	0.994458	1.000000	1.000000	0.969695	0.992084	0.991495
3870	0.994468	1.000000	1.000000	0.969699	0.992084	0.991495
3880	0.994480	1.000000	1.000000	0.969722	0.992084	0.991495
3890	0.994498	1.000000	1.000000	0.969747	0.992084	0.991495
3900	0.994515	1.000000	1.000000	0.969797	0.992084	0.991495
3910	0.994532	1.000000	1.000000	0.969810	0.992084	0.991495
3920	0.994547	1.000000	1.000000	0.969835	0.992084	0.991495
3930	0.994562	1.000000	1.000000	0.969851	0.992084	0.991495
3940	0.994577	1.000000	1.000000	0.969862	0.992084	0.991495
3950	0.994588	1.000000	1.000000	0.969878	0.992084	0.991495
3960	0.994603	1.000000	1.000000	0.969881	0.992084	0.991495
3970	0.994613	1.000000	1.000000	0.969894	0.992084	0.991495
3980	0.994622	1.000000	1.000000	0.969910	0.992084	0.991495
3990	0.994633	1.000000	1.000000	0.969952	0.992084	0.991495
4000	0.994644	1.000000	1.000000	0.969984	0.992084	0.991495
