10	0.331333	0.852449	0.810725	0.319932	0.845319	0.805398
20	0.501912	0.870949	0.826705	0.485449	0.862958	0.821258
30	0.570742	0.885748	0.839571	0.548141	0.872456	0.827936
40	0.615187	0.890780	0.843212	0.590627	0.881954	0.835737
50	0.658039	0.939914	0.941156	0.631921	0.929444	0.931823
60	0.694004	0.974841	0.974911	0.665700	0.959294	0.960355
70	0.726198	0.980169	0.980199	0.695625	0.967436	0.968017
80	0.751256	0.985941	0.985969	0.719388	0.968792	0.969493
90	0.774605	0.987272	0.987285	0.742031	0.974220	0.974871
100	0.793414	0.988900	0.988934	0.760408	0.976934	0.977385
110	0.809062	0.990972	0.990984	0.774612	0.981004	0.981354
120	0.827646	0.992600	0.992615	0.792104	0.981004	0.981354
130	0.839458	0.994080	0.994104	0.803582	0.982361	0.982629
140	0.849537	0.994820	0.994841	0.812335	0.982361	0.982629
150	0.859551	0.995264	0.995274	0.820692	0.982361	0.982629
160	0.868709	0.995708	0.995713	0.829322	0.983718	0.983887
170	0.876274	0.996300	0.996305	0.836492	0.982361	0.982629
180	0.883172	0.996744	0.996754	0.842552	0.981004	0.981312
190	0.888671	0.997040	0.997048	0.847752	0.982361	0.982577
200	0.894012	0.997336	0.997338	0.852815	0.982361	0.982427
210	0.900606	0.997632	0.997623	0.859601	0.983718	0.983974
220	0.904852	0.997928	0.997931	0.863764	0.985075	0.985316
230	0.908439	0.997928	0.997931	0.867140	0.983718	0.983974
240	0.912900	0.998076	0.998080	0.871112	0.985075	0.985413
250	0.915989	0.998224	0.998234	0.874033	0.985075	0.985413
260	0.919186	0.998372	0.998388	0.877508	0.985075	0.985413
270	0.922081	0.998520	0.998537	0.880421	0.985075	0.985413
280	0.925238	0.998520	0.998537	0.883702	0.986431	0.986589
290	0.927374	0.998816	0.998826	0.885577	0.986431	0.986589
300	0.929509	0.998816	0.998826	0.887475	0.986431	0.986589
310	0.931434	0.998816	0.998826	0.889381	0.987788	0.987924
320	0.933841	0.998964	0.998975	0.891364	0.987788	0.987924
330	0.935440	0.998964	0.998975	0.892815	0.987788	0.987924
340	0.937290	0.998964	0.998975	0.894792	0.987788	0.987924
350	0.939348	0.999112	0.999117	0.895743	0.989145	0.989362
360	0.941049	0.998964	0.998968	0.897154	0.987788	0.987910
370	0.942440	0.998964	0.998968	0.898677	0.987788	0.987910
380	0.943726	0.998964	0.998968	0.899801	0.987788	0.987910
390	0.945301	0.998964	0.998968	0.901316	0.987788	0.987910
400	0.946715	0.998964	0.998968	0.902666	0.987788	0.987910
410	0.947972	0.998964	0.998968	0.903921	0.989145	0.989362
420	0.948929	0.998964	0.998968	0.905052	0.989145	0.989362
430	0.950021	0.998964	0.998968	0.906187	0.989145	0.989362
440	0.950991	0.998964	0.998968	0.907359	0.989145	0.989362
450	0.952039	0.999112	0.999117	0.908398	0.989145	0.989362
460	0.952962	0.999112	0.999117	0.909597	0.989145	0.989362
470	0.953738	0.999112	0.999117	0.910335	0.989145	0.989362
480	0.954496	0.999112	0.999117	0.911104	0.989145	0.989362
490	0.955148	0.999112	0.999117	0.911614	0.989145	0.989362
500	0.955898	0.999112	0.999117	0.912217	0.989145	0.989362
510	0.956583	0.999112	0.999117	0.912933	0.989145	0.989362
520	0.957499	0.999260	0.999258	0.913919	0.989145	0.989362
530	0.958159	0.999260	0.999258	0.914536	0.989145	0.989362
540	0.958773	0.999260	0.999258	0.915283	0.989145	0.989362
550	0.959223	0.999260	0.999258	0.915806	0.989145	0.989362
560	0.959750	0.999260	0.999258	0.916186	0.989145	0.989362
570	0.960610	0.999260	0.999258	0.917164	0.990502	0.990651
580	0.960974	0.999260	0.999258	0.917435	0.990502	0.990651
590	0.961501	0.999260	0.999258	0.917937	0.990502	0.990651
600	0.961972	0.999260	0.999258	0.918371	0.990502	0.990651
610	0.962590	0.999260	0.999258	0.919142	0.990502	0.990651
620	0.963093	0.999260	0.999258	0.919634	0.990502	0.990651
630	0.963603	0.999260	0.999258	0.920009	0.990502	0.990651
640	0.964021	0.999260	0.999258	0.920326	0.990502	0.990651
650	0.964666	0.999408	0.999408	0.920901	0.990502	0.990651
660	0.965285	0.999556	0.999557	0.921526	0.990502	0.990651
670	0.965826	0.999556	0.999557	0.922005	0.990502	0.990651
680	0.966277	0.999556	0.999557	0.922433	0.990502	0.990651
690	0.966626	0.999556	0.999557	0.922794	0.990502	0.990651
700	0.967215	0.999556	0.999557	0.923443	0.990502	0.990651
710	0.967785	0.999556	0.999557	0.923873	0.990502	0.990651
720	0.968173	0.999556	0.999557	0.924241	0.990502	0.990651
730	0.968501	0.999556	0.999557	0.924519	0.990502	0.990651
740	0.969029	0.999556	0.999557	0.925025	0.990502	0.990651
750	0.969517	0.999556	0.999557	0.925574	0.990502	0.990651
760	0.969908	0.999556	0.999557	0.925892	0.990502	0.990651
770	0.970355	0.999556	0.999557	0.926345	0.990502	0.990651
780	0.970898	0.999704	0.999705	0.926690	0.990502	0.990651
790	0.971362	0.999704	0.999705	0.927182	0.990502	0.990651
800	0.971766	0.999704	0.999705	0.927742	0.990502	0.990651
810	0.972174	0.999704	0.999705	0.928205	0.990502	0.990651
820	0.972556	0.999704	0.999705	0.928775	0.990502	0.990651
830	0.973014	0.999704	0.999705	0.929272	0.990502	0.990651
840	0.973267	0.999704	0.999705	0.929542	0.990502	0.990651
850	0.973527	0.999704	0.999705	0.929790	0.990502	0.990651
860	0.973960	0.999704	0.999705	0.930290	0.990502	0.990651
870	0.974291	0.999704	0.999705	0.930595	0.990502	0.990651
880	0.974563	0.999704	0.999705	0.930896	0.990502	0.990651
890	0.974893	0.999704	0.999705	0.931342	0.990502	0.990651
900	0.975156	0.999704	0.999705	0.931682	0.990502	0.990651
910	0.975529	0.999704	0.999705	0.932001	0.990502	0.990651
920	0.975888	0.999704	0.999705	0.932397	0.990502	0.990651
930	0.976094	0.999704	0.999705	0.932625	0.990502	0.990651
940	0.976394	0.999704	0.999705	0.932851	0.990502	0.990651
950	0.976745	0.999852	0.999853	0.933102	0.990502	0.990651
960	0.977030	0.999852	0.999853	0.933393	0.990502	0.990651
970	0.977215	0.999852	0.999853	0.933536	0.990502	0.990651
980	0.977486	0.999852	0.999853	0.933802	0.990502	0.990651
990	0.977655	0.999852	0.999853	0.933960	0.990502	0.990651
1000	0.977816	0.999852	0.999853	0.934141	0.990502	0.990651
1010	0.978044	0.999852	0.999853	0.934380	0.990502	0.990651
1020	0.978294	0.999852	0.999853	0.934659	0.990502	0.990651
1030	0.978494	0.999852	0.999853	0.934770	0.990502	0.990651
1040	0.978741	0.999852	0.999853	0.935043	0.990502	0.990651
1050	0.979029	0.999852	0.999853	0.935384	0.990502	0.990651
1060	0.979217	0.999852	0.999853	0.935603	0.990502	0.990651
1070	0.979446	1.000000	1.000000	0.935860	0.990502	0.990651
1080	0.979743	1.000000	1.000000	0.936134	0.990502	0.990651
1090	0.979946	1.000000	1.000000	0.936335	0.990502	0.990651
1100	0.980227	1.000000	1.000000	0.936678	0.990502	0.990651
1110	0.980408	1.000000	1.000000	0.936848	0.990502	0.990651
1120	0.980584	1.000000	1.000000	0.937027	0.990502	0.990651
1130	0.980874	1.000000	1.000000	0.937255	0.990502	0.990651
1140	0.981069	1.000000	1.000000	0.937512	0.990502	0.990651
1150	0.981228	1.000000	1.000000	0.937746	0.990502	0.990651
1160	0.981388	1.000000	1.000000	0.937945	0.990502	0.990651
1170	0.981548	1.000000	1.000000	0.938088	0.990502	0.990651
1180	0.981698	1.000000	1.000000	0.938334	0.990502	0.990651
1190	0.981816	1.000000	1.000000	0.938427	0.990502	0.990651
1200	0.981980	1.000000	1.000000	0.938552	0.990502	0.990651
1210	0.982112	1.000000	1.000000	0.938657	0.990502	0.990651
1220	0.982265	1.000000	1.000000	0.938821	0.990502	0.990651
1230	0.982458	1.000000	1.000000	0.939037	0.990502	0.990651
1240	0.982564	1.000000	1.000000	0.939155	0.990502	0.990651
1250	0.982702	1.000000	1.000000	0.939310	0.990502	0.990651
1260	0.982866	1.000000	1.000000	0.939441	0.990502	0.990651
1270	0.983049	1.000000	1.000000	0.939665	0.990502	0.990651
1280	0.983239	1.000000	1.000000	0.939882	0.990502	0.990651
1290	0.983466	1.000000	1.000000	0.940176	0.990502	0.990651
1300	0.983589	1.000000	1.000000	0.940240	0.990502	0.990651
1310	0.983726	1.000000	1.000000	0.940351	0.990502	0.990651
1320	0.983854	1.000000	1.000000	0.940484	0.990502	0.990651
1330	0.983993	1.000000	1.000000	0.940621	0.990502	0.990651
1340	0.984095	1.000000	1.000000	0.940748	0.990502	0.990651
1350	0.984239	1.000000	1.000000	0.940873	0.990502	0.990651
1360	0.984378	1.000000	1.000000	0.941057	0.990502	0.990651
1370	0.984499	1.000000	1.000000	0.941300	0.990502	0.990651
1380	0.984617	1.000000	1.000000	0.941429	0.990502	0.990651
1390	0.984709	1.000000	1.000000	0.941535	0.990502	0.990651
1400	0.984778	1.000000	1.000000	0.941628	0.990502	0.990651
1410	0.984875	1.000000	1.000000	0.941731	0.990502	0.990651
1420	0.984976	1.000000	1.000000	0.941874	0.990502	0.990651
1430	0.985108	1.000000	1.000000	0.941943	0.990502	0.990651
1440	0.985200	1.000000	1.000000	0.941997	0.990502	0.990651
1450	0.985332	1.000000	1.000000	0.942142	0.990502	0.990651
1460	0.985409	1.000000	1.000000	0.942268	0.990502	0.990651
1470	0.985511	1.000000	1.000000	0.942313	0.990502	0.990651
1480	0.985595	1.000000	1.000000	0.942417	0.990502	0.990651
1490	0.985701	1.000000	1.000000	0.942474	0.990502	0.990651
1500	0.985804	1.000000	1.000000	0.942544	0.990502	0.990651
1510	0.985918	1.000000	1.000000	0.942652	0.990502	0.990651
1520	0.986013	1.000000	1.000000	0.942738	0.990502	0.990651
1530	0.986135	1.000000	1.000000	0.942851	0.990502	0.990651
1540	0.986270	1.000000	1.000000	0.943024	0.990502	0.990651
1550	0.986408	1.000000	1.000000	0.943209	0.990502	0.990651
1560	0.986521	1.000000	1.000000	0.943316	0.990502	0.990651
1570	0.986613	1.000000	1.000000	0.943453	0.990502	0.990651
1580	0.986754	1.000000	1.000000	0.943528	0.990502	0.990651
1590	0.986840	1.000000	1.000000	0.943606	0.990502	0.990651
1600	0.986919	1.000000	1.000000	0.943718	0.990502	0.990651
1610	0.986994	1.000000	1.000000	0.943792	0.990502	0.990651
1620	0.987059	1.000000	1.000000	0.943855	0.990502	0.990651
1630	0.987131	1.000000	1.000000	0.943921	0.990502	0.990651
1640	0.987205	1.000000	1.000000	0.944006	0.990502	0.990651
1650	0.987262	1.000000	1.000000	0.944056	0.990502	0.990651
1660	0.987336	1.000000	1.000000	0.944168	0.990502	0.990651
1670	0.987417	1.000000	1.000000	0.944215	0.990502	0.990651
1680	0.987485	1.000000	1.000000	0.944295	0.990502	0.990651
1690	0.987579	1.000000	1.000000	0.944413	0.990502	0.990651
1700	0.987711	1.000000	1.000000	0.944468	0.990502	0.990651
1710	0.987782	1.000000	1.000000	0.944568	0.990502	0.990651
1720	0.987827	1.000000	1.000000	0.944658	0.990502	0.990651
1730	0.987891	1.000000	1.000000	0.944686	0.990502	0.990651
1740	0.987963	1.000000	1.000000	0.944780	0.990502	0.990651
1750	0.988020	1.000000	1.000000	0.944817	0.990502	0.990651
1760	0.988120	1.000000	1.000000	0.944906	0.990502	0.990651
1770	0.988222	1.000000	1.000000	0.945081	0.990502	0.990651
1780	0.988300	1.000000	1.000000	0.945168	0.990502	0.990651
1790	0.988378	1.000000	1.000000	0.945321	0.990502	0.990651
1800	0.988481	1.000000	1.000000	0.945436	0.990502	0.990651
1810	0.988556	1.000000	1.000000	0.945525	0.990502	0.990651
1820	0.988634	1.000000	1.000000	0.945617	0.990502	0.990651
1830	0.988714	1.000000	1.000000	0.945692	0.990502	0.990651
1840	0.988765	1.000000	1.000000	0.945676	0.990502	0.990651
1850	0.988836	1.000000	1.000000	0.945783	0.990502	0.990651
1860	0.988904	1.000000	1.000000	0.945866	0.990502	0.990651
1870	0.988990	1.000000	1.000000	0.946035	0.990502	0.990651
1880	0.989078	1.000000	1.000000	0.946143	0.990502	0.990651
1890	0.989128	1.000000	1.000000	0.946193	0.990502	0.990651
1900	0.989181	1.000000	1.000000	0.946277	0.990502	0.990651
1910	0.989224	1.000000	1.000000	0.946328	0.990502	0.990651
1920	0.989269	1.000000	1.000000	0.946375	0.990502	0.990651
1930	0.989322	1.000000	1.000000	0.946417	0.990502	0.990651
1940	0.989379	1.000000	1.000000	0.946512	0.990502	0.990651
1950	0.989425	1.000000	1.000000	0.946544	0.990502	0.990651
1960	0.989473	1.000000	1.000000	0.946602	0.990502	0.990651
1970	0.989524	1.000000	1.000000	0.946676	0.990502	0.990651
1980	0.989598	1.000000	1.000000	0.946745	0.990502	0.990651
1990	0.989655	1.000000	1.000000	0.946796	0.990502	0.990651
2000	0.989701	1.000000	1.000000	0.946849	0.990502	0.990651
2010	0.989756	1.000000	1.000000	0.946913	0.990502	0.990651
2020	0.989807	1.000000	1.000000	0.946943	0.990502	0.990651
2030	0.989867	1.000000	1.000000	0.947060	0.990502	0.990651
2040	0.989916	1.000000	1.000000	0.947114	0.990502	0.990651
2050	0.989970	1.000000	1.000000	0.947174	0.990502	0.990651
2060	0.990012	1.000000	1.000000	0.947231	0.990502	0.990651
2070	0.990068	1.000000	1.000000	0.947317	0.990502	0.990651
2080	0.990134	1.000000	1.000000	0.947423	0.990502	0.990651
2090	0.990190	1.000000	1.000000	0.947484	0.990502	0.990651
2100	0.990258	1.000000	1.000000	0.947523	0.990502	0.990651
2110	0.990298	1.000000	1.000000	0.947569	0.990502	0.990651
2120	0.990343	1.000000	1.000000	0.947620	0.990502	0.990651
2130	0.990378	1.000000	1.000000	0.947685	0.990502	0.990651
2140	0.990433	1.000000	1.000000	0.947700	0.990502	0.990651
2150	0.990493	1.000000	1.000000	0.947740	0.990502	0.990651
2160	0.990570	1.000000	1.000000	0.947772	0.990502	0.990651
2170	0.990642	1.000000	1.000000	0.947807	0.990502	0.990651
2180	0.990704	1.000000	1.000000	0.947865	0.990502	0.990651
2190	0.990782	1.000000	1.000000	0.947981	0.990502	0.990651
2200	0.990832	1.000000	1.000000	0.947987	0.990502	0.990651
2210	0.990873	1.000000	1.000000	0.948044	0.990502	0.990651
2220	0.990919	1.000000	1.000000	0.948111	0.990502	0.990651
2230	0.990963	1.000000	1.000000	0.948163	0.990502	0.990651
2240	0.990997	1.000000	1.000000	0.948215	0.990502	0.990651
2250	0.991049	1.000000	1.000000	0.948252	0.990502	0.990651
2260	0.991078	1.000000	1.000000	0.948252	0.990502	0.990651
2270	0.991123	1.000000	1.000000	0.948258	0.990502	0.990651
2280	0.991168	1.000000	1.000000	0.948304	0.990502	0.990651
2290	0.991192	1.000000	1.000000	0.948357	0.990502	0.990651
2300	0.991219	1.000000	1.000000	0.948390	0.990502	0.990651
2310	0.991256	1.000000	1.000000	0.948415	0.990502	0.990651
2320	0.991293	1.000000	1.000000	0.948449	0.990502	0.990651
2330	0.991321	1.000000	1.000000	0.948498	0.990502	0.990651
2340	0.991366	1.000000	1.000000	0.948539	0.990502	0.990651
2350	0.991407	1.000000	1.000000	0.948584	0.990502	0.990651
2360	0.991443	1.000000	1.000000	0.948603	0.990502	0.990651
2370	0.991481	1.000000	1.000000	0.948626	0.990502	0.990651
2380	0.991525	1.000000	1.000000	0.948670	0.990502	0.990651
2390	0.991557	1.000000	1.000000	0.948650	0.990502	0.990651
2400	0.991583	1.000000	1.000000	0.948670	0.990502	0.990651
2410	0.991615	1.000000	1.000000	0.948710	0.990502	0.990651
2420	0.991652	1.000000	1.000000	0.948758	0.990502	0.990651
2430	0.991697	1.000000	1.000000	0.948818	0.990502	0.990651
2440	0.991752	1.000000	1.000000	0.948854	0.990502	0.990651
2450	0.991795	1.000000	1.000000	0.948946	0.990502	0.990651
2460	0.991834	1.000000	1.000000	0.949028	0.990502	0.990651
2470	0.991868	1.000000	1.000000	0.949051	0.990502	0.990651
2480	0.991903	1.000000	1.000000	0.949070	0.990502	0.990651
2490	0.991924	1.000000	1.000000	0.949068	0.990502	0.990651
2500	0.991968	1.000000	1.000000	0.949106	0.990502	0.990651
2510	0.991996	1.000000	1.000000	0.949128	0.990502	0.990651
2520	0.992022	1.000000	1.000000	0.949173	0.990502	0.990651
2530	0.992056	1.000000	1.000000	0.949192	0.990502	0.990651
2540	0.992085	1.000000	1.000000	0.949234	0.990502	0.990651
2550	0.992116	1.000000	1.000000	0.949259	0.991859	0.992043
2560	0.992140	1.000000	1.000000	0.949268	0.991859	0.992043
2570	0.992171	1.000000	1.000000	0.949299	0.991859	0.992043
2580	0.992194	1.000000	1.000000	0.949314	0.991859	0.992043
2590	0.992222	1.000000	1.000000	0.949333	0.990502	0.990651
2600	0.992250	1.000000	1.000000	0.949375	0.991859	0.992043
2610	0.992285	1.000000	1.000000	0.949365	0.991859	0.992043
2620	0.992309	1.000000	1.000000	0.949395	0.991859	0.992043
2630	0.992337	1.000000	1.000000	0.949402	0.991859	0.992043
2640	0.992358	1.000000	1.000000	0.949423	0.991859	0.992043
2650	0.992380	1.000000	1.000000	0.949470	0.991859	0.992043
2660	0.992411	1.000000	1.000000	0.949443	0.991859	0.992043
2670	0.992432	1.000000	1.000000	0.949470	0.991859	0.992043
2680	0.992461	1.000000	1.000000	0.949484	0.991859	0.992043
2690	0.992485	1.000000	1.000000	0.949487	0.991859	0.992043
2700	0.992529	1.000000	1.000000	0.949531	0.991859	0.992043
2710	0.992558	1.000000	1.000000	0.949581	0.991859	0.992043
2720	0.992583	1.000000	1.000000	0.949634	0.991859	0.992043
2730	0.992610	1.000000	1.000000	0.949666	0.991859	0.992043
2740	0.992631	1.000000	1.000000	0.949691	0.991859	0.992043
2750	0.992656	1.000000	1.000000	0.949696	0.991859	0.992043
2760	0.992686	1.000000	1.000000	0.949727	0.991859	0.992043
2770	0.992716	1.000000	1.000000	0.949774	0.991859	0.992043
2780	0.992736	1.000000	1.000000	0.949802	0.991859	0.992043
2790	0.992761	1.000000	1.000000	0.949836	0.991859	0.992043
2800	0.992794	1.000000	1.000000	0.949875	0.991859	0.992043
2810	0.992822	1.000000	1.000000	0.949893	0.991859	0.992043
2820	0.992839	1.000000	1.000000	0.949904	0.991859	0.992043
2830	0.992863	1.000000	1.000000	0.949910	0.991859	0.992043
2840	0.992879	1.000000	1.000000	0.949930	0.991859	0.992043
2850	0.992895	1.000000	1.000000	0.949939	0.991859	0.992043
2860	0.992911	1.000000	1.000000	0.949963	0.991859	0.992043
2870	0.992927	1.000000	1.000000	0.949972	0.991859	0.992043
2880	0.992944	1.000000	1.000000	0.950005	0.991859	0.992043
2890	0.992957	1.000000	1.000000	0.949999	0.991859	0.992043
2900	0.992977	1.000000	1.000000	0.950005	0.991859	0.992043
2910	0.992993	1.000000	1.000000	0.950028	0.991859	0.992043
2920	0.993012	1.000000	1.000000	0.950061	0.991859	0.992043
2930	0.993034	1.000000	1.000000	0.950095	0.991859	0.992043
2940	0.993057	1.000000	1.000000	0.950125	0.991859	0.992043
2950	0.993080	1.000000	1.000000	0.950155	0.991859	0.992043
2960	0.993105	1.000000	1.000000	0.950182	0.991859	0.992043
2970	0.993133	1.000000	1.000000	0.950214	0.991859	0.992043
2980	0.993149	1.000000	1.000000	0.950219	0.991859	0.992043
2990	0.993166	1.000000	1.000000	0.950212	0.991859	0.992043
3000	0.993187	1.000000	1.000000	0.950220	0.991859	0.992043
3010	0.993220	1.000000	1.000000	0.950235	0.991859	0.992043
3020	0.993252	1.000000	1.000000	0.950254	0.991859	0.992043
3030	0.993281	1.000000	1.000000	0.950265	0.991859	0.992043
3040	0.993309	1.000000	1.000000	0.950298	0.991859	0.992043
3050	0.993340	1.000000	1.000000	0.950354	0.991859	0.992043
3060	0.993365	1.000000	1.000000	0.950392	0.991859	0.992043
3070	0.993384	1.000000	1.000000	0.950400	0.991859	0.992043
3080	0.993403	1.000000	1.000000	0.950432	0.991859	0.992043
3090	0.993422	1.000000	1.000000	0.950446	0.991859	0.992043
3100	0.993437	1.000000	1.000000	0.950449	0.991859	0.992043
3110	0.993458	1.000000	1.000000	0.950490	0.991859	0.992043
3120	0.993480	1.000000	1.000000	0.950494	0.991859	0.992043
3130	0.993504	1.000000	1.000000	0.950506	0.991859	0.992043
3140	0.993520	1.000000	1.000000	0.950512	0.991859	0.992043
3150	0.993545	1.000000	1.000000	0.950532	0.991859	0.992043
3160	0.993573	1.000000	1.000000	0.950553	0.991859	0.992043
3170	0.993595	1.000000	1.000000	0.950552	0.991859	0.992043
3180	0.993614	1.000000	1.000000	0.950569	0.991859	0.992043
3190	0.993641	1.000000	1.000000	0.950586	0.991859	0.992043
3200	0.993668	1.000000	1.000000	0.950630	0.991859	0.992043
3210	0.993690	1.000000	1.000000	0.950683	0.991859	0.992043
3220	0.993707	1.000000	1.000000	0.950704	0.991859	0.992043
3230	0.993725	1.000000	1.000000	0.950729	0.991859	0.992043
3240	0.993742	1.000000	1.000000	0.950756	0.991859	0.992043
3250	0.993765	1.000000	1.000000	0.950769	0.991859	0.992043
3260	0.993780	1.000000	1.000000	0.950822	0.991859	0.992043
3270	0.993799	1.000000	1.000000	0.950827	0.991859	0.992043
3280	0.993812	1.000000	1.000000	0.950846	0.991859	0.992043
3290	0.993830	1.000000	1.000000	0.950854	0.991859	0.992043
3300	0.993854	1.000000	1.000000	0.950882	0.991859	0.992043
3310	0.993871	1.000000	1.000000	0.950905	0.991859	0.992043
3320	0.993887	1.000000	1.000000	0.950932	0.991859	0.992043
3330	0.993901	1.000000	1.000000	0.950940	0.991859	0.992043
3340	0.993917	1.000000	1.000000	0.950978	0.991859	0.992043
3350	0.993930	1.000000	1.000000	0.951020	0.991859	0.992043
3360	0.993949	1.000000	1.000000	0.951051	0.991859	0.992043
3370	0.993967	1.000000	1.000000	0.951021	0.991859	0.992043
3380	0.993982	1.000000	1.000000	0.951044	0.991859	0.992043
3390	0.993995	1.000000	1.000000	0.951060	0.991859	0.992043
3400	0.994015	1.000000	1.000000	0.951070	0.991859	0.992043
3410	0.994030	1.000000	1.000000	0.951069	0.991859	0.992043
3420	0.994050	1.000000	1.000000	0.951090	0.991859	0.992043
3430	0.994065	1.000000	1.000000	0.951101	0.991859	0.992043
3440	0.994088	1.000000	1.000000	0.951101	0.991859	0.992043
3450	0.994106	1.000000	1.000000	0.951121	0.991859	0.992043
3460	0.994120	1.000000	1.000000	0.951140	0.991859	0.992043
3470	0.994141	1.000000	1.000000	0.951164	0.991859	0.992043
3480	0.994158	1.000000	1.000000	0.951179	0.991859	0.992043
3490	0.994172	1.000000	1.000000	0.951195	0.991859	0.992043
3500	0.994193	1.000000	1.000000	0.951202	0.991859	0.992043
3510	0.994218	1.000000	1.000000	0.951224	0.991859	0.992043
3520	0.994239	1.000000	1.000000	0.951239	0.991859	0.992043
3530	0.994259	1.000000	1.000000	0.951258	0.991859	0.992043
3540	0.994281	1.000000	1.000000	0.951282	0.991859	0.992043
3550	0.994304	1.000000	1.000000	0.951289	0.991859	0.992043
3560	0.994327	1.000000	1.000000	0.951287	0.991859	0.992043
3570	0.994348	1.000000	1.000000	0.951313	0.991859	0.992043
3580	0.994363	1.000000	1.000000	0.951321	0.991859	0.992043
3590	0.994382	1.000000	1.000000	0.951331	0.991859	0.992043
3600	0.994407	1.000000	1.000000	0.951365	0.991859	0.992043
3610	0.994425	1.000000	1.000000	0.951390	0.991859	0.992043
3620	0.994443	1.000000	1.000000	0.951379	0.991859	0.992043
3630	0.994461	1.000000	1.000000	0.951398	0.991859	0.992043
3640	0.994483	1.000000	1.000000	0.951438	0.991859	0.992043
3650	0.994501	1.000000	1.000000	0.951469	0.991859	0.992043
3660	0.994517	1.000000	1.000000	0.951484	0.991859	0.992043
3670	0.994535	1.000000	1.000000	0.951516	0.991859	0.992043
3680	0.994555	1.000000	1.000000	0.951548	0.991859	0.992043
3690	0.994570	1.000000	1.000000	0.951565	0.991859	0.992043
3700	0.994586	1.000000	1.000000	0.951588	0.991859	0.992043
3710	0.994601	1.000000	1.000000	0.951618	0.991859	0.992043
3720	0.994620	1.000000	1.000000	0.951649	0.991859	0.992043
3730	0.994635	1.000000	1.000000	0.951698	0.991859	0.992043
3740	0.994647	1.000000	1.000000	0.951729	0.991859	0.992043
3750	0.994659	1.000000	1.000000	0.951753	0.991859	0.992043
3760	0.994669	1.000000	1.000000	0.951761	0.991859	0.992043
3770	0.994681	1.000000	1.000000	0.951777	0.991859	0.992043
3780	0.994691	1.000000	1.000000	0.951785	0.991859	0.992043
3790	0.994704	1.000000	1.000000	0.951794	0.991859	0.992043
3800	0.994718	1.000000	1.000000	0.951819	0.991859	0.992043
3810	0.994734	1.000000	1.000000	0.951819	0.991859	0.992043
3820	0.994751	1.000000	1.000000	0.951824	0.991859	0.992043
3830	0.994767	1.000000	1.000000	0.951865	0.991859	0.992043
3840	0.994780	1.000000	1.000000	0.951882	0.991859	0.992043
3850	0.994794	1.000000	1.000000	0.951891	0.991859	0.992043
3860	0.994806	1.000000	1.000000	0.951911	0.991859	0.992043
3870	0.994817	1.000000	1.000000	0.951917	0.991859	0.992043
3880	0.994829	1.000000	1.000000	0.951928	0.991859	0.992043
3890	0.994843	1.000000	1.000000	0.951923	0.991859	0.992043
3900	0.994856	1.000000	1.000000	0.951938	0.991859	0.992043
3910	0.994870	1.000000	1.000000	0.951949	0.991859	0.992043
3920	0.994888	1.000000	1.000000	0.951957	0.991859	0.992043
3930	0.994901	1.000000	1.000000	0.951967	0.991859	0.992043
3940	0.994918	1.000000	1.000000	0.951973	0.991859	0.992043
3950	0.994932	1.000000	1.000000	0.951985	0.991859	0.992043
3960	0.994943	1.000000	1.000000	0.951994	0.991859	0.992043
3970	0.994956	1.000000	1.000000	0.952007	0.991859	0.992043
3980	0.994968	1.000000	1.000000	0.952017	0.991859	0.992043
3990	0.994981	1.000000	1.000000	0.952035	0.991859	0.992043
4000	0.994993	1.000000	1.000000	0.952057	0.991859	0.992043
