10	0.070536	0.367294	0.313850	0.069654	0.363820	0.305787
20	0.116020	0.613728	0.616662	0.115483	0.626074	0.620051
30	0.159191	0.675767	0.682815	0.156459	0.678626	0.682897
40	0.191082	0.710948	0.715804	0.188599	0.717534	0.718832
50	0.225243	0.737639	0.739781	0.221388	0.728651	0.728711
60	0.254759	0.751401	0.751985	0.249941	0.745326	0.743579
70	0.277613	0.759614	0.759880	0.270459	0.752400	0.750545
80	0.296148	0.772321	0.770622	0.286790	0.761496	0.758754
90	0.317004	0.784418	0.781738	0.305853	0.769075	0.764015
100	0.331729	0.790689	0.787420	0.319139	0.781203	0.777256
110	0.346067	0.798624	0.794910	0.331417	0.787772	0.783430
120	0.363295	0.809278	0.804855	0.344969	0.793835	0.788713
130	0.374824	0.813218	0.808426	0.355068	0.798383	0.792473
140	0.386747	0.819488	0.813741	0.364805	0.803436	0.797177
150	0.399989	0.825148	0.818587	0.375669	0.804447	0.796748
160	0.412203	0.829144	0.821880	0.386074	0.808994	0.800987
170	0.424046	0.835303	0.827385	0.396423	0.817585	0.808779
180	0.435258	0.838688	0.830238	0.406106	0.821122	0.811560
190	0.444849	0.844126	0.834962	0.414429	0.824659	0.815580
200	0.454783	0.848455	0.838628	0.422984	0.830217	0.819941
210	0.464396	0.853227	0.842828	0.432179	0.831733	0.820298
220	0.474254	0.856001	0.845366	0.440801	0.835270	0.823934
230	0.484143	0.860496	0.849385	0.448870	0.835270	0.823214
240	0.491262	0.863271	0.851782	0.455131	0.837797	0.825748
250	0.500470	0.866989	0.855098	0.462185	0.840829	0.828769
260	0.510283	0.869819	0.857694	0.471155	0.845376	0.832841
270	0.518545	0.872316	0.860032	0.478380	0.847903	0.835270
280	0.525195	0.875201	0.862502	0.483647	0.849419	0.836065
290	0.531562	0.877476	0.864476	0.488634	0.850935	0.836927
300	0.539061	0.880306	0.867092	0.495034	0.852451	0.838204
310	0.547117	0.882526	0.868931	0.500640	0.855483	0.841047
320	0.553037	0.884191	0.870554	0.505544	0.855483	0.840942
330	0.558518	0.885300	0.871453	0.510155	0.856493	0.842346
340	0.563041	0.886965	0.872721	0.514022	0.856493	0.841841
350	0.567823	0.888741	0.874130	0.517883	0.859020	0.843942
360	0.572955	0.890350	0.875597	0.522026	0.859525	0.844228
370	0.577084	0.891737	0.876941	0.524699	0.860536	0.845010
380	0.581993	0.894345	0.879301	0.529272	0.864578	0.848875
390	0.586504	0.895844	0.880637	0.533629	0.866094	0.850495
400	0.590927	0.897675	0.882358	0.537144	0.869126	0.853293
410	0.594957	0.899173	0.883752	0.540544	0.868621	0.852716
420	0.599232	0.900616	0.885160	0.544074	0.868621	0.852590
430	0.602947	0.903002	0.887475	0.546519	0.868621	0.852591
440	0.606776	0.903557	0.887818	0.549356	0.870136	0.853997
450	0.610412	0.904944	0.889167	0.552153	0.871147	0.854761
460	0.613965	0.905943	0.889940	0.555205	0.871147	0.854418
470	0.618429	0.906831	0.890665	0.559088	0.872663	0.855735
480	0.622378	0.908274	0.891721	0.562399	0.874179	0.856786
490	0.627271	0.909827	0.893257	0.566273	0.874684	0.857420
500	0.630479	0.911381	0.894630	0.568807	0.875189	0.857929
510	0.634913	0.912435	0.895642	0.572386	0.877211	0.859560
520	0.638996	0.914322	0.897364	0.575563	0.878727	0.860821
530	0.641944	0.915210	0.898187	0.578020	0.879737	0.861756
540	0.645870	0.916597	0.899590	0.580850	0.882264	0.863979
550	0.649129	0.917541	0.900463	0.583254	0.881253	0.863062
560	0.653492	0.919316	0.902079	0.586824	0.882769	0.864512
570	0.656541	0.919927	0.902676	0.589823	0.884285	0.865801
580	0.660264	0.921203	0.903905	0.593279	0.885296	0.866805
590	0.663405	0.921869	0.904509	0.595567	0.885296	0.866798
600	0.666309	0.923312	0.905911	0.597748	0.885296	0.866818
610	0.670429	0.923867	0.906404	0.600782	0.887317	0.868658
620	0.674297	0.925254	0.907670	0.604413	0.889843	0.870863
630	0.677137	0.925476	0.907873	0.606456	0.889843	0.870669
640	0.679226	0.925975	0.908325	0.608291	0.891359	0.872139
650	0.681496	0.926974	0.909202	0.610294	0.891359	0.872204
660	0.684207	0.927363	0.909578	0.612387	0.892875	0.873588
670	0.686575	0.928139	0.910328	0.614050	0.892875	0.873487
680	0.688587	0.929027	0.911108	0.615540	0.892370	0.872890
690	0.690570	0.929416	0.911474	0.617213	0.893886	0.874342
700	0.692846	0.929860	0.911868	0.618933	0.894391	0.875018
710	0.695262	0.930858	0.912834	0.620992	0.895907	0.876462
720	0.697124	0.931635	0.913586	0.622273	0.895402	0.876067
730	0.698827	0.932301	0.914225	0.623539	0.895402	0.876067
740	0.700686	0.932801	0.914706	0.624846	0.896412	0.876929
750	0.702701	0.933134	0.915034	0.626455	0.895907	0.876357
760	0.704735	0.933744	0.915592	0.628111	0.897423	0.877830
770	0.706932	0.934521	0.916322	0.629497	0.896918	0.877385
780	0.708571	0.934909	0.916667	0.630940	0.896918	0.877290
790	0.710205	0.935298	0.917041	0.632266	0.896412	0.876735
800	0.712245	0.935686	0.917421	0.633966	0.897928	0.878353
810	0.713784	0.936075	0.917804	0.635734	0.899444	0.879677
820	0.715326	0.936629	0.918323	0.636868	0.899444	0.879571
830	0.717659	0.937240	0.918848	0.638686	0.899444	0.879614
840	0.719745	0.937628	0.919206	0.640599	0.899444	0.879651
850	0.721843	0.938627	0.920162	0.642486	0.898939	0.879076
860	0.723624	0.938794	0.920346	0.643741	0.900960	0.881074
870	0.724949	0.939182	0.920714	0.645047	0.900455	0.880444
880	0.726891	0.939293	0.920819	0.646829	0.899949	0.879836
890	0.728566	0.940236	0.921688	0.648185	0.900455	0.880423
900	0.730286	0.940569	0.922017	0.649580	0.899949	0.879799
910	0.731963	0.941069	0.922434	0.650953	0.900455	0.880060
920	0.733075	0.941346	0.922721	0.651618	0.900455	0.880177
930	0.734892	0.942068	0.923404	0.653308	0.900455	0.880324
940	0.736150	0.942068	0.923429	0.654480	0.900455	0.880109
950	0.737724	0.942456	0.923795	0.656093	0.900960	0.880647
960	0.739307	0.943066	0.924401	0.657216	0.901971	0.881558
970	0.741520	0.943788	0.925047	0.659128	0.902476	0.882094
980	0.742873	0.943843	0.925075	0.660138	0.901971	0.881514
990	0.744212	0.944398	0.925609	0.661597	0.901971	0.881488
1000	0.745304	0.944898	0.926149	0.662321	0.901971	0.881586
1010	0.746556	0.945009	0.926245	0.663365	0.901971	0.881580
1020	0.747901	0.945397	0.926615	0.664254	0.903487	0.883146
1030	0.749088	0.945508	0.926707	0.665003	0.903487	0.883170
1040	0.750470	0.945564	0.926714	0.666210	0.903992	0.883666
1050	0.751965	0.945952	0.927136	0.668271	0.904497	0.884103
1060	0.753189	0.946229	0.927456	0.669256	0.903992	0.883649
1070	0.754144	0.946618	0.927792	0.669916	0.905508	0.885271
1080	0.755304	0.947062	0.928189	0.670543	0.905508	0.885216
1090	0.756603	0.947395	0.928530	0.671610	0.906013	0.885549
1100	0.757647	0.947672	0.928785	0.672610	0.907024	0.886540
1110	0.758787	0.947783	0.928868	0.673419	0.907529	0.887191
1120	0.760027	0.948061	0.929143	0.674638	0.907529	0.887214
1130	0.761194	0.948505	0.929555	0.675835	0.907024	0.886668
1140	0.762236	0.948560	0.929601	0.676669	0.906013	0.885914
1150	0.763300	0.948726	0.929789	0.677526	0.906013	0.885697
1160	0.764502	0.948726	0.929730	0.678555	0.907024	0.886685
1170	0.765673	0.949004	0.930007	0.679556	0.906518	0.886014
1180	0.766652	0.949115	0.930085	0.680429	0.906518	0.886050
1190	0.767551	0.949448	0.930380	0.681205	0.906518	0.886204
1200	0.768582	0.949614	0.930539	0.682167	0.906518	0.886033
1210	0.769411	0.949503	0.930436	0.682863	0.906518	0.886129
1220	0.770486	0.949836	0.930705	0.683820	0.906518	0.886097
1230	0.771650	0.950336	0.931229	0.685035	0.908034	0.887728
1240	0.772647	0.950502	0.931395	0.685817	0.908540	0.888135
1250	0.773682	0.950669	0.931557	0.686612	0.908034	0.887676
1260	0.774903	0.951390	0.951798	0.687378	0.909045	0.908200
1270	0.775732	0.952555	0.952956	0.688053	0.909550	0.908735
1280	0.777091	0.952833	0.953244	0.689293	0.910561	0.909755
1290	0.778190	0.954109	0.954483	0.690025	0.912582	0.911671
1300	0.779108	0.955385	0.955749	0.691048	0.913087	0.912207
1310	0.780189	0.956218	0.956550	0.692228	0.914098	0.913066
1320	0.781153	0.957050	0.957370	0.693155	0.916119	0.915134
1330	0.782313	0.958604	0.958913	0.694082	0.916119	0.915339
1340	0.783507	0.959936	0.960221	0.694941	0.916625	0.915869
1350	0.784802	0.961989	0.962211	0.696005	0.917635	0.916940
1360	0.785903	0.962377	0.962622	0.697058	0.917635	0.916922
1370	0.787000	0.963099	0.963317	0.698152	0.919656	0.918892
1380	0.788347	0.964264	0.964457	0.699352	0.922183	0.921352
1390	0.789347	0.964985	0.965218	0.700205	0.922688	0.921850
1400	0.790235	0.965707	0.965904	0.700861	0.922183	0.921387
1410	0.791504	0.966428	0.966619	0.701812	0.924204	0.923223
1420	0.792708	0.966983	0.967146	0.702905	0.925215	0.924210
1430	0.793897	0.967871	0.968010	0.703850	0.925215	0.924259
1440	0.794942	0.968093	0.968230	0.704689	0.924709	0.923713
1450	0.795746	0.968426	0.968556	0.705264	0.925215	0.924224
1460	0.796888	0.969036	0.969147	0.706075	0.925720	0.924798
1470	0.798471	0.969314	0.969413	0.707256	0.926225	0.925282
1480	0.799355	0.969813	0.969903	0.707889	0.925215	0.924245
1490	0.800489	0.970423	0.970517	0.709061	0.926225	0.925174
1500	0.801611	0.971034	0.971125	0.710296	0.926731	0.925690
1510	0.802996	0.971478	0.971567	0.711194	0.926731	0.925690
1520	0.804005	0.971977	0.972055	0.711890	0.927236	0.926173
1530	0.805178	0.972255	0.972336	0.712882	0.927741	0.926712
1540	0.805980	0.972421	0.972494	0.713483	0.927741	0.926712
1550	0.807123	0.973031	0.973084	0.714489	0.927741	0.926752
1560	0.808191	0.973364	0.973413	0.715377	0.927741	0.926712
1570	0.809270	0.973642	0.973687	0.716725	0.928752	0.927644
1580	0.810284	0.973697	0.973743	0.717469	0.928752	0.927644
1590	0.810967	0.973864	0.973911	0.717972	0.928752	0.927644
1600	0.812105	0.974197	0.974230	0.718912	0.929257	0.928210
1610	0.813153	0.974197	0.974244	0.719619	0.929257	0.928147
1620	0.813942	0.974807	0.974832	0.720175	0.929257	0.928217
1630	0.814787	0.974974	0.974986	0.720949	0.930268	0.929226
1640	0.815461	0.975362	0.975368	0.721588	0.930773	0.929694
1650	0.816471	0.976250	0.976247	0.722432	0.930773	0.929692
1660	0.817452	0.976749	0.976737	0.723178	0.931278	0.930210
1670	0.818323	0.976694	0.976682	0.723822	0.931784	0.930686
1680	0.819353	0.977082	0.977065	0.724791	0.932289	0.931159
1690	0.820292	0.977138	0.977116	0.725612	0.932794	0.931651
1700	0.821090	0.977360	0.977333	0.726273	0.933805	0.932717
1710	0.821729	0.977748	0.977718	0.726809	0.934310	0.933260
1720	0.822638	0.978026	0.977991	0.727522	0.934310	0.933260
1730	0.823448	0.978081	0.978045	0.728122	0.934816	0.933701
1740	0.824322	0.978081	0.978043	0.728865	0.934310	0.933153
1750	0.825323	0.978581	0.978542	0.729526	0.934310	0.933153
1760	0.826087	0.978525	0.978490	0.730196	0.934816	0.933658
1770	0.826872	0.978803	0.978767	0.730841	0.934816	0.933658
1780	0.827840	0.979024	0.978983	0.731706	0.935826	0.934655
1790	0.828400	0.979080	0.979041	0.732129	0.935826	0.934646
1800	0.829221	0.979302	0.979262	0.732697	0.936331	0.935217
1810	0.830084	0.979524	0.979481	0.733450	0.936837	0.935754
1820	0.830861	0.979690	0.979647	0.733904	0.937342	0.936298
1830	0.831585	0.980079	0.980043	0.734596	0.938353	0.937297
1840	0.832418	0.980190	0.980153	0.735362	0.938353	0.937297
1850	0.832950	0.980356	0.980316	0.735634	0.938353	0.937215
1860	0.833668	0.980301	0.980261	0.736145	0.938858	0.937681
1870	0.834394	0.980523	0.980488	0.736550	0.939363	0.938165
1880	0.835020	0.980523	0.980486	0.737088	0.939363	0.938165
1890	0.835592	0.980523	0.980484	0.737419	0.939363	0.938165
1900	0.836121	0.980634	0.980598	0.737832	0.940374	0.939225
1910	0.836860	0.980689	0.980655	0.738346	0.940879	0.939713
1920	0.837797	0.980745	0.980701	0.739237	0.940879	0.939713
1930	0.838316	0.980800	0.980756	0.739611	0.940879	0.939713
1940	0.838921	0.980967	0.980919	0.740135	0.940879	0.939706
1950	0.839483	0.981022	0.980974	0.740747	0.940879	0.939706
1960	0.840096	0.981022	0.980974	0.741209	0.940374	0.939201
1970	0.840725	0.981244	0.981210	0.741780	0.940374	0.939201
1980	0.841339	0.981522	0.981489	0.742310	0.940374	0.939178
1990	0.841908	0.981633	0.981601	0.742751	0.940879	0.939683
2000	0.842473	0.981577	0.981548	0.743233	0.940879	0.939784
2010	0.843141	0.981577	0.981541	0.743742	0.940879	0.939837
2020	0.843744	0.981577	0.981542	0.744236	0.941385	0.940261
2030	0.844236	0.981577	0.981540	0.744728	0.941385	0.940259
2040	0.844838	0.981688	0.981652	0.745235	0.941890	0.940814
2050	0.845484	0.981799	0.981759	0.745828	0.941890	0.940814
2060	0.846077	0.981965	0.981929	0.746483	0.942395	0.941333
2070	0.846802	0.981910	0.981875	0.747280	0.942395	0.941311
2080	0.847376	0.982021	0.981986	0.747776	0.942395	0.941362
2090	0.848066	0.982187	0.982151	0.748219	0.941890	0.940836
2100	0.848647	0.982409	0.982369	0.748812	0.942395	0.941385
2110	0.849231	0.982576	0.982539	0.749239	0.942395	0.941385
2120	0.849667	0.982631	0.982594	0.749677	0.942395	0.941385
2130	0.850212	0.982687	0.982648	0.750177	0.942900	0.941915
2140	0.850807	0.982853	0.982808	0.750735	0.942900	0.941915
2150	0.851308	0.982909	0.982867	0.750981	0.941890	0.940779
2160	0.851897	0.983075	0.983025	0.751256	0.941385	0.940315
2170	0.852308	0.983020	0.982969	0.751589	0.941890	0.940929
2180	0.852882	0.983464	0.983421	0.752024	0.941385	0.940315
2190	0.853388	0.983519	0.983475	0.752472	0.941890	0.940866
2200	0.853934	0.983797	0.983749	0.752941	0.941890	0.940923
2210	0.854591	0.983908	0.983857	0.753492	0.942395	0.941316
2220	0.855116	0.983963	0.983913	0.753961	0.941890	0.940857
2230	0.855653	0.983963	0.983911	0.754356	0.940879	0.939805
2240	0.856084	0.984019	0.983967	0.754740	0.940374	0.939286
2250	0.856477	0.984019	0.983971	0.754923	0.940879	0.939798
2260	0.856877	0.983963	0.983917	0.755288	0.941385	0.940418
2270	0.857394	0.983963	0.983917	0.755695	0.941890	0.940923
2280	0.857880	0.984296	0.984254	0.756134	0.941890	0.940923
2290	0.858382	0.984352	0.984305	0.756469	0.941385	0.940411
2300	0.858923	0.984518	0.984468	0.757052	0.941890	0.940856
2310	0.859448	0.984518	0.984464	0.757538	0.942900	0.941851
2320	0.860051	0.984574	0.984519	0.757969	0.942395	0.941369
2330	0.860467	0.984685	0.984631	0.758283	0.942395	0.941353
2340	0.861009	0.984796	0.984743	0.758738	0.942395	0.941353
2350	0.861487	0.984796	0.984745	0.759256	0.942900	0.941816
2360	0.861941	0.984906	0.984856	0.759694	0.942900	0.941895
2370	0.862567	0.984962	0.984908	0.760236	0.942900	0.941895
2380	0.863143	0.985017	0.984971	0.760715	0.943406	0.942375
2390	0.863612	0.985017	0.984969	0.761044	0.943406	0.942375
2400	0.864088	0.985517	0.985460	0.761550	0.943406	0.942375
2410	0.864461	0.985683	0.985627	0.761821	0.942900	0.941912
2420	0.864942	0.985739	0.985682	0.762177	0.942900	0.941895
2430	0.865377	0.985794	0.985738	0.762535	0.943406	0.942454
2440	0.865749	0.985905	0.985849	0.762836	0.943406	0.942454
2450	0.866251	0.985850	0.985793	0.763268	0.943406	0.942443
2460	0.866841	0.985961	0.985903	0.763999	0.943911	0.942938
2470	0.867273	0.985794	0.985735	0.764427	0.943911	0.942938
2480	0.867693	0.986072	0.986015	0.764834	0.943911	0.942938
2490	0.868098	0.986072	0.986016	0.765166	0.943406	0.942402
2500	0.868570	0.986016	0.985961	0.765659	0.944416	0.943409
2510	0.869085	0.986127	0.986072	0.766016	0.943911	0.942865
2520	0.869498	0.986238	0.986181	0.766501	0.943911	0.942873
2530	0.869910	0.986238	0.986182	0.766694	0.943911	0.942892
2540	0.870434	0.986238	0.986183	0.767233	0.943406	0.942359
2550	0.870841	0.986294	0.986238	0.767581	0.943406	0.942359
2560	0.871290	0.986349	0.986290	0.767926	0.943911	0.942892
2570	0.871787	0.986516	0.986463	0.768318	0.943911	0.942892
2580	0.872257	0.986516	0.986459	0.768709	0.943911	0.942892
2590	0.872629	0.986571	0.986513	0.769046	0.943911	0.942903
2600	0.873103	0.986571	0.986514	0.769357	0.944416	0.943371
2610	0.873596	0.986627	0.986569	0.769859	0.944416	0.943371
2620	0.873976	0.986682	0.986619	0.770165	0.943911	0.942907
2630	0.874409	0.986682	0.986623	0.770465	0.943911	0.942907
2640	0.874796	0.986849	0.986791	0.770827	0.944922	0.943915
2650	0.875129	0.987015	0.986954	0.771179	0.944922	0.943915
2660	0.875485	0.986960	0.986898	0.771488	0.944922	0.943915
2670	0.875964	0.987015	0.986960	0.771812	0.944922	0.943934
2680	0.876466	0.987126	0.987067	0.772165	0.944922	0.943934
2690	0.876789	0.987182	0.987122	0.772423	0.944922	0.943934
2700	0.877208	0.987293	0.987233	0.772728	0.945427	0.944414
2710	0.877657	0.987404	0.987343	0.772985	0.945427	0.944391
2720	0.878031	0.987404	0.987341	0.773372	0.946438	0.945453
2730	0.878463	0.987459	0.987396	0.773755	0.945932	0.944938
2740	0.878865	0.987515	0.987449	0.773965	0.945932	0.944938
2750	0.879230	0.987515	0.987448	0.774379	0.945932	0.944918
2760	0.879645	0.987515	0.987451	0.774851	0.945932	0.944938
2770	0.880054	0.987515	0.987450	0.775222	0.945932	0.944918
2780	0.880354	0.987515	0.987450	0.775589	0.945427	0.944386
2790	0.880746	0.987515	0.987450	0.776040	0.945427	0.944406
2800	0.881168	0.987515	0.987449	0.776337	0.944922	0.943862
2810	0.881631	0.987737	0.987672	0.776805	0.944416	0.943329
2820	0.882045	0.987681	0.987621	0.777096	0.944416	0.943329
2830	0.882420	0.987737	0.987675	0.777481	0.944922	0.943835
2840	0.882803	0.987792	0.987727	0.777774	0.944922	0.943835
2850	0.883168	0.987792	0.987726	0.778082	0.945427	0.944367
2860	0.883483	0.987848	0.987784	0.778409	0.945932	0.944830
2870	0.883827	0.987792	0.987727	0.778612	0.945932	0.944830
2880	0.884162	0.987792	0.987725	0.778906	0.946438	0.945374
2890	0.884419	0.987958	0.987891	0.779161	0.946438	0.945374
2900	0.884914	0.988069	0.988001	0.779451	0.946438	0.945374
2910	0.885412	0.988014	0.987944	0.779933	0.946438	0.945374
2920	0.885814	0.988180	0.988112	0.780317	0.946438	0.945374
2930	0.886188	0.988236	0.988170	0.780660	0.946438	0.945374
2940	0.886590	0.988402	0.988337	0.780942	0.946438	0.945374
2950	0.886957	0.988458	0.988393	0.781246	0.946438	0.945374
2960	0.887362	0.988347	0.988278	0.781600	0.946438	0.945374
2970	0.887707	0.988458	0.988392	0.781870	0.945932	0.944868
2980	0.888113	0.988513	0.988447	0.782207	0.945932	0.944868
2990	0.888383	0.988458	0.988392	0.782337	0.945427	0.944351
3000	0.888686	0.988513	0.988449	0.782576	0.945427	0.944308
3010	0.888933	0.988513	0.988449	0.782803	0.946943	0.945888
3020	0.889225	0.988624	0.988562	0.783042	0.946438	0.945383
3030	0.889496	0.988680	0.988614	0.783277	0.945932	0.944841
3040	0.889913	0.988791	0.988726	0.783607	0.945932	0.944868
3050	0.890271	0.988791	0.988727	0.783941	0.945932	0.944868
3060	0.890693	0.988846	0.988781	0.784270	0.945932	0.944868
3070	0.891085	0.988902	0.988840	0.784604	0.945932	0.944868
3080	0.891454	0.988902	0.988838	0.784873	0.946438	0.945373
3090	0.891816	0.989013	0.988947	0.785135	0.945932	0.944830
3100	0.892109	0.989124	0.989061	0.785445	0.945932	0.944803
3110	0.892507	0.989179	0.989116	0.785794	0.946438	0.945372
3120	0.892877	0.989179	0.989118	0.786031	0.946438	0.945361
3130	0.893278	0.989179	0.989117	0.786322	0.946438	0.945361
3140	0.893550	0.989179	0.989118	0.786528	0.946438	0.945327
3150	0.893865	0.989179	0.989117	0.786772	0.946438	0.945301
3160	0.894122	0.989068	0.989003	0.787014	0.947448	0.946329
3170	0.894449	0.989290	0.989226	0.787274	0.946943	0.945805
3180	0.894810	0.989290	0.989231	0.787642	0.947954	0.946906
3190	0.895087	0.989290	0.989230	0.787930	0.948459	0.947464
3200	0.895428	0.989401	0.989341	0.788185	0.948964	0.947989
3210	0.895655	0.989457	0.989400	0.788356	0.948459	0.947426
3220	0.896009	0.989401	0.989346	0.788638	0.948459	0.947453
3230	0.896369	0.989457	0.989398	0.788847	0.948459	0.947426
3240	0.896616	0.989512	0.989456	0.788996	0.947954	0.946881
3250	0.896953	0.989623	0.989567	0.789333	0.948459	0.947388
3260	0.897170	0.989679	0.989620	0.789417	0.948459	0.947388
3270	0.897456	0.989845	0.989785	0.789560	0.948459	0.947388
3280	0.897886	0.989901	0.989841	0.789904	0.947954	0.946881
3290	0.898172	0.990067	0.990004	0.790120	0.948459	0.947388
3300	0.898455	0.990123	0.990062	0.790346	0.947954	0.946881
3310	0.898695	0.990123	0.990062	0.790629	0.946943	0.945807
3320	0.898969	0.990178	0.990114	0.790830	0.947954	0.946855
3330	0.899238	0.990345	0.990285	0.790980	0.947954	0.946855
3340	0.899594	0.990345	0.990288	0.791318	0.946943	0.945882
3350	0.899870	0.990456	0.990401	0.791486	0.947954	0.946921
3360	0.900140	0.990567	0.990508	0.791684	0.947954	0.946919
3370	0.900476	0.990567	0.990509	0.791961	0.947448	0.946404
3380	0.900807	0.990567	0.990509	0.792292	0.946943	0.945863
3390	0.901106	0.990567	0.990510	0.792632	0.947954	0.946935
3400	0.901389	0.990678	0.990616	0.792925	0.948459	0.947438
3410	0.901757	0.990955	0.990897	0.793138	0.948459	0.947438
3420	0.901996	0.991010	0.990952	0.793380	0.948459	0.947438
3430	0.902257	0.990955	0.990898	0.793719	0.948459	0.947438
3440	0.902684	0.990900	0.990842	0.794042	0.948459	0.947438
3450	0.902975	0.990844	0.990788	0.794192	0.948459	0.947438
3460	0.903365	0.990900	0.990845	0.794346	0.948459	0.947438
3470	0.903679	0.991010	0.990953	0.794580	0.948964	0.947928
3480	0.903971	0.991121	0.991066	0.794801	0.948964	0.947928
3490	0.904297	0.991177	0.991119	0.795095	0.948964	0.947928
3500	0.904680	0.991177	0.991118	0.795335	0.948964	0.947928
3510	0.904973	0.991343	0.991285	0.795606	0.948964	0.947928
3520	0.905334	0.991288	0.991229	0.795851	0.948459	0.947439
3530	0.905648	0.991288	0.991229	0.796190	0.948964	0.947988
3540	0.905922	0.991343	0.991283	0.796388	0.948964	0.947942
3550	0.906207	0.991343	0.991283	0.796581	0.948964	0.947942
3560	0.906488	0.991621	0.991560	0.796807	0.948964	0.947942
3570	0.906779	0.991732	0.991672	0.797096	0.949469	0.948455
3580	0.907087	0.991732	0.991672	0.797328	0.949469	0.948455
3590	0.907400	0.991843	0.991786	0.797605	0.949469	0.948497
3600	0.907688	0.991787	0.991728	0.797834	0.949469	0.948497
3610	0.908049	0.991787	0.991727	0.798116	0.949469	0.948497
3620	0.908323	0.991954	0.991894	0.798341	0.949469	0.948497
3630	0.908602	0.992065	0.992008	0.798564	0.949469	0.948497
3640	0.908831	0.992009	0.991954	0.798808	0.949469	0.948497
3650	0.909066	0.992065	0.992006	0.799099	0.949469	0.948455
3660	0.909349	0.992065	0.992007	0.799268	0.949469	0.948455
3670	0.909585	0.992009	0.991951	0.799475	0.949469	0.948455
3680	0.909877	0.992065	0.992007	0.799791	0.949469	0.948441
3690	0.910137	0.992120	0.992065	0.800046	0.949469	0.948441
3700	0.910503	0.992120	0.992066	0.799855	0.949469	0.948483
3710	0.910774	0.992176	0.992123	0.799965	0.949469	0.948483
3720	0.911040	0.992398	0.992343	0.800207	0.949469	0.948483
3730	0.911385	0.992398	0.992344	0.800471	0.949469	0.948483
3740	0.911597	0.992453	0.992399	0.800688	0.949469	0.948483
3750	0.911891	0.992453	0.992400	0.800894	0.949469	0.948497
3760	0.912144	0.992564	0.992510	0.801110	0.949469	0.948497
3770	0.912414	0.992453	0.992402	0.801333	0.949469	0.948497
3780	0.912671	0.992564	0.992511	0.801598	0.949469	0.948497
3790	0.912935	0.992564	0.992511	0.801838	0.949469	0.948497
3800	0.913185	0.992620	0.992568	0.801994	0.949469	0.948515
3810	0.913485	0.992620	0.992568	0.802214	0.949469	0.948515
3820	0.913705	0.992675	0.992622	0.802417	0.949469	0.948515
3830	0.913934	0.992620	0.992570	0.802654	0.949469	0.948515
3840	0.914240	0.992731	0.992681	0.802865	0.949975	0.948965
3850	0.914471	0.992731	0.992680	0.803156	0.949975	0.948965
3860	0.914728	0.992953	0.992900	0.803330	0.949469	0.948497
3870	0.914993	0.992953	0.992902	0.803467	0.949469	0.948515
3880	0.915285	0.993119	0.993070	0.803788	0.949975	0.948983
3890	0.915580	0.993119	0.993074	0.804110	0.949975	0.948942
3900	0.915873	0.993175	0.993128	0.804280	0.949975	0.948924
3910	0.916131	0.993230	0.993183	0.804464	0.949975	0.948942
3920	0.916432	0.993175	0.993129	0.804664	0.949975	0.948942
3930	0.916686	0.993230	0.993184	0.804900	0.949975	0.948942
3940	0.916910	0.993341	0.993298	0.805009	0.949975	0.948942
3950	0.917233	0.993397	0.993350	0.805269	0.949975	0.948942
3960	0.917504	0.993452	0.993407	0.805576	0.949975	0.948942
3970	0.917758	0.993508	0.993460	0.805702	0.949975	0.948942
3980	0.918003	0.993452	0.993405	0.805920	0.949975	0.948942
3990	0.918228	0.993452	0.993406	0.806135	0.949975	0.948967
4000	0.918502	0.993563	0.993517	0.806352	0.949975	0.948922
4010	0.918748	0.993619	0.993568	0.806450	0.949975	0.948922
4020	0.918981	0.993674	0.993624	0.806595	0.949975	0.948922
4030	0.919172	0.993841	0.993792	0.806702	0.949975	0.948922
4040	0.919417	0.993952	0.993903	0.806870	0.949469	0.948459
4050	0.919674	0.994007	0.993959	0.807030	0.949469	0.948459
4060	0.919936	0.994007	0.993959	0.807378	0.949469	0.948459
4070	0.920137	0.994173	0.994124	0.807500	0.949469	0.948459
4080	0.920331	0.994118	0.994069	0.807647	0.949469	0.948459
4090	0.920553	0.994062	0.994015	0.807822	0.949469	0.948459
4100	0.920816	0.994173	0.994126	0.808185	0.949469	0.948459
4110	0.921136	0.994173	0.994126	0.808429	0.949469	0.948459
4120	0.921370	0.994118	0.994070	0.808612	0.949469	0.948478
4130	0.921551	0.994173	0.994127	0.808804	0.949469	0.948478
4140	0.921751	0.994173	0.994127	0.808966	0.949469	0.948478
4150	0.921948	0.994173	0.994127	0.809188	0.949469	0.948459
4160	0.922232	0.994229	0.994183	0.809362	0.949469	0.948459
4170	0.922521	0.994229	0.994183	0.809622	0.949469	0.948459
4180	0.922760	0.994284	0.994239	0.809961	0.949469	0.948459
4190	0.923008	0.994284	0.994239	0.810234	0.949469	0.948459
4200	0.923307	0.994284	0.994239	0.810492	0.949469	0.948459
4210	0.923518	0.994284	0.994239	0.810874	0.949469	0.948459
4220	0.923742	0.994340	0.994294	0.811115	0.949469	0.948459
4230	0.924123	0.994395	0.994350	0.811505	0.949469	0.948458
4240	0.924457	0.994340	0.994294	0.811772	0.949469	0.948458
4250	0.924655	0.994340	0.994294	0.812003	0.949469	0.948458
4260	0.924840	0.994340	0.994294	0.812140	0.949469	0.948458
4270	0.925228	0.994451	0.994405	0.812354	0.949469	0.948458
4280	0.925440	0.994451	0.994405	0.812494	0.949469	0.948458
4290	0.925617	0.994451	0.994405	0.812692	0.949469	0.948458
4300	0.925887	0.994451	0.994403	0.812905	0.949469	0.948458
4310	0.926199	0.994506	0.994460	0.813218	0.949469	0.948458
4320	0.926420	0.994451	0.994404	0.813451	0.949469	0.948458
4330	0.926608	0.994506	0.994461	0.813595	0.949469	0.948458
4340	0.926830	0.994506	0.994461	0.813805	0.949469	0.948458
4350	0.927074	0.994617	0.994574	0.813985	0.949469	0.948458
4360	0.927261	0.994617	0.994574	0.814168	0.949469	0.948458
4370	0.927464	0.994617	0.994574	0.814384	0.949975	0.948998
4380	0.927647	0.994617	0.994574	0.814517	0.949975	0.948998
4390	0.927819	0.994617	0.994574	0.814646	0.949975	0.948998
4400	0.928050	0.994617	0.994574	0.814761	0.949975	0.948998
4410	0.928229	0.994617	0.994574	0.814923	0.949975	0.948998
4420	0.928466	0.994673	0.994629	0.815092	0.949975	0.948998
4430	0.928685	0.994673	0.994628	0.815325	0.950480	0.949508
4440	0.928909	0.994728	0.994685	0.815491	0.950480	0.949508
4450	0.929171	0.994895	0.994853	0.815736	0.950480	0.949508
4460	0.929337	0.994950	0.994909	0.815817	0.950480	0.949483
4470	0.929560	0.995006	0.994964	0.816032	0.950985	0.949937
4480	0.929762	0.995061	0.995021	0.816168	0.950985	0.949937
4490	0.929975	0.995006	0.994963	0.816333	0.950480	0.949483
4500	0.930161	0.995061	0.995018	0.816548	0.950480	0.949483
4510	0.930366	0.995117	0.995072	0.816772	0.950480	0.949483
4520	0.930636	0.995394	0.995354	0.817015	0.950480	0.949483
4530	0.930911	0.995505	0.995465	0.817238	0.950480	0.949483
4540	0.931114	0.995505	0.995465	0.817420	0.950480	0.949483
4550	0.931293	0.995616	0.995576	0.817624	0.950480	0.949483
4560	0.931494	0.995561	0.995519	0.817756	0.950480	0.949483
4570	0.931737	0.995616	0.995576	0.817893	0.950985	0.950043
4580	0.931940	0.995616	0.995577	0.818059	0.950985	0.949957
4590	0.932126	0.995561	0.995521	0.818335	0.950985	0.949957
4600	0.932354	0.995561	0.995520	0.818574	0.950985	0.949957
4610	0.932664	0.995561	0.995520	0.818825	0.950985	0.949957
4620	0.932872	0.995672	0.995632	0.818984	0.951491	0.950446
4630	0.933048	0.995616	0.995575	0.819165	0.951491	0.950446
4640	0.933237	0.995561	0.995519	0.819287	0.951491	0.950446
4650	0.933488	0.995616	0.995576	0.819539	0.951491	0.950426
4660	0.933709	0.995672	0.995632	0.819714	0.951491	0.950426
4670	0.933911	0.995727	0.995687	0.819904	0.951491	0.950426
4680	0.934076	0.995783	0.995742	0.820094	0.951491	0.950426
4690	0.934249	0.995838	0.995800	0.820271	0.951491	0.950426
4700	0.934425	0.996060	0.996023	0.820373	0.951491	0.950426
4710	0.934603	0.996005	0.995967	0.820557	0.951491	0.950426
4720	0.934761	0.995949	0.995911	0.820694	0.951491	0.950426
4730	0.934942	0.996005	0.995967	0.820839	0.951491	0.950446
4740	0.935125	0.995949	0.995912	0.820942	0.951491	0.950446
4750	0.935299	0.996005	0.995967	0.821000	0.951996	0.950996
4760	0.935490	0.996116	0.996078	0.821237	0.951996	0.950996
4770	0.935708	0.996227	0.996188	0.821442	0.952501	0.951529
4780	0.935933	0.996282	0.996247	0.821554	0.952501	0.951515
4790	0.936095	0.996282	0.996247	0.821721	0.953007	0.952069
4800	0.936292	0.996338	0.996303	0.821830	0.952501	0.951515
4810	0.936522	0.996393	0.996359	0.822049	0.953007	0.952069
4820	0.936697	0.996449	0.996413	0.822130	0.952501	0.951515
4830	0.936862	0.996449	0.996414	0.822129	0.952501	0.951515
4840	0.937067	0.996449	0.996415	0.822270	0.951996	0.950976
4850	0.937308	0.996504	0.996470	0.822536	0.951996	0.950976
4860	0.937523	0.996504	0.996471	0.822729	0.951996	0.950976
4870	0.937680	0.996560	0.996526	0.822831	0.951996	0.950976
4880	0.937811	0.996615	0.996581	0.823018	0.952501	0.951530
4890	0.937951	0.996615	0.996581	0.823145	0.951996	0.950970
4900	0.938123	0.996560	0.996525	0.823322	0.951996	0.950956
4910	0.938291	0.996560	0.996525	0.823533	0.952501	0.951510
4920	0.938487	0.996615	0.996580	0.823653	0.952501	0.951510
4930	0.938691	0.996615	0.996580	0.823756	0.951996	0.950970
4940	0.938882	0.996615	0.996580	0.823860	0.951996	0.950970
4950	0.939014	0.996671	0.996637	0.823930	0.951996	0.950970
4960	0.939189	0.996671	0.996637	0.824028	0.952501	0.951509
4970	0.939353	0.996671	0.996637	0.824112	0.951491	0.950421
4980	0.939544	0.996726	0.996695	0.824227	0.951996	0.950961
4990	0.939704	0.996726	0.996696	0.824423	0.951996	0.950961
5000	0.939871	0.996726	0.996696	0.824678	0.951996	0.950961
5010	0.940069	0.996782	0.996752	0.824917	0.951996	0.950961
5020	0.940318	0.996782	0.996752	0.825244	0.952501	0.951454
5030	0.940497	0.996948	0.996921	0.825329	0.952501	0.951454
5040	0.940677	0.996948	0.996921	0.825515	0.952501	0.951454
5050	0.940851	0.996948	0.996921	0.825638	0.952501	0.951421
5060	0.941041	0.996948	0.996923	0.825840	0.951996	0.950959
5070	0.941278	0.997003	0.996979	0.826084	0.951996	0.950959
5080	0.941446	0.997059	0.997037	0.826226	0.951491	0.950409
5090	0.941600	0.997059	0.997037	0.826413	0.952501	0.951416
5100	0.941767	0.997114	0.997093	0.826574	0.953007	0.951925
5110	0.941959	0.997114	0.997092	0.826803	0.953007	0.951929
5120	0.942141	0.997114	0.997092	0.827004	0.953007	0.951929
5130	0.942340	0.997059	0.997034	0.827189	0.953512	0.952471
5140	0.942523	0.997336	0.997311	0.827439	0.953512	0.952394
5150	0.942686	0.997281	0.997254	0.827550	0.954017	0.952939
5160	0.942848	0.997281	0.997256	0.827691	0.953007	0.951931
5170	0.942996	0.997225	0.997198	0.827814	0.953007	0.951931
5180	0.943173	0.997281	0.997254	0.828008	0.953007	0.951931
5190	0.943328	0.997336	0.997311	0.828174	0.953007	0.951931
5200	0.943499	0.997336	0.997311	0.828375	0.952501	0.951389
5210	0.943639	0.997336	0.997311	0.828465	0.951996	0.950894
5220	0.943797	0.997392	0.997368	0.828582	0.953007	0.951905
5230	0.943977	0.997392	0.997368	0.828755	0.952501	0.951365
5240	0.944121	0.997447	0.997424	0.828907	0.953512	0.952376
5250	0.944306	0.997447	0.997424	0.829047	0.953007	0.951942
5260	0.944461	0.997447	0.997424	0.829208	0.953512	0.952376
5270	0.944637	0.997503	0.997481	0.829346	0.953007	0.951914
5280	0.944789	0.997669	0.997647	0.829513	0.953512	0.952447
5290	0.944938	0.997669	0.997647	0.829596	0.954017	0.952949
5300	0.945077	0.997669	0.997646	0.829695	0.954522	0.953416
5310	0.945225	0.997669	0.997647	0.829903	0.954522	0.953416
5320	0.945372	0.997725	0.997703	0.830066	0.954017	0.952915
5330	0.945500	0.997780	0.997758	0.830166	0.954017	0.952915
5340	0.945657	0.997836	0.997814	0.830277	0.954017	0.952915
5350	0.945825	0.997836	0.997814	0.830459	0.954017	0.952915
5360	0.945983	0.997836	0.997814	0.830566	0.954017	0.952915
5370	0.946114	0.997947	0.997928	0.830741	0.954017	0.952915
5380	0.946295	0.998002	0.997984	0.830921	0.954017	0.952915
5390	0.946431	0.997947	0.997929	0.831015	0.954017	0.952901
5400	0.946568	0.997947	0.997929	0.831113	0.954017	0.952901
5410	0.946712	0.997891	0.997875	0.831180	0.954017	0.952915
5420	0.946845	0.997947	0.997929	0.831337	0.954017	0.952915
5430	0.946985	0.997947	0.997929	0.831408	0.954017	0.952915
5440	0.947160	0.998058	0.998041	0.831571	0.954017	0.952915
5450	0.947319	0.997947	0.997930	0.831694	0.954017	0.952915
5460	0.947449	0.998058	0.998042	0.831764	0.954522	0.953469
5470	0.947594	0.998002	0.997987	0.832010	0.954017	0.952915
5480	0.947733	0.998002	0.997987	0.832142	0.954017	0.952901
5490	0.947847	0.998002	0.997987	0.832282	0.954522	0.953458
5500	0.947976	0.998058	0.998042	0.832372	0.954522	0.953458
5510	0.948119	0.998058	0.998042	0.832449	0.955028	0.953974
5520	0.948240	0.998058	0.998042	0.832648	0.954522	0.953458
5530	0.948414	0.998113	0.998098	0.832758	0.955028	0.954014
5540	0.948536	0.998113	0.998098	0.832808	0.955028	0.954014
5550	0.948691	0.998113	0.998098	0.832951	0.955533	0.954530
5560	0.948863	0.998113	0.998098	0.833033	0.954522	0.953417
5570	0.948972	0.998113	0.998098	0.833128	0.954017	0.952901
5580	0.949120	0.998113	0.998098	0.833204	0.954522	0.953457
5590	0.949339	0.998058	0.998043	0.833492	0.955028	0.954014
5600	0.949474	0.998058	0.998043	0.833563	0.954522	0.953457
5610	0.949608	0.998113	0.998097	0.833701	0.954522	0.953457
5620	0.949728	0.998113	0.998097	0.833838	0.954522	0.953457
5630	0.949839	0.998113	0.998097	0.833882	0.955533	0.954570
5640	0.949949	0.998169	0.998152	0.833966	0.955533	0.954570
5650	0.950055	0.998169	0.998152	0.834032	0.955533	0.954530
5660	0.950177	0.998169	0.998152	0.834124	0.955028	0.954067
5670	0.950314	0.998169	0.998152	0.834267	0.955533	0.954615
5680	0.950454	0.998280	0.998260	0.834386	0.954522	0.953512
5690	0.950559	0.998280	0.998260	0.834434	0.955028	0.954069
5700	0.950673	0.998280	0.998260	0.834516	0.955533	0.954615
5710	0.950793	0.998280	0.998260	0.834648	0.955533	0.954613
5720	0.950928	0.998280	0.998260	0.834766	0.955533	0.954558
5730	0.951072	0.998335	0.998315	0.834929	0.955028	0.954010
5740	0.951193	0.998335	0.998314	0.835048	0.955028	0.954010
5750	0.951310	0.998335	0.998314	0.835123	0.954522	0.953463
5760	0.951458	0.998391	0.998371	0.835185	0.955533	0.954483
5770	0.951578	0.998391	0.998371	0.835274	0.955028	0.953929
5780	0.951680	0.998446	0.998427	0.835406	0.955028	0.954017
5790	0.951802	0.998446	0.998427	0.835538	0.955533	0.954564
5800	0.951934	0.998502	0.998484	0.835640	0.955533	0.954565
5810	0.952064	0.998502	0.998484	0.835747	0.956038	0.955032
5820	0.952275	0.998502	0.998484	0.835935	0.956038	0.955032
5830	0.952361	0.998502	0.998484	0.835965	0.955533	0.954565
5840	0.952460	0.998502	0.998484	0.836146	0.955028	0.954067
5850	0.952570	0.998502	0.998484	0.836209	0.955533	0.954615
5860	0.952685	0.998502	0.998484	0.836355	0.955533	0.954615
5870	0.952791	0.998502	0.998484	0.836491	0.955533	0.954615
5880	0.952918	0.998502	0.998484	0.836574	0.955533	0.954615
5890	0.953019	0.998502	0.998484	0.836683	0.955533	0.954615
5900	0.953107	0.998502	0.998484	0.836745	0.955533	0.954615
5910	0.953189	0.998502	0.998484	0.836870	0.955533	0.954615
5920	0.953276	0.998502	0.998484	0.836976	0.955533	0.954615
5930	0.953389	0.998502	0.998484	0.837060	0.955533	0.954615
5940	0.953527	0.998557	0.998540	0.837181	0.955533	0.954615
5950	0.953628	0.998557	0.998540	0.837249	0.956038	0.955088
5960	0.953728	0.998557	0.998540	0.837321	0.956038	0.955088
5970	0.953858	0.998557	0.998540	0.837492	0.956038	0.955088
5980	0.953985	0.998668	0.998651	0.837566	0.956038	0.955088
5990	0.954086	0.998724	0.998706	0.837624	0.955533	0.954615
6000	0.954200	0.998724	0.998706	0.837797	0.956544	0.955641
6010	0.954302	0.998724	0.998705	0.837978	0.956544	0.955641
6020	0.954432	0.998779	0.998759	0.838098	0.956544	0.955641
6030	0.954548	0.998779	0.998759	0.838184	0.956544	0.955641
6040	0.954659	0.998835	0.998816	0.838316	0.956544	0.955641
6050	0.954804	0.998835	0.998817	0.838432	0.956544	0.955641
6060	0.954905	0.998835	0.998817	0.838525	0.957554	0.956621
6070	0.955055	0.998890	0.998873	0.838716	0.957554	0.956621
6080	0.955179	0.998890	0.998874	0.838880	0.957554	0.956621
6090	0.955274	0.998835	0.998817	0.838965	0.957554	0.956621
6100	0.955382	0.998835	0.998817	0.839078	0.957554	0.956621
6110	0.955499	0.998835	0.998817	0.839184	0.957554	0.956621
6120	0.955626	0.998835	0.998817	0.839296	0.958060	0.957117
6130	0.955717	0.998835	0.998817	0.839377	0.958060	0.957117
6140	0.955833	0.998835	0.998817	0.839415	0.958060	0.957117
6150	0.955933	0.998835	0.998817	0.839531	0.958060	0.957117
6160	0.956036	0.998890	0.998873	0.839576	0.958060	0.957117
6170	0.956171	0.998890	0.998874	0.839685	0.958060	0.957117
6180	0.956292	0.998890	0.998874	0.839778	0.958060	0.957117
6190	0.956391	0.998890	0.998874	0.839866	0.958060	0.957117
6200	0.956491	0.998890	0.998873	0.840016	0.958060	0.957117
6210	0.956583	0.998890	0.998874	0.840154	0.958060	0.957117
6220	0.956671	0.998890	0.998874	0.840173	0.957554	0.956569
6230	0.956763	0.998890	0.998874	0.840169	0.957554	0.956569
6240	0.956849	0.998946	0.998930	0.840247	0.957554	0.956569
6250	0.956951	0.998946	0.998930	0.840291	0.958060	0.957130
6260	0.957045	0.999001	0.998985	0.840334	0.958565	0.957661
6270	0.957138	0.998946	0.998930	0.840401	0.958060	0.957108
6280	0.957219	0.999001	0.998986	0.840499	0.958565	0.957661
6290	0.957300	0.999001	0.998986	0.840579	0.958565	0.957661
6300	0.957387	0.999001	0.998986	0.840619	0.958565	0.957661
6310	0.957480	0.999001	0.998986	0.840666	0.958565	0.957661
6320	0.957586	0.999057	0.999041	0.840774	0.958565	0.957661
6330	0.957706	0.999057	0.999041	0.840921	0.958565	0.957661
6340	0.957798	0.999057	0.999041	0.841051	0.958565	0.957661
6350	0.957889	0.999112	0.999098	0.841145	0.958565	0.957661
6360	0.957991	0.999112	0.999098	0.841227	0.958565	0.957661
6370	0.958090	0.999112	0.999098	0.841341	0.958565	0.957661
6380	0.958184	0.999057	0.999042	0.841429	0.958565	0.957661
6390	0.958282	0.999057	0.999042	0.841588	0.958060	0.957108
6400	0.958390	0.999057	0.999042	0.841656	0.958565	0.957661
6410	0.958470	0.999112	0.999099	0.841749	0.958565	0.957661
6420	0.958557	0.999112	0.999099	0.841872	0.958565	0.957661
6430	0.958664	0.999112	0.999099	0.841968	0.958565	0.957661
6440	0.958751	0.999112	0.999099	0.842037	0.958565	0.957661
6450	0.958829	0.999112	0.999099	0.842102	0.958565	0.957661
6460	0.958956	0.999112	0.999099	0.842186	0.958565	0.957661
6470	0.959060	0.999112	0.999099	0.842307	0.958565	0.957661
6480	0.959157	0.999168	0.999155	0.842360	0.958565	0.957661
6490	0.959247	0.999168	0.999155	0.842467	0.958565	0.957661
6500	0.959371	0.999168	0.999155	0.842530	0.958565	0.957661
6510	0.959469	0.999168	0.999155	0.842645	0.958565	0.957661
6520	0.959543	0.999168	0.999155	0.842707	0.959070	0.958223
6530	0.959629	0.999168	0.999155	0.842774	0.959070	0.958223
6540	0.959713	0.999168	0.999155	0.842857	0.959070	0.958223
6550	0.959786	0.999168	0.999155	0.842918	0.959070	0.958223
6560	0.959861	0.999168	0.999155	0.843012	0.959070	0.958223
6570	0.959954	0.999168	0.999155	0.843126	0.959576	0.958753
6580	0.960028	0.999168	0.999155	0.843309	0.959576	0.958753
6590	0.960104	0.999168	0.999155	0.843400	0.959070	0.958223
6600	0.960190	0.999168	0.999155	0.843597	0.959070	0.958223
6610	0.960274	0.999168	0.999155	0.843661	0.959070	0.958223
6620	0.960370	0.999279	0.999267	0.843720	0.959070	0.958223
6630	0.960448	0.999279	0.999266	0.843856	0.959070	0.958223
6640	0.960516	0.999279	0.999266	0.843940	0.959576	0.958753
6650	0.960591	0.999279	0.999266	0.844042	0.959576	0.958753
6660	0.960710	0.999279	0.999267	0.844138	0.959070	0.958223
6670	0.960809	0.999279	0.999267	0.844234	0.959070	0.958223
6680	0.960891	0.999279	0.999267	0.844353	0.959070	0.958223
6690	0.960962	0.999279	0.999267	0.844390	0.959070	0.958223
6700	0.961101	0.999279	0.999267	0.844510	0.959576	0.958753
6710	0.961186	0.999279	0.999267	0.844588	0.959576	0.958753
6720	0.961282	0.999279	0.999267	0.844691	0.959576	0.958753
6730	0.961371	0.999279	0.999267	0.844779	0.959576	0.958753
6740	0.961448	0.999279	0.999267	0.844829	0.959576	0.958752
6750	0.961530	0.999334	0.999323	0.844901	0.959576	0.958753
6760	0.961634	0.999334	0.999323	0.845032	0.959576	0.958753
6770	0.961716	0.999334	0.999323	0.845119	0.959576	0.958753
6780	0.961792	0.999334	0.999323	0.845174	0.959576	0.958753
6790	0.961899	0.999334	0.999323	0.845174	0.959576	0.958753
6800	0.961992	0.999334	0.999323	0.845199	0.959576	0.958753
6810	0.962122	0.999334	0.999323	0.845339	0.959576	0.958753
6820	0.962209	0.999334	0.999323	0.845455	0.959070	0.958223
6830	0.962325	0.999334	0.999323	0.845444	0.959070	0.958223
6840	0.962407	0.999334	0.999323	0.845547	0.959070	0.958223
6850	0.962491	0.999334	0.999323	0.845603	0.959070	0.958223
6860	0.962585	0.999334	0.999323	0.845712	0.959070	0.958223
6870	0.962653	0.999334	0.999324	0.845741	0.959070	0.958223
6880	0.962726	0.999334	0.999324	0.845808	0.959070	0.958223
6890	0.962803	0.999334	0.999324	0.845851	0.959070	0.958223
6900	0.962900	0.999334	0.999324	0.845900	0.959070	0.958223
6910	0.962988	0.999334	0.999324	0.845989	0.959070	0.958223
6920	0.963064	0.999334	0.999324	0.846064	0.959070	0.958223
6930	0.963128	0.999390	0.999381	0.846165	0.959070	0.958223
6940	0.963208	0.999334	0.999324	0.846197	0.959576	0.958689
6950	0.963289	0.999334	0.999323	0.846271	0.959576	0.958689
6960	0.963365	0.999334	0.999323	0.846349	0.959576	0.958689
6970	0.963453	0.999445	0.999438	0.846462	0.960081	0.959220
6980	0.963530	0.999501	0.999494	0.846487	0.960081	0.959220
6990	0.963605	0.999501	0.999495	0.846540	0.960081	0.959220
7000	0.963685	0.999501	0.999495	0.846687	0.960081	0.959220
7010	0.963754	0.999501	0.999495	0.846784	0.959576	0.958689
7020	0.963811	0.999501	0.999495	0.846817	0.959576	0.958689
7030	0.963880	0.999501	0.999493	0.846837	0.959576	0.958689
7040	0.963939	0.999501	0.999493	0.846878	0.959576	0.958689
7050	0.964014	0.999501	0.999493	0.846978	0.959576	0.958689
7060	0.964086	0.999501	0.999493	0.847007	0.960081	0.959220
7070	0.964147	0.999501	0.999493	0.847027	0.960081	0.959220
7080	0.964224	0.999501	0.999493	0.847076	0.960081	0.959220
7090	0.964293	0.999501	0.999493	0.847093	0.959576	0.958689
7100	0.964405	0.999501	0.999493	0.847196	0.959576	0.958689
7110	0.964458	0.999501	0.999493	0.847261	0.959576	0.958689
7120	0.964545	0.999501	0.999493	0.847285	0.959576	0.958689
7130	0.964615	0.999501	0.999493	0.847358	0.960081	0.959220
7140	0.964686	0.999501	0.999493	0.847427	0.960081	0.959220
7150	0.964782	0.999501	0.999493	0.847506	0.960081	0.959220
7160	0.964853	0.999501	0.999493	0.847597	0.960081	0.959220
7170	0.964950	0.999501	0.999493	0.847805	0.960081	0.959220
7180	0.965013	0.999501	0.999493	0.847846	0.959576	0.958689
7190	0.965087	0.999501	0.999493	0.847951	0.960586	0.959770
7200	0.965160	0.999501	0.999493	0.848048	0.960586	0.959770
7210	0.965213	0.999501	0.999493	0.848092	0.960586	0.959770
7220	0.965281	0.999501	0.999493	0.848235	0.960586	0.959770
7230	0.965363	0.999501	0.999493	0.848315	0.960586	0.959770
7240	0.965425	0.999501	0.999493	0.848391	0.960586	0.959770
7250	0.965491	0.999501	0.999493	0.848466	0.960586	0.959770
7260	0.965566	0.999501	0.999493	0.848536	0.960081	0.959304
7270	0.965640	0.999501	0.999493	0.848592	0.960081	0.959304
7280	0.965711	0.999501	0.999493	0.848670	0.960081	0.959304
7290	0.965802	0.999501	0.999493	0.848755	0.960081	0.959304
7300	0.965886	0.999501	0.999493	0.848827	0.960081	0.959304
7310	0.965950	0.999501	0.999493	0.848917	0.960081	0.959299
7320	0.966022	0.999501	0.999493	0.848973	0.960081	0.959299
7330	0.966079	0.999501	0.999493	0.849050	0.960081	0.959304
7340	0.966141	0.999501	0.999493	0.849140	0.960081	0.959299
7350	0.966177	0.999501	0.999493	0.849239	0.960081	0.959299
7360	0.966256	0.999501	0.999493	0.849313	0.960081	0.959299
7370	0.966314	0.999501	0.999493	0.849376	0.960081	0.959299
7380	0.966393	0.999501	0.999493	0.849464	0.960081	0.959304
7390	0.966491	0.999556	0.999547	0.849533	0.960081	0.959304
7400	0.966560	0.999556	0.999547	0.849580	0.960586	0.959765
7410	0.966633	0.999556	0.999547	0.849625	0.959576	0.958803
7420	0.966703	0.999556	0.999547	0.849707	0.960081	0.959269
7430	0.966758	0.999556	0.999547	0.849833	0.960081	0.959269
7440	0.966831	0.999556	0.999547	0.849911	0.959576	0.958809
7450	0.966897	0.999556	0.999547	0.849983	0.959576	0.958809
7460	0.966976	0.999556	0.999547	0.850085	0.959576	0.958809
7470	0.967046	0.999556	0.999547	0.850190	0.959576	0.958809
7480	0.967096	0.999556	0.999547	0.850250	0.959576	0.958809
7490	0.967161	0.999556	0.999547	0.850293	0.959576	0.958809
7500	0.967215	0.999556	0.999547	0.850362	0.959576	0.958809
7510	0.967282	0.999612	0.999603	0.850429	0.959576	0.958809
7520	0.967353	0.999612	0.999603	0.850562	0.959576	0.958809
7530	0.967407	0.999612	0.999603	0.850646	0.959576	0.958809
7540	0.967471	0.999612	0.999603	0.850674	0.959576	0.958809
7550	0.967533	0.999612	0.999603	0.850792	0.959576	0.958809
7560	0.967599	0.999612	0.999604	0.850907	0.959576	0.958809
7570	0.967673	0.999612	0.999604	0.850983	0.960081	0.959304
7580	0.967744	0.999612	0.999604	0.851080	0.960081	0.959304
7590	0.967778	0.999612	0.999604	0.851117	0.960081	0.959304
7600	0.967833	0.999612	0.999604	0.851162	0.959576	0.958809
7610	0.967931	0.999612	0.999604	0.851265	0.959576	0.958809
7620	0.967975	0.999612	0.999604	0.851322	0.959576	0.958809
7630	0.968049	0.999612	0.999604	0.851414	0.959576	0.958809
7640	0.968113	0.999612	0.999604	0.851495	0.959576	0.958809
7650	0.968168	0.999612	0.999604	0.851570	0.959576	0.958809
7660	0.968228	0.999612	0.999604	0.851622	0.959576	0.958809
7670	0.968311	0.999612	0.999604	0.851669	0.960081	0.959304
7680	0.968357	0.999612	0.999604	0.851739	0.960081	0.959275
7690	0.968423	0.999612	0.999604	0.851773	0.960081	0.959302
7700	0.968487	0.999612	0.999604	0.851833	0.960081	0.959302
7710	0.968547	0.999612	0.999604	0.851890	0.960081	0.959304
7720	0.968597	0.999612	0.999603	0.851931	0.960081	0.959304
7730	0.968648	0.999612	0.999603	0.852009	0.960081	0.959304
7740	0.968695	0.999612	0.999604	0.852065	0.960081	0.959304
7750	0.968742	0.999612	0.999604	0.852135	0.960081	0.959304
7760	0.968789	0.999612	0.999604	0.852158	0.960081	0.959304
7770	0.968846	0.999612	0.999603	0.852206	0.960081	0.959304
7780	0.968910	0.999612	0.999604	0.852258	0.960081	0.959304
7790	0.968972	0.999612	0.999604	0.852336	0.960081	0.959304
7800	0.969031	0.999612	0.999604	0.852403	0.960081	0.959304
7810	0.969072	0.999612	0.999604	0.852469	0.959576	0.958753
7820	0.969127	0.999612	0.999604	0.852585	0.959576	0.958753
7830	0.969189	0.999612	0.999604	0.852686	0.959576	0.958753
7840	0.969253	0.999612	0.999604	0.852742	0.959576	0.958753
7850	0.969311	0.999612	0.999604	0.852831	0.959576	0.958753
7860	0.969373	0.999612	0.999604	0.852879	0.959576	0.958753
7870	0.969443	0.999612	0.999604	0.852961	0.959576	0.958753
7880	0.969496	0.999612	0.999604	0.853074	0.959576	0.958757
7890	0.969541	0.999612	0.999604	0.853077	0.959576	0.958757
7900	0.969610	0.999612	0.999604	0.853155	0.959576	0.958757
7910	0.969664	0.999612	0.999604	0.853181	0.959576	0.958757
7920	0.969755	0.999612	0.999604	0.853332	0.959576	0.958753
7930	0.969810	0.999612	0.999604	0.853469	0.959576	0.958757
7940	0.969863	0.999612	0.999604	0.853572	0.959576	0.958846
7950	0.969920	0.999612	0.999604	0.853673	0.959576	0.958846
7960	0.969968	0.999612	0.999604	0.853701	0.959576	0.958846
7970	0.970026	0.999612	0.999604	0.853784	0.959576	0.958846
7980	0.970074	0.999612	0.999604	0.853839	0.959576	0.958846
7990	0.970129	0.999612	0.999604	0.853853	0.959070	0.958312
8000	0.970183	0.999612	0.999604	0.853897	0.959070	0.958316
8010	0.970236	0.999612	0.999604	0.853957	0.959070	0.958312
8020	0.970297	0.999612	0.999604	0.853993	0.959070	0.958312
8030	0.970351	0.999612	0.999604	0.854071	0.959070	0.958312
8040	0.970422	0.999612	0.999604	0.854213	0.959070	0.958312
8050	0.970480	0.999612	0.999604	0.854283	0.959576	0.958842
8060	0.970546	0.999612	0.999604	0.854331	0.959070	0.958312
8070	0.970596	0.999612	0.999604	0.854410	0.959576	0.958842
8080	0.970669	0.999612	0.999604	0.854454	0.959576	0.958842
8090	0.970733	0.999612	0.999604	0.854535	0.959576	0.958842
8100	0.970783	0.999612	0.999604	0.854575	0.959576	0.958842
8110	0.970829	0.999612	0.999604	0.854593	0.959576	0.958842
8120	0.970877	0.999612	0.999604	0.854635	0.959576	0.958842
8130	0.970928	0.999612	0.999604	0.854667	0.959576	0.958842
8140	0.971000	0.999612	0.999604	0.854760	0.959576	0.958842
8150	0.971053	0.999667	0.999661	0.854837	0.959576	0.958842
8160	0.971096	0.999667	0.999661	0.854866	0.959576	0.958842
8170	0.971147	0.999667	0.999661	0.854975	0.959576	0.958842
8180	0.971195	0.999667	0.999661	0.855052	0.959576	0.958842
8190	0.971248	0.999667	0.999661	0.855095	0.959576	0.958842
8200	0.971310	0.999667	0.999661	0.855180	0.959576	0.958842
8210	0.971358	0.999667	0.999661	0.855267	0.959576	0.958842
8220	0.971410	0.999667	0.999661	0.855221	0.959576	0.958842
8230	0.971461	0.999723	0.999718	0.855265	0.959576	0.958842
8240	0.971509	0.999723	0.999718	0.855346	0.959576	0.958842
8250	0.971560	0.999723	0.999718	0.855335	0.959576	0.958842
8260	0.971608	0.999723	0.999718	0.855357	0.959576	0.958842
8270	0.971660	0.999723	0.999718	0.855380	0.959576	0.958842
8280	0.971721	0.999723	0.999718	0.855481	0.959576	0.958842
8290	0.971786	0.999723	0.999718	0.855518	0.959576	0.958842
8300	0.971866	0.999723	0.999718	0.855574	0.959576	0.958842
8310	0.971911	0.999723	0.999718	0.855612	0.959576	0.958842
8320	0.971974	0.999723	0.999718	0.855726	0.959576	0.958842
8330	0.972018	0.999723	0.999718	0.855831	0.959576	0.958842
8340	0.972078	0.999723	0.999718	0.855888	0.960081	0.959376
8350	0.972118	0.999723	0.999718	0.855928	0.960081	0.959376
8360	0.972159	0.999723	0.999718	0.855988	0.960081	0.959376
8370	0.972202	0.999723	0.999718	0.856100	0.960081	0.959376
8380	0.972250	0.999778	0.999774	0.856162	0.960081	0.959376
8390	0.972293	0.999778	0.999774	0.856197	0.960081	0.959376
8400	0.972352	0.999723	0.999718	0.856267	0.960081	0.959376
8410	0.972395	0.999778	0.999774	0.856313	0.960081	0.959376
8420	0.972434	0.999778	0.999774	0.856335	0.960081	0.959376
8430	0.972485	0.999778	0.999774	0.856432	0.960586	0.959946
8440	0.972527	0.999723	0.999718	0.856424	0.960586	0.959946
8450	0.972574	0.999778	0.999773	0.856486	0.960081	0.959376
8460	0.972606	0.999778	0.999774	0.856511	0.960081	0.959376
8470	0.972648	0.999778	0.999774	0.856594	0.960081	0.959376
8480	0.972709	0.999778	0.999774	0.856601	0.960586	0.959946
8490	0.972755	0.999778	0.999774	0.856630	0.960081	0.959450
8500	0.972801	0.999778	0.999773	0.856716	0.960586	0.959946
8510	0.972845	0.999778	0.999773	0.856735	0.960081	0.959376
8520	0.972910	0.999778	0.999773	0.856815	0.960586	0.959946
8530	0.972949	0.999778	0.999773	0.856858	0.960586	0.959946
8540	0.973012	0.999778	0.999773	0.856932	0.960586	0.959946
8550	0.973056	0.999778	0.999774	0.856996	0.960586	0.959946
8560	0.973095	0.999778	0.999774	0.857003	0.960586	0.959946
8570	0.973141	0.999778	0.999774	0.857019	0.960586	0.959946
8580	0.973181	0.999778	0.999774	0.857089	0.960081	0.959416
8590	0.973225	0.999778	0.999773	0.857145	0.960081	0.959416
8600	0.973267	0.999778	0.999773	0.857209	0.960586	0.959946
8610	0.973314	0.999778	0.999773	0.857259	0.960586	0.959946
8620	0.973352	0.999778	0.999774	0.857356	0.960586	0.959946
8630	0.973393	0.999778	0.999773	0.857422	0.960586	0.959946
8640	0.973431	0.999778	0.999773	0.857452	0.960586	0.959946
8650	0.973473	0.999778	0.999773	0.857435	0.960586	0.959946
8660	0.973513	0.999778	0.999773	0.857463	0.960586	0.959946
8670	0.973548	0.999778	0.999773	0.857530	0.960586	0.959946
8680	0.973596	0.999834	0.999830	0.857577	0.960586	0.959946
8690	0.973635	0.999834	0.999830	0.857660	0.961091	0.960412
8700	0.973685	0.999778	0.999773	0.857730	0.961091	0.960412
8710	0.973723	0.999834	0.999830	0.857752	0.961091	0.960412
8720	0.973770	0.999834	0.999830	0.857805	0.961091	0.960412
8730	0.973816	0.999834	0.999830	0.857852	0.961091	0.960412
8740	0.973858	0.999834	0.999830	0.857881	0.960586	0.959946
8750	0.973899	0.999889	0.999887	0.857933	0.960586	0.959946
8760	0.973960	0.999889	0.999887	0.857964	0.961091	0.960412
8770	0.974011	0.999889	0.999887	0.858002	0.961091	0.960412
8780	0.974090	0.999889	0.999887	0.858098	0.961091	0.960412
8790	0.974148	0.999889	0.999887	0.858216	0.961091	0.960412
8800	0.974193	0.999889	0.999887	0.858305	0.961091	0.960412
8810	0.974235	0.999889	0.999887	0.858362	0.961091	0.960412
8820	0.974283	0.999889	0.999887	0.858371	0.961091	0.960412
8830	0.974339	0.999889	0.999887	0.858408	0.960586	0.959946
8840	0.974370	0.999889	0.999887	0.858451	0.960586	0.959946
8850	0.974421	0.999889	0.999887	0.858506	0.960586	0.959946
8860	0.974457	0.999889	0.999887	0.858566	0.961091	0.960412
8870	0.974490	0.999889	0.999887	0.858552	0.961091	0.960412
8880	0.974538	0.999889	0.999887	0.858587	0.961091	0.960412
8890	0.974580	0.999889	0.999887	0.858644	0.961091	0.960412
8900	0.974620	0.999889	0.999887	0.858743	0.961091	0.960412
8910	0.974670	0.999889	0.999887	0.858810	0.961091	0.960412
8920	0.974715	0.999889	0.999887	0.858855	0.961091	0.960412
8930	0.974762	0.999889	0.999887	0.858886	0.960586	0.959946
8940	0.974805	0.999889	0.999887	0.858912	0.960586	0.959946
8950	0.974850	0.999889	0.999887	0.858934	0.960586	0.959946
8960	0.974882	0.999889	0.999887	0.858964	0.960586	0.959946
8970	0.974924	0.999889	0.999887	0.859012	0.960586	0.959946
8980	0.974965	0.999889	0.999887	0.859035	0.961091	0.960412
8990	0.975009	0.999889	0.999887	0.859067	0.960586	0.959946
9000	0.975043	0.999889	0.999887	0.859079	0.960586	0.959946
9010	0.975086	0.999889	0.999887	0.859125	0.960586	0.959946
9020	0.975133	0.999889	0.999887	0.859181	0.960586	0.959946
9030	0.975172	0.999889	0.999887	0.859240	0.960586	0.959946
9040	0.975214	0.999945	0.999944	0.859282	0.960586	0.959946
9050	0.975248	0.999945	0.999944	0.859298	0.960586	0.959946
9060	0.975288	0.999945	0.999944	0.859318	0.960586	0.959946
9070	0.975322	0.999945	0.999944	0.859363	0.960586	0.959946
9080	0.975361	0.999945	0.999944	0.859414	0.960586	0.959946
9090	0.975398	0.999945	0.999944	0.859444	0.960586	0.959946
9100	0.975434	0.999945	0.999944	0.859512	0.961091	0.960505
