10	0.065824	0.358879	0.346001	0.063615	0.338286	0.342021
20	0.105261	0.598632	0.614141	0.101105	0.582962	0.596337
30	0.155774	0.678383	0.688796	0.150620	0.669143	0.677045
40	0.193084	0.708915	0.714613	0.185738	0.698366	0.703666
50	0.217514	0.729325	0.732140	0.209518	0.717187	0.720768
60	0.243247	0.745342	0.747081	0.233535	0.734522	0.737228
70	0.267948	0.755186	0.755991	0.258198	0.743933	0.745485
80	0.287381	0.767254	0.766427	0.276464	0.755820	0.754353
90	0.304565	0.777209	0.774431	0.292197	0.761268	0.758388
100	0.321402	0.782771	0.779413	0.307785	0.767707	0.764006
110	0.335881	0.791447	0.786584	0.320946	0.773155	0.768103
120	0.353814	0.802013	0.795927	0.336994	0.781575	0.775904
130	0.369119	0.808409	0.801648	0.350181	0.792472	0.786024
140	0.383352	0.814582	0.806868	0.362286	0.795939	0.789069
150	0.394606	0.822146	0.813911	0.372601	0.800396	0.792776
160	0.406744	0.827206	0.817966	0.384229	0.806340	0.797555
170	0.417797	0.832935	0.823172	0.394264	0.810302	0.801064
180	0.429620	0.837662	0.827687	0.405429	0.818722	0.809065
190	0.440424	0.843390	0.832768	0.414256	0.823675	0.813032
200	0.449712	0.848451	0.837239	0.421690	0.826152	0.815214
210	0.459209	0.851955	0.840580	0.429889	0.830114	0.819015
220	0.466694	0.855737	0.843966	0.436326	0.830609	0.819098
230	0.476138	0.857461	0.845468	0.443762	0.831600	0.819931
240	0.484603	0.860631	0.848263	0.450625	0.840020	0.827538
250	0.494811	0.863912	0.851007	0.459590	0.841010	0.828402
260	0.502255	0.866303	0.853252	0.465632	0.842992	0.830203
270	0.509526	0.868139	0.854758	0.471589	0.844973	0.831896
280	0.516613	0.870419	0.856861	0.477824	0.846459	0.833344
290	0.522445	0.872032	0.858319	0.482933	0.847449	0.834159
300	0.529965	0.874812	0.860722	0.489601	0.852402	0.838523
310	0.535703	0.876592	0.862331	0.493665	0.851412	0.837380
320	0.540601	0.878594	0.864355	0.497619	0.851907	0.838117
330	0.545289	0.880707	0.866254	0.501309	0.852897	0.839205
340	0.550979	0.882654	0.868018	0.506009	0.852402	0.838493
350	0.556867	0.884545	0.869648	0.511113	0.855374	0.840783
360	0.561732	0.886380	0.871173	0.515484	0.859336	0.844485
370	0.566402	0.888493	0.873202	0.518963	0.858841	0.844019
380	0.571249	0.890885	0.875386	0.523133	0.860822	0.845757
390	0.576161	0.892053	0.876437	0.527171	0.861813	0.846663
400	0.582063	0.893165	0.877434	0.532803	0.865280	0.849774
410	0.587273	0.895501	0.879623	0.537481	0.866766	0.851010
420	0.592078	0.896891	0.880901	0.542183	0.868252	0.852678
430	0.596625	0.898226	0.882069	0.546324	0.869737	0.854072
440	0.602143	0.900895	0.884556	0.552490	0.872709	0.856754
450	0.605956	0.902341	0.885961	0.555238	0.874195	0.858182
460	0.610097	0.904288	0.887738	0.558778	0.876672	0.860556
470	0.613537	0.906012	0.889359	0.561118	0.878158	0.861834
480	0.616858	0.905956	0.889261	0.564069	0.878158	0.861880
490	0.620101	0.907235	0.890440	0.566541	0.878653	0.862187
500	0.623355	0.908014	0.891176	0.568692	0.877662	0.861547
510	0.628071	0.909516	0.892486	0.572139	0.881129	0.864738
520	0.631489	0.910683	0.893658	0.575130	0.880634	0.864385
530	0.634724	0.911851	0.894772	0.578338	0.882120	0.865703
540	0.638503	0.912908	0.895739	0.581931	0.882120	0.865416
550	0.641809	0.913409	0.896162	0.585058	0.883606	0.866852
560	0.645784	0.915466	0.897985	0.587845	0.885092	0.868359
570	0.649124	0.916579	0.899095	0.590514	0.885587	0.868860
580	0.652488	0.917357	0.899808	0.593270	0.885587	0.868816
590	0.655608	0.918636	0.901002	0.596662	0.887568	0.870777
600	0.658289	0.919359	0.901706	0.598845	0.889054	0.872258
610	0.661900	0.920917	0.903172	0.602565	0.889549	0.872560
620	0.665182	0.922585	0.904707	0.605208	0.891035	0.874021
630	0.668097	0.923364	0.905417	0.607288	0.891035	0.873840
640	0.671834	0.924309	0.906309	0.610510	0.891530	0.874257
650	0.674313	0.924754	0.906746	0.612387	0.893016	0.875829
660	0.677075	0.926033	0.908010	0.614830	0.893512	0.876207
670	0.679489	0.926812	0.908769	0.616682	0.894502	0.877075
680	0.682050	0.927646	0.909520	0.619011	0.896483	0.879050
690	0.684269	0.928424	0.910246	0.621192	0.897474	0.880003
700	0.686448	0.928758	0.910577	0.623056	0.896483	0.879152
710	0.688844	0.929426	0.911181	0.625116	0.897474	0.880066
720	0.691368	0.930093	0.911815	0.627810	0.898465	0.880979
730	0.693668	0.930983	0.912652	0.629267	0.899455	0.881885
740	0.695680	0.931650	0.913310	0.630385	0.899950	0.882235
750	0.697545	0.931984	0.913636	0.630984	0.898465	0.880960
760	0.699557	0.932429	0.914084	0.632758	0.898960	0.881421
770	0.701199	0.932985	0.914604	0.634088	0.898465	0.881048
780	0.703198	0.933652	0.915262	0.635830	0.899455	0.881888
790	0.705235	0.933875	0.915454	0.637544	0.900446	0.882900
800	0.706879	0.934431	0.915968	0.638910	0.899950	0.882372
810	0.708366	0.935043	0.916546	0.640368	0.899950	0.882414
820	0.710392	0.935543	0.917025	0.642090	0.898465	0.880936
830	0.712607	0.935821	0.917290	0.644051	0.899950	0.882249
840	0.714676	0.936210	0.917668	0.645322	0.902922	0.885163
850	0.716532	0.936989	0.918413	0.646765	0.901932	0.884263
860	0.718457	0.937490	0.918905	0.648281	0.901436	0.883730
870	0.720027	0.938101	0.919469	0.649608	0.901436	0.883804
880	0.721835	0.938880	0.920211	0.650760	0.901932	0.884186
890	0.723635	0.939102	0.920395	0.652293	0.902427	0.884709
900	0.725432	0.939214	0.920486	0.653254	0.902427	0.884703
910	0.727055	0.939881	0.921150	0.654263	0.900941	0.883004
920	0.728709	0.940326	0.921572	0.655942	0.901932	0.884101
930	0.730263	0.940604	0.921861	0.657380	0.901436	0.883609
940	0.731736	0.941327	0.922558	0.658778	0.901932	0.884059
950	0.732982	0.941438	0.922660	0.659695	0.903418	0.885519
960	0.734306	0.941772	0.922959	0.660734	0.902922	0.885109
970	0.735806	0.942272	0.923458	0.662017	0.903418	0.885441
980	0.737069	0.942495	0.923659	0.663070	0.903418	0.885774
990	0.738834	0.942717	0.923854	0.664412	0.903913	0.886089
1000	0.740570	0.943329	0.924444	0.666031	0.905399	0.887477
1010	0.741815	0.943774	0.924875	0.666984	0.904903	0.886983
1020	0.743415	0.943885	0.924993	0.668213	0.905894	0.887963
1030	0.745095	0.944497	0.925572	0.669458	0.907380	0.889167
1040	0.746556	0.944886	0.925967	0.670594	0.906885	0.888724
1050	0.747682	0.945053	0.926157	0.671807	0.906885	0.888691
1060	0.748867	0.945442	0.926539	0.672686	0.906389	0.888380
1070	0.750050	0.945832	0.926894	0.673312	0.906885	0.888790
1080	0.751266	0.945943	0.926982	0.674306	0.907875	0.889645
1090	0.752627	0.946555	0.927615	0.675030	0.906389	0.888262
1100	0.753815	0.946722	0.927737	0.676259	0.906885	0.888789
1110	0.755110	0.946888	0.927904	0.676950	0.906885	0.888835
1120	0.756198	0.947111	0.928115	0.677868	0.906885	0.888651
1130	0.757179	0.947445	0.928418	0.678748	0.907380	0.889011
1140	0.758381	0.947611	0.928624	0.679735	0.908370	0.890085
1150	0.759778	0.948112	0.929097	0.680880	0.907875	0.889589
1160	0.760694	0.948390	0.929353	0.681561	0.907380	0.889067
1170	0.761697	0.948557	0.929541	0.682347	0.907875	0.889608
1180	0.763047	0.948835	0.929788	0.683147	0.908866	0.890432
1190	0.764185	0.948890	0.929883	0.683772	0.908370	0.890209
1200	0.765236	0.949113	0.930108	0.684287	0.906885	0.888761
1210	0.766190	0.949113	0.930121	0.685230	0.906389	0.888548
1220	0.767121	0.949558	0.930572	0.686043	0.905894	0.888065
1230	0.768213	0.949780	0.930759	0.686995	0.906885	0.888903
1240	0.769220	0.950058	0.931024	0.687615	0.905894	0.887993
1250	0.770191	0.949892	0.930801	0.688477	0.905894	0.887825
1260	0.771100	0.949947	0.930849	0.689297	0.906389	0.888285
1270	0.771831	0.950058	0.930910	0.689937	0.905894	0.887878
1280	0.772857	0.950392	0.931308	0.690450	0.905894	0.887964
1290	0.773943	0.950392	0.931269	0.691535	0.907380	0.889314
1300	0.775139	0.950781	0.951168	0.692692	0.907875	0.909199
1310	0.776365	0.950726	0.951108	0.693737	0.908370	0.909673
1320	0.777328	0.950893	0.951277	0.694562	0.909856	0.911176
1330	0.778798	0.952617	0.952907	0.695707	0.909856	0.911152
1340	0.780121	0.953785	0.954049	0.697047	0.911342	0.912582
1350	0.781217	0.956065	0.956282	0.697946	0.913819	0.914988
1360	0.782414	0.957233	0.957460	0.699011	0.915800	0.917025
1370	0.783472	0.958345	0.958544	0.699837	0.918276	0.919399
1380	0.784462	0.959513	0.959699	0.700585	0.917286	0.918458
1390	0.785348	0.961014	0.961193	0.701392	0.917781	0.918946
1400	0.786347	0.961626	0.961796	0.702219	0.918276	0.919381
1410	0.787563	0.962905	0.963080	0.703155	0.919762	0.920901
1420	0.788829	0.964685	0.964845	0.704229	0.921248	0.922269
1430	0.790047	0.965241	0.965398	0.705135	0.922239	0.923260
1440	0.791375	0.966020	0.966152	0.706304	0.923725	0.924717
1450	0.792376	0.967132	0.967238	0.707121	0.924220	0.925262
1460	0.793405	0.967521	0.967614	0.708085	0.923725	0.924717
1470	0.794872	0.968133	0.968242	0.709442	0.923725	0.924695
1480	0.796060	0.968856	0.968950	0.710423	0.924220	0.925229
1490	0.797338	0.969245	0.969322	0.711437	0.923725	0.924799
1500	0.798437	0.969801	0.969860	0.712410	0.923725	0.924799
1510	0.799845	0.970636	0.970684	0.713540	0.923725	0.924799
1520	0.800869	0.970969	0.971017	0.714383	0.923725	0.924799
1530	0.802114	0.971525	0.971544	0.715464	0.924715	0.925619
1540	0.803118	0.971581	0.971602	0.716314	0.925706	0.926592
1550	0.804191	0.971859	0.971886	0.716977	0.925706	0.926592
1560	0.805115	0.972026	0.972039	0.717817	0.925706	0.926592
1570	0.805887	0.972638	0.972644	0.718580	0.926696	0.927466
1580	0.806865	0.972860	0.972867	0.719336	0.927192	0.927965
1590	0.807874	0.973194	0.973185	0.720155	0.927687	0.928427
1600	0.808959	0.973750	0.973743	0.721019	0.926696	0.927573
1610	0.809831	0.974084	0.974077	0.721817	0.926201	0.927032
1620	0.810912	0.974362	0.974348	0.722763	0.926696	0.927437
1630	0.811691	0.974751	0.974728	0.723408	0.928182	0.928907
1640	0.812749	0.975530	0.975497	0.724239	0.927687	0.928483
1650	0.813626	0.975808	0.975766	0.724980	0.929173	0.929866
1660	0.814552	0.976030	0.975982	0.725752	0.929668	0.930430
1670	0.815458	0.976364	0.976315	0.726726	0.929668	0.930340
1680	0.816473	0.976864	0.976814	0.727488	0.930659	0.931342
1690	0.817332	0.977087	0.977034	0.728241	0.930659	0.931393
1700	0.818245	0.977365	0.977314	0.729102	0.930659	0.931265
1710	0.818997	0.977587	0.977533	0.729920	0.931649	0.932217
1720	0.819841	0.977921	0.977865	0.730672	0.931649	0.932217
1730	0.820573	0.978310	0.978250	0.731290	0.931154	0.931779
1740	0.821752	0.978755	0.978691	0.732377	0.931154	0.931779
1750	0.822484	0.978589	0.978517	0.733042	0.931154	0.931779
1760	0.823386	0.979033	0.978960	0.733759	0.931154	0.931779
1770	0.824173	0.979311	0.979239	0.734487	0.931649	0.932280
1780	0.825167	0.979868	0.979805	0.735358	0.931649	0.932280
1790	0.825960	0.979645	0.979582	0.735986	0.931649	0.932280
1800	0.826804	0.979923	0.979857	0.736600	0.931649	0.932280
1810	0.827599	0.979868	0.979797	0.737253	0.932145	0.932745
1820	0.828323	0.980146	0.980079	0.737796	0.932145	0.932764
1830	0.829025	0.980090	0.980019	0.738355	0.932145	0.932791
1840	0.829809	0.980313	0.980245	0.738853	0.932640	0.933298
1850	0.830477	0.980146	0.980076	0.739429	0.933135	0.933756
1860	0.831199	0.980646	0.980587	0.740117	0.933135	0.933756
1870	0.831906	0.980757	0.980700	0.740632	0.933135	0.933756
1880	0.832623	0.980813	0.980752	0.741055	0.934126	0.934643
1890	0.833306	0.980924	0.980859	0.741704	0.934621	0.935099
1900	0.833895	0.981091	0.981029	0.742367	0.934621	0.935098
1910	0.834590	0.981091	0.981031	0.742951	0.934621	0.935099
1920	0.835436	0.981202	0.981142	0.743488	0.934621	0.935098
1930	0.836004	0.981202	0.981136	0.744040	0.933631	0.934150
1940	0.836683	0.981202	0.981140	0.744822	0.933135	0.933605
1950	0.837272	0.981592	0.981525	0.745375	0.934126	0.934582
1960	0.837970	0.981592	0.981524	0.745905	0.933631	0.934117
1970	0.838364	0.981759	0.981689	0.746268	0.933135	0.933627
1980	0.838969	0.981759	0.981687	0.746776	0.934126	0.934593
1990	0.839726	0.981870	0.981793	0.747441	0.934621	0.935082
2000	0.840372	0.981925	0.981846	0.747896	0.934621	0.935070
2010	0.841007	0.981981	0.981901	0.748661	0.934621	0.935070
2020	0.841776	0.982148	0.982072	0.749347	0.935116	0.935535
2030	0.842361	0.982315	0.982236	0.749840	0.934621	0.935082
2040	0.842975	0.982203	0.982128	0.750413	0.935116	0.935535
2050	0.843623	0.982370	0.982291	0.751040	0.935612	0.936025
2060	0.844294	0.982482	0.982398	0.751597	0.936107	0.936512
2070	0.844919	0.982760	0.982674	0.752068	0.935612	0.936022
2080	0.845571	0.982815	0.982730	0.752561	0.936107	0.936512
2090	0.846125	0.982815	0.982729	0.753022	0.936602	0.937019
2100	0.846717	0.982760	0.982672	0.753450	0.936107	0.936566
2110	0.847254	0.983038	0.982955	0.753836	0.936602	0.937019
2120	0.847747	0.983093	0.983011	0.754238	0.936602	0.937019
2130	0.848378	0.983371	0.983290	0.754760	0.936602	0.937031
2140	0.849143	0.983483	0.983400	0.755465	0.936602	0.937016
2150	0.849691	0.983705	0.983613	0.755805	0.937098	0.937481
2160	0.850289	0.983761	0.983667	0.756328	0.937593	0.937934
2170	0.850863	0.983761	0.983658	0.756961	0.937593	0.937934
2180	0.851495	0.983816	0.983718	0.757665	0.937098	0.937469
2190	0.852020	0.983816	0.983720	0.758166	0.936602	0.937011
2200	0.852512	0.983761	0.983662	0.758689	0.937098	0.937476
2210	0.853098	0.983927	0.983832	0.759270	0.936602	0.937011
2220	0.853567	0.983927	0.983829	0.759738	0.936602	0.936967
2230	0.854272	0.984150	0.984046	0.760305	0.937593	0.937968
2240	0.854742	0.984261	0.984166	0.760666	0.938583	0.938887
2250	0.855256	0.984372	0.984278	0.761094	0.937593	0.937976
2260	0.855844	0.984484	0.984388	0.761883	0.938088	0.938406
2270	0.856528	0.984428	0.984338	0.762422	0.939079	0.939389
2280	0.856982	0.984484	0.984393	0.762706	0.940069	0.940312
2290	0.857477	0.984595	0.984502	0.763118	0.940069	0.940302
2300	0.857865	0.984539	0.984448	0.763271	0.939079	0.939335
2310	0.858475	0.984539	0.984444	0.763780	0.939574	0.939839
2320	0.858893	0.984650	0.984562	0.764065	0.938583	0.938876
2330	0.859318	0.984650	0.984557	0.764478	0.939079	0.939335
2340	0.859766	0.984929	0.984836	0.764825	0.938088	0.938381
2350	0.860089	0.984929	0.984835	0.765078	0.939079	0.939329
2360	0.860716	0.984929	0.984837	0.765574	0.938583	0.938891
2370	0.861221	0.984929	0.984833	0.765849	0.938583	0.938864
2380	0.861628	0.985095	0.985005	0.766235	0.938583	0.938864
2390	0.862194	0.985151	0.985060	0.766769	0.939574	0.939904
2400	0.862759	0.985207	0.985116	0.767155	0.939574	0.939864
2410	0.863286	0.985318	0.985224	0.767588	0.939574	0.939811
2420	0.863766	0.985373	0.985276	0.767977	0.939574	0.939811
2430	0.864230	0.985429	0.985333	0.768496	0.939079	0.939343
2440	0.864939	0.985429	0.985333	0.768835	0.939079	0.939325
2450	0.865419	0.985596	0.985498	0.769214	0.939079	0.939325
2460	0.865993	0.985596	0.985502	0.769698	0.939079	0.939325
2470	0.866522	0.985596	0.985501	0.770086	0.938583	0.938895
2480	0.866967	0.985652	0.985558	0.770354	0.938583	0.938895
2490	0.867488	0.985874	0.985780	0.770775	0.939574	0.939849
2500	0.867966	0.985874	0.985776	0.771115	0.939574	0.939849
2510	0.868348	0.985930	0.985833	0.771404	0.940565	0.940853
2520	0.868887	0.985930	0.985835	0.771780	0.941555	0.941847
2530	0.869432	0.985930	0.985835	0.772208	0.941060	0.941258
2540	0.869906	0.985930	0.985833	0.772602	0.941060	0.941258
2550	0.870330	0.985874	0.985781	0.772817	0.941060	0.941208
2560	0.870808	0.986096	0.986001	0.773206	0.941060	0.941250
2570	0.871363	0.986152	0.986055	0.773726	0.941060	0.941223
2580	0.871702	0.986208	0.986110	0.773997	0.942051	0.942148
2590	0.872142	0.986319	0.986222	0.774269	0.941555	0.941762
2600	0.872600	0.986375	0.986278	0.774561	0.940565	0.940687
2610	0.872966	0.986430	0.986336	0.774896	0.940565	0.940639
2620	0.873372	0.986486	0.986385	0.775202	0.942546	0.942744
2630	0.873820	0.986486	0.986383	0.775622	0.943041	0.943135
2640	0.874225	0.986597	0.986499	0.775931	0.943041	0.943135
2650	0.874685	0.986708	0.986608	0.776368	0.943041	0.943135
2660	0.875049	0.986764	0.986663	0.776588	0.942546	0.942705
2670	0.875619	0.986819	0.986720	0.777040	0.942546	0.942736
2680	0.876064	0.986764	0.986662	0.777220	0.943041	0.943135
2690	0.876443	0.986931	0.986826	0.777608	0.943536	0.943616
2700	0.876723	0.986986	0.986882	0.777866	0.943041	0.943086
2710	0.877106	0.987042	0.986942	0.778149	0.943041	0.943117
2720	0.877442	0.987042	0.986944	0.778383	0.943041	0.943196
2730	0.877864	0.987097	0.987000	0.778739	0.943041	0.943196
2740	0.878195	0.987264	0.987169	0.779121	0.942546	0.942689
2750	0.878592	0.987264	0.987168	0.779572	0.942546	0.942671
2760	0.878973	0.987264	0.987165	0.779914	0.942546	0.942641
2770	0.879348	0.987376	0.987276	0.780228	0.943041	0.943114
2780	0.879725	0.987542	0.987444	0.780531	0.943041	0.943105
2790	0.880071	0.987765	0.987662	0.780776	0.942546	0.942636
2800	0.880539	0.987932	0.987825	0.781209	0.942546	0.942636
2810	0.880937	0.987987	0.987881	0.781566	0.942546	0.942636
2820	0.881274	0.988099	0.987995	0.781951	0.942546	0.942675
2830	0.881632	0.988099	0.987997	0.782067	0.942546	0.942717
2840	0.882019	0.988099	0.987997	0.782344	0.942546	0.942691
2850	0.882448	0.988043	0.987939	0.782619	0.943041	0.943202
2860	0.882911	0.988099	0.987999	0.783119	0.943041	0.943035
2870	0.883304	0.988210	0.988111	0.783419	0.943041	0.943035
2880	0.883750	0.988154	0.988055	0.783910	0.943041	0.943035
2890	0.884140	0.988265	0.988165	0.784178	0.943536	0.943500
2900	0.884420	0.988265	0.988165	0.784396	0.943536	0.943507
2910	0.884697	0.988154	0.988054	0.784596	0.943041	0.943035
2920	0.885016	0.988154	0.988055	0.784914	0.943041	0.943035
2930	0.885338	0.988321	0.988216	0.785265	0.943536	0.943539
2940	0.885731	0.988377	0.988268	0.785656	0.943536	0.943484
2950	0.885978	0.988265	0.988159	0.785735	0.942546	0.942565
2960	0.886430	0.988488	0.988378	0.786054	0.943041	0.943015
2970	0.886823	0.988710	0.988600	0.786403	0.943041	0.943015
2980	0.887205	0.988710	0.988605	0.786736	0.943041	0.943052
2990	0.887541	0.988655	0.988550	0.786966	0.942546	0.942599
3000	0.887894	0.988877	0.988768	0.787164	0.943536	0.943626
3010	0.888249	0.988933	0.988831	0.787470	0.944032	0.944026
3020	0.888664	0.989100	0.989000	0.787707	0.944032	0.944026
3030	0.888945	0.989266	0.989168	0.787983	0.944527	0.944492
3040	0.889267	0.989433	0.989337	0.788246	0.944032	0.943994
3050	0.889663	0.989378	0.989281	0.788391	0.944032	0.943968
3060	0.890010	0.989322	0.989225	0.788684	0.944527	0.944432
3070	0.890303	0.989378	0.989283	0.789058	0.944527	0.944470
3080	0.890718	0.989489	0.989391	0.789309	0.945022	0.944916
3090	0.891102	0.989600	0.989502	0.789807	0.944527	0.944480
3100	0.891466	0.989489	0.989387	0.790252	0.945022	0.944953
3110	0.891753	0.989489	0.989391	0.790536	0.944527	0.944428
3120	0.892131	0.989656	0.989552	0.790985	0.944527	0.944428
3130	0.892442	0.989767	0.989668	0.791168	0.944527	0.944492
3140	0.892672	0.989711	0.989612	0.791332	0.944527	0.944507
3150	0.893120	0.989989	0.989893	0.791672	0.944527	0.944469
3160	0.893444	0.989989	0.989894	0.792009	0.945022	0.944965
3170	0.893708	0.990101	0.990004	0.792223	0.945518	0.945436
3180	0.894158	0.990212	0.990115	0.792471	0.945518	0.945463
3190	0.894434	0.990212	0.990115	0.792750	0.945518	0.945437
3200	0.894799	0.990156	0.990057	0.792891	0.945518	0.945476
3210	0.895025	0.990101	0.990007	0.793100	0.945518	0.945476
3220	0.895366	0.990434	0.990342	0.793426	0.945518	0.945418
3230	0.895687	0.990379	0.990284	0.793677	0.945518	0.945418
3240	0.896004	0.990490	0.990398	0.794041	0.945518	0.945418
3250	0.896266	0.990657	0.990565	0.794247	0.945518	0.945418
3260	0.896602	0.990712	0.990620	0.794625	0.945518	0.945388
3270	0.896898	0.990657	0.990560	0.794965	0.946013	0.945840
3280	0.897211	0.990768	0.990675	0.795224	0.946013	0.945840
3290	0.897519	0.990768	0.990675	0.795312	0.946013	0.945840
3300	0.897924	0.990824	0.990733	0.795612	0.946508	0.946306
3310	0.898185	0.990712	0.990621	0.795868	0.946508	0.946306
3320	0.898373	0.990768	0.990678	0.796085	0.946508	0.946306
3330	0.898701	0.990879	0.990788	0.796359	0.947003	0.946806
3340	0.899082	0.990935	0.990843	0.796679	0.947003	0.946806
3350	0.899318	0.991046	0.990955	0.796820	0.946508	0.946303
3360	0.899583	0.991102	0.991007	0.797070	0.946013	0.945814
3370	0.899841	0.991102	0.991008	0.797431	0.947003	0.946799
3380	0.900132	0.990990	0.990896	0.797724	0.947499	0.947340
3390	0.900438	0.991046	0.990954	0.797923	0.947499	0.947281
3400	0.900721	0.991046	0.990951	0.798189	0.947499	0.947311
3410	0.901049	0.991046	0.990951	0.798490	0.947003	0.946861
3420	0.901335	0.991102	0.991009	0.798701	0.947499	0.947389
3430	0.901633	0.991102	0.991010	0.798875	0.947003	0.946855
3440	0.901823	0.991324	0.991237	0.799046	0.947003	0.946903
3450	0.902093	0.991324	0.991237	0.799296	0.947003	0.946903
3460	0.902308	0.991269	0.991179	0.799457	0.947003	0.946903
3470	0.902585	0.991380	0.991292	0.799637	0.947499	0.947409
3480	0.902873	0.991380	0.991292	0.799840	0.946508	0.946404
3490	0.903166	0.991380	0.991293	0.799956	0.946508	0.946428
3500	0.903486	0.991324	0.991240	0.800255	0.947003	0.946899
3510	0.903770	0.991380	0.991297	0.800421	0.947003	0.946899
3520	0.904048	0.991435	0.991352	0.800564	0.946013	0.945836
3530	0.904350	0.991324	0.991243	0.800866	0.946013	0.945778
3540	0.904623	0.991324	0.991242	0.801158	0.946013	0.945778
3550	0.904910	0.991324	0.991242	0.801387	0.945518	0.945251
3560	0.905197	0.991435	0.991354	0.801576	0.946013	0.945778
3570	0.905496	0.991435	0.991356	0.801858	0.945518	0.945306
3580	0.905768	0.991435	0.991354	0.802095	0.946508	0.946246
3590	0.906062	0.991435	0.991353	0.802325	0.947499	0.947256
3600	0.906303	0.991435	0.991353	0.802582	0.947499	0.947256
3610	0.906532	0.991491	0.991411	0.802755	0.947994	0.947769
3620	0.906793	0.991491	0.991407	0.802975	0.947994	0.947793
3630	0.907014	0.991491	0.991408	0.803132	0.948489	0.948293
3640	0.907242	0.991547	0.991465	0.803384	0.947994	0.947796
3650	0.907444	0.991547	0.991464	0.803607	0.948489	0.948297
3660	0.907663	0.991547	0.991464	0.803819	0.948489	0.948297
3670	0.907919	0.991602	0.991520	0.804098	0.947994	0.947799
3680	0.908237	0.991602	0.991519	0.804448	0.948489	0.948297
3690	0.908486	0.991547	0.991463	0.804670	0.948489	0.948297
3700	0.908725	0.991658	0.991573	0.804858	0.948489	0.948297
3710	0.909079	0.991658	0.991572	0.805128	0.948489	0.948297
3720	0.909336	0.991713	0.991630	0.805324	0.948489	0.948297
3730	0.909654	0.991825	0.991742	0.805548	0.948985	0.948783
3740	0.909922	0.991825	0.991741	0.805781	0.948985	0.948783
3750	0.910204	0.991769	0.991686	0.805890	0.948489	0.948303
3760	0.910455	0.991880	0.991797	0.806142	0.948489	0.948303
3770	0.910669	0.991936	0.991853	0.806359	0.948489	0.948297
3780	0.910951	0.991992	0.991907	0.806576	0.949480	0.949290
3790	0.911179	0.991992	0.991909	0.806675	0.948489	0.948276
3800	0.911466	0.991992	0.991910	0.806828	0.948985	0.948784
3810	0.911743	0.991992	0.991911	0.807092	0.949480	0.949242
3820	0.912021	0.992214	0.992137	0.807368	0.948985	0.948784
3830	0.912267	0.992214	0.992137	0.807548	0.948985	0.948784
3840	0.912508	0.992158	0.992080	0.807750	0.949480	0.949242
3850	0.912673	0.992214	0.992136	0.807984	0.949480	0.949242
3860	0.912995	0.992214	0.992138	0.808291	0.948985	0.948757
3870	0.913224	0.992214	0.992138	0.808570	0.948985	0.948757
3880	0.913563	0.992214	0.992138	0.808743	0.948985	0.948792
3890	0.913883	0.992325	0.992249	0.808917	0.948985	0.948792
3900	0.914169	0.992436	0.992361	0.809238	0.948985	0.948792
3910	0.914376	0.992381	0.992304	0.809419	0.948985	0.948792
3920	0.914657	0.992436	0.992360	0.809669	0.948489	0.948307
3930	0.914897	0.992548	0.992470	0.809900	0.948985	0.948792
3940	0.915041	0.992659	0.992585	0.810042	0.948489	0.948307
3950	0.915307	0.992603	0.992528	0.810269	0.949480	0.949299
3960	0.915476	0.992603	0.992530	0.810340	0.948489	0.948361
3970	0.915784	0.992659	0.992584	0.810712	0.948489	0.948361
3980	0.916018	0.992603	0.992528	0.810987	0.948489	0.948361
3990	0.916318	0.992715	0.992637	0.811203	0.948489	0.948361
4000	0.916525	0.992881	0.992806	0.811380	0.948985	0.948840
4010	0.916721	0.992937	0.992866	0.811519	0.949480	0.949390
4020	0.916955	0.992937	0.992864	0.811688	0.949480	0.949390
4030	0.917173	0.992993	0.992918	0.811856	0.948985	0.948910
4040	0.917453	0.993048	0.992980	0.812016	0.948985	0.948910
4050	0.917582	0.993048	0.992980	0.812155	0.948985	0.948910
4060	0.917810	0.992993	0.992923	0.812429	0.948985	0.948910
4070	0.918035	0.992993	0.992923	0.812672	0.949480	0.949357
4080	0.918260	0.992937	0.992867	0.812865	0.949480	0.949357
4090	0.918429	0.993048	0.992979	0.813027	0.948985	0.948878
4100	0.918664	0.993104	0.993033	0.813184	0.948985	0.948878
4110	0.918951	0.993104	0.993034	0.813540	0.948985	0.948878
4120	0.919150	0.993048	0.992979	0.813732	0.949480	0.949357
4130	0.919377	0.993048	0.992978	0.813967	0.949975	0.949813
4140	0.919578	0.993048	0.992978	0.814099	0.949975	0.949813
4150	0.919783	0.993104	0.993032	0.814282	0.949975	0.949813
4160	0.920003	0.993104	0.993032	0.814562	0.949975	0.949813
4170	0.920282	0.993159	0.993086	0.814798	0.949480	0.949328
4180	0.920478	0.993271	0.993200	0.814956	0.949480	0.949328
4190	0.920713	0.993326	0.993254	0.815176	0.950471	0.950282
4200	0.920957	0.993326	0.993255	0.815450	0.950471	0.950282
4210	0.921116	0.993438	0.993366	0.815552	0.950471	0.950282
4220	0.921312	0.993438	0.993366	0.815780	0.950966	0.950731
4230	0.921477	0.993549	0.993481	0.815923	0.950966	0.950731
4240	0.921672	0.993604	0.993538	0.816210	0.950966	0.950731
4250	0.921938	0.993660	0.993593	0.816372	0.950471	0.950263
4260	0.922114	0.993660	0.993594	0.816499	0.950471	0.950263
4270	0.922353	0.993660	0.993595	0.816732	0.950471	0.950263
4280	0.922591	0.993716	0.993649	0.816937	0.950966	0.950731
4290	0.922757	0.993716	0.993648	0.817048	0.950966	0.950731
4300	0.922972	0.993716	0.993647	0.817257	0.950966	0.950731
4310	0.923141	0.993771	0.993703	0.817419	0.950966	0.950731
4320	0.923351	0.993827	0.993759	0.817531	0.950471	0.950246
4330	0.923598	0.993827	0.993758	0.817734	0.949975	0.949879
4340	0.923860	0.993882	0.993812	0.818008	0.949975	0.949813
4350	0.924034	0.993882	0.993812	0.818263	0.949975	0.949813
4360	0.924208	0.993938	0.993868	0.818363	0.949975	0.949813
4370	0.924426	0.993938	0.993866	0.818406	0.949975	0.949813
4380	0.924665	0.993938	0.993866	0.818709	0.949975	0.949813
4390	0.924883	0.993938	0.993866	0.818863	0.949975	0.949813
4400	0.925073	0.994049	0.993981	0.819045	0.949975	0.949813
4410	0.925268	0.994049	0.993980	0.819296	0.949975	0.949763
4420	0.925485	0.994105	0.994035	0.819433	0.949975	0.949763
4430	0.925712	0.994216	0.994149	0.819620	0.949975	0.949763
4440	0.925922	0.994272	0.994209	0.819705	0.949975	0.949763
4450	0.926049	0.994272	0.994208	0.819832	0.949975	0.949763
4460	0.926278	0.994383	0.994323	0.819989	0.949975	0.949763
4470	0.926476	0.994327	0.994266	0.820168	0.950471	0.950267
4480	0.926730	0.994327	0.994267	0.820271	0.950471	0.950267
4490	0.926967	0.994439	0.994381	0.820479	0.950471	0.950267
4500	0.927188	0.994494	0.994434	0.820662	0.950471	0.950267
4510	0.927434	0.994494	0.994434	0.820895	0.950471	0.950267
4520	0.927647	0.994550	0.994489	0.821067	0.950966	0.950717
4530	0.927803	0.994605	0.994544	0.821206	0.950471	0.950267
4540	0.927996	0.994661	0.994603	0.821418	0.950966	0.950717
4550	0.928237	0.994661	0.994600	0.821619	0.950966	0.950717
4560	0.928493	0.994661	0.994600	0.821813	0.950471	0.950168
4570	0.928702	0.994828	0.994770	0.822068	0.950471	0.950168
4580	0.928856	0.994828	0.994770	0.822125	0.951461	0.951267
4590	0.929078	0.994828	0.994770	0.822383	0.951461	0.951267
4600	0.929267	0.994883	0.994827	0.822645	0.951461	0.951267
4610	0.929483	0.994939	0.994883	0.822827	0.951461	0.951267
4620	0.929684	0.994939	0.994883	0.823016	0.950966	0.950717
4630	0.929894	0.994995	0.994938	0.823228	0.950966	0.950717
4640	0.930206	0.995050	0.994993	0.823521	0.950471	0.950226
4650	0.930399	0.995050	0.994992	0.823663	0.950471	0.950161
4660	0.930670	0.995106	0.995044	0.823897	0.950471	0.950226
4670	0.930867	0.995162	0.995098	0.824060	0.950471	0.950226
4680	0.931049	0.995162	0.995097	0.824141	0.950471	0.950226
4690	0.931287	0.995162	0.995099	0.824485	0.950471	0.950226
4700	0.931492	0.995217	0.995153	0.824670	0.950471	0.950267
4710	0.931733	0.995328	0.995264	0.824940	0.950471	0.950267
4720	0.931972	0.995273	0.995208	0.825132	0.950471	0.950216
4730	0.932168	0.995328	0.995264	0.825236	0.950471	0.950146
4740	0.932365	0.995328	0.995264	0.825385	0.950471	0.950146
4750	0.932559	0.995384	0.995318	0.825559	0.950471	0.950146
4760	0.932777	0.995384	0.995320	0.825728	0.949975	0.949722
4770	0.933025	0.995440	0.995375	0.825960	0.949975	0.949722
4780	0.933215	0.995495	0.995431	0.826139	0.949975	0.949722
4790	0.933380	0.995551	0.995488	0.826303	0.949975	0.949722
4800	0.933619	0.995551	0.995488	0.826452	0.949975	0.949722
4810	0.933847	0.995662	0.995602	0.826607	0.949480	0.949083
4820	0.934076	0.995662	0.995602	0.826726	0.949480	0.949080
4830	0.934297	0.995718	0.995657	0.826923	0.950471	0.950141
4840	0.934485	0.995662	0.995602	0.827054	0.950471	0.950141
4850	0.934663	0.995718	0.995657	0.827303	0.951461	0.951182
4860	0.934871	0.995662	0.995601	0.827537	0.951461	0.951182
4870	0.935060	0.995718	0.995656	0.827747	0.951461	0.951128
4880	0.935245	0.995718	0.995656	0.827903	0.951956	0.951630
4890	0.935427	0.995773	0.995712	0.828138	0.952452	0.952101
4900	0.935583	0.995773	0.995712	0.828282	0.952452	0.952101
4910	0.935758	0.995773	0.995712	0.828382	0.952947	0.952537
4920	0.935927	0.995829	0.995769	0.828598	0.952452	0.952101
4930	0.936110	0.995773	0.995712	0.828775	0.952452	0.952101
4940	0.936275	0.995773	0.995712	0.828896	0.952452	0.952101
4950	0.936464	0.995773	0.995711	0.829152	0.952452	0.952101
4960	0.936612	0.995885	0.995827	0.829251	0.951956	0.951560
4970	0.936731	0.995885	0.995828	0.829406	0.951956	0.951560
4980	0.936929	0.995996	0.995939	0.829521	0.951956	0.951560
4990	0.937066	0.996051	0.995993	0.829639	0.951956	0.951560
5000	0.937232	0.996051	0.995995	0.829773	0.951956	0.951575
5010	0.937444	0.996163	0.996107	0.830002	0.951956	0.951575
5020	0.937607	0.996218	0.996163	0.830124	0.951956	0.951575
5030	0.937823	0.996218	0.996162	0.830274	0.951956	0.951575
5040	0.937987	0.996218	0.996162	0.830330	0.952947	0.952514
5050	0.938196	0.996274	0.996219	0.830480	0.952947	0.952588
5060	0.938396	0.996385	0.996332	0.830617	0.952947	0.952538
5070	0.938598	0.996496	0.996445	0.830840	0.953442	0.953076
5080	0.938795	0.996496	0.996443	0.831060	0.953442	0.953126
5090	0.938993	0.996552	0.996500	0.831192	0.953442	0.953006
5100	0.939171	0.996663	0.996612	0.831432	0.953442	0.953106
5110	0.939330	0.996608	0.996556	0.831607	0.953938	0.953530
5120	0.939532	0.996608	0.996557	0.831710	0.953938	0.953577
5130	0.939703	0.996774	0.996725	0.831920	0.953938	0.953530
5140	0.939860	0.996719	0.996669	0.832030	0.953442	0.953060
5150	0.940022	0.996774	0.996726	0.832094	0.953442	0.953060
5160	0.940185	0.996941	0.996892	0.832253	0.953442	0.953060
5170	0.940339	0.996997	0.996946	0.832361	0.954433	0.954056
5180	0.940471	0.996997	0.996946	0.832541	0.953938	0.953586
5190	0.940564	0.996997	0.996946	0.832632	0.953938	0.953586
5200	0.940729	0.996941	0.996889	0.832803	0.953938	0.953586
5210	0.940878	0.997108	0.997059	0.832977	0.954433	0.954056
5220	0.941039	0.997219	0.997170	0.833100	0.954433	0.954056
5230	0.941234	0.997275	0.997230	0.833372	0.954433	0.954056
5240	0.941399	0.997219	0.997174	0.833549	0.954433	0.954056
5250	0.941546	0.997275	0.997230	0.833735	0.954433	0.954056
5260	0.941667	0.997275	0.997230	0.833835	0.954433	0.954056
5270	0.941819	0.997275	0.997230	0.833992	0.954433	0.954056
5280	0.941979	0.997331	0.997287	0.834135	0.954433	0.954056
5290	0.942191	0.997331	0.997287	0.834307	0.954928	0.954517
5300	0.942384	0.997442	0.997403	0.834479	0.954928	0.954517
5310	0.942541	0.997497	0.997458	0.834588	0.954928	0.954517
5320	0.942702	0.997497	0.997458	0.834791	0.955919	0.955455
5330	0.942843	0.997497	0.997459	0.834905	0.955423	0.954990
5340	0.943019	0.997553	0.997516	0.835123	0.955423	0.954990
5350	0.943183	0.997553	0.997516	0.835206	0.955423	0.954990
5360	0.943313	0.997553	0.997513	0.835405	0.955423	0.954990
5370	0.943479	0.997553	0.997513	0.835630	0.956414	0.955975
5380	0.943640	0.997553	0.997513	0.835827	0.956414	0.955975
5390	0.943791	0.997553	0.997513	0.835957	0.956414	0.955975
5400	0.943939	0.997664	0.997627	0.836066	0.956414	0.955975
5410	0.944137	0.997664	0.997627	0.836330	0.956414	0.955975
5420	0.944273	0.997720	0.997684	0.836461	0.956414	0.955975
5430	0.944436	0.997720	0.997684	0.836634	0.956414	0.955975
5440	0.944594	0.997720	0.997684	0.836767	0.955919	0.955437
5450	0.944730	0.997720	0.997684	0.836876	0.955919	0.955437
5460	0.944857	0.997720	0.997684	0.837000	0.955919	0.955437
5470	0.944982	0.997775	0.997741	0.837135	0.955919	0.955437
5480	0.945139	0.997831	0.997797	0.837300	0.955919	0.955451
5490	0.945266	0.997887	0.997853	0.837536	0.955423	0.954913
5500	0.945424	0.997831	0.997796	0.837687	0.955919	0.955373
5510	0.945560	0.997887	0.997853	0.837795	0.955919	0.955451
5520	0.945710	0.997887	0.997853	0.837905	0.955919	0.955373
5530	0.945850	0.997942	0.997906	0.837959	0.955423	0.954847
5540	0.945984	0.997942	0.997906	0.838161	0.955919	0.955364
5550	0.946117	0.997942	0.997906	0.838289	0.955919	0.955364
5560	0.946259	0.997942	0.997906	0.838448	0.955423	0.954903
5570	0.946448	0.997887	0.997853	0.838590	0.955423	0.954944
5580	0.946588	0.997887	0.997853	0.838801	0.955919	0.955478
5590	0.946734	0.997887	0.997853	0.839050	0.955919	0.955478
5600	0.946846	0.997942	0.997909	0.839146	0.955423	0.954944
5610	0.947029	0.997887	0.997853	0.839385	0.955919	0.955478
5620	0.947156	0.997887	0.997853	0.839521	0.955919	0.955419
5630	0.947268	0.997887	0.997854	0.839615	0.955919	0.955419
5640	0.947434	0.997942	0.997912	0.839725	0.955919	0.955419
5650	0.947533	0.997942	0.997912	0.839861	0.955919	0.955419
5660	0.947706	0.997942	0.997912	0.840105	0.956414	0.955879
5670	0.947910	0.997942	0.997912	0.840289	0.956414	0.955879
5680	0.948099	0.997942	0.997912	0.840456	0.956909	0.956376
5690	0.948241	0.997998	0.997971	0.840563	0.956414	0.955879
5700	0.948398	0.997942	0.997914	0.840833	0.957405	0.956847
5710	0.948542	0.997998	0.997971	0.840963	0.957900	0.957372
5720	0.948691	0.997998	0.997971	0.841186	0.957900	0.957372
5730	0.948794	0.997998	0.997970	0.841259	0.958395	0.957852
5740	0.948929	0.998054	0.998027	0.841506	0.958395	0.957852
5750	0.949068	0.998054	0.998027	0.841667	0.957900	0.957372
5760	0.949182	0.998054	0.998027	0.841744	0.957900	0.957372
5770	0.949300	0.998054	0.998028	0.841787	0.957900	0.957372
5780	0.949415	0.998109	0.998082	0.841838	0.957900	0.957372
5790	0.949608	0.998109	0.998081	0.842038	0.957900	0.957426
5800	0.949741	0.998109	0.998081	0.842206	0.957900	0.957372
5810	0.949853	0.998109	0.998081	0.842339	0.957900	0.957372
5820	0.949942	0.998109	0.998081	0.842452	0.957900	0.957372
5830	0.950063	0.998220	0.998193	0.842600	0.957900	0.957372
5840	0.950191	0.998220	0.998192	0.842775	0.957900	0.957431
5850	0.950316	0.998220	0.998193	0.842901	0.957900	0.957431
5860	0.950526	0.998276	0.998250	0.843131	0.957900	0.957431
5870	0.950639	0.998276	0.998250	0.843226	0.957900	0.957431
5880	0.950776	0.998276	0.998251	0.843380	0.957900	0.957431
5890	0.950882	0.998276	0.998251	0.843497	0.957405	0.956960
5900	0.951016	0.998332	0.998304	0.843674	0.957405	0.956960
5910	0.951150	0.998332	0.998307	0.843852	0.957405	0.956960
5920	0.951285	0.998332	0.998307	0.843988	0.957405	0.956960
5930	0.951393	0.998387	0.998362	0.844121	0.957900	0.957431
5940	0.951526	0.998443	0.998419	0.844286	0.957405	0.956960
5950	0.951639	0.998443	0.998419	0.844393	0.957405	0.956960
5960	0.951727	0.998443	0.998419	0.844525	0.957405	0.956960
5970	0.951888	0.998554	0.998533	0.844719	0.957900	0.957431
5980	0.952033	0.998554	0.998531	0.844869	0.957900	0.957431
5990	0.952180	0.998554	0.998532	0.845049	0.957900	0.957372
6000	0.952304	0.998554	0.998534	0.845233	0.957900	0.957431
6010	0.952435	0.998554	0.998534	0.845438	0.957900	0.957431
6020	0.952539	0.998554	0.998532	0.845464	0.957900	0.957431
6030	0.952664	0.998610	0.998588	0.845538	0.957900	0.957431
6040	0.952776	0.998610	0.998588	0.845664	0.957405	0.956901
6050	0.952921	0.998610	0.998588	0.845729	0.957405	0.956901
6060	0.953045	0.998610	0.998588	0.845874	0.957405	0.956901
6070	0.953147	0.998610	0.998588	0.846016	0.957405	0.956901
6080	0.953284	0.998721	0.998703	0.846154	0.957405	0.956901
6090	0.953403	0.998721	0.998703	0.846273	0.957405	0.956901
6100	0.953525	0.998721	0.998703	0.846357	0.957405	0.956901
6110	0.953704	0.998721	0.998703	0.846524	0.957900	0.957470
6120	0.953826	0.998721	0.998703	0.846661	0.957900	0.957470
6130	0.953953	0.998721	0.998703	0.846850	0.957900	0.957470
6140	0.954085	0.998721	0.998703	0.846986	0.957900	0.957470
6150	0.954216	0.998721	0.998701	0.847090	0.957900	0.957470
6160	0.954309	0.998721	0.998701	0.847150	0.957900	0.957470
6170	0.954424	0.998721	0.998699	0.847276	0.957900	0.957470
6180	0.954539	0.998776	0.998757	0.847451	0.957900	0.957470
6190	0.954646	0.998776	0.998757	0.847549	0.957900	0.957470
6200	0.954763	0.998776	0.998757	0.847677	0.957900	0.957470
6210	0.954869	0.998776	0.998757	0.847757	0.957900	0.957470
6220	0.954962	0.998721	0.998701	0.847845	0.957900	0.957470
6230	0.955074	0.998776	0.998758	0.847961	0.957900	0.957470
6240	0.955238	0.998776	0.998758	0.848152	0.957900	0.957470
6250	0.955348	0.998776	0.998758	0.848262	0.957405	0.956937
6260	0.955466	0.998776	0.998758	0.848348	0.957405	0.956937
6270	0.955568	0.998776	0.998758	0.848562	0.957900	0.957443
6280	0.955689	0.998776	0.998758	0.848648	0.957900	0.957443
6290	0.955809	0.998832	0.998817	0.848806	0.957900	0.957443
6300	0.955900	0.998832	0.998815	0.848879	0.958395	0.957925
6310	0.956013	0.998832	0.998815	0.848990	0.958395	0.957925
6320	0.956106	0.998888	0.998871	0.849084	0.958395	0.957925
6330	0.956210	0.998888	0.998870	0.849190	0.958395	0.957925
6340	0.956299	0.998888	0.998871	0.849275	0.957900	0.957443
6350	0.956406	0.998888	0.998871	0.849386	0.958395	0.957925
6360	0.956511	0.998888	0.998871	0.849474	0.958395	0.957925
6370	0.956626	0.998888	0.998871	0.849604	0.957900	0.957443
6380	0.956733	0.998888	0.998871	0.849734	0.958395	0.957925
6390	0.956831	0.998888	0.998872	0.849862	0.957900	0.957443
6400	0.956932	0.998888	0.998872	0.849929	0.957900	0.957443
6410	0.957039	0.998888	0.998871	0.850043	0.957900	0.957443
6420	0.957134	0.998888	0.998871	0.850118	0.957900	0.957443
6430	0.957216	0.998888	0.998871	0.850122	0.958891	0.958394
6440	0.957287	0.998888	0.998871	0.850191	0.958891	0.958394
6450	0.957390	0.998943	0.998927	0.850276	0.958395	0.957925
6460	0.957509	0.998943	0.998927	0.850363	0.958395	0.957925
6470	0.957613	0.998943	0.998927	0.850445	0.958395	0.957925
6480	0.957695	0.998999	0.998985	0.850516	0.958395	0.957925
6490	0.957813	0.999055	0.999042	0.850597	0.958395	0.957925
6500	0.957899	0.999055	0.999042	0.850626	0.958395	0.957925
6510	0.958021	0.999055	0.999042	0.850703	0.958395	0.957925
6520	0.958109	0.999055	0.999042	0.850816	0.958395	0.957925
6530	0.958204	0.999055	0.999042	0.850865	0.958395	0.957925
6540	0.958309	0.999055	0.999042	0.850954	0.958395	0.957925
6550	0.958404	0.999055	0.999041	0.851072	0.958395	0.957925
6560	0.958494	0.999055	0.999042	0.851140	0.958395	0.957925
6570	0.958593	0.999110	0.999096	0.851230	0.958395	0.957925
6580	0.958682	0.999110	0.999096	0.851424	0.958395	0.957984
6590	0.958771	0.999110	0.999096	0.851559	0.958395	0.957984
6600	0.958847	0.999110	0.999096	0.851673	0.958395	0.957984
6610	0.958972	0.999110	0.999096	0.851837	0.958395	0.957984
6620	0.959063	0.999110	0.999096	0.851946	0.958395	0.957925
6630	0.959139	0.999110	0.999097	0.852002	0.958395	0.957984
6640	0.959225	0.999110	0.999097	0.852129	0.958395	0.957984
6650	0.959327	0.999110	0.999097	0.852209	0.958395	0.957984
6660	0.959415	0.999110	0.999097	0.852354	0.958891	0.958559
6670	0.959501	0.999110	0.999097	0.852444	0.958891	0.958559
6680	0.959608	0.999110	0.999097	0.852727	0.958395	0.957959
6690	0.959714	0.999110	0.999097	0.852891	0.958891	0.958534
6700	0.959809	0.999110	0.999096	0.853046	0.958891	0.958559
6710	0.959891	0.999110	0.999097	0.853111	0.958891	0.958559
6720	0.959965	0.999110	0.999096	0.853195	0.958891	0.958559
6730	0.960070	0.999110	0.999096	0.853299	0.958891	0.958559
6740	0.960192	0.999110	0.999096	0.853374	0.958891	0.958559
6750	0.960295	0.999110	0.999096	0.853449	0.958891	0.958559
6760	0.960388	0.999110	0.999096	0.853523	0.958891	0.958559
6770	0.960467	0.999110	0.999096	0.853619	0.958891	0.958559
6780	0.960557	0.999110	0.999096	0.853693	0.958891	0.958534
6790	0.960623	0.999110	0.999096	0.853754	0.958891	0.958534
6800	0.960720	0.999110	0.999096	0.853876	0.958891	0.958534
6810	0.960798	0.999110	0.999096	0.853963	0.958891	0.958534
6820	0.960872	0.999110	0.999096	0.854042	0.958891	0.958534
6830	0.960942	0.999110	0.999096	0.854093	0.958891	0.958534
6840	0.961038	0.999110	0.999096	0.854278	0.959386	0.959054
6850	0.961109	0.999110	0.999096	0.854325	0.958891	0.958534
6860	0.961184	0.999110	0.999096	0.854453	0.959386	0.959054
6870	0.961276	0.999110	0.999096	0.854504	0.958891	0.958534
6880	0.961362	0.999110	0.999096	0.854576	0.958891	0.958534
6890	0.961475	0.999110	0.999096	0.854800	0.958891	0.958534
6900	0.961569	0.999110	0.999096	0.854896	0.959386	0.959076
6910	0.961677	0.999110	0.999096	0.854984	0.959881	0.959596
6920	0.961788	0.999110	0.999094	0.855110	0.959386	0.959054
6930	0.961851	0.999110	0.999094	0.855189	0.959386	0.959054
6940	0.961931	0.999110	0.999094	0.855257	0.959386	0.959054
6950	0.962017	0.999110	0.999096	0.855397	0.959386	0.959054
6960	0.962106	0.999110	0.999096	0.855470	0.959386	0.959054
6970	0.962201	0.999110	0.999096	0.855572	0.959881	0.959523
6980	0.962287	0.999166	0.999154	0.855599	0.959881	0.959523
6990	0.962410	0.999166	0.999154	0.855726	0.959881	0.959523
7000	0.962481	0.999166	0.999154	0.855832	0.959881	0.959523
7010	0.962561	0.999166	0.999154	0.855960	0.959881	0.959523
7020	0.962623	0.999166	0.999152	0.856012	0.959881	0.959523
7030	0.962705	0.999166	0.999152	0.856096	0.959881	0.959523
7040	0.962814	0.999221	0.999207	0.856210	0.959386	0.959054
7050	0.962899	0.999221	0.999207	0.856298	0.959386	0.959054
7060	0.962980	0.999221	0.999207	0.856344	0.959386	0.959054
7070	0.963058	0.999221	0.999208	0.856434	0.959881	0.959523
7080	0.963126	0.999277	0.999264	0.856491	0.959881	0.959523
7090	0.963156	0.999277	0.999264	0.856524	0.959881	0.959523
7100	0.963219	0.999277	0.999264	0.856584	0.959881	0.959523
7110	0.963293	0.999277	0.999264	0.856648	0.959881	0.959523
7120	0.963362	0.999221	0.999208	0.856715	0.959881	0.959523
7130	0.963423	0.999277	0.999264	0.856810	0.959881	0.959523
7140	0.963533	0.999277	0.999264	0.856920	0.959881	0.959523
7150	0.963650	0.999277	0.999263	0.857131	0.959881	0.959523
7160	0.963732	0.999277	0.999263	0.857232	0.959881	0.959523
7170	0.963803	0.999277	0.999263	0.857298	0.959881	0.959523
7180	0.963873	0.999277	0.999264	0.857367	0.959386	0.959003
7190	0.963947	0.999277	0.999264	0.857488	0.960376	0.960067
7200	0.964001	0.999277	0.999264	0.857557	0.960376	0.960067
7210	0.964080	0.999333	0.999321	0.857634	0.960376	0.960067
7220	0.964149	0.999333	0.999321	0.857729	0.960376	0.960067
7230	0.964221	0.999277	0.999264	0.857825	0.960872	0.960568
7240	0.964299	0.999277	0.999264	0.857966	0.960872	0.960568
7250	0.964384	0.999277	0.999264	0.858036	0.960872	0.960568
7260	0.964453	0.999277	0.999264	0.858211	0.959881	0.959599
7270	0.964513	0.999277	0.999264	0.858256	0.959386	0.959054
7280	0.964593	0.999333	0.999321	0.858352	0.959386	0.959003
7290	0.964646	0.999333	0.999321	0.858392	0.959386	0.959003
7300	0.964723	0.999333	0.999321	0.858477	0.959386	0.959003
7310	0.964810	0.999388	0.999377	0.858554	0.959386	0.959003
7320	0.964886	0.999388	0.999377	0.858631	0.959881	0.959523
7330	0.964943	0.999388	0.999377	0.858644	0.959881	0.959523
7340	0.965005	0.999388	0.999377	0.858694	0.960376	0.959984
7350	0.965085	0.999388	0.999377	0.858821	0.960376	0.959984
7360	0.965153	0.999444	0.999434	0.858961	0.960376	0.959984
7370	0.965228	0.999444	0.999434	0.859092	0.960872	0.960528
7380	0.965312	0.999444	0.999433	0.859130	0.960872	0.960528
7390	0.965384	0.999444	0.999433	0.859163	0.960872	0.960528
7400	0.965438	0.999444	0.999433	0.859205	0.960376	0.959984
7410	0.965516	0.999444	0.999433	0.859240	0.960872	0.960528
7420	0.965589	0.999444	0.999433	0.859337	0.960872	0.960528
7430	0.965677	0.999444	0.999433	0.859478	0.960376	0.960067
7440	0.965739	0.999499	0.999489	0.859590	0.960376	0.960067
7450	0.965809	0.999499	0.999489	0.859662	0.960376	0.960067
7460	0.965887	0.999499	0.999489	0.859746	0.960376	0.960067
7470	0.965955	0.999499	0.999489	0.859851	0.960872	0.960528
7480	0.966030	0.999499	0.999489	0.859948	0.960872	0.960528
7490	0.966091	0.999499	0.999489	0.860016	0.960872	0.960528
7500	0.966160	0.999499	0.999489	0.860082	0.960872	0.960528
7510	0.966217	0.999499	0.999489	0.860233	0.960872	0.960528
7520	0.966277	0.999499	0.999489	0.860264	0.960872	0.960528
7530	0.966349	0.999555	0.999545	0.860377	0.960872	0.960528
7540	0.966403	0.999555	0.999545	0.860465	0.960872	0.960528
7550	0.966474	0.999555	0.999545	0.860562	0.961367	0.961036
7560	0.966554	0.999555	0.999545	0.860697	0.961367	0.961036
7570	0.966623	0.999555	0.999545	0.860789	0.960872	0.960528
7580	0.966697	0.999555	0.999545	0.860873	0.960872	0.960528
7590	0.966765	0.999555	0.999545	0.860962	0.960872	0.960528
7600	0.966820	0.999555	0.999545	0.860975	0.960872	0.960528
7610	0.966891	0.999555	0.999545	0.861011	0.960872	0.960528
7620	0.966955	0.999555	0.999545	0.861059	0.960872	0.960528
7630	0.967021	0.999555	0.999545	0.861110	0.960872	0.960528
7640	0.967110	0.999555	0.999545	0.861239	0.960872	0.960528
7650	0.967177	0.999555	0.999545	0.861347	0.960376	0.960031
7660	0.967250	0.999555	0.999545	0.861451	0.960872	0.960528
7670	0.967328	0.999555	0.999545	0.861530	0.960872	0.960586
7680	0.967375	0.999555	0.999545	0.861558	0.960872	0.960586
7690	0.967425	0.999555	0.999545	0.861648	0.960872	0.960586
7700	0.967508	0.999555	0.999546	0.861770	0.960872	0.960528
7710	0.967572	0.999555	0.999546	0.861818	0.960872	0.960528
7720	0.967636	0.999555	0.999546	0.861838	0.960872	0.960528
7730	0.967707	0.999555	0.999546	0.861881	0.960872	0.960528
7740	0.967757	0.999555	0.999546	0.861948	0.960872	0.960528
7750	0.967806	0.999555	0.999545	0.861978	0.960872	0.960528
7760	0.967891	0.999555	0.999546	0.862092	0.961367	0.961036
7770	0.967943	0.999555	0.999546	0.862185	0.961367	0.961036
7780	0.968000	0.999555	0.999546	0.862272	0.960872	0.960586
7790	0.968048	0.999555	0.999546	0.862270	0.960872	0.960586
7800	0.968085	0.999555	0.999545	0.862293	0.960872	0.960549
7810	0.968166	0.999555	0.999545	0.862334	0.960376	0.960041
7820	0.968249	0.999611	0.999602	0.862421	0.960376	0.960041
7830	0.968312	0.999611	0.999602	0.862511	0.960376	0.960041
7840	0.968364	0.999611	0.999602	0.862557	0.960376	0.960041
7850	0.968422	0.999611	0.999602	0.862601	0.960872	0.960549
7860	0.968468	0.999611	0.999602	0.862666	0.960376	0.960041
7870	0.968525	0.999611	0.999602	0.862714	0.960872	0.960549
7880	0.968585	0.999611	0.999602	0.862761	0.960872	0.960549
7890	0.968643	0.999611	0.999602	0.862786	0.961367	0.960988
7900	0.968700	0.999611	0.999602	0.862868	0.961367	0.960988
7910	0.968737	0.999611	0.999602	0.862878	0.961367	0.960988
7920	0.968776	0.999611	0.999602	0.862929	0.961367	0.960988
7930	0.968843	0.999611	0.999602	0.863037	0.960872	0.960483
7940	0.968890	0.999611	0.999602	0.863111	0.961367	0.960988
7950	0.968955	0.999611	0.999602	0.863089	0.960872	0.960483
7960	0.969004	0.999611	0.999602	0.863134	0.961367	0.960988
7970	0.969076	0.999666	0.999659	0.863221	0.961367	0.960988
7980	0.969117	0.999666	0.999659	0.863253	0.960872	0.960483
7990	0.969214	0.999666	0.999659	0.863372	0.960872	0.960483
8000	0.969276	0.999666	0.999659	0.863429	0.960872	0.960483
8010	0.969329	0.999666	0.999660	0.863484	0.960872	0.960483
8020	0.969373	0.999666	0.999660	0.863506	0.960872	0.960483
8030	0.969442	0.999666	0.999660	0.863620	0.960872	0.960483
8040	0.969492	0.999666	0.999660	0.863691	0.960872	0.960483
8050	0.969548	0.999666	0.999660	0.863792	0.961367	0.960999
8060	0.969596	0.999666	0.999660	0.863854	0.961367	0.960999
8070	0.969637	0.999666	0.999660	0.863892	0.961367	0.960999
8080	0.969689	0.999666	0.999660	0.863934	0.961367	0.960999
8090	0.969755	0.999666	0.999660	0.863991	0.960872	0.960502
8100	0.969821	0.999666	0.999660	0.864103	0.960872	0.960502
8110	0.969878	0.999666	0.999660	0.864138	0.961367	0.960999
8120	0.969930	0.999666	0.999660	0.864169	0.960872	0.960502
8130	0.969989	0.999666	0.999660	0.864242	0.961367	0.960999
8140	0.970038	0.999666	0.999660	0.864304	0.961367	0.960999
8150	0.970084	0.999666	0.999660	0.864325	0.960872	0.960502
8160	0.970135	0.999666	0.999660	0.864367	0.960872	0.960502
8170	0.970183	0.999666	0.999660	0.864441	0.960872	0.960502
8180	0.970248	0.999666	0.999660	0.864501	0.961862	0.961504
8190	0.970295	0.999666	0.999660	0.864525	0.961862	0.961504
8200	0.970357	0.999666	0.999660	0.864608	0.961862	0.961446
8210	0.970410	0.999666	0.999660	0.864682	0.961862	0.961446
8220	0.970473	0.999666	0.999660	0.864732	0.961862	0.961446
8230	0.970526	0.999722	0.999717	0.864802	0.961862	0.961446
8240	0.970583	0.999722	0.999717	0.864924	0.961862	0.961446
8250	0.970659	0.999722	0.999717	0.864991	0.961862	0.961446
8260	0.970715	0.999722	0.999717	0.865073	0.961862	0.961446
8270	0.970759	0.999722	0.999717	0.865164	0.961862	0.961446
8280	0.970809	0.999722	0.999717	0.865186	0.961862	0.961446
8290	0.970858	0.999722	0.999717	0.865249	0.961862	0.961446
8300	0.970905	0.999722	0.999717	0.865306	0.961862	0.961446
8310	0.970962	0.999722	0.999717	0.865333	0.961862	0.961446
8320	0.971005	0.999722	0.999717	0.865386	0.961862	0.961446
8330	0.971044	0.999722	0.999717	0.865411	0.961862	0.961446
8340	0.971098	0.999722	0.999717	0.865457	0.961862	0.961446
8350	0.971144	0.999722	0.999717	0.865500	0.961862	0.961446
8360	0.971198	0.999722	0.999717	0.865620	0.961862	0.961446
8370	0.971237	0.999722	0.999717	0.865644	0.961862	0.961446
8380	0.971294	0.999722	0.999717	0.865751	0.961862	0.961446
8390	0.971335	0.999722	0.999717	0.865833	0.961862	0.961446
8400	0.971387	0.999722	0.999717	0.865879	0.961862	0.961446
8410	0.971431	0.999722	0.999717	0.865951	0.961862	0.961446
8420	0.971481	0.999722	0.999717	0.866018	0.961862	0.961446
8430	0.971544	0.999722	0.999717	0.866074	0.961862	0.961446
8440	0.971591	0.999722	0.999717	0.866165	0.961862	0.961446
8450	0.971656	0.999722	0.999717	0.866265	0.961862	0.961446
8460	0.971694	0.999722	0.999717	0.866315	0.961862	0.961446
8470	0.971744	0.999722	0.999717	0.866376	0.961862	0.961446
8480	0.971786	0.999722	0.999717	0.866431	0.961862	0.961446
8490	0.971833	0.999722	0.999717	0.866480	0.961862	0.961446
8500	0.971879	0.999722	0.999717	0.866590	0.961862	0.961446
8510	0.971936	0.999722	0.999717	0.866696	0.961862	0.961446
8520	0.971980	0.999722	0.999717	0.866727	0.961862	0.961446
8530	0.972023	0.999722	0.999717	0.866803	0.961862	0.961446
8540	0.972071	0.999722	0.999717	0.866854	0.961862	0.961504
8550	0.972111	0.999722	0.999717	0.866868	0.961862	0.961504
8560	0.972152	0.999722	0.999717	0.866949	0.961862	0.961504
8570	0.972221	0.999722	0.999717	0.866950	0.961862	0.961504
8580	0.972269	0.999722	0.999717	0.866986	0.961862	0.961504
8590	0.972330	0.999722	0.999717	0.867038	0.961862	0.961504
8600	0.972380	0.999722	0.999717	0.867164	0.961862	0.961504
8610	0.972420	0.999722	0.999717	0.867236	0.961862	0.961504
8620	0.972467	0.999722	0.999717	0.867278	0.961862	0.961504
8630	0.972511	0.999722	0.999717	0.867264	0.961862	0.961504
8640	0.972576	0.999722	0.999717	0.867294	0.961862	0.961504
8650	0.972618	0.999722	0.999717	0.867343	0.961862	0.961504
8660	0.972656	0.999722	0.999717	0.867358	0.961862	0.961504
8670	0.972710	0.999722	0.999717	0.867386	0.961862	0.961504
8680	0.972760	0.999722	0.999717	0.867448	0.961862	0.961504
8690	0.972809	0.999722	0.999717	0.867484	0.961862	0.961504
8700	0.972856	0.999722	0.999717	0.867508	0.961862	0.961504
8710	0.972899	0.999722	0.999717	0.867528	0.962358	0.962091
8720	0.972951	0.999722	0.999717	0.867585	0.962358	0.962091
8730	0.972994	0.999722	0.999717	0.867631	0.962358	0.962091
8740	0.973037	0.999722	0.999717	0.867709	0.962358	0.962091
8750	0.973075	0.999722	0.999717	0.867765	0.962358	0.962091
8760	0.973119	0.999722	0.999717	0.867837	0.962358	0.962091
8770	0.973148	0.999722	0.999717	0.867864	0.962358	0.962091
8780	0.973194	0.999722	0.999717	0.867982	0.962358	0.962091
8790	0.973241	0.999722	0.999717	0.868002	0.962358	0.962091
8800	0.973292	0.999722	0.999717	0.868032	0.962358	0.962091
8810	0.973324	0.999778	0.999774	0.868076	0.962358	0.962091
8820	0.973381	0.999778	0.999774	0.868163	0.962358	0.962091
8830	0.973422	0.999778	0.999774	0.868204	0.962358	0.962091
8840	0.973464	0.999778	0.999774	0.868237	0.962358	0.962091
8850	0.973511	0.999778	0.999774	0.868349	0.962358	0.962091
8860	0.973552	0.999778	0.999774	0.868381	0.962358	0.962091
8870	0.973605	0.999778	0.999774	0.868463	0.961862	0.961547
8880	0.973639	0.999778	0.999774	0.868542	0.961862	0.961547
8890	0.973693	0.999778	0.999774	0.868642	0.961862	0.961547
8900	0.973733	0.999778	0.999774	0.868731	0.961862	0.961547
8910	0.973769	0.999778	0.999774	0.868774	0.961862	0.961547
8920	0.973828	0.999778	0.999774	0.868841	0.961862	0.961547
8930	0.973897	0.999778	0.999774	0.868942	0.961862	0.961547
8940	0.973938	0.999778	0.999774	0.868991	0.962358	0.962091
8950	0.973968	0.999778	0.999774	0.869031	0.962358	0.962091
8960	0.974010	0.999778	0.999774	0.869079	0.962358	0.962091
8970	0.974048	0.999778	0.999774	0.869103	0.961862	0.961547
8980	0.974097	0.999778	0.999774	0.869130	0.961862	0.961547
8990	0.974145	0.999778	0.999774	0.869159	0.961862	0.961547
9000	0.974176	0.999778	0.999774	0.869223	0.961862	0.961547
9010	0.974214	0.999778	0.999774	0.869281	0.962358	0.962091
9020	0.974250	0.999778	0.999774	0.869294	0.962358	0.962091
9030	0.974294	0.999778	0.999774	0.869342	0.962358	0.962091
9040	0.974319	0.999778	0.999774	0.869382	0.962358	0.962091
9050	0.974361	0.999778	0.999774	0.869451	0.962358	0.962091
9060	0.974414	0.999778	0.999774	0.869507	0.962358	0.962091
9070	0.974460	0.999778	0.999774	0.869541	0.962358	0.962091
9080	0.974491	0.999778	0.999774	0.869612	0.962358	0.962091
9090	0.974529	0.999778	0.999774	0.869662	0.962358	0.962091
9100	0.974570	0.999778	0.999774	0.869734	0.962358	0.962091
