10	0.067862	0.334974	0.332960	0.066707	0.318064	0.322045
20	0.102631	0.571049	0.595556	0.100401	0.552837	0.577632
30	0.145627	0.681730	0.689725	0.138531	0.666320	0.677752
40	0.181061	0.706787	0.715119	0.170862	0.686622	0.701159
50	0.218270	0.726755	0.733406	0.205356	0.709526	0.721688
60	0.244104	0.742298	0.748413	0.228137	0.720458	0.732930
70	0.269861	0.754245	0.757873	0.251475	0.735034	0.745173
80	0.289302	0.764865	0.766071	0.267987	0.742842	0.748749
90	0.305843	0.773162	0.773434	0.282903	0.749610	0.755019
100	0.325039	0.783838	0.781993	0.299732	0.754815	0.760249
110	0.344504	0.793407	0.790877	0.317112	0.765226	0.768658
120	0.361470	0.800985	0.797314	0.330439	0.770432	0.772974
130	0.379567	0.810775	0.805540	0.346521	0.780843	0.781070
140	0.391239	0.817025	0.810737	0.355712	0.782405	0.780580
150	0.403245	0.823165	0.816091	0.365734	0.786569	0.784289
160	0.413258	0.827867	0.820124	0.373864	0.790213	0.787743
170	0.423065	0.831683	0.823196	0.381307	0.792816	0.789632
180	0.433965	0.836827	0.827910	0.391585	0.795940	0.791286
190	0.444643	0.841750	0.832386	0.400944	0.805310	0.800807
200	0.452609	0.844516	0.834645	0.408221	0.810515	0.805604
210	0.464054	0.849273	0.838782	0.417661	0.817803	0.812136
220	0.472088	0.852204	0.841453	0.423972	0.820406	0.814357
230	0.481528	0.856463	0.845212	0.433502	0.820927	0.815370
240	0.489989	0.860114	0.848494	0.441107	0.824571	0.818109
250	0.497707	0.863820	0.851580	0.446738	0.828735	0.820779
260	0.506914	0.866807	0.854256	0.455424	0.833941	0.825593
270	0.515601	0.870015	0.856795	0.463001	0.838105	0.828093
280	0.524807	0.874772	0.861188	0.470617	0.841229	0.830609
290	0.530745	0.876597	0.862550	0.474967	0.840708	0.828746
300	0.536855	0.879639	0.865255	0.480523	0.843831	0.831551
310	0.545186	0.883179	0.868249	0.487423	0.845914	0.833620
320	0.553255	0.885226	0.870020	0.493626	0.847475	0.835092
330	0.559102	0.887051	0.871662	0.497898	0.850078	0.836615
340	0.565452	0.889762	0.874216	0.503537	0.852160	0.839134
350	0.570614	0.891421	0.875615	0.508291	0.855284	0.841727
360	0.576446	0.893689	0.877702	0.513188	0.857366	0.843654
370	0.580139	0.895238	0.879174	0.515508	0.857887	0.843986
380	0.584746	0.897229	0.880985	0.519806	0.859969	0.846091
390	0.590419	0.898888	0.882565	0.524928	0.862051	0.848073
400	0.595426	0.900548	0.884128	0.529078	0.863613	0.849447
410	0.599939	0.902096	0.885627	0.532268	0.866736	0.852409
420	0.604462	0.903534	0.886952	0.536710	0.869339	0.854534
430	0.608352	0.904807	0.888272	0.539587	0.869339	0.854734
440	0.612767	0.905968	0.889279	0.542436	0.868818	0.854313
450	0.616457	0.907406	0.890587	0.545348	0.870901	0.855669
460	0.620861	0.908845	0.892057	0.548331	0.869339	0.854844
470	0.624692	0.909730	0.892770	0.551890	0.871421	0.856601
480	0.628641	0.911112	0.894107	0.554548	0.871942	0.857173
490	0.632197	0.911721	0.894730	0.558299	0.873503	0.858581
500	0.636318	0.913214	0.896152	0.561679	0.875586	0.860286
510	0.640300	0.914929	0.897782	0.565044	0.878188	0.862207
520	0.643336	0.916146	0.898852	0.567468	0.877147	0.861393
530	0.646580	0.916754	0.899392	0.569971	0.878709	0.862832
540	0.649840	0.917031	0.899663	0.572670	0.879230	0.863320
550	0.652890	0.918303	0.900915	0.575000	0.881312	0.865255
560	0.655978	0.919631	0.902122	0.576953	0.881312	0.865257
570	0.658487	0.919907	0.902356	0.578685	0.880791	0.864561
580	0.662707	0.921788	0.904133	0.582313	0.885476	0.868982
590	0.665644	0.922783	0.905083	0.584458	0.885476	0.869447
600	0.668571	0.923226	0.905484	0.587018	0.885997	0.870165
610	0.671278	0.924443	0.906635	0.589471	0.885997	0.870017
620	0.674095	0.925106	0.907245	0.591768	0.886517	0.870001
630	0.676943	0.925826	0.908012	0.594363	0.888079	0.872393
640	0.679101	0.926323	0.908451	0.595659	0.887559	0.871953
650	0.681612	0.927374	0.909389	0.597442	0.888600	0.872466
660	0.684330	0.928370	0.910359	0.599688	0.888600	0.872644
670	0.686970	0.929366	0.911397	0.601899	0.889120	0.873387
680	0.689316	0.929863	0.911835	0.603385	0.891202	0.875128
690	0.691907	0.930804	0.912656	0.605584	0.890161	0.873946
700	0.694432	0.931578	0.913405	0.607688	0.890682	0.874561
710	0.696613	0.931965	0.913773	0.609536	0.891202	0.875459
720	0.698848	0.932684	0.914454	0.610541	0.891723	0.875581
730	0.701693	0.933182	0.914837	0.613148	0.892244	0.876037
740	0.704580	0.934510	0.916190	0.614966	0.893285	0.877108
750	0.706403	0.935173	0.916753	0.616300	0.893285	0.877000
760	0.708002	0.935450	0.916999	0.617212	0.892764	0.876518
770	0.709748	0.935837	0.917365	0.618871	0.893285	0.877077
780	0.711794	0.936280	0.917747	0.620397	0.893285	0.876968
790	0.713684	0.936390	0.917846	0.622047	0.892764	0.876322
800	0.715446	0.937109	0.918576	0.623339	0.892244	0.876063
810	0.717213	0.937607	0.919043	0.624858	0.894326	0.878192
820	0.719386	0.938160	0.919543	0.626178	0.894846	0.878577
830	0.721167	0.938990	0.920359	0.627980	0.895367	0.879212
840	0.722849	0.939432	0.920749	0.630125	0.895367	0.878720
850	0.724579	0.939930	0.921253	0.631428	0.895367	0.878915
860	0.726122	0.940096	0.921462	0.632678	0.897449	0.881032
870	0.727545	0.940428	0.921727	0.633666	0.897449	0.881015
880	0.728885	0.940926	0.922263	0.634782	0.896408	0.880552
890	0.730214	0.941147	0.922486	0.635773	0.897449	0.881386
900	0.731306	0.941424	0.922768	0.636859	0.899011	0.882615
910	0.733107	0.942032	0.923329	0.638230	0.898490	0.882324
920	0.735002	0.942585	0.923821	0.639720	0.900052	0.883696
930	0.736395	0.942917	0.924136	0.640739	0.899531	0.882874
940	0.738005	0.943083	0.924265	0.641896	0.901093	0.884410
950	0.739426	0.943526	0.924683	0.643190	0.901614	0.884962
960	0.740443	0.943415	0.924576	0.644489	0.902134	0.885332
970	0.741894	0.944023	0.925178	0.645789	0.902134	0.885247
980	0.743487	0.944466	0.925606	0.647769	0.903175	0.886226
990	0.744513	0.944908	0.926014	0.648598	0.902655	0.886036
1000	0.745735	0.945019	0.926098	0.649590	0.904217	0.887544
1010	0.746857	0.945462	0.926529	0.650328	0.903175	0.886597
1020	0.748162	0.945738	0.926818	0.651382	0.904217	0.887593
1030	0.749380	0.946015	0.927064	0.652452	0.903175	0.886433
1040	0.750841	0.946457	0.927477	0.653350	0.902655	0.886035
1050	0.751793	0.946900	0.927928	0.654054	0.903175	0.886427
1060	0.752994	0.947232	0.928251	0.654614	0.903696	0.886892
1070	0.754004	0.947121	0.928125	0.655288	0.903175	0.886518
1080	0.755164	0.947398	0.928376	0.656103	0.903696	0.887085
1090	0.756058	0.947563	0.928554	0.657066	0.902655	0.885884
1100	0.757398	0.947563	0.928545	0.658069	0.902655	0.886044
1110	0.758669	0.947895	0.928843	0.659211	0.904217	0.887339
1120	0.759657	0.948283	0.929213	0.660082	0.903696	0.886805
1130	0.760912	0.948614	0.929528	0.661631	0.904737	0.887927
1140	0.761884	0.948780	0.929664	0.662444	0.904737	0.887900
1150	0.762885	0.948946	0.929800	0.663488	0.905778	0.888931
1160	0.763818	0.949057	0.929872	0.664247	0.906819	0.889758
1170	0.765027	0.949278	0.930121	0.665221	0.906819	0.889923
1180	0.765895	0.949555	0.930300	0.666018	0.907340	0.890067
1190	0.766833	0.949776	0.930534	0.666586	0.906819	0.889655
1200	0.767711	0.949887	0.930676	0.667396	0.906819	0.889678
1210	0.768514	0.950163	0.930919	0.668095	0.907340	0.890361
1220	0.769379	0.950384	0.931101	0.668985	0.907340	0.890391
1230	0.770012	0.950329	0.931064	0.669621	0.906819	0.889897
1240	0.771154	0.950606	0.931345	0.670540	0.906819	0.889632
1250	0.772251	0.950882	0.931617	0.671672	0.905778	0.888922
1260	0.773335	0.950938	0.931627	0.672625	0.906299	0.889126
1270	0.774488	0.951159	0.931854	0.673618	0.906819	0.889595
1280	0.775200	0.951214	0.931915	0.674341	0.907860	0.890581
1290	0.776131	0.951380	0.932025	0.675215	0.908381	0.891011
1300	0.777464	0.951601	0.951748	0.676894	0.908381	0.910737
1310	0.778305	0.951823	0.951956	0.677668	0.908902	0.911066
1320	0.779341	0.952486	0.952683	0.678458	0.910984	0.913320
1330	0.780115	0.953759	0.953865	0.679047	0.910463	0.912718
1340	0.780918	0.954920	0.955078	0.679910	0.912546	0.914793
1350	0.782031	0.956469	0.956566	0.680907	0.912546	0.914673
1360	0.782769	0.957299	0.957389	0.681448	0.913587	0.915616
1370	0.783880	0.958239	0.958291	0.682154	0.914107	0.916212
1380	0.784838	0.959566	0.959620	0.682919	0.915148	0.916904
1390	0.785835	0.960396	0.960415	0.683915	0.915669	0.917583
1400	0.787029	0.961558	0.961572	0.684875	0.918792	0.920464
1410	0.788079	0.962553	0.962549	0.686002	0.919313	0.920787
1420	0.789406	0.963991	0.963965	0.687175	0.921395	0.922984
1430	0.790543	0.965374	0.965358	0.688290	0.921916	0.923628
1440	0.791670	0.966591	0.966539	0.689516	0.922957	0.924638
1450	0.792849	0.967642	0.967617	0.690520	0.923998	0.925329
1460	0.793821	0.968085	0.968043	0.691367	0.924518	0.925785
1470	0.794893	0.968306	0.968269	0.692282	0.925039	0.926259
1480	0.795991	0.968693	0.968649	0.693473	0.925039	0.926259
1490	0.797031	0.969025	0.968974	0.694453	0.925560	0.926771
1500	0.798248	0.969689	0.969634	0.695645	0.925560	0.926771
1510	0.799409	0.969799	0.969760	0.696801	0.925560	0.926771
1520	0.800574	0.970242	0.970199	0.698156	0.926601	0.927832
1530	0.801454	0.970684	0.970641	0.698977	0.927121	0.928300
1540	0.802328	0.971071	0.971036	0.699800	0.927121	0.928294
1550	0.803452	0.971348	0.971298	0.700784	0.928683	0.929714
1560	0.804441	0.971956	0.971917	0.701802	0.928683	0.929750
1570	0.805521	0.972178	0.972125	0.702869	0.929204	0.930205
1580	0.806542	0.972731	0.972672	0.703952	0.928683	0.929682
1590	0.807635	0.973173	0.973114	0.705089	0.928683	0.929682
1600	0.808664	0.973616	0.973557	0.705995	0.928683	0.929641
1610	0.809631	0.974058	0.973991	0.706940	0.928683	0.929744
1620	0.810479	0.974445	0.974381	0.707675	0.930245	0.931141
1630	0.811541	0.974501	0.974426	0.708780	0.930765	0.931525
1640	0.812271	0.974667	0.974589	0.709488	0.929204	0.929976
1650	0.813131	0.974999	0.974923	0.710262	0.929204	0.930001
1660	0.814205	0.975109	0.975032	0.711217	0.930245	0.930854
1670	0.815114	0.975275	0.975197	0.712223	0.931286	0.931881
1680	0.815948	0.975552	0.975469	0.713004	0.931286	0.931832
1690	0.816845	0.975607	0.975523	0.713957	0.931286	0.931837
1700	0.817741	0.975884	0.975789	0.714824	0.931806	0.932371
1710	0.818511	0.975939	0.975845	0.715558	0.931806	0.932253
1720	0.819179	0.976160	0.976061	0.716111	0.931806	0.932259
1730	0.819924	0.976437	0.976332	0.716934	0.932847	0.933092
1740	0.820658	0.977045	0.976935	0.717606	0.933889	0.933906
1750	0.821499	0.977156	0.977045	0.718416	0.934930	0.934875
1760	0.822414	0.977211	0.977102	0.719247	0.932847	0.933115
1770	0.823142	0.977377	0.977269	0.719882	0.932847	0.933195
1780	0.824171	0.977654	0.977545	0.720726	0.933889	0.934007
1790	0.824884	0.977875	0.977765	0.721295	0.934930	0.934872
1800	0.825632	0.978262	0.978149	0.722006	0.934409	0.934406
1810	0.826473	0.978373	0.978255	0.722734	0.934930	0.934872
1820	0.827339	0.978373	0.978249	0.723745	0.934409	0.934412
1830	0.827993	0.978649	0.978527	0.724565	0.935450	0.935484
1840	0.828777	0.978539	0.978416	0.725146	0.934930	0.934966
1850	0.829370	0.978649	0.978529	0.725683	0.934930	0.934966
1860	0.830076	0.979036	0.978910	0.726255	0.934930	0.934895
1870	0.830801	0.979313	0.979190	0.726973	0.935450	0.935361
1880	0.831392	0.979479	0.979353	0.727640	0.935971	0.935932
1890	0.832344	0.979479	0.979343	0.728475	0.935450	0.935361
1900	0.833000	0.979590	0.979458	0.729123	0.935971	0.935839
1910	0.833890	0.979977	0.979840	0.730024	0.935450	0.935503
1920	0.834766	0.980198	0.980061	0.730944	0.935971	0.936056
1930	0.835409	0.980475	0.980335	0.731614	0.937012	0.936959
1940	0.836196	0.980475	0.980336	0.732336	0.936491	0.936527
1950	0.836793	0.980641	0.980498	0.732876	0.937012	0.937007
1960	0.837414	0.980641	0.980499	0.733440	0.937533	0.937485
1970	0.838298	0.980917	0.980766	0.734203	0.936491	0.936554
1980	0.838949	0.981138	0.980988	0.734808	0.937012	0.936969
1990	0.839500	0.981415	0.981259	0.735400	0.936491	0.936554
2000	0.839993	0.981304	0.981153	0.735857	0.937012	0.937045
2010	0.840596	0.981360	0.981212	0.736497	0.938053	0.937872
2020	0.841171	0.981415	0.981262	0.736956	0.938053	0.937872
2030	0.841819	0.981747	0.981594	0.737635	0.938053	0.937872
2040	0.842645	0.981802	0.981654	0.738287	0.938053	0.937872
2050	0.843295	0.981802	0.981653	0.738876	0.938053	0.937872
2060	0.843885	0.981968	0.981817	0.739266	0.938053	0.937872
2070	0.844340	0.982189	0.982037	0.739701	0.938053	0.937872
2080	0.844848	0.982134	0.981980	0.740295	0.938053	0.937872
2090	0.845597	0.982189	0.982036	0.740947	0.938053	0.937872
2100	0.846181	0.982300	0.982142	0.741398	0.937012	0.936882
2110	0.846737	0.982245	0.982096	0.741811	0.938053	0.937833
2120	0.847417	0.982355	0.982207	0.742508	0.938053	0.937833
2130	0.848069	0.982355	0.982210	0.743098	0.938053	0.937928
2140	0.848639	0.982576	0.982428	0.743618	0.938574	0.938414
2150	0.849032	0.982576	0.982427	0.743920	0.938574	0.938414
2160	0.849597	0.982576	0.982425	0.744502	0.938574	0.938414
2170	0.850156	0.982687	0.982536	0.745032	0.938574	0.938414
2180	0.850695	0.983074	0.982928	0.745480	0.938574	0.938414
2190	0.851361	0.983240	0.983091	0.746134	0.939615	0.939280
2200	0.851835	0.983296	0.983150	0.746688	0.940135	0.939956
2210	0.852370	0.983296	0.983151	0.747110	0.940135	0.939956
2220	0.853015	0.983296	0.983152	0.747731	0.940135	0.939991
2230	0.853585	0.983461	0.983320	0.748218	0.940135	0.939991
2240	0.854121	0.983461	0.983317	0.748816	0.940656	0.940402
2250	0.854707	0.983627	0.983480	0.749282	0.940135	0.939918
2260	0.855147	0.983683	0.983537	0.749413	0.940656	0.940355
2270	0.855625	0.983572	0.983429	0.749896	0.940135	0.939949
2280	0.856334	0.983683	0.983537	0.750459	0.939615	0.939545
2290	0.856798	0.983959	0.983809	0.750902	0.939615	0.939545
2300	0.857321	0.983904	0.983754	0.751488	0.939615	0.939545
2310	0.857764	0.984015	0.983867	0.751975	0.939615	0.939545
2320	0.858247	0.984015	0.983870	0.752366	0.939615	0.939545
2330	0.858636	0.984236	0.984089	0.752748	0.939615	0.939545
2340	0.859175	0.984236	0.984089	0.753435	0.939615	0.939545
2350	0.859682	0.984236	0.984086	0.753942	0.939615	0.939511
2360	0.860111	0.984236	0.984085	0.754373	0.939615	0.939545
2370	0.860570	0.984236	0.984090	0.754838	0.941176	0.940892
2380	0.860935	0.984402	0.984257	0.755243	0.941176	0.940892
2390	0.861342	0.984623	0.984474	0.755658	0.940656	0.940355
2400	0.861913	0.984789	0.984635	0.756132	0.941176	0.940963
2410	0.862374	0.984900	0.984751	0.756430	0.941697	0.941473
2420	0.862838	0.984955	0.984809	0.756819	0.941697	0.941433
2430	0.863264	0.984955	0.984800	0.757139	0.941697	0.941387
2440	0.863695	0.985066	0.984911	0.757579	0.941176	0.940944
2450	0.864257	0.985121	0.984970	0.757954	0.941176	0.940944
2460	0.864673	0.985066	0.984916	0.758357	0.941697	0.941490
2470	0.865125	0.985066	0.984912	0.758827	0.941697	0.941490
2480	0.865630	0.985176	0.985028	0.759258	0.941697	0.941451
2490	0.866199	0.985397	0.985246	0.759573	0.941176	0.940975
2500	0.866609	0.985342	0.985188	0.759959	0.942738	0.942431
2510	0.867087	0.985508	0.985349	0.760521	0.943779	0.943441
2520	0.867699	0.985619	0.985456	0.761051	0.942738	0.942518
2530	0.868167	0.985619	0.985455	0.761585	0.944300	0.943881
2540	0.868676	0.985785	0.985621	0.762010	0.943779	0.943359
2550	0.869078	0.985840	0.985673	0.762404	0.943779	0.943359
2560	0.869452	0.985895	0.985734	0.762770	0.944300	0.943875
2570	0.869718	0.986061	0.985905	0.763002	0.943779	0.943353
2580	0.870129	0.986116	0.985955	0.763433	0.943779	0.943322
2590	0.870742	0.986282	0.986122	0.762833	0.944300	0.943986
2600	0.871113	0.986338	0.986175	0.763034	0.944820	0.944297
2610	0.871559	0.986338	0.986175	0.763429	0.944820	0.944297
2620	0.871991	0.986338	0.986177	0.763912	0.944820	0.944297
2630	0.872318	0.986338	0.986179	0.764229	0.944820	0.944297
2640	0.872885	0.986504	0.986342	0.764680	0.943779	0.943247
2650	0.873311	0.986448	0.986288	0.765203	0.944820	0.944244
2660	0.873805	0.986504	0.986342	0.765750	0.944820	0.944244
2670	0.874119	0.986448	0.986288	0.766032	0.944820	0.944244
2680	0.874498	0.986338	0.986175	0.766522	0.945341	0.944681
2690	0.874977	0.986393	0.986233	0.766862	0.944820	0.944197
2700	0.875466	0.986559	0.986398	0.767311	0.944820	0.944181
2710	0.875907	0.986559	0.986393	0.767601	0.944820	0.944181
2720	0.876236	0.986559	0.986397	0.767894	0.945341	0.944790
2730	0.876610	0.986836	0.986672	0.768118	0.945341	0.944768
2740	0.876938	0.986946	0.986782	0.768417	0.944820	0.944274
2750	0.877199	0.987001	0.986839	0.768592	0.944820	0.944274
2760	0.877540	0.987057	0.986903	0.769153	0.945341	0.944790
2770	0.877889	0.986946	0.986791	0.769533	0.945341	0.944790
2780	0.878351	0.987001	0.986847	0.770043	0.945862	0.945358
2790	0.878722	0.986946	0.986796	0.770388	0.945862	0.945358
2800	0.879099	0.987112	0.986960	0.770665	0.945862	0.945358
2810	0.879512	0.987057	0.986905	0.770997	0.945862	0.945358
2820	0.879823	0.987167	0.987015	0.771343	0.945862	0.945358
2830	0.880204	0.987167	0.987016	0.771726	0.945862	0.945367
2840	0.880550	0.987389	0.987236	0.772187	0.945862	0.945358
2850	0.880907	0.987444	0.987292	0.772530	0.945862	0.945358
2860	0.881284	0.987555	0.987401	0.772876	0.946382	0.945852
2870	0.881575	0.987721	0.987568	0.773149	0.946382	0.945852
2880	0.881895	0.987776	0.987625	0.773283	0.946382	0.945852
2890	0.882214	0.987721	0.987568	0.773700	0.945862	0.945336
2900	0.882596	0.987776	0.987625	0.774012	0.945862	0.945336
2910	0.883118	0.987831	0.987680	0.774366	0.945862	0.945336
2920	0.883471	0.987997	0.987848	0.774612	0.946382	0.945838
2930	0.883864	0.988052	0.987902	0.774906	0.946382	0.945838
2940	0.884236	0.988108	0.987959	0.775244	0.946382	0.945838
2950	0.884668	0.988163	0.988013	0.775771	0.946903	0.946347
2960	0.885120	0.988163	0.988013	0.776152	0.946903	0.946347
2970	0.885358	0.988218	0.988066	0.776284	0.946382	0.945840
2980	0.885649	0.988329	0.988175	0.776512	0.946382	0.945840
2990	0.885955	0.988218	0.988066	0.776697	0.946382	0.945840
3000	0.886167	0.988274	0.988120	0.776831	0.946382	0.945840
3010	0.886492	0.988495	0.988344	0.777104	0.946382	0.945840
3020	0.886890	0.988495	0.988338	0.777351	0.947423	0.946814
3030	0.887217	0.988495	0.988342	0.777634	0.946903	0.946305
3040	0.887405	0.988661	0.988506	0.777834	0.947423	0.946814
3050	0.887787	0.988661	0.988507	0.778246	0.947944	0.947327
3060	0.888078	0.988716	0.988561	0.778561	0.947944	0.947327
3070	0.888373	0.988716	0.988559	0.778878	0.947944	0.947327
3080	0.888783	0.988827	0.988673	0.779075	0.947944	0.947327
3090	0.889169	0.988772	0.988617	0.779361	0.947944	0.947327
3100	0.889544	0.988827	0.988676	0.779713	0.947944	0.947327
3110	0.889836	0.988882	0.988733	0.779977	0.947944	0.947327
3120	0.890133	0.988937	0.988789	0.780267	0.947944	0.947327
3130	0.890638	0.989048	0.988902	0.780631	0.947423	0.946747
3140	0.890925	0.989048	0.988900	0.780970	0.947423	0.946733
3150	0.891232	0.989048	0.988900	0.781320	0.947423	0.946733
3160	0.891629	0.989159	0.989011	0.781750	0.947423	0.946733
3170	0.891911	0.989159	0.989010	0.781930	0.947423	0.946733
3180	0.892307	0.989159	0.989011	0.782155	0.947423	0.946733
3190	0.892680	0.989214	0.989068	0.782466	0.947423	0.946733
3200	0.892924	0.989325	0.989183	0.782708	0.947423	0.946733
3210	0.893189	0.989491	0.989351	0.782963	0.947423	0.946733
3220	0.893561	0.989435	0.989294	0.783344	0.946903	0.946243
3230	0.893873	0.989546	0.989406	0.783614	0.946903	0.946243
3240	0.894195	0.989601	0.989463	0.783927	0.946903	0.946243
3250	0.894536	0.989601	0.989463	0.784199	0.946903	0.946243
3260	0.894838	0.989767	0.989630	0.784399	0.946903	0.946243
3270	0.895119	0.989822	0.989684	0.784727	0.947423	0.946679
3280	0.895365	0.989878	0.989741	0.784957	0.948464	0.947771
3290	0.895692	0.989878	0.989740	0.785214	0.947423	0.946679
3300	0.895990	0.989988	0.989851	0.785448	0.947944	0.947272
3310	0.896260	0.989988	0.989854	0.785622	0.947944	0.947272
3320	0.896519	0.990044	0.989908	0.785866	0.947944	0.947272
3330	0.896794	0.989988	0.989854	0.786046	0.947423	0.946759
3340	0.897170	0.990044	0.989907	0.786434	0.947423	0.946759
3350	0.897340	0.990154	0.990021	0.786618	0.948464	0.947771
3360	0.897620	0.990210	0.990077	0.786849	0.948464	0.947771
3370	0.897898	0.990099	0.989966	0.787190	0.948464	0.947771
3380	0.898183	0.990154	0.990022	0.787616	0.948464	0.947771
3390	0.898521	0.990265	0.990132	0.787933	0.947944	0.947272
3400	0.898822	0.990265	0.990133	0.788234	0.948985	0.948276
3410	0.899043	0.990320	0.990189	0.788398	0.948985	0.948276
3420	0.899295	0.990376	0.990246	0.788708	0.948985	0.948276
3430	0.899584	0.990320	0.990187	0.788957	0.948985	0.948276
3440	0.899935	0.990376	0.990241	0.789165	0.948985	0.948276
3450	0.900187	0.990431	0.990297	0.789382	0.948985	0.948276
3460	0.900482	0.990376	0.990242	0.789662	0.948985	0.948276
3470	0.900847	0.990431	0.990301	0.789995	0.948985	0.948276
3480	0.901107	0.990486	0.990354	0.790162	0.948985	0.948276
3490	0.901372	0.990486	0.990355	0.790402	0.948985	0.948276
3500	0.901596	0.990542	0.990411	0.790671	0.948464	0.947780
3510	0.901863	0.990542	0.990405	0.790949	0.948464	0.947780
3520	0.902145	0.990597	0.990466	0.791065	0.948464	0.947785
3530	0.902452	0.990597	0.990466	0.791350	0.947944	0.947268
3540	0.902783	0.990652	0.990519	0.791556	0.948464	0.947785
3550	0.903018	0.990652	0.990518	0.791806	0.948985	0.948281
3560	0.903290	0.990707	0.990574	0.792104	0.949505	0.948717
3570	0.903566	0.990818	0.990686	0.792152	0.949505	0.948717
3580	0.903929	0.990763	0.990628	0.792499	0.948985	0.948131
3590	0.904137	0.990707	0.990575	0.792671	0.948985	0.948209
3600	0.904371	0.990873	0.990743	0.792824	0.948464	0.947696
3610	0.904636	0.990873	0.990741	0.793053	0.948464	0.947696
3620	0.904903	0.990873	0.990740	0.793251	0.948985	0.948131
3630	0.905165	0.990984	0.990852	0.793544	0.948985	0.948131
3640	0.905433	0.990984	0.990854	0.793857	0.948985	0.948131
3650	0.905732	0.990984	0.990851	0.794188	0.948985	0.948131
3660	0.905964	0.991039	0.990907	0.794448	0.948985	0.948131
3670	0.906177	0.991205	0.991076	0.794658	0.948985	0.948233
3680	0.906426	0.991150	0.991021	0.794926	0.948985	0.948233
3690	0.906713	0.991150	0.991021	0.795246	0.948985	0.948233
3700	0.907130	0.991261	0.991132	0.795662	0.949505	0.948818
3710	0.907434	0.991261	0.991132	0.795913	0.949505	0.948818
3720	0.907729	0.991371	0.991243	0.796202	0.950026	0.949485
3730	0.907962	0.991316	0.991187	0.796501	0.950026	0.949374
3740	0.908264	0.991371	0.991244	0.796728	0.950026	0.949374
3750	0.908671	0.991427	0.991299	0.797009	0.949505	0.948700
3760	0.909033	0.991427	0.991296	0.797357	0.949505	0.948802
3770	0.909398	0.991427	0.991295	0.797647	0.949505	0.948802
3780	0.909696	0.991482	0.991354	0.798140	0.948985	0.948310
3790	0.910036	0.991537	0.991410	0.798455	0.949505	0.948714
3800	0.910256	0.991592	0.991469	0.798679	0.949505	0.948714
3810	0.910518	0.991592	0.991468	0.798942	0.949505	0.948714
3820	0.910783	0.991537	0.991406	0.799053	0.949505	0.948714
3830	0.911028	0.991648	0.991517	0.799345	0.949505	0.948714
3840	0.911305	0.991703	0.991570	0.799659	0.950026	0.949335
3850	0.911517	0.991703	0.991570	0.799892	0.949505	0.948792
3860	0.911796	0.991814	0.991683	0.800205	0.950026	0.949335
3870	0.912037	0.991814	0.991685	0.800313	0.950026	0.949335
3880	0.912260	0.991814	0.991686	0.800533	0.950026	0.949335
3890	0.912512	0.991869	0.991745	0.800862	0.950026	0.949335
3900	0.912757	0.991814	0.991687	0.801194	0.950026	0.949335
3910	0.912981	0.991924	0.991798	0.801423	0.950026	0.949335
3920	0.913256	0.992035	0.991910	0.801642	0.950026	0.949335
3930	0.913491	0.992035	0.991910	0.801861	0.950026	0.949335
3940	0.913823	0.992035	0.991910	0.802377	0.950026	0.949335
3950	0.914051	0.992090	0.991968	0.802635	0.950026	0.949446
3960	0.914306	0.992090	0.991964	0.802757	0.950026	0.949446
3970	0.914612	0.992312	0.992193	0.802939	0.950026	0.949494
3980	0.915019	0.992367	0.992248	0.803276	0.950547	0.950093
3990	0.915252	0.992367	0.992251	0.803557	0.950026	0.949494
4000	0.915472	0.992422	0.992304	0.803768	0.950026	0.949501
4010	0.915691	0.992588	0.992475	0.803969	0.951067	0.950529
4020	0.915979	0.992643	0.992535	0.804213	0.951067	0.950529
4030	0.916215	0.992754	0.992645	0.804442	0.951067	0.950529
4040	0.916549	0.992699	0.992592	0.804683	0.951067	0.950529
4050	0.916789	0.992699	0.992593	0.804953	0.951067	0.950529
4060	0.917011	0.992754	0.992651	0.805226	0.951067	0.950529
4070	0.917305	0.992809	0.992707	0.805544	0.950547	0.949988
4080	0.917542	0.992920	0.992817	0.805734	0.950547	0.949988
4090	0.917770	0.992975	0.992872	0.805989	0.950547	0.949988
4100	0.917996	0.992975	0.992873	0.806185	0.950026	0.949512
4110	0.918206	0.992975	0.992875	0.806364	0.950547	0.949958
4120	0.918445	0.992975	0.992872	0.806651	0.951067	0.950434
4130	0.918711	0.993031	0.992926	0.806877	0.950547	0.949958
4140	0.918922	0.993086	0.992985	0.807008	0.950547	0.949880
4150	0.919156	0.993197	0.993093	0.807255	0.950547	0.949958
4160	0.919356	0.993252	0.993149	0.807499	0.950026	0.949318
4170	0.919549	0.993252	0.993151	0.807647	0.950026	0.949318
4180	0.919840	0.993252	0.993148	0.807969	0.950026	0.949318
4190	0.920091	0.993307	0.993203	0.808173	0.950547	0.949958
4200	0.920309	0.993362	0.993260	0.808257	0.950547	0.949958
4210	0.920598	0.993362	0.993262	0.808544	0.950547	0.949958
4220	0.920766	0.993362	0.993262	0.808723	0.950547	0.949958
4230	0.920970	0.993473	0.993376	0.808916	0.950547	0.949833
4240	0.921189	0.993584	0.993487	0.809066	0.950547	0.949833
4250	0.921377	0.993584	0.993485	0.809122	0.950547	0.949880
4260	0.921582	0.993584	0.993485	0.809292	0.950547	0.949880
4270	0.921835	0.993694	0.993592	0.809445	0.950547	0.949880
4280	0.922054	0.993639	0.993535	0.809682	0.950547	0.949880
4290	0.922289	0.993639	0.993536	0.809864	0.951067	0.950369
4300	0.922505	0.993694	0.993593	0.810056	0.951067	0.950369
4310	0.922811	0.993750	0.993649	0.810318	0.950547	0.949864
4320	0.923059	0.993750	0.993649	0.810753	0.951588	0.950862
4330	0.923305	0.993805	0.993706	0.811029	0.951588	0.950891
4340	0.923610	0.993805	0.993705	0.811445	0.952108	0.951319
4350	0.923846	0.993916	0.993812	0.811723	0.952108	0.951319
4360	0.924036	0.993971	0.993868	0.811867	0.951588	0.950843
4370	0.924234	0.993971	0.993872	0.812106	0.952108	0.951400
4380	0.924428	0.994082	0.993985	0.812279	0.952629	0.951918
4390	0.924616	0.994082	0.993985	0.812445	0.953149	0.952413
4400	0.924842	0.994192	0.994096	0.812830	0.953149	0.952413
4410	0.925071	0.994247	0.994153	0.813014	0.953149	0.952413
4420	0.925270	0.994303	0.994210	0.813214	0.953149	0.952413
4430	0.925456	0.994247	0.994153	0.813337	0.952629	0.951918
4440	0.925658	0.994413	0.994323	0.813658	0.952629	0.951918
4450	0.925919	0.994524	0.994433	0.813929	0.952629	0.951918
4460	0.926083	0.994469	0.994376	0.814024	0.952629	0.951930
4470	0.926293	0.994635	0.994545	0.814270	0.952629	0.951930
4480	0.926525	0.994745	0.994657	0.814429	0.953149	0.952432
4490	0.926769	0.994745	0.994657	0.814639	0.953149	0.952432
4500	0.927007	0.994801	0.994714	0.814822	0.953149	0.952432
4510	0.927204	0.994856	0.994770	0.815077	0.953149	0.952456
4520	0.927397	0.994745	0.994657	0.815258	0.952629	0.951889
4530	0.927608	0.994801	0.994714	0.815473	0.953149	0.952314
4540	0.927817	0.994856	0.994770	0.815677	0.954191	0.953366
4550	0.927994	0.994856	0.994770	0.815832	0.954191	0.953366
4560	0.928191	0.994911	0.994828	0.816010	0.953149	0.952356
4570	0.928364	0.994801	0.994713	0.816130	0.952629	0.951838
4580	0.928545	0.994801	0.994713	0.816382	0.952629	0.951838
4590	0.928745	0.994911	0.994827	0.816631	0.953670	0.952899
4600	0.928932	0.994967	0.994884	0.816792	0.953149	0.952381
4610	0.929073	0.994967	0.994884	0.816823	0.953149	0.952381
4620	0.929196	0.994967	0.994884	0.816923	0.953149	0.952381
4630	0.929361	0.994911	0.994827	0.817090	0.953670	0.952873
4640	0.929563	0.994911	0.994829	0.817367	0.953670	0.952848
4650	0.929755	0.995022	0.994942	0.817511	0.953670	0.952873
4660	0.929936	0.995077	0.995000	0.817655	0.953670	0.952873
4670	0.930147	0.995077	0.994995	0.817962	0.954191	0.953406
4680	0.930389	0.995077	0.994995	0.818258	0.954191	0.953406
4690	0.930568	0.995077	0.994996	0.818397	0.954191	0.953406
4700	0.930782	0.995132	0.995053	0.818523	0.954711	0.953928
4710	0.931033	0.995132	0.995053	0.818734	0.954191	0.953380
4720	0.931228	0.995132	0.995053	0.818843	0.954191	0.953380
4730	0.931424	0.995132	0.995055	0.819110	0.954191	0.953380
4740	0.931578	0.995132	0.995057	0.819188	0.954191	0.953380
4750	0.931768	0.995298	0.995221	0.819327	0.954191	0.953380
4760	0.932004	0.995298	0.995222	0.819538	0.954191	0.953380
4770	0.932211	0.995298	0.995221	0.819659	0.954191	0.953383
4780	0.932407	0.995354	0.995275	0.819856	0.953670	0.952850
4790	0.932605	0.995354	0.995275	0.820017	0.953670	0.952850
4800	0.932841	0.995464	0.995387	0.820232	0.953670	0.952850
4810	0.933037	0.995409	0.995330	0.820355	0.953149	0.952304
4820	0.933215	0.995464	0.995390	0.820480	0.953149	0.952304
4830	0.933394	0.995520	0.995444	0.820722	0.953670	0.952850
4840	0.933600	0.995575	0.995501	0.820937	0.953670	0.952850
4850	0.933776	0.995796	0.995726	0.821077	0.953670	0.952850
4860	0.933966	0.995796	0.995727	0.821275	0.953670	0.952850
4870	0.934218	0.995852	0.995786	0.821467	0.953149	0.952327
4880	0.934457	0.995852	0.995783	0.821641	0.953149	0.952304
4890	0.934628	0.995907	0.995842	0.821775	0.953149	0.952304
4900	0.934948	0.996017	0.995956	0.822048	0.953149	0.952304
4910	0.935095	0.996017	0.995955	0.822201	0.953670	0.952816
4920	0.935335	0.996073	0.996012	0.822451	0.954191	0.953363
4930	0.935521	0.996128	0.996069	0.822638	0.953670	0.952816
4940	0.935758	0.996183	0.996125	0.822853	0.953670	0.952816
4950	0.935925	0.996183	0.996121	0.822962	0.954191	0.953323
4960	0.936149	0.996183	0.996122	0.823142	0.954191	0.953323
4970	0.936303	0.996183	0.996123	0.823343	0.954191	0.953323
4980	0.936484	0.996294	0.996232	0.823526	0.954191	0.953323
4990	0.936695	0.996405	0.996343	0.823687	0.953670	0.952816
5000	0.936883	0.996405	0.996342	0.823819	0.954191	0.953318
5010	0.937103	0.996571	0.996512	0.823970	0.954191	0.953318
5020	0.937324	0.996626	0.996568	0.824182	0.954711	0.953824
5030	0.937497	0.996515	0.996454	0.824360	0.954711	0.953824
5040	0.937696	0.996515	0.996454	0.824628	0.953670	0.952794
5050	0.937876	0.996571	0.996505	0.824713	0.953670	0.952794
5060	0.938065	0.996737	0.996675	0.824956	0.953670	0.952794
5070	0.938232	0.996847	0.996788	0.825146	0.954191	0.953318
5080	0.938396	0.996902	0.996845	0.825368	0.954191	0.953318
5090	0.938572	0.996958	0.996901	0.825537	0.954191	0.953318
5100	0.938703	0.997013	0.996957	0.825685	0.954191	0.953272
5110	0.938899	0.996958	0.996899	0.825862	0.954191	0.953272
5120	0.939057	0.997013	0.996955	0.825969	0.954711	0.953778
5130	0.939221	0.996958	0.996900	0.826133	0.954711	0.953793
5140	0.939402	0.997013	0.996955	0.826206	0.954711	0.953793
5150	0.939537	0.997013	0.996955	0.826348	0.955232	0.954300
5160	0.939700	0.997068	0.997012	0.826513	0.954711	0.953612
5170	0.939885	0.997068	0.997011	0.826669	0.954711	0.953612
5180	0.940063	0.997068	0.997011	0.826840	0.954711	0.953612
5190	0.940234	0.997068	0.997011	0.827022	0.954711	0.953612
5200	0.940377	0.997124	0.997067	0.827148	0.954191	0.953105
5210	0.940492	0.997124	0.997067	0.827349	0.954711	0.953612
5220	0.940734	0.997179	0.997125	0.827460	0.954191	0.953105
5230	0.941027	0.997179	0.997125	0.827855	0.954191	0.953105
5240	0.941210	0.997345	0.997295	0.828016	0.954191	0.953105
5250	0.941394	0.997400	0.997351	0.828188	0.954711	0.953580
5260	0.941588	0.997456	0.997408	0.828373	0.955232	0.954130
5270	0.941767	0.997456	0.997408	0.828647	0.955232	0.954130
5280	0.941985	0.997456	0.997408	0.828801	0.955752	0.954775
5290	0.942120	0.997511	0.997462	0.828879	0.955752	0.954775
5300	0.942249	0.997511	0.997463	0.829021	0.955752	0.954775
5310	0.942404	0.997511	0.997462	0.829194	0.956273	0.955330
5320	0.942555	0.997566	0.997518	0.829313	0.956273	0.955330
5330	0.942699	0.997566	0.997519	0.829440	0.956273	0.955330
5340	0.942847	0.997511	0.997463	0.829553	0.955752	0.954775
5350	0.943019	0.997566	0.997519	0.829662	0.956273	0.955330
5360	0.943191	0.997622	0.997575	0.829754	0.955752	0.954830
5370	0.943344	0.997622	0.997575	0.829909	0.955752	0.954830
5380	0.943496	0.997622	0.997577	0.830113	0.955752	0.954830
5390	0.943674	0.997622	0.997577	0.830252	0.955232	0.954305
5400	0.943815	0.997677	0.997634	0.830401	0.955232	0.954305
5410	0.944013	0.997677	0.997634	0.830608	0.955752	0.954835
5420	0.944157	0.997677	0.997634	0.830725	0.955752	0.954835
5430	0.944297	0.997677	0.997634	0.830812	0.955752	0.954835
5440	0.944461	0.997677	0.997632	0.830935	0.956273	0.955511
5450	0.944609	0.997732	0.997690	0.831155	0.955752	0.954835
5460	0.944744	0.997677	0.997632	0.831250	0.956273	0.955360
5470	0.944908	0.997732	0.997690	0.831389	0.955752	0.954835
5480	0.945058	0.997732	0.997690	0.831570	0.955232	0.954305
5490	0.945242	0.997732	0.997690	0.831838	0.955232	0.954277
5500	0.945374	0.997787	0.997746	0.831929	0.955752	0.954802
5510	0.945534	0.997787	0.997745	0.832040	0.955752	0.954807
5520	0.945705	0.997732	0.997689	0.832230	0.955752	0.954802
5530	0.945841	0.997732	0.997689	0.832406	0.955752	0.954802
5540	0.945971	0.997787	0.997745	0.832536	0.955752	0.954802
5550	0.946118	0.997787	0.997747	0.832673	0.955752	0.954802
5560	0.946274	0.997787	0.997745	0.832840	0.955752	0.954802
5570	0.946403	0.997787	0.997745	0.832973	0.955752	0.954802
5580	0.946535	0.997787	0.997745	0.833100	0.955752	0.954802
5590	0.946700	0.997787	0.997746	0.833267	0.956273	0.955399
5600	0.946825	0.997843	0.997802	0.833424	0.956273	0.955399
5610	0.946964	0.997787	0.997746	0.833568	0.956273	0.955399
5620	0.947134	0.997898	0.997860	0.833788	0.955752	0.954782
5630	0.947302	0.997898	0.997860	0.833876	0.955752	0.954782
5640	0.947451	0.997898	0.997860	0.833935	0.955752	0.954782
5650	0.947590	0.997898	0.997860	0.834120	0.956273	0.955284
5660	0.947739	0.997953	0.997916	0.834242	0.956273	0.955355
5670	0.947886	0.997953	0.997916	0.834415	0.956793	0.955889
5680	0.948035	0.998009	0.997972	0.834619	0.956793	0.955889
5690	0.948208	0.998009	0.997972	0.834727	0.956793	0.955859
5700	0.948348	0.998009	0.997972	0.834888	0.956793	0.955859
5710	0.948495	0.998064	0.998027	0.834999	0.956793	0.955859
5720	0.948634	0.998119	0.998084	0.835071	0.956793	0.955887
5730	0.948780	0.998175	0.998140	0.835163	0.957314	0.956417
5740	0.948935	0.998119	0.998084	0.835292	0.957314	0.956417
5750	0.949131	0.998175	0.998140	0.835504	0.956793	0.955887
5760	0.949295	0.998175	0.998140	0.835630	0.956793	0.955887
5770	0.949414	0.998175	0.998140	0.835732	0.956273	0.955370
5780	0.949530	0.998175	0.998140	0.835851	0.956273	0.955370
5790	0.949660	0.998230	0.998198	0.836024	0.956793	0.955887
5800	0.949760	0.998230	0.998198	0.836157	0.956793	0.955887
5810	0.949892	0.998175	0.998141	0.836209	0.956793	0.955887
5820	0.950068	0.998285	0.998253	0.836407	0.956793	0.955887
5830	0.950200	0.998230	0.998198	0.836506	0.956793	0.955866
5840	0.950369	0.998285	0.998253	0.836593	0.957314	0.956325
5850	0.950571	0.998285	0.998253	0.836799	0.957314	0.956396
5860	0.950748	0.998230	0.998198	0.836906	0.957314	0.956396
5870	0.950872	0.998230	0.998198	0.837047	0.957314	0.956325
5880	0.950988	0.998341	0.998307	0.837175	0.957314	0.956325
5890	0.951110	0.998341	0.998307	0.837237	0.957314	0.956325
5900	0.951265	0.998341	0.998307	0.837518	0.957314	0.956346
5910	0.951411	0.998341	0.998307	0.837644	0.957314	0.956346
5920	0.951564	0.998396	0.998363	0.837797	0.957314	0.956346
5930	0.951699	0.998396	0.998363	0.837876	0.957314	0.956346
5940	0.951837	0.998396	0.998363	0.837930	0.957314	0.956325
5950	0.951944	0.998396	0.998363	0.838039	0.957314	0.956325
5960	0.952051	0.998396	0.998363	0.838146	0.957314	0.956325
5970	0.952165	0.998396	0.998363	0.838261	0.957314	0.956325
5980	0.952282	0.998396	0.998363	0.838407	0.957314	0.956325
5990	0.952390	0.998396	0.998363	0.838545	0.957314	0.956325
6000	0.952511	0.998396	0.998363	0.838723	0.957314	0.956325
6010	0.952668	0.998396	0.998364	0.838842	0.957314	0.956325
6020	0.952780	0.998396	0.998363	0.838945	0.957314	0.956417
6030	0.952897	0.998396	0.998363	0.839066	0.957314	0.956417
6040	0.952996	0.998396	0.998363	0.839115	0.957314	0.956417
6050	0.953140	0.998451	0.998418	0.839269	0.957314	0.956346
6060	0.953336	0.998451	0.998418	0.839391	0.957314	0.956346
6070	0.953418	0.998451	0.998418	0.839590	0.957314	0.956346
6080	0.953522	0.998451	0.998418	0.839806	0.957314	0.956346
6090	0.953621	0.998451	0.998418	0.839901	0.957314	0.956346
6100	0.953764	0.998451	0.998418	0.840105	0.957314	0.956346
6110	0.953912	0.998451	0.998418	0.840277	0.956793	0.955816
6120	0.954079	0.998451	0.998418	0.840336	0.956793	0.955887
6130	0.954168	0.998451	0.998418	0.840443	0.956793	0.955887
6140	0.954258	0.998451	0.998418	0.840542	0.956793	0.955887
6150	0.954359	0.998451	0.998418	0.840693	0.957314	0.956417
6160	0.954462	0.998451	0.998418	0.840828	0.957314	0.956417
6170	0.954555	0.998451	0.998418	0.840900	0.957314	0.956417
6180	0.954674	0.998507	0.998476	0.841089	0.957314	0.956417
6190	0.954818	0.998451	0.998418	0.841225	0.956273	0.955386
6200	0.954891	0.998562	0.998532	0.841384	0.956273	0.955386
6210	0.954989	0.998562	0.998532	0.841444	0.956793	0.955917
6220	0.955098	0.998562	0.998532	0.841593	0.956273	0.955400
6230	0.955225	0.998562	0.998532	0.841722	0.955752	0.954920
6240	0.955336	0.998507	0.998476	0.841798	0.955752	0.954920
6250	0.955437	0.998562	0.998532	0.841885	0.955752	0.954920
6260	0.955514	0.998507	0.998476	0.841998	0.955752	0.954920
6270	0.955610	0.998562	0.998533	0.842019	0.956273	0.955411
6280	0.955752	0.998617	0.998587	0.842183	0.956273	0.955411
6290	0.955844	0.998672	0.998642	0.842305	0.956273	0.955411
6300	0.955924	0.998672	0.998642	0.842449	0.956273	0.955439
6310	0.956015	0.998672	0.998642	0.842558	0.955752	0.954873
6320	0.956097	0.998672	0.998642	0.842634	0.955752	0.954901
6330	0.956193	0.998672	0.998642	0.842733	0.955752	0.954901
6340	0.956339	0.998728	0.998698	0.842836	0.956273	0.955401
6350	0.956439	0.998728	0.998698	0.842963	0.956793	0.955939
6360	0.956549	0.998672	0.998641	0.843072	0.956793	0.955939
6370	0.956637	0.998672	0.998641	0.843142	0.956793	0.955939
6380	0.956774	0.998672	0.998641	0.843220	0.955752	0.954901
6390	0.956870	0.998672	0.998642	0.843387	0.955232	0.954354
6400	0.956969	0.998728	0.998698	0.843565	0.955232	0.954350
6410	0.957057	0.998728	0.998699	0.843691	0.955232	0.954350
6420	0.957151	0.998728	0.998698	0.843844	0.955752	0.954869
6430	0.957264	0.998728	0.998699	0.843932	0.955232	0.954350
6440	0.957374	0.998783	0.998754	0.844029	0.955232	0.954272
6450	0.957457	0.998783	0.998754	0.844160	0.955232	0.954272
6460	0.957551	0.998783	0.998754	0.844206	0.955752	0.954851
6470	0.957661	0.998783	0.998754	0.844360	0.956273	0.955390
6480	0.957754	0.998783	0.998754	0.844475	0.956273	0.955390
6490	0.957848	0.998783	0.998754	0.844629	0.956273	0.955390
6500	0.957948	0.998783	0.998754	0.844770	0.955752	0.954851
6510	0.958050	0.998783	0.998754	0.844810	0.955752	0.954851
6520	0.958111	0.998783	0.998754	0.844847	0.955752	0.954851
6530	0.958211	0.998783	0.998754	0.844957	0.955752	0.954837
6540	0.958301	0.998783	0.998754	0.845008	0.955752	0.954837
6550	0.958406	0.998783	0.998754	0.845199	0.955752	0.954837
6560	0.958513	0.998783	0.998754	0.845273	0.956273	0.955316
6570	0.958605	0.998783	0.998753	0.845381	0.956273	0.955330
6580	0.958711	0.998783	0.998753	0.845556	0.956793	0.955857
6590	0.958802	0.998783	0.998753	0.845630	0.956273	0.955330
6600	0.958901	0.998783	0.998753	0.845703	0.956273	0.955330
6610	0.958997	0.998783	0.998753	0.845803	0.956273	0.955330
6620	0.959101	0.998783	0.998753	0.845879	0.956793	0.955857
6630	0.959194	0.998783	0.998755	0.845948	0.956793	0.955857
6640	0.959283	0.998838	0.998811	0.846053	0.956793	0.955848
6650	0.959364	0.998838	0.998811	0.846083	0.956793	0.955848
6660	0.959449	0.998838	0.998811	0.846095	0.956793	0.955848
6670	0.959555	0.998838	0.998811	0.846194	0.956793	0.955848
6680	0.959675	0.998838	0.998811	0.846304	0.956793	0.955848
6690	0.959754	0.998838	0.998811	0.846431	0.956793	0.955883
6700	0.959847	0.998838	0.998811	0.846568	0.956793	0.955883
6710	0.959956	0.998838	0.998811	0.846666	0.956273	0.955316
6720	0.960054	0.998949	0.998925	0.846749	0.956793	0.955883
6730	0.960153	0.998949	0.998925	0.846902	0.956793	0.955883
6740	0.960228	0.998949	0.998925	0.847010	0.956793	0.955883
6750	0.960311	0.998949	0.998925	0.847049	0.956793	0.955883
6760	0.960425	0.998949	0.998925	0.847161	0.956793	0.955883
6770	0.960522	0.998949	0.998925	0.847316	0.956793	0.955883
6780	0.960602	0.998949	0.998925	0.847388	0.957314	0.956356
6790	0.960700	0.998949	0.998925	0.847500	0.957314	0.956356
6800	0.960777	0.998949	0.998925	0.847556	0.957314	0.956356
6810	0.960853	0.998949	0.998925	0.847673	0.957314	0.956356
6820	0.960921	0.998949	0.998925	0.847799	0.957314	0.956356
6830	0.960999	0.998949	0.998925	0.847918	0.957314	0.956356
6840	0.961089	0.998949	0.998925	0.848022	0.957314	0.956356
6850	0.961172	0.998949	0.998925	0.848108	0.957314	0.956356
6860	0.961241	0.998949	0.998925	0.848173	0.957314	0.956356
6870	0.961309	0.998949	0.998925	0.848215	0.957314	0.956356
6880	0.961379	0.998949	0.998925	0.848305	0.957314	0.956356
6890	0.961448	0.999004	0.998980	0.848349	0.957314	0.956356
6900	0.961535	0.999004	0.998980	0.848407	0.957314	0.956356
6910	0.961609	0.999004	0.998980	0.848522	0.957314	0.956356
6920	0.961704	0.999004	0.998980	0.848724	0.957314	0.956356
6930	0.961774	0.999004	0.998980	0.848793	0.957314	0.956356
6940	0.961862	0.999060	0.999037	0.848938	0.957314	0.956356
6950	0.961953	0.999060	0.999037	0.849039	0.957314	0.956356
6960	0.962073	0.999115	0.999093	0.849156	0.957314	0.956356
6970	0.962148	0.999115	0.999093	0.849285	0.957314	0.956320
6980	0.962239	0.999170	0.999149	0.849380	0.957314	0.956356
6990	0.962325	0.999170	0.999149	0.849472	0.957314	0.956320
7000	0.962400	0.999170	0.999149	0.849537	0.957314	0.956320
7010	0.962500	0.999226	0.999205	0.849665	0.957314	0.956320
7020	0.962571	0.999226	0.999206	0.849749	0.957314	0.956320
7030	0.962673	0.999226	0.999206	0.849844	0.957314	0.956356
7040	0.962747	0.999226	0.999205	0.849923	0.957314	0.956320
7050	0.962823	0.999226	0.999205	0.850001	0.957314	0.956320
7060	0.962901	0.999226	0.999206	0.850067	0.957314	0.956320
7070	0.962995	0.999226	0.999206	0.850122	0.957314	0.956320
7080	0.963064	0.999226	0.999206	0.850181	0.957314	0.956320
7090	0.963137	0.999226	0.999206	0.850264	0.957314	0.956320
7100	0.963205	0.999226	0.999206	0.850375	0.957314	0.956356
7110	0.963273	0.999281	0.999262	0.850459	0.957314	0.956356
7120	0.963326	0.999226	0.999205	0.850494	0.957314	0.956356
7130	0.963402	0.999226	0.999205	0.850549	0.957314	0.956356
7140	0.963480	0.999281	0.999261	0.850624	0.957314	0.956356
7150	0.963553	0.999281	0.999261	0.850690	0.957834	0.956890
7160	0.963654	0.999281	0.999261	0.850808	0.958355	0.957338
7170	0.963735	0.999281	0.999261	0.850965	0.958355	0.957351
7180	0.963814	0.999281	0.999262	0.851006	0.958355	0.957351
7190	0.963885	0.999281	0.999262	0.851112	0.958355	0.957351
7200	0.963966	0.999281	0.999262	0.851255	0.958355	0.957351
7210	0.964027	0.999281	0.999262	0.851259	0.958355	0.957351
7220	0.964082	0.999281	0.999262	0.851331	0.958355	0.957351
7230	0.964159	0.999281	0.999262	0.851490	0.958355	0.957351
7240	0.964239	0.999281	0.999262	0.851594	0.958355	0.957351
7250	0.964304	0.999281	0.999262	0.851676	0.958355	0.957351
7260	0.964382	0.999281	0.999262	0.851724	0.958355	0.957351
7270	0.964481	0.999336	0.999320	0.851842	0.958355	0.957351
7280	0.964552	0.999336	0.999320	0.851970	0.958355	0.957351
7290	0.964647	0.999336	0.999320	0.852108	0.958355	0.957351
7300	0.964696	0.999336	0.999320	0.852199	0.958355	0.957351
7310	0.964754	0.999336	0.999320	0.852248	0.958355	0.957351
7320	0.964826	0.999336	0.999320	0.852337	0.958355	0.957351
7330	0.964891	0.999336	0.999320	0.852365	0.957834	0.956773
7340	0.964964	0.999336	0.999320	0.852461	0.957834	0.956773
7350	0.965025	0.999336	0.999319	0.852544	0.957834	0.956773
7360	0.965118	0.999336	0.999320	0.852582	0.957834	0.956773
7370	0.965184	0.999336	0.999320	0.852681	0.957834	0.956773
7380	0.965259	0.999336	0.999320	0.852736	0.957834	0.956773
7390	0.965325	0.999336	0.999320	0.852843	0.957834	0.956783
7400	0.965403	0.999336	0.999320	0.852958	0.957834	0.956773
7410	0.965472	0.999336	0.999320	0.853049	0.957834	0.956802
7420	0.965546	0.999336	0.999320	0.853092	0.957834	0.956802
7430	0.965605	0.999336	0.999320	0.853155	0.957834	0.956802
7440	0.965683	0.999336	0.999320	0.853232	0.957834	0.956773
7450	0.965736	0.999336	0.999320	0.853312	0.957834	0.956802
7460	0.965807	0.999336	0.999320	0.853342	0.957834	0.956773
7470	0.965880	0.999336	0.999320	0.853403	0.957834	0.956802
7480	0.965948	0.999336	0.999320	0.853465	0.957834	0.956802
7490	0.966007	0.999336	0.999320	0.853524	0.957834	0.956802
7500	0.966070	0.999336	0.999320	0.853639	0.957834	0.956802
7510	0.966141	0.999336	0.999320	0.853744	0.957834	0.956773
7520	0.966207	0.999336	0.999320	0.853853	0.957834	0.956773
7530	0.966280	0.999336	0.999320	0.853934	0.957834	0.956773
7540	0.966336	0.999336	0.999320	0.853977	0.957834	0.956773
7550	0.966386	0.999336	0.999320	0.854015	0.957834	0.956727
7560	0.966439	0.999336	0.999320	0.854038	0.957834	0.956727
7570	0.966504	0.999336	0.999320	0.854108	0.957834	0.956727
7580	0.966596	0.999336	0.999320	0.854142	0.957834	0.956710
7590	0.966686	0.999336	0.999320	0.854236	0.957834	0.956710
7600	0.966777	0.999392	0.999377	0.854302	0.957834	0.956710
7610	0.966828	0.999447	0.999433	0.854352	0.957834	0.956727
7620	0.966894	0.999392	0.999377	0.854438	0.957834	0.956727
7630	0.966942	0.999392	0.999376	0.854485	0.957834	0.956727
7640	0.966991	0.999392	0.999376	0.854556	0.957834	0.956727
7650	0.967044	0.999392	0.999376	0.854599	0.957834	0.956727
7660	0.967105	0.999447	0.999432	0.854680	0.957834	0.956727
7670	0.967155	0.999447	0.999432	0.854694	0.957834	0.956727
7680	0.967220	0.999447	0.999432	0.854772	0.957834	0.956710
7690	0.967266	0.999502	0.999489	0.854827	0.957834	0.956710
7700	0.967300	0.999502	0.999489	0.854849	0.957834	0.956710
7710	0.967362	0.999502	0.999490	0.854968	0.957834	0.956710
7720	0.967411	0.999502	0.999490	0.855031	0.957834	0.956710
7730	0.967470	0.999502	0.999490	0.855122	0.957834	0.956710
7740	0.967535	0.999502	0.999490	0.855167	0.957834	0.956710
7750	0.967580	0.999502	0.999490	0.855206	0.957834	0.956710
7760	0.967647	0.999502	0.999490	0.855284	0.957834	0.956710
7770	0.967708	0.999502	0.999490	0.855407	0.957834	0.956710
7780	0.967759	0.999502	0.999490	0.855479	0.957834	0.956710
7790	0.967832	0.999502	0.999490	0.855568	0.957834	0.956710
7800	0.967874	0.999502	0.999490	0.855632	0.957834	0.956710
7810	0.967936	0.999502	0.999490	0.855727	0.957834	0.956696
7820	0.967991	0.999502	0.999490	0.855753	0.957834	0.956696
7830	0.968059	0.999557	0.999548	0.855919	0.957834	0.956696
7840	0.968126	0.999613	0.999602	0.856000	0.957834	0.956710
7850	0.968181	0.999613	0.999602	0.856066	0.957834	0.956710
7860	0.968240	0.999613	0.999602	0.856129	0.957834	0.956710
7870	0.968305	0.999668	0.999659	0.856168	0.957834	0.956710
7880	0.968384	0.999668	0.999659	0.856249	0.957834	0.956710
7890	0.968434	0.999668	0.999659	0.856307	0.957834	0.956710
7900	0.968501	0.999668	0.999659	0.856386	0.957834	0.956710
7910	0.968569	0.999723	0.999715	0.856416	0.957834	0.956710
7920	0.968622	0.999723	0.999715	0.856503	0.957834	0.956710
7930	0.968676	0.999723	0.999715	0.856562	0.957834	0.956710
7940	0.968763	0.999723	0.999715	0.856652	0.957834	0.956710
7950	0.968817	0.999723	0.999715	0.856713	0.957834	0.956710
7960	0.968871	0.999723	0.999715	0.856760	0.957834	0.956710
7970	0.968919	0.999723	0.999715	0.856804	0.957834	0.956710
7980	0.968964	0.999723	0.999715	0.856859	0.957834	0.956710
7990	0.969030	0.999723	0.999715	0.856936	0.957834	0.956710
8000	0.969098	0.999723	0.999715	0.857004	0.957834	0.956710
8010	0.969152	0.999723	0.999715	0.857067	0.957834	0.956710
8020	0.969237	0.999723	0.999715	0.857162	0.957834	0.956710
8030	0.969277	0.999723	0.999715	0.857167	0.957834	0.956739
8040	0.969331	0.999723	0.999715	0.857288	0.958355	0.957313
8050	0.969394	0.999723	0.999715	0.857339	0.958355	0.957284
8060	0.969465	0.999723	0.999715	0.857457	0.957834	0.956710
8070	0.969529	0.999723	0.999715	0.857535	0.958355	0.957284
8080	0.969574	0.999723	0.999715	0.857617	0.958355	0.957284
8090	0.969633	0.999723	0.999715	0.857683	0.958355	0.957476
8100	0.969687	0.999723	0.999715	0.857697	0.958355	0.957476
8110	0.969735	0.999723	0.999715	0.857776	0.958355	0.957476
8120	0.969793	0.999723	0.999715	0.857844	0.958355	0.957476
8130	0.969844	0.999723	0.999715	0.857874	0.957834	0.956902
8140	0.969894	0.999723	0.999715	0.857937	0.957834	0.956880
8150	0.969955	0.999723	0.999715	0.857981	0.958355	0.957454
8160	0.970001	0.999779	0.999773	0.858018	0.958355	0.957454
8170	0.970057	0.999779	0.999773	0.858082	0.958355	0.957454
8180	0.970129	0.999779	0.999772	0.858151	0.958355	0.957454
8190	0.970182	0.999779	0.999772	0.858244	0.958355	0.957454
8200	0.970253	0.999779	0.999772	0.858336	0.958355	0.957454
8210	0.970300	0.999779	0.999773	0.858367	0.958355	0.957454
8220	0.970342	0.999779	0.999773	0.858404	0.958355	0.957454
8230	0.970397	0.999779	0.999773	0.858455	0.958355	0.957454
8240	0.970452	0.999779	0.999773	0.858513	0.958355	0.957454
8250	0.970488	0.999779	0.999773	0.858564	0.958355	0.957454
8260	0.970548	0.999723	0.999714	0.858670	0.958355	0.957454
8270	0.970613	0.999723	0.999714	0.858755	0.958355	0.957454
8280	0.970667	0.999723	0.999714	0.858823	0.958355	0.957454
8290	0.970718	0.999723	0.999714	0.858895	0.958876	0.957944
8300	0.970759	0.999779	0.999772	0.858994	0.958876	0.957944
8310	0.970810	0.999779	0.999772	0.859040	0.958876	0.957944
8320	0.970862	0.999779	0.999772	0.859101	0.958876	0.957944
8330	0.970913	0.999779	0.999772	0.859136	0.958876	0.957944
8340	0.970968	0.999779	0.999772	0.859258	0.959396	0.958414
8350	0.971029	0.999779	0.999772	0.859347	0.959396	0.958414
8360	0.971083	0.999779	0.999772	0.859440	0.959396	0.958414
8370	0.971118	0.999779	0.999772	0.859485	0.959396	0.958414
8380	0.971170	0.999779	0.999772	0.859573	0.959396	0.958414
8390	0.971222	0.999779	0.999773	0.859624	0.959396	0.958414
8400	0.971273	0.999779	0.999772	0.859715	0.959396	0.958414
8410	0.971324	0.999779	0.999772	0.859754	0.959396	0.958414
8420	0.971373	0.999779	0.999772	0.859800	0.959396	0.958414
8430	0.971429	0.999779	0.999772	0.859880	0.959396	0.958414
8440	0.971470	0.999779	0.999772	0.859905	0.959396	0.958414
8450	0.971514	0.999779	0.999772	0.859955	0.959396	0.958414
8460	0.971551	0.999779	0.999772	0.860011	0.959396	0.958414
8470	0.971592	0.999779	0.999772	0.860077	0.959396	0.958414
8480	0.971641	0.999779	0.999772	0.860145	0.959396	0.958414
8490	0.971687	0.999779	0.999772	0.860207	0.959396	0.958414
8500	0.971743	0.999779	0.999772	0.860235	0.959396	0.958414
8510	0.971807	0.999779	0.999772	0.860284	0.959396	0.958414
8520	0.971843	0.999779	0.999772	0.860318	0.959396	0.958414
8530	0.971899	0.999779	0.999772	0.860412	0.959396	0.958414
8540	0.971931	0.999779	0.999773	0.860479	0.959396	0.958414
8550	0.971986	0.999779	0.999772	0.860556	0.959396	0.958414
8560	0.972031	0.999779	0.999772	0.860597	0.959396	0.958414
8570	0.972083	0.999779	0.999772	0.860700	0.959396	0.958414
8580	0.972123	0.999779	0.999772	0.860742	0.959396	0.958414
8590	0.972171	0.999779	0.999772	0.860794	0.959396	0.958414
8600	0.972211	0.999779	0.999772	0.860865	0.959396	0.958414
8610	0.972260	0.999779	0.999772	0.860894	0.959396	0.958414
8620	0.972296	0.999779	0.999772	0.860955	0.959396	0.958414
8630	0.972350	0.999779	0.999772	0.860972	0.959396	0.958414
8640	0.972401	0.999779	0.999772	0.861051	0.959396	0.958414
8650	0.972469	0.999779	0.999772	0.861116	0.959396	0.958414
8660	0.972508	0.999779	0.999772	0.861146	0.959917	0.958981
8670	0.972562	0.999779	0.999773	0.861204	0.959917	0.958981
8680	0.972604	0.999779	0.999773	0.861243	0.959917	0.958981
8690	0.972650	0.999779	0.999773	0.861315	0.959917	0.958981
8700	0.972683	0.999779	0.999773	0.861337	0.959917	0.958981
8710	0.972734	0.999779	0.999773	0.861404	0.959917	0.958981
8720	0.972807	0.999779	0.999773	0.861480	0.959917	0.958981
8730	0.972858	0.999779	0.999773	0.861572	0.959917	0.958981
8740	0.972907	0.999779	0.999773	0.861614	0.959917	0.958981
8750	0.972951	0.999779	0.999773	0.861655	0.959917	0.958981
8760	0.973016	0.999779	0.999773	0.861718	0.959917	0.958981
8770	0.973063	0.999779	0.999773	0.861739	0.959917	0.958981
8780	0.973111	0.999779	0.999773	0.861767	0.959917	0.958981
8790	0.973149	0.999779	0.999773	0.861873	0.959917	0.958981
8800	0.973200	0.999779	0.999773	0.861883	0.959917	0.958981
8810	0.973258	0.999779	0.999773	0.861929	0.959917	0.958981
8820	0.973296	0.999779	0.999773	0.861962	0.959917	0.958981
8830	0.973337	0.999779	0.999773	0.862002	0.959917	0.958981
8840	0.973392	0.999779	0.999773	0.862126	0.959917	0.958981
8850	0.973436	0.999779	0.999773	0.862183	0.959917	0.958981
8860	0.973491	0.999779	0.999772	0.862228	0.959917	0.958981
8870	0.973539	0.999779	0.999772	0.862273	0.959917	0.958981
8880	0.973605	0.999779	0.999772	0.862570	0.959917	0.958981
8890	0.973668	0.999779	0.999772	0.862608	0.959917	0.958981
8900	0.973714	0.999779	0.999772	0.862661	0.959917	0.958981
8910	0.973756	0.999779	0.999772	0.862709	0.959917	0.958981
8920	0.973799	0.999779	0.999772	0.862761	0.959917	0.958981
8930	0.973828	0.999779	0.999772	0.862777	0.959917	0.958981
8940	0.973888	0.999779	0.999771	0.862871	0.959917	0.958981
8950	0.973929	0.999779	0.999771	0.862903	0.959917	0.958981
8960	0.973963	0.999779	0.999771	0.862931	0.959917	0.958981
8970	0.974004	0.999779	0.999771	0.862997	0.959917	0.958981
8980	0.974046	0.999779	0.999771	0.863050	0.959917	0.958981
8990	0.974087	0.999779	0.999771	0.863105	0.959917	0.958981
9000	0.974129	0.999779	0.999771	0.863149	0.959917	0.958981
9010	0.974165	0.999779	0.999771	0.863174	0.959917	0.958981
9020	0.974213	0.999779	0.999771	0.863217	0.959917	0.958981
9030	0.974246	0.999834	0.999829	0.863229	0.959917	0.958981
9040	0.974284	0.999834	0.999829	0.863275	0.959917	0.958981
9050	0.974319	0.999834	0.999830	0.863312	0.959917	0.958981
9060	0.974352	0.999834	0.999830	0.863382	0.959917	0.958981
9070	0.974388	0.999834	0.999829	0.863422	0.959917	0.958981
9080	0.974429	0.999834	0.999829	0.863480	0.959917	0.958981
9090	0.974471	0.999834	0.999829	0.863539	0.959917	0.958981
9100	0.974527	0.999834	0.999829	0.863606	0.959917	0.958981
