10	0.070781	0.419577	0.398847	0.069364	0.417798	0.409182
20	0.115768	0.607296	0.621754	0.112142	0.598291	0.615798
30	0.160851	0.671978	0.683707	0.153376	0.656611	0.669627
40	0.199553	0.701904	0.711211	0.188269	0.680241	0.691254
50	0.230916	0.728555	0.735799	0.216412	0.704877	0.712912
60	0.254207	0.741158	0.747253	0.237219	0.716440	0.724834
70	0.276544	0.754650	0.758355	0.256850	0.723982	0.730634
80	0.299224	0.771417	0.772001	0.277038	0.741076	0.744708
90	0.321222	0.782133	0.781292	0.297907	0.753645	0.756787
100	0.339692	0.792904	0.790652	0.315310	0.771745	0.773342
110	0.354960	0.798512	0.795178	0.328402	0.776269	0.777294
120	0.368824	0.804064	0.799689	0.341403	0.781800	0.781630
130	0.381051	0.811115	0.805800	0.352339	0.785822	0.784969
140	0.394937	0.818222	0.811915	0.365356	0.794872	0.792692
150	0.405274	0.822497	0.815539	0.373852	0.798894	0.796038
160	0.418415	0.829604	0.821653	0.385307	0.802916	0.799828
170	0.429207	0.833990	0.825404	0.394439	0.805430	0.801660
180	0.439925	0.838266	0.829165	0.403011	0.809452	0.805114
190	0.452523	0.844817	0.834733	0.414630	0.817496	0.812104
200	0.460788	0.848093	0.837713	0.422152	0.819507	0.813505
210	0.471346	0.851868	0.839635	0.432496	0.822524	0.814433
220	0.480218	0.856810	0.844065	0.440163	0.826546	0.818184
230	0.489748	0.862751	0.849600	0.448183	0.830065	0.821026
240	0.498106	0.866470	0.853050	0.456099	0.835596	0.826550
250	0.505960	0.870079	0.856200	0.463437	0.839115	0.829331
260	0.512863	0.872967	0.858961	0.469919	0.845148	0.834870
270	0.519698	0.874632	0.860499	0.475200	0.847662	0.837194
280	0.525898	0.877464	0.863028	0.481005	0.847662	0.837423
290	0.531931	0.879296	0.864671	0.485558	0.846657	0.836761
300	0.537221	0.881517	0.866889	0.489752	0.848668	0.838829
310	0.543580	0.883682	0.869081	0.495085	0.853193	0.843165
320	0.552248	0.887291	0.872305	0.502480	0.854701	0.844405
330	0.557807	0.888846	0.873654	0.508070	0.857215	0.846429
340	0.563031	0.889401	0.874033	0.512352	0.858723	0.847859
350	0.568147	0.890844	0.875325	0.516465	0.859729	0.848498
360	0.572934	0.892510	0.876807	0.520291	0.860231	0.849111
370	0.576700	0.893676	0.877897	0.522819	0.860734	0.849617
380	0.579913	0.894731	0.878897	0.525392	0.862242	0.851070
390	0.585105	0.896064	0.880028	0.529448	0.864253	0.852860
400	0.589247	0.897063	0.880888	0.532004	0.862745	0.851199
410	0.593787	0.898618	0.882365	0.535766	0.863751	0.852009
420	0.599637	0.900283	0.884086	0.540356	0.866767	0.854919
430	0.603706	0.902115	0.885849	0.543913	0.867270	0.855122
440	0.607695	0.903614	0.887266	0.546483	0.867773	0.855634
450	0.611514	0.905002	0.888554	0.549582	0.870789	0.858575
460	0.615984	0.905835	0.889314	0.553979	0.872800	0.860464
470	0.619730	0.906946	0.890339	0.556916	0.873806	0.861450
480	0.623336	0.908445	0.891648	0.559808	0.872800	0.860422
490	0.626375	0.909333	0.892482	0.562639	0.873806	0.861029
500	0.629133	0.910777	0.893898	0.565060	0.875314	0.862528
510	0.632235	0.911887	0.894839	0.567638	0.875817	0.863088
520	0.635370	0.913497	0.896376	0.570408	0.876823	0.863837
530	0.639128	0.914552	0.897320	0.573606	0.877828	0.864666
540	0.642249	0.915330	0.897995	0.576130	0.877828	0.864615
550	0.645834	0.916162	0.898747	0.579732	0.879839	0.866563
560	0.649709	0.917273	0.899732	0.583204	0.881347	0.867863
570	0.652134	0.918050	0.900481	0.585214	0.883358	0.869752
580	0.654707	0.918439	0.900861	0.587427	0.883358	0.869760
590	0.657675	0.919049	0.901450	0.589722	0.883358	0.869927
600	0.661137	0.919938	0.902259	0.592658	0.883861	0.870222
610	0.663653	0.920326	0.902618	0.593901	0.885370	0.871497
620	0.666577	0.920826	0.903117	0.596655	0.884364	0.870694
630	0.669409	0.922103	0.904302	0.598742	0.885872	0.871914
640	0.672327	0.922603	0.904753	0.601152	0.886878	0.872977
650	0.674760	0.923713	0.905798	0.603280	0.887883	0.873826
660	0.677985	0.925323	0.907368	0.605775	0.887381	0.873531
670	0.681207	0.926711	0.908625	0.607608	0.887381	0.873315
680	0.683360	0.927711	0.909564	0.609069	0.888386	0.874138
690	0.685590	0.927933	0.909757	0.611069	0.889392	0.874930
700	0.687944	0.929376	0.911128	0.612817	0.890397	0.875962
710	0.690308	0.929876	0.911640	0.614755	0.889894	0.875481
720	0.692599	0.930876	0.912572	0.616925	0.890397	0.875842
730	0.694133	0.931098	0.912742	0.618084	0.890397	0.875808
740	0.696635	0.931542	0.913166	0.619963	0.890900	0.876267
750	0.698779	0.932486	0.914073	0.621505	0.892408	0.877727
760	0.701458	0.932930	0.914452	0.623359	0.891905	0.877293
770	0.703560	0.933041	0.914552	0.625090	0.891905	0.877133
780	0.705728	0.933652	0.915148	0.626475	0.894419	0.879713
790	0.707419	0.934040	0.915520	0.627765	0.895425	0.880540
800	0.709520	0.934373	0.915802	0.628956	0.894419	0.879374
810	0.711307	0.934929	0.916307	0.629961	0.894922	0.879805
820	0.713253	0.935428	0.916717	0.632006	0.894419	0.879261
830	0.714727	0.935873	0.917195	0.633234	0.895928	0.880893
840	0.717098	0.935984	0.917264	0.635362	0.896430	0.881346
850	0.718706	0.936483	0.917751	0.636730	0.896430	0.881298
860	0.720442	0.936983	0.918289	0.638454	0.896933	0.881974
870	0.722034	0.937427	0.918726	0.639763	0.897436	0.882391
880	0.724186	0.938149	0.919331	0.641821	0.898441	0.883288
890	0.726591	0.939370	0.920507	0.643741	0.899447	0.884377
900	0.727799	0.939592	0.920791	0.644961	0.900452	0.885379
910	0.729194	0.940037	0.921184	0.646301	0.900452	0.885307
920	0.730627	0.940592	0.921748	0.647196	0.900955	0.885684
930	0.732570	0.941036	0.922137	0.648540	0.900452	0.885202
940	0.734114	0.941147	0.922237	0.649672	0.899950	0.884678
950	0.735576	0.941758	0.922832	0.650414	0.900452	0.885141
960	0.736923	0.942202	0.923250	0.651506	0.901458	0.886145
970	0.738312	0.942535	0.923543	0.652588	0.901458	0.886145
980	0.739960	0.942868	0.923871	0.653860	0.902464	0.887012
990	0.741642	0.943090	0.924082	0.655407	0.901961	0.886531
1000	0.742910	0.943535	0.924492	0.657058	0.902464	0.886926
1010	0.744283	0.943646	0.924626	0.658213	0.902966	0.887344
1020	0.745705	0.944367	0.925323	0.659710	0.903972	0.888385
1030	0.746799	0.944423	0.925414	0.660554	0.903469	0.887772
1040	0.748021	0.944812	0.925729	0.661802	0.903972	0.888212
1050	0.749268	0.944923	0.925785	0.662753	0.904475	0.888554
1060	0.750310	0.945589	0.926449	0.663720	0.904977	0.889170
1070	0.751800	0.945922	0.926777	0.665022	0.904475	0.888734
1080	0.752826	0.946033	0.926899	0.665840	0.904977	0.889234
1090	0.754041	0.946366	0.927230	0.666706	0.905480	0.889608
1100	0.754973	0.946366	0.927200	0.667726	0.904977	0.889131
1110	0.755961	0.946810	0.927656	0.668655	0.904977	0.889132
1120	0.757192	0.947032	0.927852	0.669828	0.904475	0.888556
1130	0.758142	0.947477	0.928238	0.670491	0.906486	0.890347
1140	0.759364	0.947921	0.928659	0.671478	0.905983	0.889973
1150	0.760564	0.948032	0.928749	0.672393	0.905983	0.889939
1160	0.761676	0.948254	0.928992	0.673052	0.906988	0.890958
1170	0.762539	0.948476	0.929210	0.673830	0.907491	0.891566
1180	0.763502	0.948698	0.929427	0.674492	0.907491	0.891548
1190	0.764532	0.948754	0.929446	0.675257	0.907491	0.891635
1200	0.765635	0.949087	0.929770	0.675932	0.907994	0.891938
1210	0.766874	0.949586	0.930247	0.677739	0.907491	0.891419
1220	0.768008	0.949475	0.930123	0.678534	0.907994	0.891848
1230	0.769253	0.949808	0.930478	0.679608	0.907994	0.892249
1240	0.770305	0.950086	0.930720	0.680426	0.908497	0.892290
1250	0.771191	0.950364	0.931002	0.681213	0.908497	0.892353
1260	0.771940	0.950586	0.931232	0.681958	0.908497	0.892252
1270	0.772837	0.950808	0.931476	0.682779	0.907994	0.891797
1280	0.773685	0.950974	0.931588	0.683650	0.908999	0.892831
1290	0.774832	0.951196	0.931818	0.684657	0.909502	0.893404
1300	0.775573	0.951363	0.931959	0.685211	0.909502	0.893205
1310	0.776625	0.951530	0.932152	0.686359	0.909502	0.893146
1320	0.777444	0.951474	0.932077	0.686982	0.908999	0.892659
1330	0.778217	0.951585	0.932180	0.687596	0.908999	0.892571
1340	0.779364	0.951641	0.932257	0.688637	0.908999	0.892570
1350	0.780178	0.951807	0.932325	0.689408	0.909502	0.893103
1360	0.781107	0.952251	0.952257	0.690466	0.910005	0.893711
1370	0.782403	0.955194	0.955216	0.691649	0.913022	0.916044
1380	0.783447	0.955638	0.955596	0.692624	0.913524	0.916447
1390	0.784358	0.956193	0.956158	0.693389	0.915535	0.918253
1400	0.785685	0.958137	0.958066	0.694409	0.916038	0.918773
1410	0.786700	0.960413	0.960349	0.695154	0.919055	0.921582
1420	0.787878	0.961468	0.961407	0.696279	0.923077	0.925223
1430	0.789036	0.962190	0.962127	0.697436	0.923580	0.925722
1440	0.790152	0.963245	0.963187	0.698585	0.924585	0.926681
1450	0.791239	0.964133	0.964091	0.699517	0.924585	0.926681
1460	0.792566	0.965077	0.965036	0.700647	0.926596	0.928770
1470	0.793976	0.966409	0.966399	0.702016	0.927602	0.929740
1480	0.795244	0.966854	0.966839	0.703168	0.927602	0.929653
1490	0.796545	0.967575	0.967537	0.704431	0.929110	0.931031
1500	0.797569	0.968186	0.968142	0.705355	0.929110	0.931017
1510	0.798501	0.968630	0.968572	0.706060	0.929613	0.931525
1520	0.800104	0.969741	0.969650	0.707603	0.930618	0.932376
1530	0.801238	0.970074	0.969973	0.708639	0.930618	0.932376
1540	0.802262	0.970518	0.970440	0.709656	0.931121	0.932855
1550	0.803418	0.971073	0.970982	0.710622	0.931624	0.933228
1560	0.804349	0.971406	0.971284	0.711554	0.931624	0.933276
1570	0.805415	0.971739	0.971618	0.712563	0.932127	0.933710
1580	0.807065	0.972239	0.972135	0.714251	0.932127	0.933733
1590	0.807926	0.972406	0.972290	0.715048	0.932629	0.934180
1600	0.808807	0.972794	0.972674	0.715923	0.932629	0.934088
1610	0.809724	0.973294	0.973180	0.716859	0.934138	0.935425
1620	0.810741	0.973572	0.973445	0.717744	0.934138	0.935340
1630	0.811739	0.973683	0.973558	0.718824	0.934138	0.935420
1640	0.812805	0.974738	0.974593	0.719870	0.934138	0.935396
1650	0.813473	0.974960	0.974822	0.720522	0.933635	0.935017
1660	0.814212	0.975015	0.974880	0.721186	0.934138	0.935506
1670	0.815082	0.975237	0.975101	0.721910	0.934138	0.935400
1680	0.815977	0.975848	0.975699	0.722806	0.935143	0.936320
1690	0.817120	0.975793	0.975644	0.723684	0.936149	0.937324
1700	0.818021	0.976015	0.975868	0.724572	0.936149	0.937307
1710	0.818941	0.976681	0.976522	0.725501	0.937657	0.938826
1720	0.819911	0.977181	0.977021	0.726672	0.937657	0.938774
1730	0.820797	0.976903	0.976745	0.727458	0.937657	0.938886
1740	0.821692	0.977625	0.977468	0.728541	0.936652	0.937735
1750	0.822455	0.977791	0.977627	0.729291	0.935646	0.936783
1760	0.823227	0.978291	0.978124	0.729886	0.936652	0.937626
1770	0.824064	0.978402	0.978245	0.730720	0.937154	0.938178
1780	0.824920	0.978347	0.978192	0.731591	0.937657	0.938649
1790	0.825674	0.978735	0.978575	0.732288	0.937154	0.938106
1800	0.826338	0.978735	0.978575	0.732969	0.937154	0.938099
1810	0.827225	0.979179	0.979007	0.733691	0.937657	0.938535
1820	0.827853	0.979235	0.979071	0.734201	0.938160	0.938988
1830	0.828472	0.979679	0.979508	0.734727	0.939165	0.940047
1840	0.829047	0.979846	0.979667	0.735115	0.938663	0.939446
1850	0.829915	0.980068	0.979890	0.736030	0.938663	0.939446
1860	0.830571	0.980179	0.980011	0.736775	0.938663	0.939484
1870	0.831190	0.980234	0.980070	0.737499	0.938663	0.939484
1880	0.832078	0.980234	0.980075	0.738247	0.938663	0.939564
1890	0.832931	0.980123	0.979964	0.739014	0.939668	0.940586
1900	0.833649	0.980567	0.980405	0.739764	0.940171	0.941069
1910	0.834365	0.980678	0.980507	0.740484	0.940171	0.941050
1920	0.834980	0.980901	0.980736	0.741046	0.940171	0.941150
1930	0.835639	0.981067	0.980896	0.741713	0.939165	0.940007
1940	0.836176	0.981067	0.980900	0.742164	0.940171	0.941043
1950	0.837036	0.981123	0.980953	0.743101	0.941176	0.941978
1960	0.837722	0.981123	0.980957	0.743715	0.940674	0.941501
1970	0.838274	0.981289	0.981130	0.744100	0.940674	0.941453
1980	0.838893	0.981511	0.981352	0.744669	0.941176	0.941978
1990	0.839632	0.981567	0.981405	0.745350	0.940674	0.941501
2000	0.840161	0.981567	0.981407	0.745958	0.940674	0.941328
2010	0.840784	0.981678	0.981515	0.746544	0.940674	0.941341
2020	0.841528	0.981678	0.981519	0.747450	0.941176	0.941813
2030	0.842081	0.981733	0.981571	0.748040	0.941679	0.942347
2040	0.842710	0.981789	0.981639	0.748602	0.942182	0.942852
2050	0.843440	0.981789	0.981632	0.749269	0.941679	0.942399
2060	0.844130	0.981844	0.981676	0.749917	0.942182	0.942852
2070	0.844664	0.981844	0.981682	0.750507	0.942182	0.942870
2080	0.845306	0.982011	0.981845	0.751045	0.942182	0.942966
2090	0.845843	0.982122	0.981965	0.751507	0.942685	0.943370
2100	0.846709	0.982344	0.982176	0.752360	0.943690	0.944479
2110	0.847317	0.982622	0.982453	0.752766	0.943188	0.943783
2120	0.848060	0.982677	0.982510	0.753400	0.943690	0.944377
2130	0.848623	0.982844	0.982669	0.753939	0.943188	0.943872
2140	0.849316	0.982844	0.982668	0.754613	0.943690	0.944241
2150	0.849764	0.982899	0.982724	0.755007	0.944193	0.944837
2160	0.850300	0.982899	0.982724	0.755483	0.944193	0.944837
2170	0.850933	0.983177	0.983011	0.755946	0.943690	0.944334
2180	0.851566	0.983232	0.983063	0.756565	0.944193	0.944818
2190	0.852231	0.983232	0.983063	0.757337	0.944193	0.944882
2200	0.852832	0.983232	0.983067	0.757908	0.944193	0.944882
2210	0.853447	0.983399	0.983228	0.758647	0.944193	0.944890
2220	0.853978	0.983510	0.983341	0.759276	0.944696	0.945343
2230	0.854598	0.983677	0.983504	0.759824	0.944696	0.945343
2240	0.855153	0.983677	0.983507	0.760379	0.944696	0.945317
2250	0.855681	0.983732	0.983562	0.761008	0.944193	0.944815
2260	0.856229	0.983843	0.983673	0.761458	0.944696	0.945320
2270	0.856749	0.983899	0.983730	0.762027	0.944696	0.945348
2280	0.857174	0.984010	0.983840	0.762392	0.945199	0.945809
2290	0.857677	0.983954	0.983786	0.762915	0.944696	0.945334
2300	0.858175	0.983899	0.983727	0.763528	0.944696	0.945320
2310	0.858726	0.984010	0.983842	0.764150	0.945199	0.945873
2320	0.859308	0.984121	0.983955	0.764573	0.944696	0.945364
2330	0.859874	0.984287	0.984118	0.765089	0.945199	0.945893
2340	0.860331	0.984398	0.984234	0.765534	0.945199	0.945893
2350	0.860834	0.984343	0.984175	0.766104	0.945199	0.945893
2360	0.861486	0.984398	0.984236	0.766812	0.945701	0.946414
2370	0.861979	0.984509	0.984347	0.767324	0.946204	0.946924
2380	0.862405	0.984509	0.984345	0.767747	0.946707	0.947462
2390	0.862860	0.984565	0.984401	0.768218	0.946707	0.947462
2400	0.863385	0.984732	0.984567	0.768733	0.946204	0.946948
2410	0.863852	0.984787	0.984621	0.769226	0.946204	0.946946
2420	0.864314	0.984843	0.984676	0.769600	0.946707	0.947460
2430	0.864851	0.984954	0.984791	0.770022	0.946204	0.946875
2440	0.865238	0.985009	0.984846	0.770335	0.946707	0.947317
2450	0.865852	0.985120	0.984956	0.770961	0.946707	0.947313
2460	0.866299	0.985287	0.985127	0.771452	0.946707	0.947311
2470	0.866753	0.985231	0.985074	0.771903	0.946707	0.947311
2480	0.867217	0.985342	0.985181	0.772347	0.945701	0.946249
2490	0.867609	0.985620	0.985452	0.772634	0.945701	0.946202
2500	0.868103	0.985564	0.985400	0.773172	0.947210	0.947764
2510	0.868566	0.985675	0.985515	0.773568	0.946707	0.947315
2520	0.868972	0.985675	0.985515	0.774026	0.946707	0.947315
2530	0.869548	0.985786	0.985624	0.774550	0.946707	0.947315
2540	0.869938	0.985842	0.985680	0.774820	0.946707	0.947315
2550	0.870526	0.986009	0.985849	0.775181	0.946707	0.947267
2560	0.870905	0.986064	0.985897	0.775538	0.948215	0.948703
2570	0.871319	0.986120	0.985954	0.776005	0.948215	0.948703
2580	0.871707	0.986064	0.985899	0.776433	0.948718	0.949095
2590	0.872013	0.986175	0.986010	0.776766	0.949221	0.949662
2600	0.872277	0.986286	0.986124	0.777027	0.948215	0.948592
2610	0.872696	0.986342	0.986182	0.777288	0.948215	0.948567
2620	0.873152	0.986342	0.986174	0.777568	0.948215	0.948567
2630	0.873554	0.986342	0.986177	0.778028	0.948718	0.949078
2640	0.873855	0.986342	0.986174	0.778297	0.948718	0.949078
2650	0.874201	0.986508	0.986344	0.778765	0.948718	0.949109
2660	0.874670	0.986453	0.986289	0.779200	0.948718	0.949109
2670	0.875077	0.986564	0.986403	0.779554	0.948718	0.949109
2680	0.875455	0.986619	0.986462	0.779938	0.948718	0.949109
2690	0.875860	0.986675	0.986516	0.780241	0.948718	0.949109
2700	0.876288	0.986619	0.986455	0.780588	0.949221	0.949569
2710	0.876660	0.986675	0.986514	0.780807	0.949221	0.949569
2720	0.877028	0.986675	0.986515	0.781173	0.949221	0.949569
2730	0.877460	0.986730	0.986570	0.781570	0.949221	0.949557
2740	0.877816	0.986841	0.986681	0.781800	0.949221	0.949557
2750	0.878215	0.986897	0.986738	0.782012	0.949221	0.949557
2760	0.878536	0.986952	0.986796	0.782264	0.949723	0.950071
2770	0.878953	0.986897	0.986738	0.782542	0.949723	0.950071
2780	0.879293	0.987008	0.986852	0.782906	0.949723	0.950071
2790	0.879584	0.987119	0.986961	0.783170	0.949723	0.950071
2800	0.879976	0.987119	0.986961	0.783493	0.949723	0.950103
2810	0.880347	0.987230	0.987075	0.783910	0.949723	0.950103
2820	0.880745	0.987175	0.987018	0.784252	0.949723	0.950103
2830	0.881156	0.987341	0.987188	0.784576	0.949723	0.950071
2840	0.881455	0.987452	0.987299	0.784883	0.949723	0.950071
2850	0.881795	0.987508	0.987361	0.785163	0.949723	0.950071
2860	0.882124	0.987341	0.987191	0.785484	0.949723	0.950071
2870	0.882505	0.987508	0.987358	0.785861	0.949723	0.950071
2880	0.882865	0.987563	0.987412	0.786255	0.949723	0.950071
2890	0.883172	0.987674	0.987526	0.786550	0.949723	0.950071
2900	0.883510	0.987730	0.987581	0.786943	0.949723	0.950071
2910	0.883835	0.987785	0.987641	0.787262	0.950226	0.950634
2920	0.884200	0.987896	0.987751	0.787576	0.949723	0.950136
2930	0.884503	0.987896	0.987751	0.787951	0.950226	0.950646
2940	0.884885	0.988063	0.987920	0.788322	0.949723	0.950155
2950	0.885315	0.988118	0.987973	0.788799	0.949723	0.950143
2960	0.885670	0.988174	0.988034	0.789209	0.949723	0.950143
2970	0.886069	0.988174	0.988035	0.789675	0.950226	0.950653
2980	0.886304	0.988285	0.988142	0.789878	0.950226	0.950653
2990	0.886544	0.988340	0.988199	0.790082	0.950226	0.950653
3000	0.886941	0.988396	0.988257	0.790398	0.950226	0.950665
3010	0.887264	0.988396	0.988256	0.790808	0.950226	0.950653
3020	0.887646	0.988507	0.988365	0.791219	0.950226	0.950653
3030	0.887989	0.988563	0.988420	0.791615	0.950226	0.950653
3040	0.888367	0.988674	0.988533	0.791952	0.950226	0.950628
3050	0.888729	0.988618	0.988478	0.792577	0.950226	0.950628
3060	0.889136	0.988729	0.988591	0.792890	0.950226	0.950628
3070	0.889543	0.988674	0.988534	0.793310	0.950729	0.951209
3080	0.889914	0.988785	0.988645	0.793752	0.950729	0.951062
3090	0.890185	0.988785	0.988646	0.793969	0.951232	0.951644
3100	0.890517	0.988840	0.988699	0.794327	0.950729	0.951062
3110	0.890815	0.988785	0.988640	0.794637	0.950729	0.951062
3120	0.891079	0.988840	0.988699	0.794886	0.950226	0.950561
3130	0.891353	0.989007	0.988872	0.795131	0.950226	0.950561
3140	0.891640	0.988840	0.988703	0.795403	0.950226	0.950561
3150	0.892047	0.988951	0.988812	0.795757	0.950729	0.951062
3160	0.892365	0.989062	0.988926	0.796034	0.951232	0.951644
3170	0.892817	0.989062	0.988923	0.796284	0.950729	0.951062
3180	0.893136	0.989118	0.988978	0.796729	0.950226	0.950541
3190	0.893545	0.989118	0.988979	0.797120	0.950226	0.950541
3200	0.893937	0.989118	0.988978	0.797582	0.950226	0.950541
3210	0.894381	0.989118	0.988978	0.798020	0.950729	0.951062
3220	0.894663	0.989173	0.989029	0.798392	0.950729	0.951062
3230	0.894990	0.989340	0.989195	0.798744	0.950729	0.951069
3240	0.895248	0.989395	0.989248	0.798986	0.950729	0.951069
3250	0.895583	0.989562	0.989419	0.799324	0.950729	0.951069
3260	0.895893	0.989506	0.989358	0.799633	0.950729	0.951069
3270	0.896157	0.989506	0.989365	0.799933	0.950729	0.951069
3280	0.896416	0.989506	0.989362	0.800144	0.950729	0.951069
3290	0.896682	0.989617	0.989474	0.800405	0.950729	0.951069
3300	0.896993	0.989617	0.989473	0.800632	0.950729	0.951069
3310	0.897253	0.989728	0.989588	0.800850	0.950729	0.951069
3320	0.897566	0.989728	0.989589	0.801032	0.951232	0.951650
3330	0.897916	0.989784	0.989643	0.801496	0.951232	0.951650
3340	0.898217	0.989840	0.989701	0.801751	0.951232	0.951650
3350	0.898580	0.989895	0.989758	0.802189	0.951232	0.951650
3360	0.898840	0.990006	0.989870	0.802388	0.951232	0.951650
3370	0.899148	0.989951	0.989813	0.802841	0.950729	0.951133
3380	0.899492	0.990062	0.989924	0.803192	0.950226	0.950551
3390	0.899912	0.990062	0.989924	0.803600	0.950226	0.950551
3400	0.900160	0.990062	0.989924	0.803854	0.950226	0.950551
3410	0.900363	0.990117	0.989977	0.804052	0.950226	0.950551
3420	0.900654	0.990117	0.989981	0.804252	0.950226	0.950509
3430	0.900940	0.990117	0.989981	0.804512	0.950729	0.950988
3440	0.901310	0.990117	0.989980	0.804909	0.950729	0.950988
3450	0.901622	0.990173	0.990037	0.805161	0.951232	0.951566
3460	0.901831	0.990284	0.990149	0.805353	0.951232	0.951566
3470	0.902124	0.990339	0.990204	0.805647	0.951232	0.951566
3480	0.902346	0.990339	0.990202	0.805975	0.950729	0.950988
3490	0.902694	0.990395	0.990258	0.806259	0.950729	0.950988
3500	0.902925	0.990395	0.990260	0.806505	0.950729	0.950988
3510	0.903125	0.990395	0.990263	0.806694	0.950729	0.950988
3520	0.903463	0.990506	0.990375	0.806985	0.950729	0.950988
3530	0.903809	0.990561	0.990427	0.807331	0.950729	0.950988
3540	0.904132	0.990672	0.990538	0.807582	0.951232	0.951566
3550	0.904437	0.990728	0.990594	0.807800	0.951232	0.951448
3560	0.904708	0.990617	0.990480	0.808507	0.951232	0.951448
3570	0.905002	0.990672	0.990533	0.808702	0.950729	0.950988
3580	0.905252	0.990783	0.990645	0.808945	0.951735	0.952026
3590	0.905638	0.990783	0.990646	0.809388	0.950226	0.950440
3600	0.905994	0.990894	0.990755	0.809826	0.950226	0.950440
3610	0.906284	0.990894	0.990754	0.810053	0.950226	0.950440
3620	0.906578	0.990894	0.990758	0.810390	0.950729	0.950900
3630	0.906854	0.990950	0.990813	0.810725	0.950729	0.950900
3640	0.907183	0.990950	0.990813	0.811010	0.950729	0.950900
3650	0.907456	0.990950	0.990813	0.811303	0.950729	0.950900
3660	0.907722	0.990950	0.990812	0.811516	0.950729	0.950900
3670	0.908132	0.991172	0.991035	0.812000	0.950729	0.950900
3680	0.908400	0.991228	0.991092	0.812193	0.950729	0.950900
3690	0.908699	0.991228	0.991090	0.812414	0.951232	0.951434
3700	0.908960	0.991228	0.991094	0.812799	0.951735	0.951925
3710	0.909247	0.991172	0.991038	0.813007	0.952237	0.952375
3720	0.909477	0.991172	0.991036	0.813176	0.952237	0.952375
3730	0.909719	0.991228	0.991094	0.813349	0.952237	0.952375
3740	0.909974	0.991228	0.991093	0.813629	0.953243	0.953258
3750	0.910245	0.991339	0.991203	0.813974	0.953243	0.953401
3760	0.910537	0.991339	0.991203	0.814238	0.953243	0.953303
3770	0.910740	0.991339	0.991202	0.814441	0.953243	0.953332
3780	0.911000	0.991394	0.991258	0.814631	0.952740	0.952699
3790	0.911220	0.991394	0.991255	0.814854	0.953243	0.953119
3800	0.911483	0.991394	0.991256	0.815007	0.953243	0.953119
3810	0.911676	0.991394	0.991252	0.815188	0.953243	0.953119
3820	0.911874	0.991561	0.991422	0.815384	0.953243	0.953119
3830	0.912127	0.991561	0.991423	0.815653	0.954248	0.954192
3840	0.912303	0.991561	0.991422	0.815855	0.954248	0.954246
3850	0.912587	0.991616	0.991474	0.816056	0.954751	0.954790
3860	0.912847	0.991672	0.991531	0.816338	0.954751	0.954735
3870	0.913110	0.991727	0.991590	0.816532	0.955254	0.955314
3880	0.913345	0.991783	0.991647	0.816785	0.954751	0.954774
3890	0.913668	0.991727	0.991589	0.817042	0.953746	0.953711
3900	0.913933	0.991783	0.991644	0.817253	0.954248	0.954245
3910	0.914215	0.992005	0.991867	0.817566	0.953746	0.953766
3920	0.914579	0.992060	0.991924	0.817919	0.954248	0.954197
3930	0.914890	0.992116	0.991977	0.818089	0.954248	0.954197
3940	0.915075	0.992282	0.992146	0.818237	0.954248	0.954197
3950	0.915324	0.992282	0.992148	0.818551	0.954248	0.954197
3960	0.915515	0.992338	0.992204	0.818769	0.955254	0.955194
3970	0.915727	0.992394	0.992261	0.818929	0.955254	0.955194
3980	0.915952	0.992449	0.992318	0.819171	0.954751	0.954655
3990	0.916148	0.992560	0.992430	0.819352	0.954751	0.954655
4000	0.916432	0.992560	0.992428	0.819584	0.954751	0.954655
4010	0.916740	0.992616	0.992483	0.819819	0.954751	0.954655
4020	0.917002	0.992616	0.992485	0.820061	0.954751	0.954655
4030	0.917252	0.992671	0.992540	0.820266	0.954751	0.954655
4040	0.917527	0.992727	0.992596	0.820628	0.954751	0.954655
4050	0.917745	0.992782	0.992653	0.820858	0.954248	0.954173
4060	0.918101	0.992893	0.992769	0.821052	0.954248	0.954173
4070	0.918327	0.993060	0.992942	0.821180	0.954248	0.954173
4080	0.918571	0.992949	0.992823	0.821405	0.954248	0.954173
4090	0.918790	0.992949	0.992823	0.821602	0.954248	0.954173
4100	0.919076	0.993171	0.993048	0.821834	0.954248	0.954110
4110	0.919330	0.993171	0.993049	0.822109	0.954248	0.954110
4120	0.919567	0.993171	0.993048	0.822440	0.954248	0.954110
4130	0.919842	0.993282	0.993161	0.822637	0.953746	0.953652
4140	0.920067	0.993226	0.993102	0.822879	0.954248	0.954189
4150	0.920307	0.993393	0.993271	0.823064	0.953746	0.953708
4160	0.920549	0.993393	0.993269	0.823306	0.953746	0.953708
4170	0.920717	0.993448	0.993330	0.823484	0.953746	0.953708
4180	0.921020	0.993448	0.993328	0.823829	0.953746	0.953644
4190	0.921279	0.993448	0.993326	0.824018	0.953746	0.953716
4200	0.921490	0.993559	0.993444	0.824110	0.953243	0.953186
4210	0.921747	0.993559	0.993437	0.824250	0.953746	0.953716
4220	0.922002	0.993615	0.993492	0.824559	0.953746	0.953770
4230	0.922230	0.993671	0.993548	0.824791	0.953243	0.953250
4240	0.922460	0.993726	0.993607	0.825060	0.953746	0.953708
4250	0.922629	0.993837	0.993717	0.825245	0.954751	0.954709
4260	0.922869	0.993726	0.993605	0.825503	0.953746	0.953771
4270	0.923107	0.993782	0.993663	0.825750	0.953746	0.953697
4280	0.923304	0.993837	0.993720	0.825934	0.953746	0.953697
4290	0.923605	0.993893	0.993777	0.826170	0.953746	0.953697
4300	0.923880	0.993893	0.993777	0.826461	0.953746	0.953697
4310	0.924069	0.994004	0.993892	0.826547	0.953746	0.953697
4320	0.924251	0.994004	0.993892	0.826725	0.953746	0.953697
4330	0.924615	0.994059	0.993950	0.827166	0.954248	0.954203
4340	0.924798	0.994059	0.993950	0.827299	0.954248	0.954203
4350	0.925051	0.994115	0.994006	0.827455	0.954248	0.954203
4360	0.925289	0.994170	0.994060	0.827680	0.954751	0.954664
4370	0.925513	0.994170	0.994060	0.827975	0.954248	0.954203
4380	0.925740	0.994170	0.994060	0.828283	0.954248	0.954198
4390	0.926008	0.994115	0.994002	0.828514	0.953746	0.953741
4400	0.926285	0.994281	0.994172	0.828848	0.954248	0.954198
4410	0.926483	0.994226	0.994119	0.829027	0.954751	0.954732
4420	0.926703	0.994281	0.994172	0.829217	0.953746	0.953721
4430	0.926979	0.994337	0.994230	0.829589	0.954751	0.954664
4440	0.927192	0.994392	0.994285	0.829860	0.954751	0.954664
4450	0.927385	0.994392	0.994285	0.830027	0.954248	0.954207
4460	0.927613	0.994392	0.994285	0.830312	0.955254	0.955167
4470	0.927794	0.994392	0.994287	0.830456	0.954751	0.954695
4480	0.928028	0.994503	0.994398	0.830723	0.954248	0.954225
4490	0.928244	0.994503	0.994398	0.830958	0.954248	0.954152
4500	0.928471	0.994725	0.994628	0.831215	0.954248	0.954152
4510	0.928683	0.994781	0.994688	0.831481	0.954248	0.954225
4520	0.928900	0.994725	0.994627	0.831388	0.954751	0.954753
4530	0.929142	0.994670	0.994570	0.831739	0.954751	0.954753
4540	0.929378	0.994836	0.994735	0.832070	0.954751	0.954753
4550	0.929643	0.994948	0.994846	0.832268	0.955254	0.955225
4560	0.929814	0.994948	0.994846	0.832459	0.955757	0.955756
4570	0.930046	0.995003	0.994904	0.832810	0.956259	0.956242
4580	0.930291	0.995059	0.994962	0.833065	0.956259	0.956242
4590	0.930453	0.995114	0.995018	0.833147	0.956762	0.956698
4600	0.930676	0.995114	0.995020	0.833255	0.956762	0.956707
4610	0.930837	0.995170	0.995075	0.833345	0.956762	0.956707
4620	0.931086	0.995170	0.995075	0.833614	0.956762	0.956707
4630	0.931228	0.995281	0.995189	0.833753	0.957265	0.957164
4640	0.931422	0.995392	0.995303	0.833964	0.957265	0.957164
4650	0.931618	0.995392	0.995300	0.834185	0.957265	0.957164
4660	0.931815	0.995392	0.995298	0.834392	0.957265	0.957090
4670	0.932023	0.995558	0.995471	0.834562	0.957265	0.957090
4680	0.932214	0.995614	0.995526	0.834700	0.957265	0.957090
4690	0.932406	0.995447	0.995356	0.834844	0.957265	0.957090
4700	0.932587	0.995503	0.995413	0.834874	0.957265	0.957090
4710	0.932789	0.995669	0.995583	0.834956	0.957265	0.957164
4720	0.932971	0.995669	0.995587	0.835123	0.957265	0.957090
4730	0.933223	0.995725	0.995641	0.835381	0.956762	0.956579
4740	0.933382	0.995725	0.995644	0.835553	0.956762	0.956679
4750	0.933556	0.995836	0.995758	0.835782	0.956762	0.956679
4760	0.933837	0.996002	0.995926	0.836078	0.957768	0.957620
4770	0.934034	0.995947	0.995869	0.836258	0.957265	0.957164
4780	0.934234	0.995947	0.995870	0.836317	0.957265	0.957164
4790	0.934554	0.996002	0.995927	0.836658	0.957265	0.957164
4800	0.934787	0.995947	0.995868	0.836932	0.957265	0.957164
4810	0.934991	0.996058	0.995983	0.837125	0.956762	0.956685
4820	0.935155	0.996169	0.996096	0.837245	0.956762	0.956685
4830	0.935353	0.996280	0.996210	0.837366	0.957265	0.957166
4840	0.935492	0.996280	0.996210	0.837507	0.956762	0.956683
4850	0.935723	0.996225	0.996153	0.837761	0.956762	0.956683
4860	0.935987	0.996280	0.996210	0.838014	0.956762	0.956683
4870	0.936190	0.996336	0.996266	0.838159	0.956762	0.956683
4880	0.936382	0.996336	0.996267	0.838486	0.956762	0.956677
4890	0.936587	0.996336	0.996266	0.838588	0.956762	0.956677
4900	0.936769	0.996336	0.996266	0.838815	0.956762	0.956677
4910	0.936963	0.996391	0.996323	0.838966	0.956762	0.956677
4920	0.937178	0.996336	0.996266	0.839122	0.956259	0.956225
4930	0.937373	0.996336	0.996266	0.839310	0.957265	0.957160
4940	0.937580	0.996336	0.996266	0.839548	0.956762	0.956630
4950	0.937775	0.996391	0.996321	0.839721	0.957265	0.957166
4960	0.938016	0.996502	0.996432	0.839976	0.957768	0.957537
4970	0.938209	0.996558	0.996491	0.840224	0.957768	0.957537
4980	0.938363	0.996558	0.996491	0.840430	0.957265	0.957111
4990	0.938544	0.996669	0.996606	0.840664	0.956259	0.956051
5000	0.938717	0.996613	0.996549	0.840862	0.956259	0.956051
5010	0.938879	0.996613	0.996548	0.840910	0.956762	0.956477
5020	0.939093	0.996724	0.996662	0.841144	0.956259	0.956051
5030	0.939251	0.996780	0.996719	0.841202	0.956762	0.956477
5040	0.939442	0.996835	0.996772	0.841402	0.956762	0.956477
5050	0.939602	0.996835	0.996775	0.841532	0.956762	0.956477
5060	0.939900	0.996891	0.996830	0.841751	0.956762	0.956477
5070	0.940073	0.996946	0.996887	0.841911	0.956762	0.956477
5080	0.940251	0.997057	0.997002	0.842124	0.956762	0.956477
5090	0.940428	0.997057	0.996999	0.842331	0.956762	0.956488
5100	0.940583	0.997057	0.996999	0.842442	0.956762	0.956477
5110	0.940850	0.997057	0.996998	0.842664	0.957265	0.956944
5120	0.941041	0.997113	0.997053	0.842813	0.957265	0.956944
5130	0.941212	0.997168	0.997111	0.843027	0.957265	0.956944
5140	0.941398	0.997279	0.997225	0.843216	0.957265	0.956944
5150	0.941568	0.997446	0.997393	0.843429	0.957265	0.956950
5160	0.941744	0.997446	0.997394	0.843604	0.957265	0.956950
5170	0.941874	0.997446	0.997393	0.843666	0.957768	0.957481
5180	0.942011	0.997446	0.997393	0.843761	0.957768	0.957481
5190	0.942133	0.997446	0.997393	0.843906	0.957265	0.956950
5200	0.942301	0.997502	0.997449	0.844034	0.957265	0.956950
5210	0.942492	0.997557	0.997509	0.844187	0.957265	0.956950
5220	0.942712	0.997613	0.997566	0.844346	0.956762	0.956488
5230	0.942905	0.997613	0.997566	0.844496	0.956762	0.956488
5240	0.943124	0.997613	0.997566	0.844703	0.957265	0.956950
5250	0.943271	0.997613	0.997566	0.844864	0.957265	0.956950
5260	0.943440	0.997613	0.997566	0.845098	0.957265	0.956950
5270	0.943663	0.997613	0.997566	0.845393	0.957265	0.956950
5280	0.943852	0.997613	0.997566	0.845646	0.957265	0.956950
5290	0.943970	0.997668	0.997621	0.845816	0.957265	0.956950
5300	0.944185	0.997724	0.997679	0.846072	0.957768	0.957480
5310	0.944359	0.997724	0.997679	0.846491	0.957768	0.957480
5320	0.944478	0.997779	0.997736	0.846673	0.957265	0.957001
5330	0.944632	0.997779	0.997736	0.846879	0.957265	0.957001
5340	0.944786	0.997779	0.997736	0.847020	0.957265	0.957001
5350	0.944920	0.997779	0.997736	0.847181	0.957265	0.957001
5360	0.945061	0.997779	0.997736	0.847241	0.957265	0.957001
5370	0.945278	0.997835	0.997790	0.847704	0.957265	0.957001
5380	0.945423	0.997835	0.997790	0.847759	0.957265	0.957001
5390	0.945620	0.997835	0.997790	0.848026	0.957265	0.957001
5400	0.945797	0.997835	0.997790	0.848173	0.957265	0.957001
5410	0.945950	0.997835	0.997790	0.848386	0.957768	0.957474
5420	0.946094	0.997890	0.997847	0.848504	0.957768	0.957474
5430	0.946234	0.997946	0.997904	0.848640	0.957768	0.957474
5440	0.946377	0.998001	0.997958	0.848867	0.958270	0.958138
5450	0.946518	0.998057	0.998015	0.849009	0.958270	0.958138
5460	0.946652	0.998001	0.997958	0.849158	0.958270	0.958138
5470	0.946793	0.998001	0.997958	0.849257	0.957768	0.957589
5480	0.946968	0.998057	0.998015	0.849433	0.957768	0.957589
5490	0.947108	0.998057	0.998015	0.849567	0.958773	0.958669
5500	0.947259	0.998057	0.998015	0.849806	0.958773	0.958669
5510	0.947401	0.998168	0.998130	0.850009	0.958773	0.958669
5520	0.947542	0.998223	0.998187	0.850141	0.958773	0.958669
5530	0.947678	0.998223	0.998186	0.850288	0.958773	0.958669
5540	0.947856	0.998223	0.998187	0.850446	0.958773	0.958669
5550	0.947996	0.998168	0.998130	0.850706	0.958773	0.958669
5560	0.948114	0.998223	0.998187	0.850754	0.958773	0.958669
5570	0.948255	0.998223	0.998187	0.850915	0.958270	0.958081
5580	0.948397	0.998279	0.998244	0.851092	0.958270	0.958081
5590	0.948541	0.998390	0.998359	0.851175	0.958773	0.958533
5600	0.948711	0.998445	0.998416	0.851374	0.958773	0.958533
5610	0.948849	0.998445	0.998415	0.851575	0.958773	0.958533
5620	0.948989	0.998501	0.998473	0.851778	0.958773	0.958533
5630	0.949107	0.998501	0.998473	0.851939	0.958773	0.958533
5640	0.949253	0.998501	0.998473	0.852075	0.959779	0.959637
5650	0.949388	0.998501	0.998473	0.852358	0.959276	0.959073
5660	0.949528	0.998501	0.998473	0.852504	0.959779	0.959570
5670	0.949683	0.998501	0.998473	0.852692	0.959779	0.959570
5680	0.949819	0.998501	0.998473	0.852802	0.959779	0.959570
5690	0.949969	0.998556	0.998530	0.852972	0.959779	0.959570
5700	0.950085	0.998556	0.998530	0.853084	0.959779	0.959570
5710	0.950243	0.998556	0.998530	0.853258	0.960282	0.960135
5720	0.950374	0.998556	0.998530	0.853436	0.960282	0.960135
5730	0.950506	0.998612	0.998588	0.853596	0.960282	0.960097
5740	0.950656	0.998612	0.998588	0.853744	0.960784	0.960558
5750	0.950764	0.998612	0.998588	0.853852	0.960784	0.960558
5760	0.950885	0.998667	0.998645	0.853954	0.960784	0.960596
5770	0.951005	0.998667	0.998645	0.854099	0.960784	0.960558
5780	0.951161	0.998667	0.998645	0.854242	0.960784	0.960558
5790	0.951283	0.998612	0.998588	0.854409	0.960784	0.960558
5800	0.951415	0.998612	0.998588	0.854522	0.961287	0.961042
5810	0.951555	0.998612	0.998588	0.854669	0.960282	0.960097
5820	0.951651	0.998667	0.998643	0.854791	0.960282	0.960097
5830	0.951776	0.998779	0.998755	0.854928	0.960282	0.960097
5840	0.951925	0.998723	0.998697	0.855209	0.961287	0.961042
5850	0.952079	0.998779	0.998755	0.855417	0.961287	0.961042
5860	0.952207	0.998723	0.998697	0.855568	0.961287	0.961042
5870	0.952350	0.998779	0.998749	0.855752	0.960784	0.960478
5880	0.952460	0.998834	0.998807	0.855880	0.961287	0.961042
5890	0.952592	0.998834	0.998807	0.855943	0.961287	0.961042
5900	0.952713	0.998834	0.998806	0.856014	0.961287	0.961042
5910	0.952841	0.998834	0.998806	0.856152	0.961287	0.961042
5920	0.952967	0.998834	0.998806	0.856264	0.961790	0.961499
5930	0.953092	0.998890	0.998863	0.856383	0.961790	0.961499
5940	0.953197	0.998890	0.998863	0.856542	0.961287	0.960935
5950	0.953368	0.998945	0.998919	0.856610	0.961287	0.960935
5960	0.953514	0.998945	0.998919	0.856908	0.961287	0.960900
5970	0.953690	0.998945	0.998919	0.857095	0.961790	0.961332
5980	0.953800	0.998945	0.998919	0.857223	0.961790	0.961339
5990	0.953958	0.998945	0.998919	0.857428	0.961790	0.961332
6000	0.954064	0.998945	0.998919	0.857585	0.961790	0.961339
6010	0.954158	0.998945	0.998919	0.857683	0.961790	0.961339
6020	0.954309	0.999056	0.999032	0.857786	0.961790	0.961339
6030	0.954415	0.999056	0.999032	0.857867	0.961790	0.961339
6040	0.954536	0.999056	0.999032	0.858021	0.961287	0.960872
6050	0.954664	0.999001	0.998977	0.858099	0.961790	0.961377
6060	0.954764	0.999001	0.998977	0.858198	0.960784	0.960438
6070	0.954888	0.999112	0.999089	0.858355	0.960784	0.960438
6080	0.954978	0.999112	0.999089	0.858418	0.960784	0.960438
6090	0.955082	0.999112	0.999089	0.858564	0.960784	0.960438
6100	0.955203	0.999112	0.999090	0.858669	0.960784	0.960438
6110	0.955321	0.999112	0.999090	0.858763	0.960784	0.960438
6120	0.955432	0.999112	0.999090	0.858824	0.961287	0.960911
6130	0.955536	0.999112	0.999090	0.858968	0.960784	0.960418
6140	0.955635	0.999112	0.999090	0.859065	0.960784	0.960418
6150	0.955743	0.999112	0.999090	0.859212	0.961287	0.960885
6160	0.955870	0.999112	0.999090	0.859285	0.961287	0.960885
6170	0.955971	0.999112	0.999090	0.859357	0.961287	0.960885
6180	0.956074	0.999112	0.999090	0.859487	0.961287	0.960885
6190	0.956199	0.999112	0.999090	0.859619	0.961287	0.960885
6200	0.956301	0.999112	0.999090	0.859666	0.961287	0.960885
6210	0.956400	0.999167	0.999147	0.859772	0.961790	0.961473
6220	0.956532	0.999167	0.999147	0.859853	0.961790	0.961473
6230	0.956590	0.999167	0.999147	0.859922	0.961790	0.961473
6240	0.956686	0.999167	0.999147	0.859980	0.961287	0.960919
6250	0.956797	0.999167	0.999147	0.860074	0.961790	0.961473
6260	0.956896	0.999167	0.999147	0.860237	0.961790	0.961473
6270	0.956964	0.999167	0.999147	0.860286	0.961287	0.960919
6280	0.957103	0.999223	0.999204	0.860401	0.961287	0.960919
6290	0.957213	0.999223	0.999204	0.860508	0.961287	0.960919
6300	0.957308	0.999223	0.999204	0.860588	0.961287	0.960919
6310	0.957400	0.999223	0.999204	0.860697	0.961287	0.960919
6320	0.957514	0.999167	0.999147	0.860817	0.961287	0.960919
6330	0.957627	0.999223	0.999204	0.860931	0.961287	0.960919
6340	0.957793	0.999223	0.999204	0.861021	0.961287	0.960919
6350	0.957906	0.999223	0.999204	0.861107	0.961287	0.960919
6360	0.958019	0.999223	0.999204	0.861175	0.961287	0.960919
6370	0.958116	0.999278	0.999262	0.861254	0.961287	0.960919
6380	0.958221	0.999278	0.999262	0.861349	0.961287	0.960919
6390	0.958316	0.999278	0.999262	0.861434	0.961287	0.960919
6400	0.958397	0.999278	0.999262	0.861574	0.961287	0.960919
6410	0.958491	0.999334	0.999318	0.861666	0.961287	0.960919
6420	0.958605	0.999334	0.999318	0.861855	0.961287	0.960919
6430	0.958702	0.999334	0.999318	0.861984	0.961790	0.961479
6440	0.958810	0.999334	0.999318	0.861854	0.961790	0.961479
6450	0.958931	0.999334	0.999318	0.862072	0.961790	0.961479
6460	0.959019	0.999334	0.999318	0.862111	0.961790	0.961479
6470	0.959147	0.999334	0.999318	0.862259	0.961790	0.961479
6480	0.959266	0.999389	0.999374	0.862330	0.961790	0.961479
6490	0.959350	0.999389	0.999374	0.862441	0.961790	0.961479
6500	0.959450	0.999389	0.999374	0.862485	0.961790	0.961479
6510	0.959534	0.999389	0.999374	0.862568	0.961790	0.961479
6520	0.959635	0.999389	0.999374	0.862679	0.961790	0.961479
6530	0.959719	0.999445	0.999430	0.862751	0.961790	0.961479
6540	0.959790	0.999445	0.999430	0.862809	0.961790	0.961479
6550	0.959909	0.999445	0.999430	0.862986	0.961790	0.961479
6560	0.959991	0.999445	0.999430	0.863121	0.961790	0.961479
6570	0.960105	0.999445	0.999430	0.863275	0.961790	0.961479
6580	0.960218	0.999445	0.999430	0.863391	0.961790	0.961479
6590	0.960289	0.999445	0.999430	0.863452	0.961790	0.961479
6600	0.960376	0.999445	0.999430	0.863541	0.961790	0.961479
6610	0.960473	0.999445	0.999430	0.863660	0.962293	0.962041
6620	0.960558	0.999445	0.999430	0.863719	0.962293	0.962041
6630	0.960651	0.999445	0.999430	0.863837	0.962293	0.962041
6640	0.960727	0.999445	0.999430	0.863937	0.962293	0.962041
6650	0.960830	0.999445	0.999430	0.864057	0.962293	0.962041
6660	0.960907	0.999445	0.999430	0.864130	0.962293	0.962041
6670	0.960995	0.999445	0.999430	0.864281	0.962293	0.962041
6680	0.961065	0.999445	0.999430	0.864381	0.962293	0.962041
6690	0.961157	0.999445	0.999430	0.864478	0.962293	0.962041
6700	0.961265	0.999445	0.999430	0.864559	0.961790	0.961574
6710	0.961345	0.999445	0.999430	0.864669	0.961790	0.961574
6720	0.961430	0.999445	0.999430	0.864755	0.961790	0.961574
6730	0.961512	0.999445	0.999430	0.864802	0.961790	0.961574
6740	0.961586	0.999445	0.999430	0.864871	0.961790	0.961574
6750	0.961709	0.999445	0.999430	0.865006	0.962293	0.962041
6760	0.961799	0.999445	0.999430	0.865088	0.961790	0.961574
6770	0.961875	0.999445	0.999430	0.865114	0.962293	0.962041
6780	0.961953	0.999445	0.999430	0.865184	0.962293	0.962041
6790	0.962037	0.999445	0.999430	0.865245	0.962293	0.962041
6800	0.962119	0.999445	0.999430	0.865349	0.961790	0.961574
6810	0.962190	0.999445	0.999430	0.865481	0.961287	0.961014
6820	0.962256	0.999445	0.999430	0.865614	0.961790	0.961481
6830	0.962321	0.999445	0.999430	0.865667	0.961790	0.961481
6840	0.962418	0.999445	0.999430	0.865795	0.961790	0.961481
6850	0.962476	0.999445	0.999430	0.865867	0.961790	0.961481
6860	0.962562	0.999445	0.999430	0.865977	0.961790	0.961481
6870	0.962640	0.999445	0.999430	0.866044	0.961790	0.961481
6880	0.962741	0.999445	0.999430	0.866200	0.961790	0.961481
6890	0.962797	0.999445	0.999430	0.866227	0.961790	0.961481
6900	0.962893	0.999445	0.999430	0.866346	0.961790	0.961481
6910	0.962960	0.999445	0.999430	0.866409	0.961790	0.961481
6920	0.963059	0.999445	0.999430	0.866543	0.962293	0.962041
6930	0.963130	0.999445	0.999430	0.866682	0.962293	0.962041
6940	0.963209	0.999445	0.999430	0.866809	0.962293	0.962041
6950	0.963300	0.999500	0.999486	0.866920	0.962293	0.962041
6960	0.963378	0.999500	0.999486	0.867021	0.962293	0.962041
6970	0.963432	0.999500	0.999486	0.867073	0.962293	0.962041
6980	0.963488	0.999500	0.999486	0.867196	0.962293	0.962041
6990	0.963567	0.999445	0.999430	0.867266	0.962293	0.962041
7000	0.963631	0.999445	0.999430	0.867330	0.962293	0.962041
7010	0.963700	0.999445	0.999430	0.867391	0.962293	0.962041
7020	0.963805	0.999500	0.999486	0.867518	0.962293	0.962041
7030	0.963888	0.999500	0.999486	0.867594	0.962293	0.962041
7040	0.963951	0.999500	0.999486	0.867701	0.962293	0.962041
7050	0.964029	0.999500	0.999486	0.867744	0.962795	0.962595
7060	0.964108	0.999500	0.999486	0.867845	0.963298	0.963094
7070	0.964189	0.999500	0.999486	0.867941	0.962795	0.962595
7080	0.964287	0.999500	0.999486	0.867934	0.963298	0.963094
7090	0.964381	0.999500	0.999486	0.868047	0.963298	0.963094
7100	0.964453	0.999500	0.999486	0.868114	0.963298	0.963094
7110	0.964514	0.999500	0.999486	0.868153	0.963298	0.963094
7120	0.964581	0.999500	0.999486	0.868277	0.963298	0.963094
7130	0.964647	0.999500	0.999486	0.868296	0.963298	0.963094
7140	0.964713	0.999500	0.999486	0.868394	0.963298	0.963094
7150	0.964778	0.999500	0.999486	0.868449	0.963298	0.963094
7160	0.964866	0.999500	0.999486	0.868558	0.963298	0.963094
7170	0.964925	0.999500	0.999486	0.868613	0.963298	0.963094
7180	0.964981	0.999500	0.999486	0.868664	0.963298	0.963094
7190	0.965062	0.999500	0.999486	0.868765	0.963298	0.963094
7200	0.965147	0.999500	0.999486	0.868851	0.963298	0.963094
7210	0.965217	0.999500	0.999486	0.868924	0.963298	0.963094
7220	0.965304	0.999500	0.999486	0.868991	0.963298	0.963094
7230	0.965390	0.999500	0.999486	0.869126	0.963298	0.963094
7240	0.965466	0.999500	0.999486	0.869234	0.963298	0.963094
7250	0.965551	0.999500	0.999486	0.869335	0.963298	0.963094
7260	0.965619	0.999500	0.999486	0.869415	0.963298	0.963094
7270	0.965684	0.999500	0.999486	0.869506	0.963298	0.963094
7280	0.965750	0.999500	0.999486	0.869542	0.963298	0.963094
7290	0.965828	0.999500	0.999486	0.869658	0.963298	0.963094
7300	0.965905	0.999500	0.999486	0.869796	0.963298	0.963094
7310	0.965971	0.999500	0.999486	0.869882	0.963298	0.963094
7320	0.966035	0.999500	0.999486	0.869933	0.963298	0.963094
7330	0.966139	0.999500	0.999486	0.870074	0.963298	0.963094
7340	0.966213	0.999500	0.999486	0.870116	0.963298	0.963094
7350	0.966296	0.999500	0.999486	0.870220	0.963298	0.963094
7360	0.966354	0.999500	0.999486	0.870212	0.963298	0.963094
7370	0.966419	0.999500	0.999486	0.870262	0.963298	0.963094
7380	0.966497	0.999500	0.999486	0.870342	0.962795	0.962540
7390	0.966590	0.999500	0.999486	0.870435	0.962795	0.962540
7400	0.966657	0.999500	0.999486	0.870532	0.962795	0.962540
7410	0.966734	0.999500	0.999486	0.870670	0.962795	0.962540
7420	0.966792	0.999500	0.999486	0.870748	0.962795	0.962540
7430	0.966839	0.999500	0.999486	0.870796	0.962795	0.962540
7440	0.966899	0.999500	0.999486	0.870799	0.962795	0.962540
7450	0.966956	0.999556	0.999543	0.870942	0.962795	0.962540
7460	0.967034	0.999556	0.999543	0.871052	0.962795	0.962540
7470	0.967096	0.999556	0.999543	0.871107	0.962795	0.962540
7480	0.967174	0.999556	0.999543	0.871180	0.962795	0.962540
7490	0.967231	0.999556	0.999543	0.871260	0.962795	0.962540
7500	0.967285	0.999556	0.999543	0.871332	0.962795	0.962540
7510	0.967348	0.999556	0.999543	0.871394	0.962795	0.962540
7520	0.967413	0.999611	0.999600	0.871405	0.962795	0.962540
7530	0.967486	0.999611	0.999600	0.871402	0.962795	0.962540
7540	0.967554	0.999611	0.999600	0.871498	0.962795	0.962528
7550	0.967617	0.999611	0.999600	0.871554	0.962795	0.962528
7560	0.967676	0.999611	0.999600	0.871616	0.962795	0.962528
7570	0.967761	0.999611	0.999600	0.871706	0.962795	0.962528
7580	0.967813	0.999611	0.999600	0.871844	0.963298	0.963082
7590	0.967888	0.999611	0.999600	0.871954	0.963298	0.963082
7600	0.967963	0.999611	0.999600	0.872045	0.963298	0.963082
7610	0.968038	0.999611	0.999600	0.872096	0.963298	0.963082
7620	0.968112	0.999611	0.999600	0.872254	0.963298	0.963094
7630	0.968173	0.999611	0.999600	0.872309	0.963801	0.963530
7640	0.968244	0.999611	0.999600	0.872401	0.963298	0.963082
7650	0.968297	0.999611	0.999600	0.872483	0.963801	0.963633
7660	0.968350	0.999611	0.999600	0.872549	0.963801	0.963622
7670	0.968409	0.999611	0.999600	0.872619	0.963298	0.963059
7680	0.968475	0.999611	0.999600	0.872700	0.963801	0.963622
7690	0.968537	0.999611	0.999600	0.872738	0.963801	0.963622
7700	0.968609	0.999611	0.999600	0.872865	0.963801	0.963622
7710	0.968667	0.999611	0.999600	0.872933	0.963801	0.963622
7720	0.968712	0.999611	0.999600	0.872975	0.963801	0.963633
7730	0.968765	0.999611	0.999600	0.873089	0.963801	0.963633
7740	0.968818	0.999611	0.999600	0.873178	0.963801	0.963633
7750	0.968873	0.999611	0.999600	0.873292	0.963298	0.963080
7760	0.968942	0.999611	0.999600	0.873303	0.963298	0.963080
7770	0.968998	0.999611	0.999600	0.873311	0.963298	0.963068
7780	0.969053	0.999611	0.999600	0.873383	0.963298	0.963080
7790	0.969122	0.999611	0.999600	0.873415	0.963298	0.963080
7800	0.969192	0.999611	0.999600	0.873513	0.963298	0.963080
7810	0.969245	0.999667	0.999658	0.873572	0.963298	0.963080
7820	0.969300	0.999667	0.999658	0.873665	0.963801	0.963532
7830	0.969363	0.999667	0.999658	0.873734	0.963801	0.963532
7840	0.969415	0.999667	0.999658	0.873794	0.963801	0.963532
7850	0.969468	0.999667	0.999658	0.873862	0.963298	0.962992
7860	0.969524	0.999667	0.999658	0.873822	0.962795	0.962433
7870	0.969589	0.999667	0.999658	0.873912	0.963801	0.963532
7880	0.969659	0.999667	0.999658	0.874048	0.963801	0.963532
7890	0.969729	0.999667	0.999658	0.874140	0.963801	0.963532
7900	0.969794	0.999667	0.999658	0.874229	0.963801	0.963532
7910	0.969853	0.999667	0.999658	0.874290	0.963801	0.963532
7920	0.969916	0.999667	0.999658	0.874369	0.964304	0.964094
7930	0.969973	0.999667	0.999658	0.874471	0.963801	0.963532
7940	0.970025	0.999667	0.999658	0.874543	0.964304	0.964086
7950	0.970067	0.999667	0.999658	0.874596	0.964304	0.964086
7960	0.970133	0.999667	0.999658	0.874682	0.964304	0.964074
7970	0.970188	0.999667	0.999658	0.874738	0.963801	0.963522
7980	0.970248	0.999667	0.999658	0.874827	0.963801	0.963522
7990	0.970290	0.999667	0.999658	0.874863	0.963801	0.963522
8000	0.970345	0.999667	0.999658	0.874967	0.963801	0.963522
8010	0.970414	0.999667	0.999658	0.875003	0.963801	0.963522
8020	0.970473	0.999667	0.999658	0.875066	0.964304	0.963968
8030	0.970523	0.999667	0.999658	0.875103	0.963801	0.963408
8040	0.970574	0.999667	0.999658	0.875161	0.963801	0.963408
8050	0.970623	0.999667	0.999658	0.875260	0.963801	0.963408
8060	0.970682	0.999667	0.999658	0.875318	0.963801	0.963408
8070	0.970731	0.999667	0.999658	0.875396	0.964304	0.963968
8080	0.970786	0.999667	0.999658	0.875445	0.964304	0.963968
8090	0.970836	0.999667	0.999658	0.875550	0.964806	0.964527
8100	0.970886	0.999667	0.999658	0.875563	0.964806	0.964527
8110	0.970949	0.999667	0.999658	0.875659	0.964304	0.963999
8120	0.971000	0.999667	0.999658	0.875751	0.964806	0.964539
8130	0.971065	0.999667	0.999658	0.875837	0.964806	0.964527
8140	0.971117	0.999722	0.999715	0.875911	0.964806	0.964539
8150	0.971179	0.999722	0.999715	0.876002	0.964806	0.964539
8160	0.971225	0.999778	0.999772	0.876102	0.964806	0.964539
8170	0.971283	0.999778	0.999772	0.876189	0.964806	0.964539
8180	0.971340	0.999778	0.999772	0.876233	0.964806	0.964539
8190	0.971394	0.999778	0.999772	0.876364	0.964806	0.964539
8200	0.971435	0.999778	0.999772	0.876453	0.964806	0.964539
8210	0.971483	0.999778	0.999772	0.876487	0.964806	0.964539
8220	0.971561	0.999778	0.999772	0.876607	0.964304	0.963999
8230	0.971612	0.999778	0.999772	0.876640	0.964806	0.964539
8240	0.971664	0.999778	0.999772	0.876679	0.964304	0.963999
8250	0.971709	0.999778	0.999772	0.876725	0.964304	0.963999
8260	0.971756	0.999778	0.999772	0.876756	0.964304	0.963999
8270	0.971797	0.999778	0.999772	0.876778	0.963801	0.963499
8280	0.971851	0.999778	0.999772	0.876826	0.963801	0.963499
8290	0.971890	0.999778	0.999772	0.876828	0.963801	0.963499
8300	0.971922	0.999778	0.999772	0.876863	0.964304	0.964042
8310	0.971971	0.999778	0.999772	0.876950	0.964304	0.964042
8320	0.972024	0.999778	0.999772	0.877004	0.964304	0.964042
8330	0.972079	0.999778	0.999772	0.877127	0.964304	0.964042
8340	0.972127	0.999778	0.999772	0.877192	0.964304	0.964042
8350	0.972155	0.999778	0.999772	0.877230	0.964304	0.964042
8360	0.972204	0.999778	0.999772	0.877283	0.964304	0.964042
8370	0.972272	0.999778	0.999772	0.877357	0.964304	0.964042
8380	0.972316	0.999778	0.999772	0.877435	0.964304	0.964031
8390	0.972365	0.999778	0.999772	0.877479	0.964304	0.964031
8400	0.972403	0.999778	0.999772	0.877552	0.964806	0.964503
8410	0.972437	0.999778	0.999772	0.877608	0.964806	0.964503
8420	0.972486	0.999778	0.999772	0.877636	0.964806	0.964503
8430	0.972533	0.999778	0.999772	0.877736	0.964806	0.964503
8440	0.972576	0.999778	0.999772	0.877821	0.964806	0.964503
8450	0.972625	0.999778	0.999772	0.877857	0.964806	0.964503
8460	0.972670	0.999778	0.999772	0.877757	0.964806	0.964503
8470	0.972706	0.999778	0.999772	0.877826	0.965309	0.965025
8480	0.972749	0.999778	0.999772	0.877875	0.965309	0.965025
8490	0.972796	0.999778	0.999772	0.877914	0.965309	0.965025
8500	0.972855	0.999778	0.999772	0.878018	0.964806	0.964465
8510	0.972917	0.999833	0.999829	0.878117	0.964806	0.964465
8520	0.972975	0.999889	0.999886	0.878163	0.964806	0.964465
8530	0.973025	0.999889	0.999886	0.878295	0.964806	0.964465
8540	0.973063	0.999889	0.999886	0.878322	0.964806	0.964465
8550	0.973098	0.999889	0.999886	0.878392	0.964806	0.964465
8560	0.973144	0.999889	0.999886	0.878435	0.965309	0.965025
8570	0.973195	0.999889	0.999886	0.878488	0.965309	0.965025
8580	0.973245	0.999889	0.999886	0.878571	0.965309	0.965025
8590	0.973297	0.999889	0.999886	0.878636	0.965309	0.965025
8600	0.973349	0.999889	0.999886	0.878693	0.964806	0.964476
8610	0.973399	0.999889	0.999886	0.878787	0.964806	0.964476
8620	0.973446	0.999889	0.999886	0.878831	0.964806	0.964476
8630	0.973489	0.999889	0.999886	0.878905	0.964806	0.964476
8640	0.973531	0.999889	0.999886	0.878949	0.964806	0.964476
8650	0.973575	0.999889	0.999886	0.879050	0.964806	0.964476
8660	0.973614	0.999889	0.999886	0.879049	0.964304	0.963916
8670	0.973661	0.999889	0.999886	0.879059	0.964304	0.963916
8680	0.973701	0.999944	0.999943	0.879091	0.964304	0.963916
8690	0.973745	0.999944	0.999943	0.879142	0.964304	0.963916
8700	0.973791	0.999944	0.999943	0.879209	0.964304	0.963916
8710	0.973835	0.999944	0.999943	0.879242	0.964304	0.963916
8720	0.973881	0.999944	0.999943	0.879273	0.964304	0.963916
8730	0.973925	0.999944	0.999943	0.879339	0.964304	0.963916
8740	0.973967	0.999944	0.999943	0.879358	0.964304	0.963916
8750	0.974003	0.999944	0.999943	0.879442	0.964304	0.963916
8760	0.974052	0.999944	0.999943	0.879506	0.964304	0.963916
8770	0.974101	0.999944	0.999943	0.879533	0.964304	0.963916
8780	0.974147	0.999944	0.999943	0.879667	0.964304	0.963916
8790	0.974188	0.999944	0.999943	0.879775	0.964304	0.963916
8800	0.974229	0.999944	0.999943	0.879778	0.964304	0.963916
8810	0.974272	0.999944	0.999943	0.879830	0.964806	0.964474
8820	0.974314	0.999944	0.999943	0.879853	0.964806	0.964474
8830	0.974358	0.999944	0.999943	0.879933	0.964806	0.964474
8840	0.974402	0.999944	0.999943	0.880014	0.964304	0.963916
8850	0.974454	0.999944	0.999943	0.880051	0.964304	0.963916
8860	0.974499	0.999944	0.999943	0.880127	0.964806	0.964474
8870	0.974555	0.999944	0.999943	0.880184	0.964806	0.964474
8880	0.974595	0.999944	0.999943	0.880243	0.964806	0.964474
8890	0.974637	0.999944	0.999943	0.880278	0.964806	0.964474
8900	0.974677	0.999944	0.999943	0.880333	0.964806	0.964474
8910	0.974718	0.999944	0.999943	0.880371	0.964806	0.964474
8920	0.974772	0.999944	0.999943	0.880405	0.964806	0.964474
8930	0.974813	0.999944	0.999943	0.880425	0.964304	0.963918
8940	0.974856	0.999944	0.999943	0.880478	0.964304	0.963918
8950	0.974890	0.999944	0.999943	0.880522	0.964304	0.963918
8960	0.974930	0.999944	0.999943	0.880581	0.964304	0.963918
8970	0.974956	0.999944	0.999943	0.880665	0.964304	0.963918
8980	0.974993	0.999944	0.999943	0.880740	0.963801	0.963360
8990	0.975024	0.999944	0.999943	0.880798	0.963801	0.963360
9000	0.975063	0.999944	0.999943	0.880832	0.964304	0.963918
9010	0.975119	0.999944	0.999943	0.880925	0.963801	0.963360
9020	0.975176	0.999944	0.999943	0.881048	0.963801	0.963360
9030	0.975218	0.999944	0.999943	0.881075	0.963801	0.963360
9040	0.975254	0.999944	0.999943	0.881136	0.963801	0.963360
9050	0.975295	0.999944	0.999943	0.881153	0.963801	0.963360
9060	0.975331	0.999944	0.999943	0.881198	0.963801	0.963360
9070	0.975364	0.999944	0.999943	0.881219	0.963298	0.962862
9080	0.975405	0.999944	0.999943	0.881292	0.963298	0.962862
9090	0.975443	0.999944	0.999943	0.881321	0.964304	0.963918
9100	0.975482	0.999944	0.999943	0.881344	0.963298	0.962862
