10	0.071517	0.344595	0.301144	0.072449	0.346098	0.338266
20	0.113332	0.613592	0.619538	0.116243	0.634513	0.632532
30	0.156312	0.673914	0.681797	0.161783	0.692196	0.691320
40	0.192102	0.718069	0.720173	0.199486	0.727096	0.723973
50	0.229986	0.731672	0.733679	0.239308	0.743093	0.740313
60	0.256888	0.743212	0.744429	0.267881	0.753272	0.750826
70	0.276645	0.754139	0.753780	0.286200	0.767814	0.764798
80	0.298334	0.768690	0.766739	0.308784	0.781386	0.777956
90	0.313683	0.777945	0.775942	0.321818	0.783325	0.780019
100	0.328841	0.786754	0.782994	0.336487	0.789627	0.784926
110	0.343284	0.793834	0.789277	0.348631	0.799806	0.794800
120	0.357095	0.805765	0.799935	0.361904	0.809016	0.802736
130	0.372105	0.812176	0.805983	0.374860	0.807562	0.800985
140	0.384243	0.815744	0.808950	0.385268	0.811440	0.804364
150	0.395951	0.820762	0.813583	0.395877	0.813379	0.806456
160	0.407966	0.825445	0.817185	0.406417	0.820650	0.813005
170	0.423961	0.833138	0.823634	0.421852	0.823073	0.813259
180	0.437992	0.840609	0.830401	0.433727	0.827921	0.817526
190	0.447264	0.844511	0.834138	0.441119	0.830344	0.819799
200	0.456270	0.849250	0.837886	0.448321	0.833737	0.822349
210	0.464527	0.852874	0.841166	0.456097	0.835676	0.824196
220	0.472130	0.856163	0.844181	0.462214	0.837130	0.825310
230	0.480101	0.858226	0.845911	0.469390	0.841493	0.829232
240	0.489552	0.861906	0.849317	0.476897	0.842462	0.829671
250	0.498501	0.865529	0.852336	0.484763	0.847310	0.833660
260	0.506949	0.867927	0.854493	0.491979	0.848279	0.834683
270	0.515355	0.871550	0.858017	0.498658	0.851188	0.837390
280	0.522973	0.874003	0.860074	0.504233	0.853611	0.839629
290	0.529134	0.877404	0.863177	0.509042	0.856035	0.841887
300	0.535820	0.879300	0.864818	0.514607	0.856520	0.842442
310	0.541520	0.880638	0.866004	0.518732	0.856035	0.842087
320	0.549072	0.882143	0.867289	0.526466	0.859428	0.845141
330	0.554374	0.884429	0.869379	0.529974	0.863306	0.849209
340	0.559667	0.886269	0.871186	0.534486	0.862336	0.848076
350	0.564851	0.888164	0.872980	0.538768	0.864760	0.849937
360	0.570047	0.889502	0.874237	0.542610	0.866699	0.851904
370	0.576340	0.892290	0.876865	0.547420	0.866699	0.851900
380	0.580797	0.894631	0.879071	0.551197	0.868153	0.852931
390	0.585722	0.896638	0.880884	0.555133	0.870577	0.855062
400	0.589761	0.897976	0.882110	0.558620	0.873485	0.857884
410	0.594217	0.899928	0.883829	0.562250	0.873000	0.857266
420	0.598296	0.901043	0.884871	0.564955	0.874939	0.858978
430	0.602350	0.902381	0.886140	0.568446	0.875424	0.859209
440	0.606390	0.903328	0.887079	0.571840	0.875909	0.859807
450	0.611178	0.905781	0.889416	0.576040	0.875909	0.859824
460	0.615171	0.906673	0.890216	0.578258	0.877363	0.861336
470	0.618724	0.907788	0.891196	0.581723	0.878817	0.862937
480	0.621792	0.908680	0.892087	0.584444	0.878333	0.862517
490	0.625234	0.910186	0.893490	0.587225	0.880756	0.864647
500	0.629313	0.911579	0.894805	0.590805	0.882210	0.865847
510	0.632727	0.912527	0.895684	0.593596	0.884149	0.867935
520	0.635786	0.913140	0.896243	0.596186	0.883665	0.867495
530	0.639016	0.913977	0.897108	0.598764	0.886573	0.870214
540	0.641764	0.914423	0.897462	0.600937	0.888027	0.871623
550	0.645498	0.915705	0.898651	0.603813	0.888997	0.872405
560	0.649136	0.916485	0.899377	0.607163	0.890451	0.873857
570	0.652386	0.917545	0.900315	0.609400	0.893844	0.876685
580	0.654946	0.918493	0.901245	0.611518	0.893359	0.876195
590	0.657325	0.919106	0.901793	0.612955	0.892874	0.875915
600	0.660082	0.919775	0.902473	0.615415	0.893844	0.876820
610	0.663131	0.920778	0.903390	0.618231	0.895783	0.878708
620	0.665999	0.921447	0.903965	0.620345	0.895298	0.878311
630	0.669380	0.922897	0.905424	0.622885	0.895298	0.878252
640	0.672097	0.923176	0.905687	0.624842	0.897237	0.879936
650	0.674367	0.924123	0.906580	0.626862	0.898206	0.880850
660	0.676792	0.924904	0.907300	0.628910	0.896752	0.879575
670	0.679866	0.926688	0.908961	0.631277	0.897722	0.880449
680	0.682246	0.927468	0.909734	0.633169	0.899176	0.881788
690	0.684187	0.927803	0.909986	0.634371	0.897722	0.880467
700	0.686320	0.929364	0.911472	0.636152	0.900145	0.882459
710	0.688521	0.929754	0.911883	0.637988	0.900630	0.882903
720	0.690660	0.930479	0.912558	0.639308	0.901115	0.883078
730	0.692551	0.931036	0.913096	0.640786	0.901600	0.883469
740	0.694667	0.931538	0.913544	0.642262	0.900145	0.882133
750	0.696773	0.931817	0.913783	0.644469	0.900630	0.882626
760	0.699517	0.932597	0.914537	0.647170	0.902569	0.884429
770	0.701611	0.933099	0.915013	0.649000	0.903054	0.884877
780	0.703782	0.933935	0.915798	0.650720	0.903054	0.884991
790	0.705738	0.934883	0.916752	0.652425	0.904508	0.886305
800	0.707541	0.935273	0.917126	0.653915	0.904508	0.886049
810	0.709125	0.935552	0.917311	0.654989	0.904993	0.886515
820	0.710439	0.935496	0.917232	0.655708	0.905962	0.887398
830	0.711930	0.936221	0.917966	0.656822	0.906447	0.887856
840	0.713664	0.936723	0.918433	0.658406	0.905477	0.886840
850	0.715650	0.937280	0.918948	0.660182	0.908386	0.889636
860	0.717178	0.937615	0.919296	0.661187	0.906932	0.888205
870	0.719229	0.938284	0.919986	0.663062	0.907416	0.888772
880	0.721144	0.938674	0.920303	0.664445	0.907416	0.888844
890	0.723152	0.939176	0.920818	0.666626	0.908386	0.889846
900	0.724859	0.939399	0.921001	0.667817	0.908386	0.889794
910	0.726411	0.939734	0.921275	0.669426	0.908871	0.890331
920	0.727841	0.939957	0.921492	0.670544	0.910325	0.891744
930	0.729370	0.940514	0.922037	0.671424	0.909840	0.891190
940	0.730942	0.941295	0.922783	0.672544	0.909355	0.890758
950	0.732420	0.941629	0.923111	0.673630	0.909355	0.890661
960	0.733781	0.942019	0.923445	0.674803	0.910325	0.891635
970	0.735143	0.942242	0.923672	0.675872	0.909355	0.890818
980	0.736918	0.942465	0.923893	0.677573	0.909840	0.890978
990	0.738286	0.942856	0.924282	0.678630	0.909840	0.891012
1000	0.739407	0.943023	0.924459	0.679287	0.909355	0.890435
1010	0.740672	0.943246	0.924624	0.680154	0.910810	0.891830
1020	0.741926	0.943748	0.925101	0.681224	0.910810	0.891889
1030	0.743558	0.944194	0.925551	0.682547	0.911294	0.892448
1040	0.745442	0.945030	0.926416	0.684210	0.911779	0.892956
1050	0.746703	0.945420	0.926759	0.685353	0.912748	0.893874
1060	0.747844	0.945420	0.926728	0.686074	0.912748	0.893830
1070	0.748874	0.945587	0.926919	0.686958	0.912264	0.893470
1080	0.750018	0.945364	0.926678	0.687659	0.912264	0.893444
1090	0.751192	0.946089	0.927402	0.688551	0.912748	0.893852
1100	0.752431	0.946256	0.927586	0.689445	0.913233	0.894307
1110	0.753756	0.946479	0.927766	0.690521	0.913233	0.894119
1120	0.754641	0.946702	0.927879	0.691345	0.913233	0.893975
1130	0.755812	0.946758	0.927923	0.692244	0.913233	0.894011
1140	0.756802	0.946870	0.927995	0.692985	0.912748	0.893546
1150	0.757665	0.947204	0.928271	0.693634	0.912748	0.893439
1160	0.758686	0.947427	0.928513	0.694409	0.912264	0.893004
1170	0.759799	0.947817	0.928919	0.695066	0.912264	0.892983
1180	0.760720	0.947929	0.929036	0.696147	0.914203	0.894826
1190	0.761820	0.947985	0.929023	0.696871	0.913233	0.893834
1200	0.762750	0.947985	0.928991	0.697747	0.913718	0.894176
1210	0.763579	0.947985	0.929017	0.698329	0.914687	0.895199
1220	0.764744	0.948375	0.929453	0.698922	0.915657	0.896171
1230	0.765598	0.948598	0.929711	0.699674	0.916142	0.896587
1240	0.766688	0.948877	0.929965	0.700679	0.917111	0.897403
1250	0.767531	0.948988	0.929985	0.701130	0.916626	0.896903
1260	0.768549	0.949100	0.930095	0.702017	0.915657	0.896078
1270	0.769539	0.949044	0.930067	0.702783	0.915172	0.895639
1280	0.770633	0.949713	0.950196	0.703507	0.914687	0.895139
1290	0.771624	0.949824	0.950332	0.704253	0.914687	0.895159
1300	0.772544	0.950326	0.950839	0.704905	0.915172	0.895623
1310	0.773326	0.950438	0.950929	0.705549	0.915657	0.896043
1320	0.774233	0.950716	0.951201	0.706239	0.915657	0.896035
1330	0.775250	0.951887	0.952336	0.707105	0.918080	0.917845
1340	0.776233	0.952277	0.952705	0.707815	0.918080	0.917966
1350	0.777402	0.953002	0.953413	0.708617	0.918565	0.918426
1360	0.778843	0.953671	0.954070	0.709710	0.918080	0.917992
1370	0.780017	0.954786	0.955183	0.710534	0.920504	0.920331
1380	0.781040	0.956180	0.956533	0.711356	0.921474	0.921262
1390	0.782112	0.957462	0.957820	0.712161	0.923413	0.923211
1400	0.783326	0.958577	0.958880	0.713073	0.923413	0.923305
1410	0.784487	0.960473	0.960732	0.714071	0.924382	0.924187
1420	0.785599	0.961644	0.961883	0.714961	0.923897	0.923816
1430	0.786698	0.962480	0.962672	0.715810	0.924382	0.924153
1440	0.787997	0.963372	0.963579	0.717085	0.926321	0.925967
1450	0.789134	0.964320	0.964501	0.718077	0.926321	0.926126
1460	0.790297	0.964654	0.964835	0.719066	0.926321	0.926002
1470	0.791460	0.965602	0.965777	0.720037	0.928260	0.927840
1480	0.792695	0.965992	0.966170	0.721014	0.928745	0.928397
1490	0.794004	0.966327	0.966519	0.722145	0.928260	0.927959
1500	0.795090	0.967274	0.967424	0.723112	0.929229	0.928836
1510	0.796258	0.967776	0.967912	0.724031	0.930199	0.929966
1520	0.797580	0.968334	0.968451	0.725131	0.930199	0.929966
1530	0.798962	0.968891	0.968986	0.726437	0.930199	0.930034
1540	0.799997	0.969003	0.969080	0.727352	0.931168	0.930983
1550	0.801189	0.969504	0.969580	0.728326	0.930683	0.930507
1560	0.802124	0.970173	0.970235	0.729115	0.931168	0.930995
1570	0.803297	0.970842	0.970898	0.730041	0.931653	0.931486
1580	0.804308	0.971177	0.971238	0.730793	0.931653	0.931431
1590	0.805485	0.971511	0.971575	0.731859	0.933107	0.932849
1600	0.806346	0.971957	0.972004	0.732655	0.933592	0.933347
1610	0.807326	0.972180	0.972215	0.733425	0.933592	0.933319
1620	0.808028	0.972515	0.972549	0.734056	0.935046	0.934812
1630	0.808940	0.972961	0.972997	0.734828	0.934561	0.934315
1640	0.809659	0.973017	0.973051	0.735451	0.935046	0.934844
1650	0.810515	0.973351	0.973376	0.736201	0.936016	0.935843
1660	0.811454	0.973574	0.973598	0.736918	0.936500	0.936244
1670	0.812464	0.974132	0.974134	0.737791	0.937954	0.937673
1680	0.813263	0.973964	0.973966	0.738497	0.937470	0.937249
1690	0.814387	0.974410	0.974408	0.739510	0.938439	0.938200
1700	0.815590	0.975191	0.975178	0.740466	0.940378	0.940123
1710	0.816389	0.975414	0.975397	0.741008	0.939893	0.939837
1720	0.817236	0.975748	0.975733	0.741659	0.940378	0.940317
1730	0.818056	0.976417	0.976384	0.742455	0.939893	0.939846
1740	0.818887	0.976640	0.976605	0.743196	0.939893	0.939846
1750	0.819710	0.976752	0.976721	0.743845	0.939409	0.939411
1760	0.820410	0.976975	0.976931	0.744320	0.939409	0.939411
1770	0.821106	0.977031	0.976996	0.744904	0.939893	0.939839
1780	0.822030	0.977198	0.977151	0.745602	0.940863	0.940916
1790	0.823041	0.977477	0.977437	0.746544	0.940863	0.940888
1800	0.823883	0.977700	0.977648	0.747435	0.940863	0.940888
1810	0.824753	0.978090	0.978039	0.748277	0.940863	0.940888
1820	0.825678	0.978369	0.978320	0.748972	0.941348	0.941412
1830	0.826508	0.978759	0.978713	0.749607	0.940863	0.940787
1840	0.827147	0.979093	0.979041	0.750165	0.940863	0.940773
1850	0.828067	0.979316	0.979267	0.750865	0.941348	0.941192
1860	0.828940	0.979428	0.979379	0.751298	0.940863	0.940804
1870	0.829640	0.979707	0.979656	0.751970	0.940863	0.940813
1880	0.830288	0.980153	0.980100	0.752514	0.940863	0.940813
1890	0.830971	0.979986	0.979928	0.753171	0.941348	0.941307
1900	0.831623	0.980209	0.980150	0.753716	0.942317	0.942194
1910	0.832385	0.980320	0.980262	0.754201	0.942317	0.942178
1920	0.832998	0.980376	0.980317	0.754641	0.942317	0.942197
1930	0.833819	0.980487	0.980429	0.755316	0.942317	0.942188
1940	0.834574	0.980543	0.980490	0.755877	0.942317	0.942197
1950	0.835263	0.980487	0.980429	0.756479	0.942317	0.942197
1960	0.835934	0.980710	0.980651	0.757059	0.942317	0.942188
1970	0.836519	0.980766	0.980700	0.757542	0.941832	0.941798
1980	0.837121	0.980766	0.980690	0.758031	0.942317	0.942226
1990	0.837609	0.981156	0.981078	0.758500	0.943286	0.943231
2000	0.838285	0.981435	0.981351	0.759059	0.943286	0.943289
2010	0.839010	0.981491	0.981409	0.759694	0.943286	0.943298
2020	0.839591	0.981547	0.981465	0.760185	0.943771	0.943714
2030	0.840344	0.981770	0.981689	0.760713	0.943771	0.943803
2040	0.840969	0.981937	0.981858	0.761234	0.944256	0.944217
2050	0.841522	0.981993	0.981914	0.761763	0.944256	0.944235
2060	0.842180	0.982048	0.981971	0.762186	0.944256	0.944239
2070	0.842678	0.982216	0.982138	0.762684	0.944256	0.944237
2080	0.843254	0.982216	0.982136	0.763116	0.944256	0.944244
2090	0.843917	0.982216	0.982138	0.763668	0.943771	0.943762
2100	0.844588	0.982383	0.982301	0.764259	0.945225	0.945143
2110	0.845255	0.982439	0.982361	0.764814	0.945225	0.945168
2120	0.845831	0.982885	0.982807	0.765329	0.945225	0.945168
2130	0.846469	0.982885	0.982808	0.765870	0.945225	0.945209
2140	0.847156	0.982996	0.982918	0.766385	0.946195	0.946093
2150	0.847685	0.982996	0.982918	0.766783	0.945710	0.945637
2160	0.848261	0.982940	0.982857	0.767343	0.946195	0.946101
2170	0.849002	0.983163	0.983079	0.768106	0.946195	0.946101
2180	0.849836	0.983275	0.983184	0.768790	0.946680	0.946576
2190	0.850412	0.983275	0.983190	0.769359	0.946680	0.946590
2200	0.850942	0.983442	0.983357	0.769746	0.947164	0.947061
2210	0.851422	0.983498	0.983414	0.770095	0.946680	0.946590
2220	0.851944	0.983554	0.983465	0.770513	0.947164	0.947007
2230	0.852326	0.983665	0.983575	0.770892	0.947164	0.947007
2240	0.852817	0.983777	0.983684	0.771137	0.947164	0.946990
2250	0.853384	0.983888	0.983797	0.771418	0.947164	0.946989
2260	0.853841	0.983777	0.983693	0.771779	0.947164	0.947029
2270	0.854560	0.983888	0.983794	0.772316	0.947164	0.946989
2280	0.855009	0.983944	0.983846	0.772703	0.947164	0.946989
2290	0.855588	0.984055	0.983958	0.773160	0.947164	0.946989
2300	0.856107	0.984111	0.984016	0.773450	0.947164	0.946990
2310	0.856568	0.984167	0.984071	0.773835	0.947164	0.947029
2320	0.857033	0.984167	0.984068	0.774130	0.947164	0.947009
2330	0.857558	0.984223	0.984124	0.774606	0.947164	0.947035
2340	0.858021	0.984501	0.984406	0.774945	0.947649	0.947438
2350	0.858559	0.984390	0.984299	0.775349	0.947649	0.947465
2360	0.859102	0.984557	0.984463	0.775742	0.947164	0.946978
2370	0.859596	0.984613	0.984517	0.776121	0.948134	0.947898
2380	0.860084	0.984892	0.984801	0.776562	0.947649	0.947495
2390	0.860550	0.985003	0.984908	0.776865	0.947649	0.947551
2400	0.861127	0.985003	0.984909	0.777299	0.947649	0.947551
2410	0.861611	0.985003	0.984907	0.777760	0.947649	0.947551
2420	0.862294	0.985115	0.985021	0.778303	0.947649	0.947566
2430	0.862788	0.985338	0.985244	0.778830	0.947649	0.947566
2440	0.863257	0.985282	0.985189	0.779165	0.947649	0.947566
2450	0.863798	0.985338	0.985244	0.779713	0.947649	0.947566
2460	0.864223	0.985393	0.985301	0.779982	0.947649	0.947565
2470	0.864635	0.985449	0.985354	0.780449	0.947649	0.947565
2480	0.865085	0.985505	0.985410	0.780957	0.947649	0.947582
2490	0.865446	0.985616	0.985516	0.781122	0.947649	0.947582
2500	0.865934	0.985728	0.985625	0.781596	0.948134	0.948061
2510	0.866303	0.985672	0.985567	0.781940	0.948619	0.948559
2520	0.866777	0.985951	0.985856	0.782303	0.949103	0.949009
2530	0.867203	0.985895	0.985797	0.782723	0.948619	0.948559
2540	0.867603	0.986062	0.985964	0.783082	0.948619	0.948582
2550	0.868051	0.986118	0.986023	0.783312	0.948619	0.948531
2560	0.868657	0.986230	0.986134	0.783926	0.949103	0.948926
2570	0.869022	0.986285	0.986191	0.784220	0.949103	0.948926
2580	0.869479	0.986285	0.986188	0.784630	0.949103	0.948926
2590	0.869931	0.986341	0.986244	0.785232	0.949103	0.948900
2600	0.870344	0.986341	0.986244	0.785485	0.949103	0.948900
2610	0.870800	0.986397	0.986301	0.785860	0.949103	0.948942
2620	0.871219	0.986341	0.986243	0.786208	0.949588	0.949384
2630	0.871652	0.986453	0.986356	0.786540	0.949588	0.949384
2640	0.872140	0.986508	0.986414	0.786800	0.949103	0.948880
2650	0.872419	0.986453	0.986354	0.786982	0.949103	0.948851
2660	0.872786	0.986564	0.986471	0.787294	0.949103	0.948868
2670	0.873215	0.986564	0.986471	0.787650	0.949103	0.948868
2680	0.873727	0.986676	0.986581	0.788056	0.948619	0.948382
2690	0.874082	0.986676	0.986577	0.788340	0.949103	0.948851
2700	0.874446	0.986620	0.986517	0.788761	0.949103	0.948851
2710	0.874828	0.986620	0.986518	0.788962	0.949103	0.948851
2720	0.875241	0.986676	0.986575	0.789352	0.948619	0.948366
2730	0.875559	0.986676	0.986576	0.789688	0.948619	0.948366
2740	0.876070	0.986954	0.986853	0.790051	0.948619	0.948366
2750	0.876441	0.987066	0.986964	0.790318	0.948619	0.948366
2760	0.876772	0.987122	0.987023	0.790548	0.948619	0.948367
2770	0.877283	0.987289	0.987185	0.790978	0.948619	0.948366
2780	0.877644	0.987233	0.987129	0.791287	0.948619	0.948366
2790	0.878015	0.987177	0.987070	0.791593	0.948619	0.948338
2800	0.878418	0.987512	0.987408	0.791930	0.948619	0.948336
2810	0.878800	0.987512	0.987406	0.792244	0.948619	0.948336
2820	0.879123	0.987512	0.987406	0.792517	0.948619	0.948338
2830	0.879403	0.987568	0.987463	0.792698	0.949103	0.948823
2840	0.879820	0.987735	0.987630	0.793000	0.949103	0.948823
2850	0.880076	0.987846	0.987744	0.793234	0.949103	0.948853
2860	0.880353	0.987791	0.987686	0.793512	0.949103	0.948853
2870	0.880704	0.987791	0.987688	0.793794	0.949103	0.948853
2880	0.881082	0.987735	0.987632	0.794046	0.949588	0.949267
2890	0.881441	0.987846	0.987743	0.794239	0.950073	0.949746
2900	0.881703	0.987902	0.987800	0.794471	0.950073	0.949746
2910	0.882055	0.987958	0.987860	0.794744	0.950073	0.949746
2920	0.882356	0.988014	0.987913	0.794999	0.950073	0.949746
2930	0.882805	0.988014	0.987917	0.795380	0.950073	0.949746
2940	0.883190	0.988014	0.987917	0.795700	0.950073	0.949746
2950	0.883512	0.988069	0.987972	0.796022	0.950557	0.950231
2960	0.883883	0.987958	0.987859	0.796363	0.950073	0.949746
2970	0.884256	0.988125	0.988029	0.796680	0.950073	0.949752
2980	0.884603	0.988125	0.988027	0.796958	0.949588	0.949267
2990	0.884971	0.988181	0.988081	0.797330	0.950557	0.950231
3000	0.885292	0.988292	0.988195	0.797519	0.950557	0.950220
3010	0.885722	0.988348	0.988249	0.798069	0.952012	0.951695
3020	0.885970	0.988460	0.988365	0.798208	0.951527	0.951223
3030	0.886322	0.988627	0.988536	0.798476	0.951527	0.951223
3040	0.886720	0.988515	0.988418	0.798791	0.951527	0.951223
3050	0.887046	0.988515	0.988424	0.799088	0.951527	0.951223
3060	0.887384	0.988515	0.988420	0.799377	0.951042	0.950703
3070	0.887780	0.988683	0.988588	0.799612	0.951042	0.950703
3080	0.888146	0.988683	0.988589	0.799909	0.951042	0.950703
3090	0.888499	0.988794	0.988702	0.800210	0.951527	0.951189
3100	0.888844	0.988794	0.988701	0.800563	0.951527	0.951189
3110	0.889184	0.988961	0.988871	0.800894	0.951527	0.951189
3120	0.889553	0.989017	0.988927	0.801300	0.951527	0.951189
3130	0.889840	0.988906	0.988814	0.801592	0.951527	0.951189
3140	0.890186	0.989017	0.988929	0.801945	0.951527	0.951189
3150	0.890532	0.989017	0.988931	0.802249	0.951527	0.951189
3160	0.890931	0.989184	0.989097	0.802562	0.951527	0.951189
3170	0.891269	0.989129	0.989040	0.802774	0.952496	0.952111
3180	0.891648	0.989407	0.989322	0.802969	0.952012	0.951619
3190	0.891962	0.989463	0.989375	0.803312	0.952496	0.952107
3200	0.892269	0.989575	0.989490	0.803634	0.952496	0.952077
3210	0.892589	0.989630	0.989548	0.803873	0.952981	0.952553
3220	0.892939	0.989575	0.989490	0.804107	0.952981	0.952553
3230	0.893366	0.989630	0.989549	0.804484	0.953466	0.953037
3240	0.893745	0.989630	0.989546	0.804692	0.952981	0.952627
3250	0.894051	0.989686	0.989601	0.804908	0.952981	0.952598
3260	0.894320	0.989742	0.989660	0.805157	0.952981	0.952598
3270	0.894583	0.989742	0.989660	0.805392	0.952981	0.952598
3280	0.895040	0.989798	0.989713	0.805656	0.952981	0.952598
3290	0.895307	0.989853	0.989771	0.805791	0.952981	0.952598
3300	0.895614	0.989853	0.989772	0.806115	0.953466	0.953099
3310	0.895885	0.989853	0.989773	0.806287	0.953466	0.953099
3320	0.896221	0.989909	0.989828	0.806580	0.953951	0.953596
3330	0.896500	0.989965	0.989886	0.806773	0.953466	0.953119
3340	0.896758	0.990076	0.989998	0.807052	0.953466	0.953119
3350	0.896951	0.989965	0.989885	0.807215	0.953466	0.953119
3360	0.897321	0.990021	0.989942	0.807496	0.953466	0.953119
3370	0.897654	0.990076	0.989994	0.807669	0.953951	0.953596
3380	0.897951	0.990188	0.990106	0.807888	0.954435	0.954033
3390	0.898220	0.990244	0.990164	0.808161	0.954435	0.954063
3400	0.898454	0.990244	0.990165	0.808294	0.954435	0.954033
3410	0.898746	0.990188	0.990109	0.808572	0.954435	0.954033
3420	0.899043	0.990355	0.990273	0.808768	0.954435	0.954033
3430	0.899344	0.990244	0.990161	0.808981	0.953951	0.953576
3440	0.899652	0.990299	0.990215	0.809263	0.953951	0.953548
3450	0.899906	0.990355	0.990271	0.809509	0.953951	0.953548
3460	0.900156	0.990355	0.990272	0.809747	0.953951	0.953548
3470	0.900512	0.990411	0.990325	0.810062	0.954435	0.954033
3480	0.900785	0.990355	0.990272	0.810245	0.954435	0.954033
3490	0.901037	0.990467	0.990385	0.810480	0.954920	0.954589
3500	0.901309	0.990522	0.990439	0.810661	0.954435	0.954104
3510	0.901656	0.990634	0.990547	0.810902	0.954920	0.954624
3520	0.901885	0.990578	0.990492	0.811248	0.954920	0.954624
3530	0.902187	0.990634	0.990547	0.811600	0.954920	0.954624
3540	0.902463	0.990578	0.990491	0.811834	0.954920	0.954624
3550	0.902684	0.990578	0.990491	0.811935	0.954920	0.954624
3560	0.902850	0.990578	0.990491	0.812056	0.955405	0.955163
3570	0.903085	0.990634	0.990547	0.812213	0.955405	0.955163
3580	0.903329	0.990634	0.990546	0.812414	0.954920	0.954645
3590	0.903619	0.990634	0.990545	0.812537	0.954920	0.954645
3600	0.903812	0.990690	0.990602	0.812689	0.954920	0.954645
3610	0.904111	0.990745	0.990657	0.812883	0.954920	0.954645
3620	0.904421	0.990745	0.990658	0.813169	0.954920	0.954645
3630	0.904891	0.990745	0.990658	0.813573	0.954920	0.954645
3640	0.905171	0.990801	0.990714	0.813847	0.954920	0.954645
3650	0.905427	0.990801	0.990715	0.814043	0.954920	0.954645
3660	0.905696	0.990857	0.990766	0.814197	0.954920	0.954645
3670	0.905962	0.990968	0.990879	0.814449	0.954920	0.954645
3680	0.906242	0.990913	0.990822	0.814629	0.954920	0.954645
3690	0.906610	0.990968	0.990879	0.814976	0.954920	0.954645
3700	0.907102	0.991080	0.990991	0.815454	0.955405	0.955126
3710	0.907372	0.991136	0.991049	0.815603	0.954920	0.954645
3720	0.907584	0.991136	0.991049	0.815828	0.954920	0.954645
3730	0.907802	0.991191	0.991102	0.815985	0.955405	0.955126
3740	0.908014	0.991191	0.991103	0.816248	0.955889	0.955683
3750	0.908242	0.991191	0.991103	0.816317	0.955889	0.955683
3760	0.908538	0.991191	0.991105	0.816587	0.955889	0.955711
3770	0.908796	0.991247	0.991158	0.816905	0.955889	0.955683
3780	0.909067	0.991359	0.991270	0.817129	0.955889	0.955683
3790	0.909350	0.991470	0.991380	0.817394	0.955405	0.955252
3800	0.909660	0.991693	0.991605	0.817656	0.956374	0.956094
3810	0.909900	0.991749	0.991663	0.817896	0.955889	0.955683
3820	0.910195	0.991860	0.991772	0.818202	0.956859	0.956537
3830	0.910408	0.991805	0.991715	0.818462	0.956859	0.956537
3840	0.910661	0.991860	0.991773	0.818656	0.956859	0.956519
3850	0.910961	0.992028	0.991941	0.818785	0.956859	0.956543
3860	0.911234	0.991916	0.991827	0.818952	0.956859	0.956543
3870	0.911528	0.992251	0.992167	0.819174	0.956859	0.956561
3880	0.911764	0.992195	0.992111	0.819356	0.956859	0.956561
3890	0.912065	0.992251	0.992168	0.819606	0.956859	0.956519
3900	0.912266	0.992251	0.992167	0.819855	0.956859	0.956537
3910	0.912532	0.992306	0.992224	0.820005	0.956859	0.956519
3920	0.912799	0.992418	0.992337	0.820222	0.956859	0.956519
3930	0.913112	0.992585	0.992510	0.820450	0.956859	0.956519
3940	0.913369	0.992585	0.992510	0.820664	0.956374	0.956076
3950	0.913668	0.992697	0.992626	0.820850	0.956374	0.956076
3960	0.913981	0.992752	0.992681	0.821135	0.956859	0.956519
3970	0.914220	0.992752	0.992681	0.821317	0.956859	0.956519
3980	0.914424	0.992752	0.992684	0.821514	0.956859	0.956519
3990	0.914668	0.992808	0.992739	0.821760	0.956859	0.956519
4000	0.914880	0.992808	0.992739	0.822010	0.956859	0.956519
4010	0.915067	0.992808	0.992738	0.822207	0.956859	0.956519
4020	0.915291	0.992864	0.992795	0.822394	0.956859	0.956519
4030	0.915583	0.992808	0.992739	0.822682	0.956859	0.956519
4040	0.915757	0.992920	0.992853	0.822779	0.957344	0.957037
4050	0.915952	0.992975	0.992909	0.822851	0.956859	0.956519
4060	0.916140	0.992975	0.992909	0.823014	0.956859	0.956519
4070	0.916287	0.992920	0.992853	0.823148	0.956859	0.956519
4080	0.916495	0.992920	0.992854	0.823355	0.956859	0.956519
4090	0.916710	0.992920	0.992854	0.823511	0.956374	0.955996
4100	0.916931	0.992975	0.992908	0.823791	0.956374	0.955996
4110	0.917185	0.993087	0.993022	0.823993	0.956374	0.955996
4120	0.917360	0.993087	0.993022	0.824083	0.956374	0.955996
4130	0.917542	0.993087	0.993022	0.824253	0.956374	0.955996
4140	0.917725	0.993087	0.993020	0.824511	0.957344	0.956923
4150	0.917929	0.993087	0.993021	0.824652	0.956859	0.956365
4160	0.918135	0.993143	0.993077	0.824839	0.956859	0.956365
4170	0.918357	0.993087	0.993020	0.824996	0.956859	0.956365
4180	0.918552	0.993087	0.993019	0.825188	0.957344	0.956888
4190	0.918780	0.993087	0.993019	0.825445	0.957344	0.956888
4200	0.919000	0.993087	0.993020	0.825598	0.957344	0.956880
4210	0.919223	0.993143	0.993076	0.825797	0.957344	0.956880
4220	0.919431	0.993254	0.993191	0.825998	0.957344	0.956880
4230	0.919590	0.993254	0.993191	0.826131	0.957344	0.956880
4240	0.919851	0.993254	0.993189	0.826516	0.957828	0.957438
4250	0.920064	0.993310	0.993246	0.826731	0.957344	0.956923
4260	0.920259	0.993421	0.993360	0.826935	0.957344	0.956923
4270	0.920467	0.993366	0.993301	0.827074	0.957344	0.956903
4280	0.920692	0.993477	0.993414	0.827304	0.957828	0.957418
4290	0.920920	0.993477	0.993413	0.827536	0.957828	0.957418
4300	0.921155	0.993533	0.993470	0.827770	0.957828	0.957418
4310	0.921368	0.993589	0.993526	0.828074	0.957828	0.957418
4320	0.921622	0.993589	0.993528	0.828304	0.957828	0.957418
4330	0.921794	0.993589	0.993528	0.828446	0.957828	0.957418
4340	0.921969	0.993589	0.993528	0.828587	0.957828	0.957418
4350	0.922200	0.993700	0.993639	0.828751	0.957828	0.957418
4360	0.922475	0.993700	0.993637	0.828873	0.957344	0.956903
4370	0.922685	0.993756	0.993694	0.828970	0.957344	0.956903
4380	0.922910	0.993756	0.993692	0.829217	0.957344	0.956903
4390	0.923174	0.993812	0.993752	0.829411	0.957344	0.956903
4400	0.923369	0.993867	0.993808	0.829543	0.957344	0.956903
4410	0.923511	0.993867	0.993810	0.829647	0.957344	0.956903
4420	0.923695	0.993923	0.993862	0.829734	0.957828	0.957377
4430	0.923935	0.993867	0.993808	0.829969	0.957344	0.956903
4440	0.924120	0.993867	0.993807	0.830133	0.957344	0.956903
4450	0.924335	0.993867	0.993807	0.830253	0.957344	0.956903
4460	0.924517	0.993867	0.993806	0.830382	0.957344	0.956903
4470	0.924743	0.993923	0.993863	0.830551	0.957828	0.957377
4480	0.924934	0.993923	0.993862	0.830721	0.957828	0.957377
4490	0.925134	0.994035	0.993975	0.830856	0.957828	0.957377
4500	0.925379	0.994035	0.993974	0.831105	0.957828	0.957377
4510	0.925585	0.994090	0.994031	0.831205	0.957344	0.956903
4520	0.925737	0.994146	0.994086	0.831384	0.957828	0.957383
4530	0.925943	0.994090	0.994030	0.831575	0.958313	0.957858
4540	0.926146	0.994202	0.994141	0.831766	0.957828	0.957383
4550	0.926339	0.994202	0.994142	0.831991	0.957828	0.957383
4560	0.926557	0.994202	0.994141	0.832149	0.957828	0.957383
4570	0.926785	0.994146	0.994086	0.832318	0.958313	0.957864
4580	0.927021	0.994258	0.994197	0.832566	0.958313	0.957864
4590	0.927211	0.994313	0.994253	0.832735	0.957828	0.957383
4600	0.927536	0.994481	0.994424	0.832933	0.958313	0.957901
4610	0.927854	0.994536	0.994479	0.833185	0.958313	0.957864
4620	0.928078	0.994481	0.994422	0.833340	0.958313	0.957864
4630	0.928218	0.994592	0.994535	0.833465	0.958313	0.957864
4640	0.928492	0.994592	0.994535	0.833639	0.958313	0.957864
4650	0.928674	0.994592	0.994536	0.833789	0.958313	0.957864
4660	0.928872	0.994704	0.994650	0.833873	0.957828	0.957392
4670	0.929073	0.994648	0.994593	0.834016	0.958313	0.957864
4680	0.929301	0.994759	0.994704	0.834187	0.958313	0.957864
4690	0.929592	0.994759	0.994704	0.834492	0.958313	0.957864
4700	0.929757	0.994927	0.994874	0.834682	0.958313	0.957864
4710	0.929981	0.994927	0.994874	0.834906	0.957828	0.957390
4720	0.930208	0.994871	0.994817	0.835087	0.958313	0.957907
4730	0.930380	0.994871	0.994817	0.835263	0.958798	0.958422
4740	0.930586	0.994871	0.994816	0.835463	0.959283	0.958916
4750	0.930862	0.994871	0.994817	0.835776	0.960252	0.959950
4760	0.931050	0.994871	0.994816	0.835968	0.960252	0.959950
4770	0.931248	0.994871	0.994817	0.836206	0.960252	0.959969
4780	0.931432	0.994927	0.994873	0.836385	0.960252	0.959969
4790	0.931596	0.995038	0.994983	0.836482	0.959767	0.959480
4800	0.931779	0.995094	0.995038	0.836706	0.959767	0.959480
4810	0.931949	0.995150	0.995094	0.836825	0.959767	0.959480
4820	0.932192	0.995205	0.995153	0.837155	0.959767	0.959460
4830	0.932356	0.995150	0.995099	0.837358	0.959283	0.958986
4840	0.932551	0.995261	0.995206	0.837586	0.959283	0.958986
4850	0.932713	0.995261	0.995206	0.837759	0.960252	0.959950
4860	0.932942	0.995150	0.995099	0.837903	0.959767	0.959475
4870	0.933118	0.995150	0.995099	0.837970	0.959767	0.959466
4880	0.933256	0.995094	0.995042	0.838088	0.959767	0.959475
4890	0.933529	0.995150	0.995098	0.838289	0.959767	0.959475
4900	0.933748	0.995205	0.995151	0.838490	0.959767	0.959460
4910	0.933945	0.995261	0.995208	0.838677	0.959767	0.959460
4920	0.934165	0.995317	0.995265	0.838918	0.959767	0.959469
4930	0.934343	0.995317	0.995265	0.839074	0.959767	0.959475
4940	0.934514	0.995373	0.995323	0.839280	0.959283	0.958980
4950	0.934632	0.995317	0.995265	0.839406	0.959767	0.959451
4960	0.934816	0.995317	0.995265	0.839614	0.960252	0.959941
4970	0.935016	0.995484	0.995437	0.839742	0.959767	0.959466
4980	0.935168	0.995596	0.995550	0.839757	0.959283	0.958874
4990	0.935343	0.995707	0.995663	0.839908	0.959283	0.958874
5000	0.935525	0.995763	0.995720	0.840140	0.959283	0.958874
5010	0.935704	0.995819	0.995773	0.840265	0.959283	0.958874
5020	0.935882	0.995819	0.995773	0.840444	0.959283	0.958874
5030	0.936052	0.995819	0.995774	0.840516	0.959283	0.958874
5040	0.936252	0.995874	0.995829	0.840700	0.959283	0.958874
5050	0.936489	0.995930	0.995885	0.840895	0.959283	0.958874
5060	0.936682	0.995874	0.995831	0.841119	0.959767	0.959349
5070	0.936824	0.995986	0.995942	0.841293	0.959767	0.959349
5080	0.937002	0.996042	0.995998	0.841484	0.959767	0.959349
5090	0.937146	0.996097	0.996055	0.841607	0.959767	0.959349
5100	0.937283	0.996097	0.996054	0.841760	0.959767	0.959349
5110	0.937431	0.996265	0.996222	0.841923	0.959767	0.959349
5120	0.937602	0.996265	0.996221	0.842043	0.959767	0.959349
5130	0.937775	0.996265	0.996223	0.842225	0.959767	0.959349
5140	0.937972	0.996320	0.996277	0.842420	0.959767	0.959349
5150	0.938108	0.996320	0.996277	0.842570	0.959767	0.959349
5160	0.938281	0.996376	0.996331	0.842762	0.959767	0.959349
5170	0.938477	0.996543	0.996500	0.842865	0.958798	0.958425
5180	0.938637	0.996543	0.996500	0.843056	0.959283	0.958874
5190	0.938807	0.996599	0.996556	0.843321	0.959283	0.958874
5200	0.938984	0.996711	0.996668	0.843481	0.959283	0.958874
5210	0.939177	0.996655	0.996613	0.843671	0.959283	0.958874
5220	0.939340	0.996711	0.996668	0.843818	0.959283	0.958874
5230	0.939500	0.996711	0.996668	0.844013	0.959283	0.958874
5240	0.939711	0.996711	0.996668	0.844211	0.959283	0.958874
5250	0.939869	0.996766	0.996725	0.844345	0.959283	0.958874
5260	0.940061	0.996822	0.996781	0.844509	0.959767	0.959320
5270	0.940188	0.996822	0.996781	0.844603	0.959767	0.959320
5280	0.940352	0.996822	0.996781	0.844722	0.959283	0.958874
5290	0.940488	0.996822	0.996781	0.844880	0.959283	0.958874
5300	0.940661	0.996878	0.996838	0.845023	0.958798	0.958425
5310	0.940812	0.996934	0.996896	0.845149	0.958798	0.958425
5320	0.940961	0.996878	0.996838	0.845248	0.958798	0.958425
5330	0.941062	0.996878	0.996838	0.845414	0.958798	0.958425
5340	0.941223	0.996878	0.996838	0.845544	0.958798	0.958425
5350	0.941395	0.996878	0.996838	0.845718	0.958313	0.957910
5360	0.941541	0.996878	0.996838	0.845861	0.959283	0.958991
5370	0.941700	0.996934	0.996895	0.845941	0.959283	0.958991
5380	0.941875	0.996934	0.996895	0.846110	0.959283	0.958991
5390	0.942070	0.996934	0.996895	0.846323	0.959283	0.958916
5400	0.942240	0.996934	0.996895	0.846561	0.959767	0.959482
5410	0.942412	0.997045	0.997009	0.846707	0.959767	0.959482
5420	0.942576	0.997101	0.997062	0.846873	0.959767	0.959482
5430	0.942812	0.997045	0.997005	0.847016	0.959767	0.959482
5440	0.943005	0.997157	0.997118	0.847235	0.960252	0.959928
5450	0.943171	0.997157	0.997118	0.847387	0.960252	0.959928
5460	0.943331	0.997101	0.997062	0.847490	0.961222	0.960891
5470	0.943525	0.997268	0.997233	0.847759	0.961222	0.960891
5480	0.943663	0.997268	0.997233	0.847899	0.961222	0.960891
5490	0.943814	0.997212	0.997178	0.848027	0.960737	0.960443
5500	0.943996	0.997212	0.997178	0.848282	0.961222	0.960891
5510	0.944160	0.997324	0.997289	0.848452	0.961222	0.960891
5520	0.944307	0.997380	0.997346	0.848590	0.961222	0.960891
5530	0.944465	0.997380	0.997346	0.848797	0.961222	0.960891
5540	0.944613	0.997380	0.997346	0.848880	0.960737	0.960443
5550	0.944778	0.997380	0.997346	0.848986	0.960737	0.960443
5560	0.944922	0.997380	0.997346	0.849088	0.960737	0.960443
5570	0.945072	0.997324	0.997292	0.849112	0.961222	0.960891
5580	0.945256	0.997324	0.997292	0.849258	0.960737	0.960416
5590	0.945415	0.997324	0.997292	0.849405	0.960737	0.960416
5600	0.945570	0.997380	0.997349	0.849637	0.960737	0.960416
5610	0.945724	0.997380	0.997349	0.849768	0.960252	0.959968
5620	0.945857	0.997380	0.997349	0.849852	0.960252	0.959968
5630	0.946008	0.997380	0.997350	0.849982	0.960252	0.959968
5640	0.946137	0.997380	0.997350	0.850067	0.960252	0.959968
5650	0.946270	0.997435	0.997406	0.850183	0.960252	0.959968
5660	0.946428	0.997435	0.997406	0.850298	0.960737	0.960443
5670	0.946596	0.997491	0.997460	0.850547	0.960737	0.960443
5680	0.946757	0.997714	0.997685	0.850595	0.960737	0.960443
5690	0.946881	0.997714	0.997685	0.850727	0.960737	0.960443
5700	0.947013	0.997658	0.997628	0.850938	0.960737	0.960443
5710	0.947177	0.997770	0.997741	0.851105	0.960737	0.960443
5720	0.947284	0.997714	0.997684	0.851193	0.960737	0.960443
5730	0.947443	0.997714	0.997683	0.851382	0.960737	0.960443
5740	0.947601	0.997826	0.997794	0.851499	0.960737	0.960443
5750	0.947736	0.997826	0.997794	0.851563	0.960737	0.960443
5760	0.947878	0.997826	0.997794	0.851650	0.960737	0.960443
5770	0.947958	0.997826	0.997794	0.851686	0.960737	0.960443
5780	0.948156	0.997826	0.997794	0.851994	0.960737	0.960443
5790	0.948293	0.997826	0.997794	0.852154	0.961222	0.960891
5800	0.948432	0.997826	0.997794	0.852317	0.961222	0.960891
5810	0.948576	0.997826	0.997794	0.852438	0.961222	0.960891
5820	0.948747	0.997881	0.997852	0.852532	0.961222	0.960891
5830	0.948869	0.997826	0.997794	0.852625	0.960737	0.960407
5840	0.949017	0.997826	0.997794	0.852720	0.961222	0.960860
5850	0.949167	0.997937	0.997907	0.852865	0.961222	0.960860
5860	0.949285	0.997937	0.997907	0.853033	0.961222	0.960860
5870	0.949405	0.997993	0.997960	0.853184	0.961706	0.961344
5880	0.949574	0.997993	0.997960	0.853386	0.961706	0.961344
5890	0.949739	0.997993	0.997960	0.853545	0.961706	0.961374
5900	0.949873	0.997993	0.997960	0.853628	0.961706	0.961374
5910	0.950043	0.997993	0.997960	0.853863	0.961706	0.961374
5920	0.950147	0.997993	0.997960	0.853932	0.961222	0.960888
5930	0.950289	0.997993	0.997960	0.854070	0.961222	0.960857
5940	0.950401	0.997993	0.997960	0.854192	0.961222	0.960857
5950	0.950516	0.997993	0.997960	0.854252	0.961222	0.960857
5960	0.950676	0.998049	0.998018	0.854411	0.961222	0.960857
5970	0.950849	0.998049	0.998018	0.854538	0.961222	0.960888
5980	0.950981	0.998104	0.998074	0.854692	0.960737	0.960374
5990	0.951097	0.998160	0.998132	0.854815	0.960737	0.960374
6000	0.951198	0.998160	0.998132	0.854938	0.960737	0.960404
6010	0.951363	0.998327	0.998301	0.855069	0.960737	0.960404
6020	0.951485	0.998327	0.998301	0.855242	0.960737	0.960327
6030	0.951585	0.998383	0.998357	0.855277	0.960737	0.960404
6040	0.951743	0.998439	0.998414	0.855421	0.960737	0.960301
6050	0.951870	0.998495	0.998471	0.855548	0.961222	0.960856
6060	0.952004	0.998550	0.998528	0.855771	0.961222	0.960856
6070	0.952133	0.998606	0.998582	0.855877	0.961222	0.960830
6080	0.952236	0.998550	0.998524	0.855974	0.961222	0.960830
6090	0.952379	0.998606	0.998582	0.856106	0.961222	0.960833
6100	0.952517	0.998606	0.998582	0.856203	0.961222	0.960833
6110	0.952607	0.998606	0.998582	0.856276	0.961222	0.960833
6120	0.952738	0.998606	0.998582	0.856527	0.961706	0.961317
6130	0.952879	0.998662	0.998641	0.856615	0.961706	0.961317
6140	0.952976	0.998662	0.998640	0.856742	0.960737	0.960279
6150	0.953084	0.998606	0.998582	0.856799	0.961222	0.960830
6160	0.953206	0.998662	0.998638	0.856963	0.961222	0.960830
6170	0.953330	0.998606	0.998580	0.857096	0.961222	0.960830
6180	0.953458	0.998662	0.998638	0.857265	0.961222	0.960753
6190	0.953571	0.998662	0.998640	0.857402	0.961222	0.960753
6200	0.953676	0.998718	0.998696	0.857523	0.961222	0.960753
6210	0.953787	0.998718	0.998697	0.857665	0.961706	0.961265
6220	0.953912	0.998718	0.998697	0.857771	0.961706	0.961265
6230	0.954012	0.998718	0.998697	0.857894	0.961706	0.961265
6240	0.954127	0.998718	0.998697	0.858023	0.961222	0.960788
6250	0.954239	0.998718	0.998697	0.858094	0.961706	0.961291
6260	0.954376	0.998718	0.998697	0.858232	0.961706	0.961291
6270	0.954503	0.998718	0.998697	0.858433	0.961706	0.961265
6280	0.954606	0.998773	0.998753	0.858535	0.961706	0.961265
6290	0.954725	0.998773	0.998755	0.858708	0.961706	0.961265
6300	0.954819	0.998773	0.998755	0.858778	0.961706	0.961265
6310	0.954924	0.998773	0.998755	0.858918	0.961706	0.961265
6320	0.955083	0.998773	0.998755	0.859035	0.961706	0.961265
6330	0.955184	0.998773	0.998755	0.859146	0.961222	0.960778
6340	0.955317	0.998829	0.998812	0.859240	0.961222	0.960753
6350	0.955423	0.998829	0.998812	0.859382	0.961222	0.960857
6360	0.955549	0.998829	0.998812	0.859518	0.961222	0.960882
6370	0.955678	0.998829	0.998812	0.859644	0.961706	0.961335
6380	0.955780	0.998829	0.998812	0.859766	0.961706	0.961360
6390	0.955925	0.998829	0.998812	0.859916	0.962191	0.961847
6400	0.956031	0.998829	0.998812	0.860012	0.962191	0.961872
6410	0.956167	0.998829	0.998812	0.860197	0.961706	0.961421
6420	0.956283	0.998829	0.998812	0.860326	0.961706	0.961421
6430	0.956400	0.998829	0.998812	0.860524	0.962191	0.961905
6440	0.956519	0.998829	0.998812	0.860638	0.962191	0.961905
6450	0.956619	0.998885	0.998869	0.860742	0.962191	0.961905
6460	0.956693	0.998885	0.998869	0.860869	0.962676	0.962390
6470	0.956834	0.998885	0.998869	0.860996	0.962676	0.962390
6480	0.956928	0.998885	0.998869	0.861124	0.963160	0.962951
6490	0.957031	0.998885	0.998869	0.861242	0.963160	0.962951
6500	0.957132	0.998885	0.998869	0.861359	0.962676	0.962466
6510	0.957226	0.998885	0.998869	0.861438	0.963160	0.962977
6520	0.957318	0.998885	0.998869	0.861541	0.963160	0.962977
6530	0.957412	0.998885	0.998869	0.861630	0.963645	0.963461
6540	0.957525	0.998885	0.998869	0.861729	0.963645	0.963461
6550	0.957622	0.998885	0.998869	0.861823	0.963645	0.963461
6560	0.957759	0.998885	0.998869	0.861926	0.963645	0.963461
6570	0.957856	0.998885	0.998869	0.862071	0.963645	0.963461
6580	0.957957	0.998885	0.998869	0.862155	0.963645	0.963461
6590	0.958050	0.998941	0.998925	0.862327	0.963645	0.963461
6600	0.958142	0.998941	0.998925	0.862420	0.963645	0.963461
6610	0.958242	0.998941	0.998925	0.862496	0.964130	0.963948
6620	0.958310	0.998941	0.998925	0.862508	0.964130	0.963948
6630	0.958429	0.998941	0.998925	0.862616	0.964130	0.963948
6640	0.958504	0.998941	0.998925	0.862712	0.963645	0.963463
6650	0.958612	0.998941	0.998925	0.862832	0.963645	0.963463
6660	0.958681	0.998941	0.998925	0.862854	0.963645	0.963463
6670	0.958778	0.998941	0.998925	0.862969	0.963645	0.963463
6680	0.958908	0.998941	0.998925	0.863087	0.963645	0.963463
6690	0.959019	0.998941	0.998925	0.863221	0.963645	0.963471
6700	0.959090	0.998996	0.998981	0.863300	0.963645	0.963471
6710	0.959216	0.998996	0.998981	0.863472	0.963645	0.963471
6720	0.959316	0.998996	0.998981	0.863526	0.964130	0.963992
6730	0.959421	0.998996	0.998981	0.863635	0.963645	0.963471
6740	0.959518	0.998996	0.998981	0.863741	0.964130	0.963992
6750	0.959630	0.998996	0.998981	0.863819	0.964130	0.963992
6760	0.959702	0.998996	0.998981	0.863919	0.964130	0.963992
6770	0.959775	0.998996	0.998981	0.864012	0.964130	0.963992
6780	0.959859	0.998996	0.998981	0.864013	0.964130	0.963992
6790	0.959947	0.998996	0.998981	0.864104	0.964130	0.963992
6800	0.960034	0.998996	0.998981	0.864192	0.964130	0.963985
6810	0.960099	0.998996	0.998981	0.864310	0.964615	0.964469
6820	0.960185	0.998996	0.998981	0.864392	0.964615	0.964477
6830	0.960273	0.998996	0.998981	0.864497	0.964615	0.964477
6840	0.960354	0.998996	0.998981	0.864579	0.964615	0.964477
6850	0.960458	0.998996	0.998981	0.864666	0.964615	0.964477
6860	0.960519	0.998996	0.998981	0.864694	0.964615	0.964477
6870	0.960604	0.999052	0.999036	0.864748	0.964615	0.964477
6880	0.960690	0.999052	0.999036	0.864873	0.965099	0.964995
6890	0.960757	0.999052	0.999036	0.864961	0.965099	0.964982
6900	0.960849	0.999052	0.999036	0.865076	0.965099	0.964979
6910	0.960901	0.999052	0.999036	0.865177	0.965099	0.964982
6920	0.960977	0.999108	0.999093	0.865268	0.965099	0.964982
6930	0.961060	0.999108	0.999093	0.865396	0.965099	0.964982
6940	0.961142	0.999108	0.999093	0.865450	0.965099	0.964982
6950	0.961223	0.999108	0.999092	0.865561	0.965099	0.964982
6960	0.961297	0.999108	0.999092	0.865674	0.965099	0.964982
6970	0.961384	0.999108	0.999092	0.865791	0.965099	0.964982
6980	0.961477	0.999108	0.999092	0.865900	0.965099	0.964982
6990	0.961566	0.999108	0.999092	0.866018	0.965099	0.964982
7000	0.961656	0.999164	0.999149	0.866107	0.965099	0.964982
7010	0.961737	0.999164	0.999149	0.866208	0.965099	0.964982
7020	0.961836	0.999164	0.999149	0.866353	0.965099	0.964979
7030	0.961917	0.999164	0.999149	0.866457	0.965099	0.964982
7040	0.962004	0.999219	0.999207	0.866582	0.965584	0.965500
7050	0.962088	0.999219	0.999207	0.866685	0.965584	0.965500
7060	0.962193	0.999219	0.999207	0.866706	0.965584	0.965500
7070	0.962260	0.999219	0.999207	0.866776	0.965584	0.965500
7080	0.962345	0.999219	0.999207	0.866869	0.965099	0.964979
7090	0.962417	0.999219	0.999207	0.866961	0.965584	0.965497
7100	0.962500	0.999275	0.999263	0.867167	0.965584	0.965497
7110	0.962586	0.999219	0.999207	0.867314	0.965584	0.965497
7120	0.962664	0.999219	0.999207	0.867371	0.965584	0.965497
7130	0.962746	0.999219	0.999207	0.867476	0.965584	0.965497
7140	0.962819	0.999219	0.999207	0.867540	0.965584	0.965497
7150	0.962913	0.999275	0.999264	0.867665	0.965584	0.965497
7160	0.962987	0.999275	0.999264	0.867767	0.965584	0.965497
7170	0.963071	0.999275	0.999264	0.867768	0.965584	0.965497
7180	0.963140	0.999331	0.999320	0.867774	0.965584	0.965497
7190	0.963216	0.999331	0.999320	0.867864	0.965584	0.965497
7200	0.963286	0.999331	0.999320	0.867948	0.965584	0.965497
7210	0.963377	0.999331	0.999320	0.868088	0.965584	0.965497
7220	0.963448	0.999331	0.999320	0.868173	0.965584	0.965497
7230	0.963528	0.999331	0.999320	0.868241	0.965584	0.965497
7240	0.963607	0.999331	0.999320	0.868348	0.965584	0.965497
7250	0.963682	0.999331	0.999320	0.868424	0.965584	0.965497
7260	0.963757	0.999331	0.999320	0.868485	0.965584	0.965497
7270	0.963834	0.999331	0.999320	0.868543	0.965584	0.965497
7280	0.963898	0.999331	0.999321	0.868564	0.965099	0.965015
7290	0.963959	0.999331	0.999320	0.868611	0.965584	0.965497
7300	0.964017	0.999331	0.999320	0.868648	0.965099	0.965015
7310	0.964110	0.999387	0.999377	0.868787	0.965584	0.965497
7320	0.964176	0.999387	0.999377	0.868857	0.965584	0.965497
7330	0.964256	0.999387	0.999378	0.868882	0.965584	0.965497
7340	0.964328	0.999387	0.999378	0.868952	0.965584	0.965497
7350	0.964404	0.999387	0.999377	0.869022	0.965584	0.965497
7360	0.964465	0.999387	0.999378	0.869072	0.965584	0.965497
7370	0.964522	0.999387	0.999378	0.869182	0.965584	0.965497
7380	0.964596	0.999387	0.999378	0.869309	0.965584	0.965497
7390	0.964671	0.999387	0.999378	0.869368	0.966069	0.965929
7400	0.964736	0.999387	0.999378	0.869464	0.965584	0.965497
7410	0.964809	0.999387	0.999378	0.869539	0.966069	0.965929
7420	0.964871	0.999387	0.999379	0.869562	0.966069	0.965929
7430	0.964938	0.999387	0.999378	0.869626	0.966069	0.965929
7440	0.965010	0.999387	0.999378	0.869721	0.965584	0.965447
7450	0.965053	0.999387	0.999378	0.869734	0.966069	0.965929
7460	0.965125	0.999387	0.999378	0.869873	0.966069	0.965929
7470	0.965196	0.999387	0.999378	0.869982	0.966069	0.965929
7480	0.965278	0.999387	0.999378	0.870066	0.966069	0.965929
7490	0.965353	0.999387	0.999378	0.870200	0.966069	0.965929
7500	0.965406	0.999387	0.999378	0.870232	0.966069	0.965929
7510	0.965473	0.999387	0.999378	0.870284	0.966069	0.965929
7520	0.965526	0.999387	0.999378	0.870325	0.966069	0.965929
7530	0.965585	0.999387	0.999378	0.870354	0.966069	0.965929
7540	0.965664	0.999387	0.999378	0.870478	0.966069	0.965929
7550	0.965720	0.999387	0.999378	0.870551	0.966069	0.965929
7560	0.965800	0.999387	0.999378	0.870649	0.966069	0.965929
7570	0.965889	0.999387	0.999378	0.870725	0.966069	0.965929
7580	0.965983	0.999387	0.999378	0.870832	0.966069	0.965929
7590	0.966050	0.999387	0.999378	0.870940	0.966069	0.965929
7600	0.966124	0.999387	0.999378	0.871051	0.966069	0.965929
7610	0.966179	0.999387	0.999378	0.871082	0.966069	0.965929
7620	0.966265	0.999387	0.999378	0.871153	0.966069	0.965929
7630	0.966329	0.999387	0.999378	0.871236	0.966069	0.965929
7640	0.966399	0.999387	0.999378	0.871297	0.966069	0.965929
7650	0.966450	0.999387	0.999378	0.871359	0.966069	0.965929
7660	0.966523	0.999387	0.999378	0.871437	0.966069	0.965929
7670	0.966584	0.999387	0.999378	0.871511	0.966069	0.965929
7680	0.966649	0.999387	0.999378	0.871640	0.966069	0.965929
7690	0.966714	0.999387	0.999378	0.871815	0.966069	0.965929
7700	0.966783	0.999387	0.999378	0.871931	0.966554	0.966418
7710	0.966872	0.999387	0.999378	0.871992	0.966554	0.966418
7720	0.966942	0.999387	0.999378	0.872091	0.967038	0.966929
7730	0.966999	0.999387	0.999378	0.872170	0.967038	0.966929
7740	0.967076	0.999387	0.999376	0.872190	0.967038	0.966929
7750	0.967130	0.999387	0.999376	0.872277	0.967038	0.966929
7760	0.967178	0.999387	0.999376	0.872330	0.966554	0.966418
7770	0.967244	0.999387	0.999376	0.872392	0.966554	0.966418
7780	0.967307	0.999387	0.999376	0.872482	0.966554	0.966418
7790	0.967393	0.999442	0.999432	0.872610	0.966554	0.966418
7800	0.967455	0.999387	0.999376	0.872595	0.966554	0.966418
7810	0.967527	0.999498	0.999486	0.872664	0.966554	0.966418
7820	0.967593	0.999498	0.999486	0.872726	0.966554	0.966418
7830	0.967650	0.999498	0.999486	0.872761	0.966554	0.966418
7840	0.967712	0.999498	0.999487	0.872849	0.966554	0.966418
7850	0.967788	0.999498	0.999487	0.872909	0.966554	0.966368
7860	0.967867	0.999498	0.999487	0.872976	0.966554	0.966368
7870	0.967928	0.999498	0.999487	0.872963	0.966554	0.966368
7880	0.967994	0.999498	0.999487	0.873023	0.967038	0.966870
7890	0.968065	0.999498	0.999487	0.873145	0.967038	0.966870
7900	0.968130	0.999498	0.999487	0.873257	0.967038	0.966870
7910	0.968205	0.999498	0.999487	0.873356	0.967523	0.967381
7920	0.968253	0.999498	0.999487	0.873425	0.968008	0.967857
7930	0.968298	0.999498	0.999487	0.873457	0.968008	0.967857
7940	0.968360	0.999498	0.999488	0.873519	0.968008	0.967857
7950	0.968427	0.999498	0.999488	0.873624	0.968008	0.967857
7960	0.968513	0.999498	0.999488	0.873731	0.968008	0.967857
7970	0.968558	0.999498	0.999488	0.873789	0.968008	0.967857
7980	0.968607	0.999498	0.999488	0.873813	0.968008	0.967857
7990	0.968661	0.999498	0.999488	0.873897	0.968008	0.967903
8000	0.968710	0.999498	0.999488	0.873949	0.968008	0.967903
8010	0.968770	0.999554	0.999545	0.873973	0.968008	0.967903
8020	0.968820	0.999554	0.999545	0.874101	0.968008	0.967903
8030	0.968870	0.999554	0.999545	0.874139	0.968008	0.967903
8040	0.968927	0.999554	0.999545	0.874225	0.968008	0.967903
8050	0.968967	0.999554	0.999545	0.874290	0.968008	0.967903
8060	0.969013	0.999554	0.999545	0.874369	0.968008	0.967903
8070	0.969082	0.999554	0.999545	0.874452	0.968008	0.967903
8080	0.969134	0.999498	0.999489	0.874503	0.968008	0.967903
8090	0.969195	0.999498	0.999489	0.874577	0.968008	0.967903
8100	0.969255	0.999498	0.999489	0.874590	0.968008	0.967903
8110	0.969317	0.999498	0.999489	0.874667	0.968008	0.967903
8120	0.969396	0.999498	0.999489	0.874735	0.968008	0.967903
8130	0.969446	0.999498	0.999489	0.874791	0.968008	0.967903
8140	0.969498	0.999498	0.999489	0.874842	0.968008	0.967903
8150	0.969581	0.999498	0.999489	0.874920	0.968008	0.967903
8160	0.969635	0.999498	0.999489	0.874997	0.968008	0.967903
8170	0.969684	0.999498	0.999489	0.875086	0.968008	0.967903
8180	0.969752	0.999498	0.999489	0.875145	0.968008	0.967903
8190	0.969800	0.999498	0.999489	0.875256	0.968008	0.967903
8200	0.969863	0.999498	0.999489	0.875355	0.968008	0.967903
8210	0.969921	0.999498	0.999489	0.875404	0.968008	0.967903
8220	0.969990	0.999498	0.999489	0.875486	0.968008	0.967903
8230	0.970051	0.999498	0.999489	0.875486	0.968008	0.967903
8240	0.970116	0.999498	0.999489	0.875520	0.968008	0.967903
8250	0.970162	0.999554	0.999545	0.875557	0.968008	0.967903
8260	0.970206	0.999498	0.999489	0.875587	0.968008	0.967903
8270	0.970264	0.999610	0.999603	0.875651	0.968008	0.967903
8280	0.970321	0.999554	0.999547	0.875659	0.968008	0.967903
8290	0.970377	0.999610	0.999603	0.875738	0.967523	0.967409
8300	0.970446	0.999610	0.999603	0.875846	0.967523	0.967409
8310	0.970527	0.999610	0.999603	0.875945	0.967523	0.967409
8320	0.970581	0.999665	0.999661	0.876038	0.967523	0.967409
8330	0.970632	0.999665	0.999661	0.876119	0.967523	0.967409
8340	0.970693	0.999665	0.999661	0.876195	0.967523	0.967409
8350	0.970739	0.999665	0.999661	0.876218	0.967523	0.967409
8360	0.970787	0.999665	0.999661	0.876267	0.968008	0.967903
8370	0.970845	0.999665	0.999661	0.876390	0.968008	0.967903
8380	0.970898	0.999665	0.999661	0.876472	0.968008	0.967903
8390	0.970950	0.999665	0.999661	0.876542	0.968008	0.967903
8400	0.971007	0.999665	0.999661	0.876621	0.968008	0.967903
8410	0.971064	0.999665	0.999661	0.876677	0.968008	0.967903
8420	0.971136	0.999665	0.999661	0.876750	0.968008	0.967903
8430	0.971178	0.999665	0.999659	0.876770	0.967523	0.967409
8440	0.971238	0.999721	0.999717	0.876821	0.967523	0.967409
8450	0.971290	0.999721	0.999717	0.876856	0.968008	0.967932
8460	0.971335	0.999665	0.999659	0.876912	0.968008	0.967932
8470	0.971380	0.999665	0.999659	0.876922	0.968008	0.967932
8480	0.971440	0.999721	0.999717	0.876977	0.968008	0.967932
8490	0.971490	0.999721	0.999717	0.877073	0.968008	0.967932
8500	0.971532	0.999721	0.999717	0.877131	0.968008	0.967932
8510	0.971581	0.999721	0.999717	0.877228	0.968008	0.967932
8520	0.971623	0.999777	0.999773	0.877270	0.968008	0.967932
8530	0.971678	0.999777	0.999773	0.877366	0.968008	0.967932
8540	0.971724	0.999777	0.999773	0.877421	0.968008	0.967932
8550	0.971774	0.999777	0.999773	0.877568	0.968008	0.967932
8560	0.971821	0.999833	0.999830	0.877649	0.968008	0.967932
8570	0.971857	0.999777	0.999774	0.877653	0.968008	0.967932
8580	0.971901	0.999777	0.999774	0.877725	0.968008	0.967932
8590	0.971950	0.999833	0.999830	0.877718	0.968008	0.967932
8600	0.972003	0.999833	0.999830	0.877825	0.968008	0.967932
8610	0.972043	0.999833	0.999830	0.877859	0.968492	0.968425
8620	0.972089	0.999833	0.999830	0.877916	0.968008	0.967932
8630	0.972135	0.999833	0.999830	0.877960	0.968008	0.967932
8640	0.972182	0.999833	0.999830	0.878058	0.968008	0.967932
8650	0.972217	0.999888	0.999886	0.878116	0.968008	0.967932
8660	0.972246	0.999888	0.999886	0.878163	0.968008	0.967932
8670	0.972295	0.999888	0.999886	0.878208	0.968008	0.967932
8680	0.972341	0.999888	0.999886	0.878236	0.968008	0.967932
8690	0.972378	0.999888	0.999886	0.878289	0.968008	0.967932
8700	0.972406	0.999888	0.999886	0.878319	0.968008	0.967932
8710	0.972458	0.999888	0.999886	0.878371	0.968008	0.967932
8720	0.972508	0.999888	0.999886	0.878428	0.968008	0.967932
8730	0.972558	0.999888	0.999886	0.878522	0.968008	0.967932
8740	0.972598	0.999888	0.999886	0.878519	0.968008	0.967932
8750	0.972659	0.999888	0.999886	0.878635	0.968008	0.967932
8760	0.972702	0.999888	0.999886	0.878682	0.968008	0.967932
8770	0.972742	0.999888	0.999886	0.878726	0.968492	0.968345
8780	0.972793	0.999888	0.999886	0.878774	0.968492	0.968345
8790	0.972874	0.999888	0.999886	0.878860	0.968492	0.968345
8800	0.972928	0.999888	0.999886	0.879004	0.968977	0.968786
8810	0.972974	0.999888	0.999886	0.879095	0.968977	0.968786
8820	0.973036	0.999888	0.999886	0.879140	0.968977	0.968786
8830	0.973071	0.999888	0.999886	0.879178	0.968977	0.968786
8840	0.973116	0.999888	0.999886	0.879222	0.969462	0.969276
8850	0.973165	0.999888	0.999886	0.879274	0.969462	0.969276
8860	0.973196	0.999888	0.999886	0.879284	0.969462	0.969276
8870	0.973240	0.999888	0.999886	0.879348	0.968977	0.968786
8880	0.973276	0.999888	0.999886	0.879376	0.968977	0.968786
8890	0.973310	0.999888	0.999886	0.879430	0.968977	0.968786
8900	0.973342	0.999888	0.999886	0.879446	0.968977	0.968786
8910	0.973385	0.999888	0.999886	0.879527	0.968977	0.968786
8920	0.973425	0.999888	0.999886	0.879569	0.969462	0.969276
8930	0.973463	0.999888	0.999886	0.879614	0.968977	0.968786
8940	0.973512	0.999888	0.999886	0.879660	0.969462	0.969276
8950	0.973559	0.999888	0.999886	0.879737	0.969462	0.969276
8960	0.973608	0.999888	0.999886	0.879829	0.969462	0.969307
8970	0.973645	0.999888	0.999886	0.879896	0.969462	0.969307
8980	0.973681	0.999888	0.999886	0.879910	0.969462	0.969307
8990	0.973731	0.999888	0.999886	0.879942	0.969947	0.969796
9000	0.973779	0.999888	0.999886	0.880009	0.969947	0.969796
9010	0.973814	0.999888	0.999886	0.880033	0.969947	0.969796
9020	0.973859	0.999888	0.999886	0.880067	0.969947	0.969796
9030	0.973911	0.999888	0.999886	0.880107	0.969947	0.969796
9040	0.973950	0.999888	0.999886	0.880156	0.969947	0.969796
9050	0.973992	0.999888	0.999886	0.880179	0.969947	0.969796
9060	0.974038	0.999888	0.999886	0.880233	0.969947	0.969796
9070	0.974078	0.999888	0.999886	0.880267	0.969947	0.969796
9080	0.974106	0.999888	0.999886	0.880305	0.969947	0.969796
9090	0.974147	0.999888	0.999886	0.880376	0.969947	0.969796
9100	0.974200	0.999888	0.999886	0.880455	0.969947	0.969796
