10	0.072433	0.416070	0.419926	0.070244	0.399192	0.392872
20	0.116836	0.634316	0.641228	0.113377	0.625568	0.635008
30	0.157077	0.673215	0.677058	0.155666	0.671046	0.674426
40	0.185613	0.707563	0.711249	0.182162	0.693279	0.697637
50	0.212236	0.726985	0.728313	0.206564	0.703386	0.706840
60	0.238666	0.745186	0.745204	0.229993	0.729156	0.730344
70	0.261810	0.758559	0.758031	0.250040	0.738252	0.739854
80	0.283109	0.769158	0.768316	0.268565	0.745326	0.747242
90	0.306617	0.778592	0.775947	0.289001	0.757453	0.756340
100	0.322923	0.789634	0.784446	0.302363	0.764022	0.761604
110	0.340673	0.796127	0.790701	0.316999	0.767054	0.764964
120	0.355611	0.804894	0.799300	0.328915	0.773118	0.770571
130	0.371080	0.813218	0.806737	0.341343	0.784234	0.779725
140	0.382635	0.818323	0.811466	0.349868	0.785245	0.781103
150	0.393944	0.822818	0.815036	0.359172	0.789793	0.785665
160	0.405582	0.829199	0.820813	0.368390	0.795856	0.790774
170	0.417978	0.834138	0.825363	0.378553	0.800404	0.794502
180	0.428833	0.837745	0.828640	0.388137	0.804447	0.798225
190	0.440732	0.842517	0.832470	0.398740	0.809500	0.801290
200	0.449251	0.845070	0.834668	0.405490	0.812026	0.804316
210	0.460976	0.850008	0.838748	0.416142	0.815563	0.807104
220	0.469385	0.852783	0.841166	0.422794	0.818595	0.809612
230	0.475899	0.855391	0.843273	0.428014	0.818090	0.809686
240	0.482115	0.858554	0.846183	0.432836	0.824154	0.814326
250	0.488099	0.860607	0.847984	0.438026	0.825670	0.816055
260	0.497279	0.866101	0.852904	0.444336	0.831228	0.820444
270	0.505190	0.870096	0.856582	0.450942	0.831228	0.820744
280	0.513197	0.873093	0.859321	0.457344	0.835270	0.824566
290	0.521187	0.875645	0.861499	0.463403	0.834260	0.823447
300	0.528067	0.876921	0.862584	0.469395	0.836281	0.824812
310	0.534367	0.880029	0.865525	0.474173	0.840829	0.829340
320	0.540777	0.881749	0.867222	0.479243	0.843355	0.832023
330	0.547749	0.884302	0.869491	0.484917	0.844871	0.833407
340	0.553109	0.886521	0.871522	0.489370	0.847903	0.835811
350	0.558012	0.887798	0.872691	0.492788	0.849924	0.837766
360	0.564181	0.889740	0.874392	0.497557	0.852956	0.840201
370	0.569565	0.891682	0.876169	0.501820	0.854472	0.841948
380	0.573984	0.893624	0.877960	0.505186	0.854472	0.841650
390	0.579991	0.895511	0.879644	0.509444	0.858514	0.844836
400	0.585097	0.898230	0.882109	0.514307	0.858009	0.844614
410	0.590256	0.899506	0.883267	0.518723	0.860030	0.846490
420	0.595319	0.900616	0.884205	0.522242	0.860030	0.846893
430	0.599837	0.902336	0.885897	0.525846	0.860030	0.846790
440	0.604969	0.904334	0.887827	0.528664	0.862052	0.849015
450	0.609773	0.905777	0.889234	0.532668	0.862052	0.848544
460	0.613757	0.906498	0.889847	0.535766	0.864578	0.851396
470	0.617569	0.907663	0.890996	0.538282	0.865083	0.851921
480	0.620960	0.909106	0.892404	0.540765	0.866094	0.852809
490	0.624910	0.910382	0.893377	0.543532	0.867105	0.853069
500	0.628329	0.910549	0.893521	0.547197	0.868115	0.853675
510	0.632225	0.911270	0.894228	0.550627	0.867610	0.853208
520	0.635689	0.912713	0.895549	0.553395	0.869126	0.854645
530	0.638877	0.913767	0.896521	0.555189	0.869126	0.854665
540	0.642198	0.915266	0.897966	0.557566	0.868621	0.854313
550	0.645283	0.915987	0.898564	0.559876	0.869126	0.854699
560	0.648150	0.917041	0.899608	0.561926	0.869126	0.854755
570	0.651963	0.917763	0.900264	0.565241	0.870642	0.855628
580	0.654352	0.918539	0.901010	0.567091	0.869631	0.854687
590	0.657100	0.919705	0.902079	0.569661	0.872158	0.857197
600	0.660188	0.920926	0.903196	0.571835	0.872158	0.857038
610	0.662556	0.921370	0.903624	0.573853	0.873674	0.858355
620	0.665367	0.922202	0.904454	0.576711	0.877211	0.861624
630	0.668793	0.922868	0.905139	0.578815	0.877716	0.862389
640	0.672136	0.924089	0.906277	0.582077	0.880748	0.865128
650	0.674353	0.924643	0.906822	0.584014	0.881758	0.865968
660	0.676840	0.925476	0.907564	0.585668	0.885296	0.869207
670	0.679309	0.926142	0.908090	0.588014	0.885296	0.869274
680	0.682071	0.927196	0.909098	0.590380	0.885296	0.869347
690	0.684484	0.927640	0.909532	0.592242	0.885801	0.869715
700	0.687092	0.928528	0.910310	0.594585	0.886306	0.870251
710	0.689466	0.929083	0.910826	0.596570	0.885801	0.869634
720	0.691960	0.929804	0.911541	0.597876	0.886812	0.870676
730	0.693923	0.930137	0.911873	0.599648	0.887317	0.871284
740	0.696095	0.930803	0.912507	0.601780	0.887822	0.871920
750	0.697641	0.931358	0.913055	0.603100	0.888327	0.872343
760	0.699707	0.931358	0.913076	0.604642	0.889843	0.873694
770	0.701534	0.932024	0.913676	0.606175	0.889338	0.873440
780	0.703816	0.932634	0.914239	0.607985	0.888833	0.872940
790	0.705927	0.933744	0.915297	0.609564	0.889843	0.873727
800	0.707830	0.934021	0.915574	0.610998	0.890854	0.874963
810	0.709695	0.934576	0.916084	0.612533	0.890349	0.874318
820	0.711807	0.934909	0.916428	0.614097	0.890349	0.874276
830	0.713195	0.935409	0.916892	0.615661	0.891359	0.875071
840	0.714882	0.935964	0.917433	0.617352	0.891865	0.875795
850	0.716326	0.936408	0.917894	0.618600	0.892370	0.876158
860	0.717910	0.937018	0.918446	0.620434	0.892875	0.876647
870	0.719836	0.937739	0.919145	0.622226	0.893380	0.877095
880	0.721316	0.938128	0.919530	0.623433	0.893380	0.877194
890	0.722875	0.938461	0.919877	0.625137	0.892370	0.876132
900	0.724755	0.938960	0.920358	0.626832	0.893886	0.877580
910	0.726263	0.939349	0.920750	0.627937	0.895402	0.878863
920	0.727711	0.939626	0.921004	0.629177	0.895907	0.879343
930	0.728678	0.939848	0.921157	0.630092	0.895907	0.879336
940	0.730159	0.940014	0.921305	0.630759	0.894896	0.878446
950	0.731484	0.940403	0.921678	0.632012	0.894391	0.877954
960	0.732906	0.940569	0.921820	0.633163	0.894896	0.878398
970	0.734714	0.941291	0.922486	0.634599	0.894896	0.878245
980	0.735979	0.941402	0.922609	0.635861	0.893886	0.877364
990	0.737202	0.941568	0.922774	0.637073	0.895402	0.878717
1000	0.738707	0.941679	0.922895	0.638566	0.894896	0.878246
1010	0.740002	0.941901	0.923114	0.639560	0.894896	0.878148
1020	0.741396	0.942456	0.923605	0.641086	0.895402	0.878699
1030	0.742882	0.942955	0.924100	0.642582	0.896412	0.879706
1040	0.744497	0.943510	0.924633	0.643641	0.896918	0.880154
1050	0.745993	0.943788	0.924902	0.644579	0.897423	0.880572
1060	0.747297	0.943954	0.925046	0.645693	0.897423	0.880572
1070	0.748297	0.944343	0.925413	0.646712	0.896918	0.880040
1080	0.749527	0.944731	0.925783	0.647857	0.896918	0.879982
1090	0.750961	0.945009	0.926060	0.649034	0.896918	0.879929
1100	0.752188	0.945342	0.926360	0.650047	0.896918	0.879988
1110	0.753337	0.945508	0.926532	0.651031	0.897423	0.880527
1120	0.754339	0.945841	0.926813	0.652153	0.897423	0.880448
1130	0.755370	0.946007	0.926940	0.652881	0.898434	0.881401
1140	0.756101	0.946618	0.927546	0.653601	0.898434	0.881485
1150	0.757366	0.946729	0.927662	0.654599	0.898434	0.881488
1160	0.758763	0.947173	0.928109	0.655660	0.898434	0.881488
1170	0.759747	0.947395	0.928277	0.656618	0.899444	0.882296
1180	0.760785	0.947783	0.928664	0.657151	0.899444	0.882234
1190	0.761978	0.947894	0.928709	0.657914	0.900960	0.883726
1200	0.763079	0.948116	0.928938	0.659051	0.900960	0.883839
1210	0.763858	0.948116	0.928943	0.659741	0.900960	0.883839
1220	0.764896	0.948283	0.929136	0.660442	0.899949	0.882841
1230	0.765886	0.948394	0.929268	0.661190	0.900455	0.883181
1240	0.766862	0.948782	0.929602	0.662021	0.900455	0.883407
1250	0.768017	0.949170	0.929995	0.662878	0.901465	0.884255
1260	0.768901	0.949614	0.930403	0.663565	0.900960	0.883803
1270	0.769926	0.949614	0.930393	0.664876	0.901465	0.884221
1280	0.770983	0.949781	0.930562	0.665630	0.901465	0.884330
1290	0.772041	0.949781	0.930582	0.666596	0.901465	0.884312
1300	0.772980	0.949947	0.930767	0.667453	0.901465	0.884238
1310	0.773746	0.950003	0.930775	0.668154	0.901971	0.884736
1320	0.774837	0.950280	0.931030	0.669321	0.901971	0.884797
1330	0.775993	0.950391	0.931156	0.670250	0.901971	0.884809
1340	0.776869	0.950946	0.951200	0.671049	0.903487	0.886006
1350	0.777907	0.951279	0.951539	0.672269	0.903487	0.886013
1360	0.778865	0.951667	0.951931	0.673086	0.903992	0.905995
1370	0.780006	0.952056	0.952307	0.674399	0.903992	0.906003
1380	0.780759	0.952389	0.952608	0.675187	0.904497	0.906397
1390	0.781719	0.953166	0.953362	0.676452	0.905508	0.907566
1400	0.783037	0.956939	0.957033	0.677546	0.910056	0.911543
1410	0.784019	0.957494	0.957591	0.678242	0.910561	0.912155
1420	0.785269	0.959159	0.959237	0.679373	0.913593	0.915059
1430	0.786400	0.961378	0.961453	0.680398	0.914603	0.915865
1440	0.787348	0.961933	0.962005	0.681268	0.914603	0.916036
1450	0.788412	0.963043	0.963109	0.682272	0.915614	0.917063
1460	0.789627	0.964486	0.964536	0.683506	0.916119	0.917604
1470	0.790925	0.966206	0.966270	0.684746	0.918140	0.919518
1480	0.792181	0.966484	0.966515	0.686004	0.917130	0.918352
1490	0.793355	0.966872	0.966894	0.687100	0.918646	0.919895
1500	0.794387	0.967649	0.967680	0.687986	0.919656	0.920843
1510	0.795633	0.968204	0.968236	0.688981	0.920162	0.921299
1520	0.796843	0.968592	0.968617	0.690268	0.920667	0.921790
1530	0.798175	0.969536	0.969563	0.691570	0.922183	0.923379
1540	0.799184	0.970090	0.970097	0.692418	0.923194	0.924288
1550	0.800179	0.970312	0.970314	0.693316	0.923194	0.924233
1560	0.801310	0.970645	0.970658	0.694179	0.923699	0.924797
1570	0.802227	0.971256	0.971262	0.695067	0.923699	0.924778
1580	0.803259	0.971533	0.971513	0.696009	0.924709	0.925735
1590	0.804139	0.971866	0.971841	0.696837	0.923699	0.924726
1600	0.804901	0.972033	0.972012	0.697442	0.924204	0.925217
1610	0.806008	0.972255	0.972228	0.698664	0.925215	0.926310
1620	0.806977	0.972532	0.972498	0.699358	0.924204	0.925173
1630	0.807855	0.972643	0.972606	0.700025	0.925215	0.926182
1640	0.808894	0.972920	0.972864	0.700997	0.925215	0.926217
1650	0.809838	0.972920	0.972867	0.701876	0.925215	0.926210
1660	0.810512	0.972865	0.972809	0.702552	0.925720	0.926711
1670	0.811249	0.973531	0.973451	0.703094	0.926225	0.926998
1680	0.812542	0.974141	0.974057	0.704275	0.928247	0.928953
1690	0.813198	0.974197	0.974126	0.704820	0.927741	0.928438
1700	0.813965	0.974252	0.974175	0.705680	0.927741	0.928438
1710	0.814821	0.974807	0.974714	0.706292	0.928752	0.929361
1720	0.815654	0.974974	0.974882	0.707089	0.929257	0.929890
1730	0.816554	0.975362	0.975266	0.707966	0.929763	0.930420
1740	0.817731	0.975695	0.975592	0.708922	0.930268	0.930992
1750	0.818663	0.976139	0.976037	0.709691	0.930773	0.931391
1760	0.819420	0.976250	0.976145	0.710330	0.931278	0.931881
1770	0.820231	0.976250	0.976140	0.710929	0.931784	0.932381
1780	0.821012	0.976305	0.976199	0.711701	0.932289	0.932952
1790	0.821616	0.976583	0.976477	0.712162	0.931784	0.932440
1800	0.822407	0.976916	0.976803	0.713194	0.931784	0.932407
1810	0.823128	0.976971	0.976858	0.713748	0.931784	0.932407
1820	0.823950	0.977193	0.977087	0.714616	0.932289	0.932904
1830	0.824533	0.977304	0.977207	0.715184	0.932289	0.932866
1840	0.825378	0.977415	0.977320	0.716105	0.932289	0.932866
1850	0.826121	0.977637	0.977546	0.716743	0.931784	0.932370
1860	0.827288	0.978137	0.978040	0.717805	0.932289	0.932852
1870	0.828193	0.978248	0.978153	0.718856	0.932289	0.932817
1880	0.829013	0.978470	0.978373	0.719803	0.931784	0.932333
1890	0.829760	0.978525	0.978428	0.720470	0.932289	0.932780
1900	0.830514	0.978581	0.978485	0.721272	0.932794	0.933348
1910	0.831214	0.978858	0.978757	0.721943	0.932794	0.933306
1920	0.831997	0.978858	0.978752	0.722655	0.933300	0.933787
1930	0.832757	0.978969	0.978870	0.723266	0.932794	0.933208
1940	0.833315	0.979080	0.978986	0.723855	0.932289	0.932723
1950	0.834001	0.979246	0.979152	0.724462	0.931784	0.932283
1960	0.834642	0.979357	0.979256	0.725019	0.932794	0.933220
1970	0.835396	0.979579	0.979472	0.725437	0.932794	0.933218
1980	0.836041	0.979579	0.979472	0.725904	0.933300	0.933709
1990	0.836576	0.979690	0.979583	0.726435	0.933300	0.933667
2000	0.837242	0.979801	0.979689	0.727050	0.933300	0.933543
2010	0.837943	0.979857	0.979751	0.727710	0.933805	0.934233
2020	0.838572	0.980245	0.980144	0.728083	0.934816	0.935205
2030	0.839167	0.980467	0.980358	0.728586	0.935321	0.935488
2040	0.839838	0.980523	0.980417	0.729184	0.934816	0.935047
2050	0.840487	0.980911	0.980803	0.729828	0.935321	0.935488
2060	0.841066	0.980800	0.980690	0.730269	0.934310	0.934512
2070	0.841693	0.980911	0.980803	0.730882	0.934816	0.935004
2080	0.842252	0.981133	0.981018	0.731359	0.934816	0.935053
2090	0.843022	0.981244	0.981133	0.732135	0.934816	0.934989
2100	0.843602	0.981411	0.981296	0.732628	0.934816	0.935038
2110	0.844052	0.981466	0.981351	0.732851	0.934816	0.935038
2120	0.844535	0.981411	0.981299	0.733312	0.934816	0.934981
2130	0.845199	0.981633	0.981523	0.733850	0.934816	0.934981
2140	0.845718	0.981744	0.981636	0.734368	0.935321	0.935482
2150	0.846345	0.981799	0.981693	0.734920	0.935321	0.935563
2160	0.846856	0.981855	0.981746	0.735410	0.936331	0.936587
2170	0.847491	0.981855	0.981746	0.735834	0.936331	0.936587
2180	0.847967	0.982076	0.981969	0.736234	0.936331	0.936587
2190	0.848551	0.982132	0.982025	0.736789	0.936331	0.936587
2200	0.849086	0.982243	0.982140	0.737259	0.936331	0.936587
2210	0.849695	0.982298	0.982195	0.737777	0.936837	0.937105
2220	0.850298	0.982354	0.982247	0.738417	0.936837	0.937105
2230	0.850709	0.982354	0.982248	0.738756	0.936837	0.937105
2240	0.851285	0.982576	0.982469	0.739315	0.936837	0.937008
2250	0.851866	0.982687	0.982584	0.739913	0.938353	0.938597
2260	0.852715	0.982964	0.982861	0.740643	0.938353	0.938597
2270	0.853321	0.983020	0.982919	0.741003	0.937847	0.938096
2280	0.853890	0.983519	0.983420	0.741489	0.937847	0.938096
2290	0.854314	0.983575	0.983470	0.741879	0.937342	0.937604
2300	0.854917	0.983686	0.983582	0.742399	0.936837	0.937085
2310	0.855519	0.983797	0.983695	0.742906	0.936837	0.937085
2320	0.856042	0.983963	0.983866	0.743499	0.936837	0.937085
2330	0.856438	0.984019	0.983921	0.743820	0.936837	0.937085
2340	0.856958	0.984074	0.983979	0.744496	0.937847	0.938105
2350	0.857399	0.984074	0.983976	0.744962	0.938353	0.938550
2360	0.857822	0.984185	0.984086	0.745296	0.938353	0.938550
2370	0.858197	0.984185	0.984090	0.745647	0.938353	0.938550
2380	0.858591	0.984241	0.984148	0.745993	0.938353	0.938550
2390	0.858933	0.984352	0.984254	0.746217	0.938353	0.938550
2400	0.859493	0.984463	0.984368	0.746661	0.938858	0.938992
2410	0.860076	0.984463	0.984368	0.747312	0.938858	0.938992
2420	0.860610	0.984518	0.984419	0.747808	0.937847	0.938084
2430	0.861052	0.984518	0.984419	0.748190	0.938353	0.938606
2440	0.861637	0.984574	0.984471	0.748924	0.938353	0.938557
2450	0.862110	0.984629	0.984531	0.749427	0.938858	0.939125
2460	0.862504	0.984740	0.984640	0.749751	0.938858	0.939125
2470	0.862965	0.984740	0.984638	0.750094	0.939363	0.939711
2480	0.863292	0.984796	0.984690	0.750379	0.939363	0.939711
2490	0.863735	0.984851	0.984746	0.750778	0.939363	0.939711
2500	0.864240	0.984851	0.984742	0.751221	0.939363	0.939711
2510	0.864867	0.984851	0.984742	0.751885	0.939869	0.940245
2520	0.865275	0.984851	0.984747	0.752304	0.939363	0.939578
2530	0.865790	0.984962	0.984857	0.752799	0.939363	0.939664
2540	0.866286	0.984962	0.984860	0.753217	0.939363	0.939578
2550	0.866661	0.985017	0.984917	0.753456	0.939363	0.939664
2560	0.867078	0.985017	0.984916	0.753765	0.939363	0.939578
2570	0.867606	0.985184	0.985082	0.754019	0.939363	0.939664
2580	0.868141	0.985239	0.985136	0.754505	0.939363	0.939599
2590	0.868560	0.985184	0.985081	0.754823	0.939363	0.939599
2600	0.869019	0.985350	0.985247	0.755273	0.939869	0.940090
2610	0.869372	0.985572	0.985466	0.755561	0.940879	0.941167
2620	0.869783	0.985572	0.985464	0.755925	0.940879	0.941167
2630	0.870289	0.985572	0.985466	0.756394	0.941385	0.941687
2640	0.870712	0.985572	0.985463	0.756851	0.941385	0.941687
2650	0.871110	0.985683	0.985572	0.757227	0.941385	0.941687
2660	0.871608	0.985905	0.985791	0.757591	0.941385	0.941618
2670	0.871959	0.985961	0.985849	0.757919	0.941385	0.941618
2680	0.872342	0.985850	0.985739	0.758218	0.940879	0.941122
2690	0.872830	0.985961	0.985848	0.758766	0.941385	0.941629
2700	0.873162	0.985905	0.985793	0.759227	0.941385	0.941629
2710	0.873608	0.985961	0.985848	0.759652	0.941890	0.942206
2720	0.873941	0.986016	0.985906	0.759910	0.941890	0.942206
2730	0.874342	0.986016	0.985906	0.760230	0.941890	0.942206
2740	0.874827	0.986127	0.986016	0.760735	0.941385	0.941715
2750	0.875296	0.986127	0.986011	0.761287	0.941385	0.941715
2760	0.875747	0.986349	0.986228	0.761543	0.941385	0.941694
2770	0.876183	0.986516	0.986399	0.762086	0.940879	0.941193
2780	0.876596	0.986571	0.986454	0.762530	0.941385	0.941694
2790	0.877060	0.986793	0.986679	0.763017	0.941890	0.942255
2800	0.877407	0.986849	0.986734	0.763448	0.941890	0.942255
2810	0.877754	0.986738	0.986619	0.763694	0.942395	0.942740
2820	0.878179	0.986849	0.986727	0.763956	0.942395	0.942740
2830	0.878530	0.986904	0.986780	0.764219	0.942395	0.942740
2840	0.878959	0.986793	0.986671	0.764627	0.942395	0.942740
2850	0.879263	0.986960	0.986838	0.764887	0.942395	0.942740
2860	0.879668	0.987126	0.987008	0.765190	0.942395	0.942718
2870	0.880062	0.987182	0.987067	0.765549	0.942395	0.942740
2880	0.880396	0.987293	0.987183	0.765815	0.941890	0.942237
2890	0.880761	0.987237	0.987122	0.766219	0.941385	0.941709
2900	0.881136	0.987404	0.987294	0.766451	0.940879	0.941232
2910	0.881616	0.987626	0.987515	0.766926	0.940879	0.941232
2920	0.881918	0.987626	0.987516	0.767185	0.940374	0.940731
2930	0.882349	0.987404	0.987294	0.767644	0.940879	0.941214
2940	0.882777	0.987737	0.987624	0.768172	0.940374	0.940743
2950	0.883185	0.987848	0.987738	0.768649	0.940879	0.941204
2960	0.883525	0.987903	0.987792	0.769004	0.941385	0.941689
2970	0.883876	0.987903	0.987792	0.769236	0.941385	0.941709
2980	0.884217	0.988014	0.987905	0.769543	0.941385	0.941709
2990	0.884535	0.988069	0.987958	0.769827	0.941385	0.941709
3000	0.884852	0.988069	0.987958	0.770139	0.941385	0.941709
3010	0.885247	0.988014	0.987904	0.770502	0.941385	0.941709
3020	0.885616	0.988014	0.987904	0.770811	0.941385	0.941709
3030	0.885917	0.988125	0.988014	0.771071	0.941385	0.941709
3040	0.886467	0.988236	0.988127	0.771762	0.941890	0.942190
3050	0.886947	0.988347	0.988242	0.772009	0.942395	0.942768
3060	0.887322	0.988291	0.988184	0.772395	0.942395	0.942768
3070	0.887661	0.988291	0.988184	0.772742	0.942395	0.942768
3080	0.887908	0.988402	0.988294	0.772856	0.942395	0.942768
3090	0.888268	0.988402	0.988295	0.773238	0.942900	0.943283
3100	0.888545	0.988402	0.988295	0.773486	0.942900	0.943283
3110	0.888889	0.988569	0.988462	0.773750	0.942900	0.943283
3120	0.889275	0.988735	0.988635	0.774062	0.942900	0.943168
3130	0.889649	0.988735	0.988636	0.774378	0.942900	0.943168
3140	0.889976	0.988791	0.988691	0.774616	0.942395	0.942705
3150	0.890317	0.988735	0.988635	0.774927	0.942900	0.943283
3160	0.890735	0.988846	0.988745	0.775364	0.943406	0.943718
3170	0.891103	0.989013	0.988914	0.775643	0.943911	0.944191
3180	0.891337	0.989013	0.988914	0.775846	0.942900	0.943114
3190	0.891675	0.989124	0.989022	0.776209	0.943406	0.943692
3200	0.892076	0.989401	0.989299	0.776507	0.943406	0.943692
3210	0.892445	0.989235	0.989130	0.776826	0.944416	0.944664
3220	0.892771	0.989346	0.989247	0.777208	0.944922	0.945171
3230	0.893091	0.989346	0.989247	0.777595	0.945427	0.945664
3240	0.893439	0.989401	0.989303	0.777964	0.945427	0.945675
3250	0.893751	0.989401	0.989304	0.778291	0.944922	0.945192
3260	0.894039	0.989401	0.989305	0.778535	0.945427	0.945711
3270	0.894388	0.989457	0.989366	0.778769	0.945427	0.945652
3280	0.894634	0.989568	0.989478	0.778985	0.945427	0.945652
3290	0.894948	0.989623	0.989536	0.779350	0.944922	0.945192
3300	0.895368	0.989568	0.989479	0.779744	0.944922	0.945192
3310	0.895772	0.989679	0.989590	0.780149	0.944922	0.945192
3320	0.896046	0.989845	0.989758	0.780328	0.944416	0.944638
3330	0.896372	0.989790	0.989700	0.780650	0.944922	0.945192
3340	0.896607	0.989845	0.989758	0.780934	0.944416	0.944614
3350	0.896937	0.989956	0.989867	0.781224	0.945427	0.945675
3360	0.897246	0.989901	0.989808	0.781515	0.944922	0.945098
3370	0.897458	0.990012	0.989922	0.781664	0.945932	0.946140
3380	0.897809	0.989956	0.989868	0.782069	0.945427	0.945675
3390	0.898075	0.990012	0.989922	0.782481	0.945427	0.945624
3400	0.898306	0.990012	0.989922	0.782673	0.945932	0.946085
3410	0.898561	0.990123	0.990031	0.782891	0.945427	0.945624
3420	0.898784	0.990123	0.990032	0.783077	0.945932	0.946085
3430	0.899055	0.990234	0.990141	0.783317	0.945932	0.946085
3440	0.899367	0.990289	0.990195	0.783594	0.945932	0.946085
3450	0.899645	0.990345	0.990248	0.783837	0.945427	0.945562
3460	0.899955	0.990345	0.990248	0.784025	0.946438	0.946553
3470	0.900455	0.990511	0.990415	0.784452	0.946438	0.946545
3480	0.900851	0.990511	0.990415	0.784871	0.946943	0.947018
3490	0.901135	0.990567	0.990470	0.785086	0.946943	0.947068
3500	0.901346	0.990567	0.990471	0.785270	0.946943	0.947068
3510	0.901692	0.990622	0.990528	0.785444	0.946438	0.946604
3520	0.901995	0.990567	0.990473	0.785671	0.946438	0.946604
3530	0.902342	0.990622	0.990531	0.785944	0.946943	0.947068
3540	0.902624	0.990678	0.990585	0.786125	0.946438	0.946604
3550	0.902931	0.990622	0.990527	0.786294	0.946943	0.947068
3560	0.903147	0.990622	0.990526	0.786490	0.946943	0.947068
3570	0.903411	0.990622	0.990526	0.786769	0.946943	0.947068
3580	0.903786	0.990844	0.990752	0.787145	0.946943	0.947068
3590	0.904063	0.990844	0.990753	0.787427	0.946943	0.947068
3600	0.904401	0.990900	0.990809	0.787711	0.946438	0.946570
3610	0.904711	0.990900	0.990808	0.787908	0.946438	0.946570
3620	0.905045	0.990955	0.990865	0.788295	0.946943	0.947068
3630	0.905331	0.990955	0.990867	0.788649	0.946943	0.947068
3640	0.905691	0.991010	0.990920	0.789013	0.947448	0.947642
3650	0.905906	0.991121	0.991034	0.789234	0.947448	0.947642
3660	0.906214	0.991177	0.991084	0.789534	0.947448	0.947642
3670	0.906522	0.991177	0.991083	0.789918	0.947448	0.947642
3680	0.906762	0.991177	0.991083	0.790167	0.947448	0.947642
3690	0.906948	0.991177	0.991083	0.790376	0.947448	0.947642
3700	0.907191	0.991177	0.991084	0.790551	0.947448	0.947642
3710	0.907472	0.991288	0.991196	0.790644	0.947448	0.947642
3720	0.907781	0.991343	0.991250	0.790904	0.947448	0.947642
3730	0.908028	0.991343	0.991249	0.791151	0.947954	0.948114
3740	0.908363	0.991343	0.991248	0.791549	0.947954	0.948114
3750	0.908585	0.991399	0.991306	0.791690	0.947448	0.947642
3760	0.908851	0.991399	0.991304	0.791885	0.947954	0.948170
3770	0.909264	0.991454	0.991360	0.792236	0.947954	0.948194
3780	0.909423	0.991454	0.991360	0.792275	0.947954	0.948180
3790	0.909687	0.991510	0.991419	0.792456	0.947448	0.947719
3800	0.909960	0.991621	0.991530	0.792752	0.947954	0.948194
3810	0.910233	0.991510	0.991420	0.792992	0.947448	0.947719
3820	0.910443	0.991565	0.991473	0.793115	0.948459	0.948653
3830	0.910652	0.991565	0.991475	0.793296	0.947448	0.947622
3840	0.910879	0.991621	0.991531	0.793403	0.947954	0.948095
3850	0.911197	0.991676	0.991588	0.793582	0.947954	0.948112
3860	0.911502	0.991732	0.991641	0.793876	0.947954	0.948112
3870	0.911734	0.991787	0.991699	0.794110	0.947448	0.947609
3880	0.911945	0.991732	0.991639	0.794279	0.947954	0.948112
3890	0.912160	0.991843	0.991754	0.794539	0.947954	0.948112
3900	0.912415	0.991787	0.991696	0.794666	0.947954	0.948112
3910	0.912659	0.991898	0.991810	0.794947	0.947448	0.947609
3920	0.912885	0.991954	0.991868	0.795133	0.947448	0.947609
3930	0.913090	0.992009	0.991922	0.795339	0.947448	0.947609
3940	0.913304	0.991954	0.991867	0.795559	0.947448	0.947609
3950	0.913493	0.992009	0.991923	0.795718	0.947448	0.947609
3960	0.913724	0.992009	0.991923	0.795956	0.947448	0.947609
3970	0.914057	0.992009	0.991919	0.796118	0.947448	0.947609
3980	0.914259	0.991954	0.991866	0.796233	0.947448	0.947609
3990	0.914497	0.991954	0.991864	0.796405	0.947448	0.947609
4000	0.914745	0.992009	0.991919	0.796601	0.947448	0.947609
4010	0.915003	0.992065	0.991976	0.796996	0.947954	0.948112
4020	0.915224	0.992009	0.991920	0.797042	0.947954	0.948112
4030	0.915500	0.992009	0.991919	0.797293	0.947954	0.948112
4040	0.915736	0.992176	0.992088	0.797530	0.947954	0.948100
4050	0.915969	0.992176	0.992087	0.797698	0.948459	0.948583
4060	0.916200	0.992176	0.992087	0.797974	0.948459	0.948583
4070	0.916416	0.992176	0.992087	0.798185	0.948459	0.948583
4080	0.916659	0.992065	0.991975	0.798419	0.948964	0.949188
4090	0.916965	0.992120	0.992031	0.798629	0.948964	0.949188
4100	0.917229	0.992120	0.992032	0.798884	0.948964	0.949188
4110	0.917525	0.992176	0.992087	0.799082	0.948964	0.949188
4120	0.917713	0.992176	0.992087	0.799229	0.948964	0.949188
4130	0.917958	0.992287	0.992200	0.799430	0.948964	0.949188
4140	0.918208	0.992564	0.992473	0.799604	0.948964	0.949199
4150	0.918392	0.992564	0.992472	0.799747	0.948964	0.949199
4160	0.918624	0.992675	0.992582	0.799917	0.948964	0.949199
4170	0.918840	0.992731	0.992636	0.800091	0.949469	0.949664
4180	0.918995	0.992731	0.992636	0.800265	0.949975	0.950144
4190	0.919292	0.992731	0.992636	0.800563	0.949975	0.950144
4200	0.919534	0.992842	0.992745	0.800806	0.949975	0.950144
4210	0.919813	0.992842	0.992745	0.801074	0.949975	0.950178
4220	0.920057	0.992953	0.992859	0.801263	0.949975	0.950178
4230	0.920392	0.993008	0.992911	0.801507	0.949975	0.950087
4240	0.920605	0.993008	0.992911	0.801664	0.949469	0.949626
4250	0.920817	0.993008	0.992910	0.801882	0.949975	0.950110
4260	0.921021	0.993008	0.992910	0.802068	0.949975	0.950110
4270	0.921267	0.993119	0.993025	0.802307	0.949975	0.950110
4280	0.921562	0.993175	0.993083	0.802514	0.949975	0.950110
4290	0.921773	0.993230	0.993142	0.802660	0.949469	0.949623
4300	0.921959	0.993230	0.993139	0.802816	0.949469	0.949623
4310	0.922107	0.993230	0.993139	0.802918	0.949469	0.949623
4320	0.922311	0.993286	0.993193	0.803144	0.949975	0.950110
4330	0.922556	0.993341	0.993246	0.803307	0.949975	0.950084
4340	0.922775	0.993286	0.993192	0.803391	0.949975	0.950084
4350	0.923043	0.993341	0.993249	0.803706	0.949975	0.950084
4360	0.923271	0.993452	0.993364	0.803901	0.949975	0.950084
4370	0.923408	0.993452	0.993364	0.804005	0.949975	0.950084
4380	0.923558	0.993508	0.993419	0.804185	0.949975	0.950084
4390	0.923758	0.993730	0.993644	0.804343	0.950480	0.950572
4400	0.923969	0.993674	0.993587	0.804530	0.949469	0.949528
4410	0.924185	0.993619	0.993527	0.804615	0.949469	0.949528
4420	0.924387	0.993730	0.993642	0.804636	0.949975	0.950084
4430	0.924562	0.993841	0.993757	0.804775	0.949469	0.949528
4440	0.924754	0.993841	0.993757	0.804969	0.949469	0.949528
4450	0.924961	0.993952	0.993867	0.805145	0.949469	0.949528
4460	0.925167	0.994007	0.993920	0.805359	0.949469	0.949528
4470	0.925439	0.994007	0.993920	0.805658	0.949469	0.949528
4480	0.925719	0.994007	0.993921	0.805894	0.949469	0.949528
4490	0.925868	0.994062	0.993974	0.806015	0.949469	0.949528
4500	0.926078	0.994062	0.993974	0.806178	0.949469	0.949528
4510	0.926245	0.994118	0.994029	0.806343	0.949469	0.949528
4520	0.926483	0.994284	0.994201	0.806611	0.949469	0.949528
4530	0.926645	0.994173	0.994087	0.806756	0.949469	0.949528
4540	0.926855	0.994229	0.994145	0.806827	0.949975	0.950021
4550	0.927087	0.994229	0.994145	0.807068	0.949975	0.950021
4560	0.927299	0.994340	0.994257	0.807320	0.949975	0.950021
4570	0.927508	0.994284	0.994201	0.807581	0.949975	0.950021
4580	0.927777	0.994340	0.994256	0.807843	0.949469	0.949562
4590	0.928013	0.994395	0.994314	0.808109	0.949975	0.950021
4600	0.928206	0.994451	0.994371	0.808241	0.949975	0.950021
4610	0.928399	0.994506	0.994429	0.808339	0.949975	0.950021
4620	0.928556	0.994562	0.994487	0.808526	0.949975	0.950021
4630	0.928739	0.994617	0.994542	0.808711	0.950480	0.950530
4640	0.928981	0.994562	0.994484	0.808980	0.950480	0.950530
4650	0.929145	0.994562	0.994484	0.809119	0.950480	0.950530
4660	0.929377	0.994617	0.994538	0.809330	0.950480	0.950530
4670	0.929562	0.994839	0.994765	0.809560	0.950985	0.951083
4680	0.929793	0.994950	0.994872	0.809866	0.950985	0.951083
4690	0.929955	0.995061	0.994984	0.810001	0.950985	0.951083
4700	0.930131	0.995006	0.994929	0.810123	0.950985	0.951083
4710	0.930293	0.995061	0.994985	0.810205	0.950985	0.951083
4720	0.930491	0.995117	0.995039	0.810435	0.950985	0.951083
4730	0.930666	0.995228	0.995151	0.810544	0.950985	0.951083
4740	0.930859	0.995283	0.995208	0.810758	0.950480	0.950624
4750	0.931050	0.995172	0.995094	0.810863	0.950480	0.950624
4760	0.931291	0.995394	0.995319	0.811100	0.950985	0.951083
4770	0.931503	0.995339	0.995258	0.811297	0.950480	0.950578
4780	0.931688	0.995505	0.995428	0.811400	0.950480	0.950578
4790	0.931875	0.995450	0.995371	0.811602	0.950480	0.950578
4800	0.932011	0.995450	0.995371	0.811739	0.950480	0.950578
4810	0.932191	0.995505	0.995427	0.811912	0.950480	0.950578
4820	0.932336	0.995561	0.995485	0.812032	0.950480	0.950578
4830	0.932550	0.995616	0.995541	0.812161	0.950480	0.950578
4840	0.932707	0.995616	0.995541	0.812353	0.950480	0.950578
4850	0.932934	0.995672	0.995597	0.812482	0.950480	0.950578
4860	0.933119	0.995672	0.995597	0.812700	0.950480	0.950578
4870	0.933343	0.995783	0.995710	0.812864	0.950480	0.950578
4880	0.933534	0.995894	0.995823	0.812992	0.950480	0.950578
4890	0.933693	0.996005	0.995938	0.813076	0.950480	0.950578
4900	0.933899	0.995949	0.995880	0.813040	0.949975	0.950034
4910	0.934133	0.996171	0.996107	0.813190	0.949975	0.950034
4920	0.934470	0.996227	0.996165	0.813473	0.950480	0.950502
4930	0.934709	0.996282	0.996222	0.813725	0.950480	0.950502
4940	0.935073	0.996282	0.996222	0.814067	0.950480	0.950502
4950	0.935345	0.996393	0.996332	0.814366	0.950480	0.950502
4960	0.935516	0.996393	0.996332	0.814469	0.950480	0.950502
4970	0.935733	0.996449	0.996389	0.814692	0.950985	0.951029
4980	0.935953	0.996504	0.996443	0.814766	0.950985	0.951029
4990	0.936155	0.996671	0.996614	0.815017	0.950480	0.950502
5000	0.936357	0.996671	0.996614	0.815288	0.950480	0.950502
5010	0.936528	0.996726	0.996669	0.815385	0.951491	0.951522
5020	0.936735	0.996726	0.996669	0.815575	0.951491	0.951522
5030	0.936916	0.996726	0.996669	0.815808	0.951491	0.951522
5040	0.937089	0.996726	0.996671	0.816012	0.951996	0.952001
5050	0.937222	0.996726	0.996669	0.816107	0.951996	0.952001
5060	0.937423	0.996726	0.996667	0.816319	0.951996	0.952001
5070	0.937589	0.996726	0.996669	0.816477	0.951996	0.952001
5080	0.937779	0.996726	0.996668	0.816643	0.951996	0.952001
5090	0.938074	0.996837	0.996784	0.816828	0.951491	0.951522
5100	0.938253	0.996893	0.996840	0.816942	0.951491	0.951522
5110	0.938440	0.997003	0.996951	0.817108	0.951996	0.952001
5120	0.938646	0.997003	0.996951	0.817261	0.951491	0.951522
5130	0.938811	0.997003	0.996950	0.817463	0.951996	0.951998
5140	0.939013	0.997059	0.997008	0.817622	0.951996	0.952029
5150	0.939200	0.997003	0.996952	0.817831	0.951996	0.952029
5160	0.939406	0.997059	0.997010	0.818010	0.952501	0.952509
5170	0.939585	0.997170	0.997122	0.818093	0.952501	0.952509
5180	0.939790	0.997225	0.997178	0.818254	0.952501	0.952509
5190	0.939954	0.997225	0.997178	0.818504	0.951996	0.952029
5200	0.940131	0.997281	0.997233	0.818718	0.951996	0.952029
5210	0.940274	0.997281	0.997233	0.818914	0.951996	0.952029
5220	0.940465	0.997281	0.997233	0.819051	0.952501	0.952509
5230	0.940629	0.997392	0.997348	0.819264	0.951996	0.952029
5240	0.940786	0.997392	0.997348	0.819385	0.951996	0.952029
5250	0.940955	0.997392	0.997348	0.819474	0.952501	0.952509
5260	0.941123	0.997447	0.997404	0.819516	0.952501	0.952509
5270	0.941290	0.997392	0.997350	0.819680	0.952501	0.952509
5280	0.941462	0.997447	0.997407	0.819888	0.952501	0.952509
5290	0.941647	0.997392	0.997350	0.820096	0.952501	0.952509
5300	0.941805	0.997447	0.997406	0.820238	0.952501	0.952509
5310	0.941986	0.997447	0.997406	0.820443	0.952501	0.952509
5320	0.942181	0.997558	0.997519	0.820615	0.952501	0.952509
5330	0.942317	0.997558	0.997519	0.820740	0.952501	0.952509
5340	0.942456	0.997558	0.997519	0.820884	0.952501	0.952509
5350	0.942607	0.997558	0.997519	0.821019	0.952501	0.952509
5360	0.942794	0.997614	0.997576	0.821150	0.952501	0.952509
5370	0.942920	0.997558	0.997519	0.821246	0.952501	0.952509
5380	0.943114	0.997558	0.997519	0.821406	0.952501	0.952509
5390	0.943286	0.997669	0.997632	0.821576	0.952501	0.952509
5400	0.943488	0.997614	0.997576	0.821743	0.952501	0.952509
5410	0.943609	0.997725	0.997690	0.821893	0.952501	0.952509
5420	0.943756	0.997780	0.997748	0.821966	0.952501	0.952509
5430	0.943902	0.997780	0.997748	0.822135	0.952501	0.952509
5440	0.944052	0.997780	0.997748	0.822289	0.952501	0.952509
5450	0.944196	0.997780	0.997748	0.822452	0.952501	0.952509
5460	0.944379	0.997836	0.997804	0.822694	0.952501	0.952509
5470	0.944562	0.997891	0.997860	0.822911	0.953007	0.953026
5480	0.944751	0.997891	0.997860	0.823174	0.953007	0.953026
5490	0.944918	0.997891	0.997860	0.823362	0.953007	0.953026
5500	0.945037	0.997891	0.997860	0.823451	0.953007	0.953026
5510	0.945172	0.997891	0.997860	0.823520	0.953007	0.953026
5520	0.945313	0.997891	0.997860	0.823536	0.953007	0.953026
5530	0.945452	0.997891	0.997860	0.823617	0.953007	0.953026
5540	0.945607	0.997947	0.997911	0.823762	0.952501	0.952534
5550	0.945750	0.998002	0.997968	0.823891	0.952501	0.952534
5560	0.945961	0.998002	0.997968	0.824114	0.952501	0.952534
5570	0.946101	0.998002	0.997968	0.824259	0.952501	0.952534
5580	0.946221	0.998113	0.998079	0.824313	0.952501	0.952534
5590	0.946353	0.998058	0.998023	0.824478	0.952501	0.952534
5600	0.946499	0.998058	0.998025	0.824610	0.953007	0.953026
5610	0.946638	0.998058	0.998025	0.824701	0.953007	0.953093
5620	0.946822	0.998058	0.998025	0.824880	0.953007	0.953093
5630	0.946978	0.998058	0.998025	0.825069	0.953007	0.953093
5640	0.947142	0.998113	0.998083	0.825207	0.953512	0.953542
5650	0.947279	0.998169	0.998139	0.825357	0.953007	0.953062
5660	0.947449	0.998224	0.998197	0.825497	0.953007	0.953062
5670	0.947598	0.998224	0.998197	0.825703	0.953512	0.953552
5680	0.947754	0.998224	0.998197	0.825812	0.954017	0.953967
5690	0.947926	0.998280	0.998253	0.825977	0.953512	0.953477
5700	0.948041	0.998280	0.998253	0.826093	0.953512	0.953477
5710	0.948196	0.998224	0.998197	0.826190	0.953512	0.953477
5720	0.948334	0.998335	0.998307	0.826407	0.953512	0.953408
5730	0.948449	0.998335	0.998307	0.826530	0.954522	0.954447
5740	0.948573	0.998280	0.998251	0.826623	0.954522	0.954447
5750	0.948744	0.998335	0.998307	0.826935	0.954017	0.953967
5760	0.948889	0.998391	0.998362	0.827091	0.954522	0.954447
5770	0.948995	0.998446	0.998419	0.827131	0.954017	0.953967
5780	0.949141	0.998502	0.998475	0.827274	0.953512	0.953408
5790	0.949275	0.998557	0.998529	0.827356	0.953512	0.953408
5800	0.949387	0.998557	0.998529	0.827490	0.953512	0.953408
5810	0.949524	0.998557	0.998529	0.827578	0.953512	0.953408
5820	0.949648	0.998557	0.998529	0.827663	0.953512	0.953408
5830	0.949788	0.998557	0.998529	0.827874	0.953512	0.953408
5840	0.949925	0.998557	0.998529	0.827912	0.953512	0.953408
5850	0.950073	0.998557	0.998529	0.827936	0.953512	0.953365
5860	0.950181	0.998613	0.998587	0.827996	0.953512	0.953408
5870	0.950313	0.998613	0.998587	0.828113	0.953512	0.953365
5880	0.950451	0.998613	0.998587	0.828256	0.953512	0.953365
5890	0.950562	0.998613	0.998587	0.828422	0.953512	0.953408
5900	0.950684	0.998613	0.998587	0.828552	0.953512	0.953408
5910	0.950806	0.998613	0.998587	0.828623	0.953512	0.953408
5920	0.950921	0.998668	0.998641	0.828676	0.953512	0.953408
5930	0.951057	0.998668	0.998643	0.828801	0.953512	0.953408
5940	0.951176	0.998668	0.998643	0.828893	0.953512	0.953408
5950	0.951295	0.998668	0.998641	0.828927	0.953512	0.953365
5960	0.951448	0.998668	0.998643	0.829117	0.954017	0.953923
5970	0.951581	0.998668	0.998641	0.829249	0.954017	0.953923
5980	0.951724	0.998668	0.998641	0.829336	0.954017	0.953923
5990	0.951824	0.998668	0.998641	0.829513	0.954017	0.953923
6000	0.951941	0.998668	0.998643	0.829667	0.954522	0.954436
6010	0.952055	0.998668	0.998641	0.829795	0.954522	0.954436
6020	0.952192	0.998668	0.998641	0.829868	0.954522	0.954436
6030	0.952369	0.998668	0.998641	0.830003	0.954522	0.954436
6040	0.952477	0.998668	0.998641	0.830064	0.954522	0.954436
6050	0.952581	0.998668	0.998641	0.830141	0.954522	0.954436
6060	0.952692	0.998668	0.998641	0.830259	0.954522	0.954436
6070	0.952814	0.998668	0.998641	0.830379	0.954522	0.954436
6080	0.952946	0.998668	0.998641	0.830511	0.954522	0.954436
6090	0.953082	0.998668	0.998641	0.830678	0.954522	0.954436
6100	0.953184	0.998668	0.998641	0.830746	0.954522	0.954436
6110	0.953311	0.998668	0.998641	0.830821	0.954522	0.954436
6120	0.953408	0.998668	0.998641	0.830904	0.954522	0.954436
6130	0.953531	0.998668	0.998641	0.831024	0.954522	0.954479
6140	0.953625	0.998668	0.998641	0.831161	0.954522	0.954436
6150	0.953743	0.998668	0.998641	0.831281	0.954522	0.954436
6160	0.953845	0.998668	0.998641	0.831344	0.954522	0.954436
6170	0.953953	0.998668	0.998641	0.831531	0.954522	0.954436
6180	0.954048	0.998668	0.998641	0.831684	0.954522	0.954479
6190	0.954146	0.998668	0.998641	0.831744	0.954522	0.954436
6200	0.954272	0.998668	0.998641	0.831854	0.954522	0.954479
6210	0.954369	0.998668	0.998641	0.831903	0.954522	0.954479
6220	0.954541	0.998668	0.998641	0.832090	0.954522	0.954436
6230	0.954653	0.998668	0.998641	0.832132	0.954522	0.954479
6240	0.954761	0.998668	0.998641	0.832257	0.954522	0.954479
6250	0.954860	0.998668	0.998641	0.832441	0.954522	0.954479
6260	0.954971	0.998668	0.998641	0.832526	0.954522	0.954479
6270	0.955087	0.998668	0.998641	0.832634	0.954522	0.954479
6280	0.955196	0.998668	0.998641	0.832807	0.954522	0.954479
6290	0.955305	0.998668	0.998641	0.832956	0.954522	0.954479
6300	0.955431	0.998668	0.998641	0.833111	0.954522	0.954479
6310	0.955552	0.998668	0.998641	0.833230	0.954522	0.954479
6320	0.955654	0.998779	0.998754	0.833367	0.954522	0.954479
6330	0.955755	0.998835	0.998811	0.833445	0.954522	0.954479
6340	0.955875	0.998835	0.998811	0.833566	0.954522	0.954479
6350	0.955984	0.998835	0.998811	0.833670	0.954522	0.954479
6360	0.956122	0.998779	0.998754	0.833788	0.954522	0.954436
6370	0.956203	0.998779	0.998754	0.833903	0.954522	0.954479
6380	0.956347	0.998835	0.998811	0.833999	0.954522	0.954436
6390	0.956444	0.998779	0.998754	0.834178	0.954522	0.954436
6400	0.956535	0.998835	0.998811	0.834280	0.954522	0.954436
6410	0.956625	0.998835	0.998811	0.834494	0.954522	0.954436
6420	0.956755	0.998890	0.998867	0.834611	0.954522	0.954436
6430	0.956863	0.998890	0.998867	0.834776	0.954522	0.954436
6440	0.956971	0.998890	0.998867	0.834893	0.954522	0.954436
6450	0.957084	0.998835	0.998810	0.835102	0.954522	0.954436
6460	0.957180	0.998890	0.998867	0.835233	0.954522	0.954436
6470	0.957277	0.998890	0.998867	0.835329	0.954522	0.954436
6480	0.957399	0.998890	0.998867	0.835399	0.955028	0.954913
6490	0.957529	0.998946	0.998923	0.835387	0.955028	0.954913
6500	0.957653	0.999001	0.998976	0.835526	0.955028	0.954913
6510	0.957765	0.999001	0.998978	0.835604	0.955028	0.954913
6520	0.957840	0.999001	0.998976	0.835757	0.955028	0.954913
6530	0.957954	0.999001	0.998976	0.835845	0.955028	0.954913
6540	0.958045	0.999001	0.998977	0.835859	0.954522	0.954436
6550	0.958145	0.999001	0.998977	0.835989	0.955028	0.954913
6560	0.958240	0.999001	0.998977	0.836061	0.954522	0.954436
6570	0.958350	0.999001	0.998977	0.836264	0.954522	0.954436
6580	0.958438	0.999001	0.998977	0.836345	0.954522	0.954436
6590	0.958548	0.999001	0.998977	0.836479	0.955028	0.954913
6600	0.958636	0.999001	0.998977	0.836568	0.955028	0.954913
6610	0.958725	0.999057	0.999034	0.836690	0.955028	0.954913
6620	0.958830	0.999057	0.999034	0.836841	0.955028	0.954913
6630	0.958950	0.999112	0.999091	0.836983	0.955028	0.954913
6640	0.959033	0.999168	0.999147	0.837018	0.955028	0.954913
6650	0.959132	0.999168	0.999147	0.837050	0.955028	0.954913
6660	0.959233	0.999168	0.999147	0.837173	0.955028	0.954913
6670	0.959322	0.999168	0.999147	0.837275	0.955028	0.954913
6680	0.959404	0.999168	0.999147	0.837368	0.955028	0.954913
6690	0.959517	0.999168	0.999147	0.837462	0.955028	0.954913
6700	0.959604	0.999168	0.999147	0.837549	0.955028	0.954913
6710	0.959685	0.999168	0.999147	0.837633	0.955028	0.954913
6720	0.959773	0.999168	0.999147	0.837679	0.955028	0.954913
6730	0.959871	0.999168	0.999147	0.837776	0.955028	0.954913
6740	0.959958	0.999168	0.999147	0.837822	0.955028	0.954913
6750	0.960043	0.999168	0.999147	0.837885	0.955028	0.954913
6760	0.960135	0.999168	0.999147	0.837997	0.955028	0.954913
6770	0.960218	0.999168	0.999147	0.838050	0.955028	0.954913
6780	0.960314	0.999168	0.999147	0.838086	0.955533	0.955401
6790	0.960397	0.999168	0.999147	0.838271	0.955533	0.955401
6800	0.960491	0.999168	0.999147	0.838437	0.955533	0.955401
6810	0.960594	0.999168	0.999147	0.838466	0.955533	0.955401
6820	0.960688	0.999168	0.999147	0.838554	0.955533	0.955401
6830	0.960769	0.999168	0.999147	0.838697	0.955533	0.955401
6840	0.960852	0.999168	0.999147	0.838790	0.955533	0.955401
6850	0.960979	0.999168	0.999147	0.838899	0.955028	0.954913
6860	0.961072	0.999168	0.999147	0.839059	0.955533	0.955401
6870	0.961152	0.999168	0.999147	0.839091	0.955533	0.955401
6880	0.961244	0.999168	0.999147	0.839157	0.955533	0.955401
6890	0.961294	0.999168	0.999147	0.839225	0.955533	0.955401
6900	0.961374	0.999223	0.999203	0.839331	0.955533	0.955401
6910	0.961452	0.999223	0.999203	0.839401	0.955533	0.955401
6920	0.961527	0.999223	0.999203	0.839499	0.955533	0.955401
6930	0.961609	0.999223	0.999203	0.839606	0.955533	0.955401
6940	0.961697	0.999223	0.999203	0.839765	0.955533	0.955401
6950	0.961778	0.999223	0.999203	0.839867	0.955533	0.955401
6960	0.961841	0.999223	0.999203	0.839970	0.955533	0.955401
6970	0.961914	0.999223	0.999203	0.840045	0.955533	0.955401
6980	0.962004	0.999223	0.999203	0.840143	0.955533	0.955401
6990	0.962086	0.999223	0.999203	0.840221	0.955533	0.955401
7000	0.962168	0.999279	0.999261	0.840338	0.955533	0.955401
7010	0.962233	0.999279	0.999264	0.840381	0.955533	0.955401
7020	0.962309	0.999279	0.999264	0.840436	0.955533	0.955401
7030	0.962405	0.999334	0.999319	0.840539	0.955533	0.955401
7040	0.962488	0.999334	0.999319	0.840575	0.955533	0.955401
7050	0.962571	0.999334	0.999319	0.840671	0.955533	0.955401
7060	0.962667	0.999334	0.999319	0.840809	0.955533	0.955401
7070	0.962741	0.999334	0.999319	0.840869	0.955533	0.955401
7080	0.962823	0.999334	0.999319	0.840955	0.955533	0.955401
7090	0.962906	0.999334	0.999319	0.841054	0.955533	0.955401
7100	0.962990	0.999334	0.999319	0.841096	0.955533	0.955401
7110	0.963041	0.999334	0.999319	0.841193	0.955533	0.955401
7120	0.963163	0.999334	0.999319	0.841312	0.955533	0.955401
7130	0.963213	0.999334	0.999319	0.841372	0.955533	0.955401
7140	0.963289	0.999334	0.999319	0.841456	0.955028	0.954913
7150	0.963393	0.999390	0.999376	0.841568	0.955028	0.954913
7160	0.963475	0.999390	0.999376	0.841685	0.955028	0.954913
7170	0.963534	0.999390	0.999376	0.841729	0.955028	0.954913
7180	0.963600	0.999390	0.999376	0.841725	0.955028	0.954913
7190	0.963665	0.999390	0.999376	0.841808	0.955028	0.954913
7200	0.963714	0.999390	0.999376	0.841845	0.955028	0.954913
7210	0.963790	0.999390	0.999376	0.841901	0.955028	0.954913
7220	0.963860	0.999390	0.999376	0.841973	0.955028	0.954913
7230	0.963936	0.999390	0.999376	0.841966	0.955028	0.954913
7240	0.963998	0.999390	0.999376	0.842003	0.954522	0.954424
7250	0.964058	0.999390	0.999376	0.842088	0.954522	0.954424
7260	0.964118	0.999445	0.999434	0.842148	0.954522	0.954424
7270	0.964190	0.999445	0.999434	0.842247	0.954522	0.954424
7280	0.964273	0.999445	0.999434	0.842307	0.954522	0.954424
7290	0.964317	0.999445	0.999434	0.842345	0.954522	0.954424
7300	0.964375	0.999445	0.999434	0.842387	0.954522	0.954424
7310	0.964481	0.999445	0.999434	0.842488	0.954522	0.954424
7320	0.964552	0.999445	0.999434	0.842523	0.954522	0.954424
7330	0.964632	0.999445	0.999434	0.842584	0.954522	0.954424
7340	0.964738	0.999445	0.999434	0.842726	0.954522	0.954424
7350	0.964799	0.999445	0.999434	0.842754	0.954522	0.954424
7360	0.964840	0.999445	0.999434	0.842798	0.954522	0.954424
7370	0.964913	0.999445	0.999434	0.842869	0.954522	0.954424
7380	0.964986	0.999445	0.999434	0.842937	0.955028	0.954950
7390	0.965047	0.999445	0.999434	0.842978	0.955028	0.954950
7400	0.965109	0.999445	0.999434	0.843005	0.955028	0.954950
7410	0.965168	0.999445	0.999434	0.843101	0.955028	0.954950
7420	0.965220	0.999445	0.999434	0.843141	0.955028	0.954950
7430	0.965287	0.999445	0.999434	0.843193	0.955028	0.954950
7440	0.965361	0.999445	0.999434	0.843321	0.955028	0.954995
7450	0.965410	0.999445	0.999434	0.843369	0.955028	0.954995
7460	0.965488	0.999445	0.999434	0.843439	0.955028	0.954995
7470	0.965554	0.999445	0.999434	0.843540	0.955028	0.954995
7480	0.965636	0.999445	0.999434	0.843594	0.955028	0.954995
7490	0.965713	0.999445	0.999434	0.843622	0.955028	0.954995
7500	0.965779	0.999445	0.999434	0.843760	0.955028	0.954995
7510	0.965837	0.999445	0.999434	0.843816	0.955028	0.954995
7520	0.965879	0.999445	0.999434	0.843798	0.955028	0.954995
7530	0.965946	0.999445	0.999434	0.843822	0.955028	0.954995
7540	0.966034	0.999445	0.999434	0.843933	0.955028	0.954995
7550	0.966089	0.999445	0.999434	0.843953	0.955028	0.954995
7560	0.966147	0.999445	0.999434	0.843989	0.955028	0.954995
7570	0.966215	0.999445	0.999434	0.844016	0.955028	0.954995
7580	0.966293	0.999501	0.999492	0.844126	0.955028	0.954995
7590	0.966350	0.999501	0.999492	0.844186	0.955028	0.954995
7600	0.966410	0.999501	0.999492	0.844169	0.955028	0.954995
7610	0.966483	0.999501	0.999492	0.844263	0.955028	0.954995
7620	0.966537	0.999501	0.999492	0.844306	0.955028	0.955075
7630	0.966625	0.999501	0.999492	0.844404	0.955028	0.955075
7640	0.966684	0.999501	0.999492	0.844484	0.955028	0.954995
7650	0.966748	0.999501	0.999492	0.844474	0.955028	0.954995
7660	0.966823	0.999501	0.999492	0.844567	0.955028	0.955075
7670	0.966882	0.999501	0.999492	0.844614	0.955028	0.955075
7680	0.966946	0.999501	0.999492	0.844690	0.955028	0.954995
7690	0.967017	0.999501	0.999492	0.844785	0.955028	0.954995
7700	0.967087	0.999501	0.999492	0.844926	0.955028	0.954995
7710	0.967181	0.999501	0.999492	0.845034	0.955028	0.954995
7720	0.967229	0.999501	0.999492	0.845043	0.955028	0.954995
7730	0.967297	0.999501	0.999492	0.845133	0.955028	0.955075
7740	0.967360	0.999556	0.999548	0.845148	0.955028	0.954995
7750	0.967427	0.999556	0.999548	0.845227	0.955028	0.954995
7760	0.967536	0.999556	0.999548	0.845318	0.955028	0.954995
7770	0.967609	0.999501	0.999492	0.845441	0.955533	0.955483
7780	0.967668	0.999501	0.999492	0.845530	0.955533	0.955483
7790	0.967720	0.999556	0.999548	0.845576	0.955533	0.955483
7800	0.967802	0.999556	0.999548	0.845647	0.955533	0.955483
7810	0.967863	0.999556	0.999548	0.845712	0.955533	0.955483
7820	0.967919	0.999556	0.999548	0.845772	0.955533	0.955483
7830	0.967987	0.999556	0.999548	0.845857	0.955533	0.955483
7840	0.968051	0.999556	0.999548	0.845986	0.955533	0.955483
7850	0.968102	0.999556	0.999548	0.846098	0.955533	0.955483
7860	0.968165	0.999556	0.999548	0.846174	0.955533	0.955483
7870	0.968221	0.999556	0.999548	0.846224	0.955533	0.955483
7880	0.968288	0.999556	0.999548	0.846272	0.955533	0.955483
7890	0.968336	0.999556	0.999548	0.846348	0.955533	0.955563
7900	0.968399	0.999556	0.999548	0.846497	0.955533	0.955563
7910	0.968467	0.999556	0.999548	0.846570	0.955533	0.955563
7920	0.968525	0.999556	0.999548	0.846667	0.955533	0.955563
7930	0.968595	0.999556	0.999548	0.846677	0.955533	0.955483
7940	0.968647	0.999556	0.999548	0.846749	0.955533	0.955483
7950	0.968707	0.999556	0.999548	0.846896	0.955533	0.955483
7960	0.968763	0.999556	0.999550	0.846962	0.955533	0.955483
7970	0.968848	0.999556	0.999550	0.847033	0.955533	0.955483
7980	0.968915	0.999556	0.999550	0.847090	0.955533	0.955483
7990	0.968968	0.999556	0.999550	0.847126	0.955533	0.955483
8000	0.969038	0.999556	0.999550	0.847168	0.955533	0.955483
8010	0.969103	0.999556	0.999548	0.847223	0.955533	0.955483
8020	0.969163	0.999612	0.999604	0.847280	0.955533	0.955563
8030	0.969232	0.999612	0.999604	0.847296	0.955533	0.955563
8040	0.969288	0.999612	0.999604	0.847430	0.955533	0.955563
8050	0.969346	0.999612	0.999604	0.847459	0.955533	0.955563
8060	0.969400	0.999612	0.999604	0.847483	0.955533	0.955563
8070	0.969463	0.999612	0.999604	0.847574	0.955533	0.955563
8080	0.969505	0.999612	0.999604	0.847662	0.955533	0.955563
8090	0.969549	0.999612	0.999604	0.847726	0.955533	0.955563
8100	0.969607	0.999612	0.999604	0.847792	0.955533	0.955483
8110	0.969669	0.999612	0.999604	0.847869	0.955533	0.955483
8120	0.969743	0.999612	0.999604	0.847926	0.955533	0.955483
8130	0.969807	0.999612	0.999604	0.848070	0.955533	0.955483
8140	0.969861	0.999612	0.999606	0.848214	0.956038	0.955977
8150	0.969910	0.999612	0.999606	0.848263	0.956038	0.956051
8160	0.969971	0.999612	0.999606	0.848330	0.956038	0.955977
8170	0.970036	0.999612	0.999606	0.848441	0.956544	0.956442
8180	0.970101	0.999612	0.999606	0.848513	0.956544	0.956442
8190	0.970156	0.999612	0.999606	0.848579	0.956544	0.956516
8200	0.970214	0.999612	0.999606	0.848603	0.956544	0.956516
8210	0.970255	0.999612	0.999606	0.848607	0.956544	0.956516
8220	0.970316	0.999612	0.999606	0.848686	0.956544	0.956516
8230	0.970371	0.999612	0.999606	0.848717	0.956544	0.956516
8240	0.970433	0.999612	0.999606	0.848748	0.956544	0.956516
8250	0.970481	0.999612	0.999606	0.848809	0.956544	0.956516
8260	0.970545	0.999612	0.999606	0.848850	0.956544	0.956516
8270	0.970590	0.999612	0.999606	0.848926	0.956544	0.956516
8280	0.970684	0.999612	0.999606	0.849035	0.956544	0.956516
8290	0.970751	0.999612	0.999606	0.849049	0.956544	0.956516
8300	0.970804	0.999612	0.999606	0.849111	0.956544	0.956516
8310	0.970855	0.999612	0.999606	0.849162	0.956544	0.956516
8320	0.970905	0.999612	0.999606	0.849193	0.956544	0.956516
8330	0.970951	0.999612	0.999606	0.849255	0.956544	0.956516
8340	0.971009	0.999612	0.999606	0.849284	0.956544	0.956516
8350	0.971051	0.999612	0.999606	0.849305	0.956544	0.956516
8360	0.971100	0.999612	0.999606	0.849343	0.956544	0.956516
8370	0.971141	0.999612	0.999606	0.849353	0.956544	0.956516
8380	0.971198	0.999612	0.999606	0.849439	0.956544	0.956516
8390	0.971247	0.999612	0.999606	0.849510	0.956544	0.956516
8400	0.971295	0.999612	0.999606	0.849570	0.956544	0.956516
8410	0.971344	0.999612	0.999606	0.849605	0.956544	0.956516
8420	0.971400	0.999667	0.999661	0.849667	0.956544	0.956516
8430	0.971452	0.999667	0.999661	0.849676	0.956544	0.956516
8440	0.971512	0.999667	0.999661	0.849718	0.956544	0.956516
8450	0.971557	0.999667	0.999661	0.849837	0.956544	0.956516
8460	0.971601	0.999667	0.999661	0.849861	0.956544	0.956516
8470	0.971650	0.999667	0.999659	0.849873	0.956544	0.956516
8480	0.971692	0.999667	0.999659	0.849918	0.956544	0.956516
8490	0.971741	0.999667	0.999659	0.849957	0.956544	0.956516
8500	0.971789	0.999667	0.999659	0.850026	0.956544	0.956516
8510	0.971835	0.999667	0.999659	0.850080	0.956544	0.956516
8520	0.971886	0.999667	0.999659	0.850129	0.956544	0.956516
8530	0.971942	0.999667	0.999659	0.850211	0.956544	0.956516
8540	0.971988	0.999667	0.999659	0.850227	0.956544	0.956516
8550	0.972042	0.999667	0.999659	0.850291	0.956544	0.956516
8560	0.972088	0.999667	0.999659	0.850305	0.956544	0.956516
8570	0.972139	0.999667	0.999659	0.850362	0.956544	0.956516
8580	0.972184	0.999667	0.999659	0.850406	0.956544	0.956516
8590	0.972239	0.999667	0.999659	0.850450	0.956544	0.956516
8600	0.972285	0.999667	0.999659	0.850504	0.956544	0.956516
8610	0.972320	0.999667	0.999659	0.850532	0.956544	0.956516
8620	0.972372	0.999667	0.999659	0.850591	0.956544	0.956560
8630	0.972427	0.999667	0.999659	0.850685	0.957049	0.957097
8640	0.972490	0.999667	0.999659	0.850855	0.957049	0.957095
8650	0.972533	0.999667	0.999659	0.850898	0.957049	0.957095
8660	0.972589	0.999667	0.999659	0.850978	0.957049	0.957095
8670	0.972627	0.999667	0.999659	0.851028	0.957049	0.957095
8680	0.972667	0.999667	0.999659	0.851081	0.957049	0.957095
8690	0.972720	0.999667	0.999659	0.851185	0.957049	0.957095
8700	0.972757	0.999667	0.999659	0.851241	0.956544	0.956607
8710	0.972789	0.999667	0.999659	0.851197	0.956544	0.956607
8720	0.972832	0.999723	0.999716	0.851251	0.956544	0.956607
8730	0.972874	0.999723	0.999716	0.851293	0.956544	0.956607
8740	0.972913	0.999667	0.999659	0.851305	0.956544	0.956607
8750	0.972958	0.999723	0.999716	0.851399	0.956544	0.956607
8760	0.972989	0.999723	0.999716	0.851433	0.956544	0.956607
8770	0.973009	0.999723	0.999716	0.851464	0.956544	0.956607
8780	0.973058	0.999723	0.999716	0.851510	0.956544	0.956607
8790	0.973092	0.999723	0.999716	0.851551	0.957049	0.957095
8800	0.973138	0.999723	0.999716	0.851623	0.956544	0.956607
8810	0.973182	0.999723	0.999716	0.851631	0.956544	0.956607
8820	0.973246	0.999723	0.999716	0.851742	0.956544	0.956607
8830	0.973266	0.999723	0.999716	0.851752	0.956544	0.956607
8840	0.973295	0.999723	0.999716	0.851774	0.956544	0.956607
8850	0.973334	0.999723	0.999718	0.851848	0.956544	0.956607
8860	0.973373	0.999723	0.999718	0.851869	0.956544	0.956607
8870	0.973419	0.999778	0.999774	0.851985	0.956544	0.956607
8880	0.973461	0.999778	0.999774	0.852038	0.956544	0.956607
8890	0.973504	0.999778	0.999774	0.852113	0.956544	0.956607
8900	0.973550	0.999778	0.999774	0.852155	0.956544	0.956607
8910	0.973596	0.999778	0.999774	0.852235	0.956544	0.956607
8920	0.973642	0.999778	0.999774	0.852276	0.956544	0.956607
8930	0.973684	0.999778	0.999774	0.852313	0.956544	0.956607
8940	0.973720	0.999778	0.999774	0.852362	0.956544	0.956607
8950	0.973760	0.999778	0.999774	0.852420	0.956544	0.956607
8960	0.973803	0.999778	0.999774	0.852502	0.956544	0.956563
8970	0.973861	0.999778	0.999774	0.852610	0.956544	0.956607
8980	0.973903	0.999778	0.999774	0.852664	0.956544	0.956607
8990	0.973936	0.999834	0.999831	0.852740	0.957554	0.957584
9000	0.973984	0.999834	0.999831	0.852809	0.957049	0.957095
9010	0.974015	0.999834	0.999831	0.852861	0.957049	0.957095
9020	0.974055	0.999834	0.999831	0.852887	0.957049	0.957095
9030	0.974098	0.999834	0.999831	0.852923	0.957554	0.957584
9040	0.974140	0.999834	0.999831	0.853034	0.957049	0.957095
9050	0.974179	0.999834	0.999831	0.853021	0.957049	0.957095
9060	0.974216	0.999834	0.999831	0.853075	0.957049	0.957095
9070	0.974275	0.999889	0.999888	0.853161	0.957049	0.957097
9080	0.974304	0.999889	0.999888	0.853229	0.957049	0.957097
9090	0.974354	0.999889	0.999888	0.853272	0.957049	0.957097
9100	0.974397	0.999889	0.999888	0.853273	0.957049	0.957095
