10	0.071660	0.341688	0.286341	0.069328	0.319939	0.271296
20	0.116993	0.621493	0.628566	0.114097	0.600203	0.618649
30	0.174629	0.691028	0.699274	0.171366	0.679552	0.693642
40	0.209447	0.721637	0.728070	0.207941	0.721261	0.733966
50	0.236115	0.736165	0.740601	0.233498	0.733978	0.744330
60	0.260854	0.750471	0.752615	0.256499	0.742625	0.751930
70	0.283836	0.763502	0.764179	0.276732	0.756358	0.763787
80	0.309886	0.775147	0.774241	0.301321	0.768566	0.773680
90	0.324991	0.785350	0.783175	0.313847	0.772635	0.777614
100	0.341588	0.793335	0.790295	0.328716	0.779247	0.782194
110	0.355621	0.798991	0.795160	0.342029	0.788911	0.792233
120	0.374209	0.807752	0.803181	0.358366	0.792981	0.795342
130	0.387327	0.814295	0.808617	0.369767	0.798067	0.799699
140	0.399114	0.820395	0.813706	0.380389	0.807223	0.807293
150	0.409704	0.827215	0.819378	0.389459	0.813327	0.812260
160	0.420458	0.831152	0.823042	0.399565	0.818413	0.816895
170	0.430352	0.835810	0.826934	0.408719	0.824008	0.821176
180	0.442098	0.840413	0.830838	0.417832	0.826043	0.823459
190	0.449682	0.843906	0.834053	0.425174	0.832146	0.828422
200	0.458874	0.846678	0.836403	0.433255	0.835198	0.831434
210	0.470397	0.851170	0.840535	0.443646	0.837233	0.832634
220	0.478942	0.856161	0.845096	0.450389	0.839268	0.834542
230	0.487997	0.858268	0.847002	0.457664	0.841811	0.836540
240	0.499742	0.863813	0.851332	0.467642	0.851475	0.845291
250	0.506846	0.866807	0.853987	0.473588	0.851984	0.845487
260	0.512674	0.869801	0.856732	0.478529	0.854018	0.847161
270	0.519462	0.871631	0.858430	0.485080	0.857579	0.850039
280	0.527542	0.874903	0.861350	0.492146	0.860122	0.852495
290	0.535053	0.877786	0.863867	0.498808	0.861139	0.852914
300	0.540601	0.879062	0.864945	0.503005	0.862665	0.854445
310	0.547938	0.882444	0.867977	0.508394	0.865209	0.856315
320	0.553961	0.884718	0.869961	0.513214	0.866734	0.856930
330	0.559780	0.886104	0.871229	0.518406	0.869278	0.859751
340	0.564922	0.888599	0.873520	0.522318	0.871821	0.862019
350	0.569948	0.890096	0.874838	0.526925	0.870295	0.860613
360	0.574677	0.891483	0.876085	0.530842	0.872330	0.862206
370	0.579616	0.892869	0.877397	0.535152	0.875381	0.865137
380	0.583888	0.894643	0.878840	0.538610	0.875381	0.865016
390	0.588587	0.896307	0.880317	0.541705	0.876399	0.865775
400	0.592436	0.898137	0.882138	0.544642	0.874364	0.863827
410	0.598120	0.900244	0.884148	0.548902	0.874873	0.864412
420	0.601661	0.901519	0.885294	0.551351	0.873856	0.863361
430	0.606145	0.903238	0.886922	0.554537	0.875890	0.865389
440	0.610243	0.904735	0.888483	0.557431	0.875381	0.864734
450	0.614067	0.906122	0.889792	0.560062	0.876399	0.865537
460	0.618180	0.907453	0.890989	0.562893	0.877925	0.867168
470	0.622172	0.908728	0.892235	0.566390	0.877925	0.866958
480	0.626350	0.910003	0.893384	0.569884	0.879959	0.868925
490	0.630830	0.911168	0.894378	0.572423	0.879959	0.868897
500	0.634406	0.912554	0.895492	0.575148	0.879959	0.868719
510	0.637894	0.913774	0.896653	0.577606	0.880977	0.869652
520	0.640887	0.914495	0.897369	0.580232	0.881994	0.870361
530	0.644479	0.915271	0.898084	0.582920	0.880977	0.869318
540	0.647284	0.916824	0.899580	0.584870	0.881485	0.869740
550	0.650789	0.918543	0.901226	0.587281	0.882503	0.870465
560	0.654165	0.919430	0.902028	0.589566	0.883011	0.871008
570	0.657055	0.919874	0.902398	0.592082	0.885046	0.872663
580	0.660066	0.920927	0.903352	0.594127	0.885554	0.873151
590	0.663719	0.922313	0.904681	0.596544	0.887080	0.874446
600	0.666935	0.923090	0.905403	0.598414	0.886572	0.874161
610	0.670582	0.924088	0.906350	0.600644	0.887080	0.874450
620	0.673027	0.924920	0.907103	0.603085	0.887080	0.874713
630	0.675923	0.925474	0.907600	0.605462	0.887080	0.874803
640	0.679404	0.926250	0.908379	0.607219	0.888606	0.875868
650	0.681971	0.927138	0.909154	0.609168	0.889624	0.876918
660	0.683778	0.927748	0.909758	0.610149	0.890641	0.877717
670	0.686956	0.929189	0.911080	0.612344	0.891658	0.878584
680	0.689137	0.930077	0.911933	0.613730	0.892167	0.879040
690	0.691246	0.930520	0.912365	0.615147	0.891658	0.878681
700	0.693755	0.931241	0.913026	0.617140	0.890641	0.877805
710	0.695822	0.931906	0.913665	0.619016	0.891658	0.878937
720	0.698396	0.932960	0.914632	0.621302	0.892167	0.879206
730	0.700421	0.933293	0.914922	0.622585	0.892675	0.879515
740	0.702251	0.933903	0.915511	0.624262	0.893184	0.880041
750	0.704585	0.934623	0.916210	0.626213	0.894710	0.881598
760	0.706417	0.935067	0.916558	0.627675	0.895219	0.882268
770	0.708794	0.935233	0.916683	0.629562	0.894201	0.880882
780	0.710428	0.935954	0.917375	0.630468	0.897762	0.884257
790	0.712386	0.936842	0.918288	0.631552	0.898271	0.884796
800	0.714302	0.937673	0.919120	0.633182	0.898271	0.884800
810	0.715972	0.937784	0.919266	0.634543	0.898779	0.885302
820	0.717964	0.938616	0.920056	0.635752	0.899797	0.886183
830	0.719755	0.938782	0.920242	0.636646	0.900305	0.886949
840	0.721577	0.939170	0.920567	0.638247	0.901831	0.888095
850	0.722862	0.939559	0.920971	0.639328	0.901322	0.887723
860	0.724405	0.940058	0.921448	0.640690	0.901831	0.888104
870	0.726173	0.941056	0.922394	0.641977	0.901322	0.887503
880	0.727613	0.941222	0.922588	0.643450	0.903866	0.889790
890	0.729152	0.941388	0.922752	0.644384	0.903357	0.889378
900	0.730583	0.942276	0.923536	0.645765	0.902848	0.888849
910	0.732380	0.942608	0.923860	0.647141	0.902848	0.888832
920	0.733718	0.942775	0.924072	0.648372	0.903357	0.889405
930	0.735019	0.943052	0.924319	0.649644	0.903357	0.889048
940	0.736322	0.943274	0.924503	0.650968	0.903866	0.889442
950	0.737709	0.943828	0.924989	0.652105	0.904374	0.889647
960	0.739085	0.944216	0.925406	0.653324	0.904374	0.889946
970	0.740429	0.944882	0.925963	0.655021	0.905392	0.890834
980	0.742016	0.945325	0.926393	0.656328	0.904883	0.890267
990	0.743421	0.945603	0.926682	0.657759	0.905392	0.890712
1000	0.744532	0.945935	0.927011	0.658333	0.904883	0.890262
1010	0.745663	0.946046	0.927155	0.659121	0.905900	0.891293
1020	0.746631	0.946046	0.927151	0.659558	0.905392	0.890791
1030	0.748035	0.946823	0.927870	0.660738	0.905900	0.891299
1040	0.749296	0.947266	0.928215	0.661724	0.905392	0.890647
1050	0.750833	0.947322	0.928261	0.663222	0.905900	0.891121
1060	0.752128	0.947599	0.928499	0.664146	0.906918	0.891835
1070	0.753354	0.947932	0.928803	0.665245	0.905392	0.890336
1080	0.754231	0.948043	0.928930	0.666009	0.907426	0.892269
1090	0.755258	0.948264	0.929080	0.666764	0.906918	0.891865
1100	0.756041	0.948320	0.929156	0.667434	0.907426	0.892373
1110	0.757040	0.948375	0.929184	0.668271	0.907935	0.892809
1120	0.758465	0.948874	0.929706	0.669534	0.908444	0.893484
1130	0.759226	0.949207	0.930035	0.670271	0.908952	0.893817
1140	0.760352	0.949595	0.930410	0.671088	0.907935	0.892819
1150	0.761277	0.949817	0.930567	0.671984	0.907426	0.892392
1160	0.762328	0.950094	0.930856	0.673037	0.907935	0.892916
1170	0.763056	0.950261	0.931012	0.673669	0.907935	0.892940
1180	0.763985	0.950482	0.931196	0.674716	0.909969	0.894843
1190	0.764831	0.950316	0.931065	0.675469	0.910478	0.895251
1200	0.766245	0.950704	0.931416	0.676367	0.910478	0.895295
1210	0.767223	0.950815	0.931544	0.677008	0.911495	0.896330
1220	0.768279	0.950871	0.931551	0.677538	0.911495	0.896299
1230	0.769231	0.951148	0.931725	0.678435	0.910987	0.895669
1240	0.770207	0.951203	0.951226	0.679206	0.910478	0.895078
1250	0.771190	0.951259	0.931808	0.679993	0.910987	0.895722
1260	0.771963	0.951647	0.951646	0.680793	0.910478	0.895070
1270	0.773019	0.951924	0.932359	0.681702	0.911495	0.895851
1280	0.773999	0.952146	0.932582	0.682495	0.911495	0.895782
1290	0.775201	0.952035	0.952061	0.683586	0.910987	0.895203
1300	0.776519	0.952700	0.952713	0.684859	0.911495	0.915671
1310	0.777449	0.953699	0.953672	0.685902	0.912513	0.916465
1320	0.778396	0.955140	0.955105	0.686872	0.913021	0.916921
1330	0.779312	0.956194	0.956151	0.687649	0.914039	0.917834
1340	0.780267	0.956970	0.956947	0.688567	0.914547	0.918317
1350	0.781306	0.958523	0.958488	0.689573	0.916073	0.919607
1360	0.782447	0.959687	0.959627	0.690863	0.918616	0.921832
1370	0.783449	0.960408	0.960363	0.691843	0.917599	0.920981
1380	0.784446	0.961462	0.961408	0.692757	0.918616	0.921991
1390	0.785387	0.962571	0.962502	0.693615	0.920142	0.923453
1400	0.786450	0.963680	0.963591	0.694518	0.921668	0.924868
1410	0.787522	0.964345	0.964231	0.695490	0.922177	0.925245
1420	0.788521	0.964955	0.964873	0.696381	0.923194	0.926107
1430	0.789552	0.965620	0.965530	0.697307	0.924720	0.927570
1440	0.790750	0.966175	0.966090	0.698401	0.925229	0.927804
1450	0.791930	0.966896	0.966794	0.699483	0.926755	0.929273
1460	0.792973	0.967395	0.967311	0.700478	0.926755	0.929248
1470	0.793854	0.967894	0.967806	0.701339	0.926246	0.928688
1480	0.795017	0.968338	0.968237	0.702421	0.926246	0.928714
1490	0.796070	0.968615	0.968507	0.703400	0.926755	0.929172
1500	0.797361	0.969003	0.968903	0.704709	0.927263	0.929692
1510	0.798090	0.969502	0.969381	0.705398	0.927772	0.930051
1520	0.799131	0.969779	0.969667	0.706237	0.927263	0.929592
1530	0.800089	0.970001	0.969883	0.707238	0.927772	0.929855
1540	0.801196	0.970389	0.970271	0.708263	0.927263	0.929424
1550	0.802583	0.971332	0.971202	0.709618	0.929298	0.931317
1560	0.803598	0.971332	0.971205	0.710625	0.928281	0.930490
1570	0.804529	0.971387	0.971247	0.711467	0.930315	0.932341
1580	0.805386	0.971776	0.971648	0.712247	0.931333	0.933261
1590	0.806715	0.972496	0.972360	0.713434	0.931841	0.933951
1600	0.807659	0.972718	0.972575	0.714393	0.933367	0.935378
1610	0.809069	0.973550	0.973410	0.715615	0.932350	0.934402
1620	0.809827	0.973827	0.973689	0.716217	0.933367	0.935331
1630	0.810745	0.974382	0.974233	0.717046	0.934385	0.936208
1640	0.811432	0.974604	0.974451	0.717677	0.933367	0.935328
1650	0.812234	0.974770	0.974612	0.718441	0.933876	0.935810
1660	0.813456	0.975047	0.974896	0.719393	0.933876	0.935637
1670	0.814313	0.975546	0.975413	0.720309	0.934385	0.936147
1680	0.815267	0.975768	0.975637	0.721289	0.934385	0.936160
1690	0.816220	0.975879	0.975743	0.722174	0.934385	0.936185
1700	0.817159	0.976045	0.975910	0.723002	0.933876	0.935714
1710	0.818047	0.976323	0.976182	0.723804	0.935402	0.937146
1720	0.818936	0.976489	0.976348	0.724736	0.936419	0.938191
1730	0.819840	0.976766	0.976622	0.725530	0.936928	0.938634
1740	0.820605	0.977154	0.977007	0.726378	0.936928	0.938693
1750	0.821542	0.977154	0.977014	0.727292	0.936928	0.938667
1760	0.822320	0.977376	0.977231	0.728041	0.937945	0.939621
1770	0.823160	0.977653	0.977514	0.728871	0.937436	0.939110
1780	0.823943	0.977875	0.977733	0.729620	0.937436	0.939115
1790	0.824746	0.978319	0.978181	0.730215	0.936928	0.938546
1800	0.825438	0.978152	0.978019	0.730720	0.936928	0.938546
1810	0.826078	0.978152	0.978023	0.731300	0.937945	0.939667
1820	0.826752	0.978430	0.978299	0.731892	0.938454	0.940100
1830	0.827885	0.978818	0.978683	0.732513	0.938454	0.940105
1840	0.828598	0.978873	0.978742	0.733126	0.938454	0.940100
1850	0.829398	0.979040	0.978894	0.733889	0.938454	0.940100
1860	0.829937	0.979150	0.979003	0.734329	0.938454	0.940100
1870	0.830481	0.979206	0.979057	0.734810	0.938962	0.940587
1880	0.831284	0.979261	0.979114	0.735442	0.938454	0.940213
1890	0.831875	0.979317	0.979171	0.735955	0.938454	0.940212
1900	0.832630	0.979816	0.979665	0.736764	0.938454	0.940204
1910	0.833257	0.979982	0.979832	0.737396	0.937945	0.939563
1920	0.834075	0.979927	0.979775	0.738147	0.938454	0.940180
1930	0.834865	0.980038	0.979890	0.738839	0.939980	0.941386
1940	0.835460	0.980204	0.980059	0.739406	0.939980	0.941430
1950	0.836222	0.980370	0.980222	0.740071	0.939980	0.941386
1960	0.836783	0.980481	0.980335	0.740566	0.939471	0.941031
1970	0.837359	0.980592	0.980444	0.741061	0.941506	0.942879
1980	0.838070	0.980703	0.980556	0.741864	0.941506	0.942879
1990	0.838796	0.980814	0.980669	0.742461	0.941506	0.942879
2000	0.839386	0.980869	0.980726	0.742919	0.942014	0.943324
2010	0.840188	0.981147	0.980997	0.743594	0.941506	0.942878
2020	0.840995	0.981147	0.980999	0.744265	0.941506	0.942878
2030	0.841663	0.981258	0.981104	0.744866	0.940997	0.942377
2040	0.842125	0.981313	0.981156	0.745323	0.941506	0.942878
2050	0.842686	0.981424	0.981273	0.745948	0.942014	0.943476
2060	0.843331	0.981646	0.981485	0.746601	0.942014	0.943487
2070	0.843932	0.981757	0.981600	0.747155	0.941506	0.942979
2080	0.844605	0.981868	0.981713	0.747722	0.941506	0.942910
2090	0.845281	0.981868	0.981711	0.748491	0.941506	0.942944
2100	0.845862	0.982034	0.981874	0.749154	0.941506	0.942944
2110	0.846450	0.982089	0.981928	0.749679	0.941506	0.942952
2120	0.847309	0.982089	0.981929	0.750519	0.941506	0.942952
2130	0.847908	0.982200	0.982034	0.751300	0.941506	0.942991
2140	0.848517	0.982200	0.982033	0.751933	0.942014	0.943425
2150	0.849139	0.982256	0.982093	0.752556	0.942523	0.943837
2160	0.849617	0.982256	0.982093	0.753159	0.942523	0.943837
2170	0.850142	0.982422	0.982258	0.753706	0.943032	0.944347
2180	0.850771	0.982422	0.982255	0.754290	0.943032	0.944347
2190	0.851264	0.982644	0.982477	0.754870	0.943540	0.944836
2200	0.851788	0.982422	0.982256	0.755292	0.943032	0.944347
2210	0.852460	0.982533	0.982365	0.755937	0.943032	0.944347
2220	0.853085	0.982755	0.982590	0.756169	0.943540	0.944775
2230	0.853628	0.983032	0.982862	0.756732	0.943540	0.944890
2240	0.854181	0.983032	0.982862	0.757236	0.943540	0.944890
2250	0.854651	0.983254	0.983081	0.757734	0.943032	0.944461
2260	0.855219	0.983420	0.983251	0.758202	0.943540	0.944908
2270	0.855720	0.983309	0.983136	0.758688	0.943540	0.944877
2280	0.856241	0.983420	0.983250	0.759203	0.944557	0.945804
2290	0.856678	0.983420	0.983248	0.759649	0.944557	0.945804
2300	0.857130	0.983476	0.983303	0.760109	0.944557	0.945830
2310	0.857723	0.983420	0.983251	0.760707	0.944557	0.945785
2320	0.858297	0.983476	0.983305	0.761353	0.945066	0.946357
2330	0.858822	0.983531	0.983362	0.761695	0.945575	0.946846
2340	0.859412	0.983476	0.983313	0.762460	0.945575	0.946887
2350	0.859961	0.983642	0.983475	0.763107	0.945575	0.946887
2360	0.860444	0.983864	0.983697	0.763497	0.946083	0.947350
2370	0.860977	0.983975	0.983807	0.763916	0.946083	0.947350
2380	0.861418	0.983864	0.983698	0.764429	0.946083	0.947350
2390	0.861908	0.984197	0.984029	0.765030	0.946592	0.947808
2400	0.862390	0.984418	0.984247	0.765502	0.946083	0.947350
2410	0.862887	0.984363	0.984192	0.765942	0.946592	0.947862
2420	0.863496	0.984474	0.984306	0.766578	0.948118	0.949401
2430	0.863928	0.984363	0.984189	0.767105	0.948118	0.949401
2440	0.864375	0.984363	0.984190	0.767511	0.948118	0.949436
2450	0.864769	0.984474	0.984309	0.767840	0.948627	0.949887
2460	0.865195	0.984751	0.984587	0.768257	0.948118	0.949358
2470	0.865603	0.984806	0.984644	0.768641	0.948118	0.949532
2480	0.866022	0.984806	0.984644	0.769052	0.948118	0.949543
2490	0.866629	0.985028	0.984871	0.769559	0.947101	0.948559
2500	0.867143	0.985139	0.984983	0.770184	0.946592	0.948019
2510	0.867735	0.985306	0.985147	0.770594	0.947101	0.948403
2520	0.868258	0.985306	0.985143	0.771069	0.947609	0.949066
2530	0.868810	0.985416	0.985253	0.771479	0.946592	0.948080
2540	0.869239	0.985416	0.985254	0.771789	0.946592	0.948080
2550	0.869558	0.985527	0.985367	0.772124	0.947101	0.948588
2560	0.869943	0.985472	0.985313	0.772500	0.946592	0.948080
2570	0.870349	0.985694	0.985533	0.773062	0.947609	0.949008
2580	0.870788	0.985805	0.985649	0.773364	0.947609	0.949006
2590	0.871187	0.985805	0.985647	0.773815	0.948627	0.949914
2600	0.871688	0.985860	0.985699	0.774203	0.948118	0.949470
2610	0.872059	0.985860	0.985692	0.774399	0.947609	0.948935
2620	0.872359	0.985971	0.985808	0.774713	0.947609	0.948935
2630	0.872677	0.986193	0.986040	0.775093	0.947609	0.948935
2640	0.873092	0.986137	0.985982	0.775357	0.947609	0.948935
2650	0.873428	0.986248	0.986094	0.775669	0.946592	0.948003
2660	0.873841	0.986359	0.986199	0.776054	0.947101	0.948439
2670	0.874266	0.986581	0.986429	0.776454	0.947101	0.948439
2680	0.874691	0.986470	0.986311	0.776832	0.946592	0.948003
2690	0.875051	0.986692	0.986535	0.777188	0.946592	0.948003
2700	0.875442	0.986636	0.986486	0.777464	0.946592	0.948003
2710	0.875849	0.986747	0.986595	0.777774	0.947101	0.948466
2720	0.876210	0.986747	0.986597	0.777994	0.947101	0.948466
2730	0.876618	0.986747	0.986596	0.778552	0.947609	0.948897
2740	0.876891	0.986692	0.986541	0.778716	0.947101	0.948460
2750	0.877336	0.986747	0.986595	0.779025	0.947101	0.948460
2760	0.877628	0.986803	0.986652	0.779259	0.946592	0.947875
2770	0.877989	0.986803	0.986655	0.779579	0.946083	0.947327
2780	0.878416	0.986858	0.986707	0.779958	0.946083	0.947298
2790	0.878758	0.986858	0.986702	0.780183	0.946592	0.947798
2800	0.879163	0.986914	0.986762	0.780561	0.947101	0.948315
2810	0.879524	0.986969	0.986816	0.780830	0.947609	0.948820
2820	0.879867	0.987025	0.986875	0.781058	0.947609	0.948820
2830	0.880265	0.987080	0.986929	0.781505	0.948118	0.949262
2840	0.880650	0.987135	0.986987	0.781870	0.948118	0.949271
2850	0.881023	0.987080	0.986930	0.782094	0.948118	0.949271
2860	0.881391	0.987135	0.986983	0.782398	0.948118	0.949394
2870	0.881746	0.987135	0.986981	0.782729	0.948627	0.949762
2880	0.882056	0.987191	0.987039	0.782993	0.948118	0.949237
2890	0.882396	0.987135	0.986980	0.783286	0.948627	0.949741
2900	0.882746	0.987135	0.986979	0.783705	0.948627	0.949812
2910	0.883217	0.987191	0.987031	0.784096	0.948627	0.949787
2920	0.883588	0.987302	0.987142	0.784519	0.948627	0.949803
2930	0.883881	0.987302	0.987144	0.784833	0.948627	0.949830
2940	0.884214	0.987357	0.987203	0.785050	0.948627	0.949830
2950	0.884555	0.987357	0.987203	0.785235	0.948627	0.949801
2960	0.884981	0.987468	0.987319	0.785653	0.948627	0.949813
2970	0.885334	0.987524	0.987377	0.786021	0.949644	0.950799
2980	0.885605	0.987579	0.987433	0.786291	0.949135	0.950262
2990	0.886009	0.987856	0.987711	0.786557	0.950153	0.951217
3000	0.886303	0.987856	0.987709	0.786844	0.949644	0.950786
3010	0.886644	0.987856	0.987708	0.787246	0.949644	0.950786
3020	0.887018	0.987912	0.987763	0.787698	0.949135	0.950301
3030	0.887371	0.988023	0.987876	0.788525	0.949135	0.950291
3040	0.887745	0.988078	0.987931	0.788811	0.949135	0.950328
3050	0.888035	0.988189	0.988042	0.789086	0.949135	0.950328
3060	0.888273	0.988189	0.988039	0.789237	0.949135	0.950291
3070	0.888610	0.988244	0.988095	0.789510	0.949644	0.950776
3080	0.888886	0.988244	0.988098	0.789754	0.949135	0.950291
3090	0.889240	0.988411	0.988268	0.790099	0.949644	0.950798
3100	0.889576	0.988466	0.988326	0.790239	0.950153	0.951296
3110	0.889898	0.988411	0.988266	0.790416	0.949644	0.950641
3120	0.890241	0.988466	0.988326	0.790835	0.950153	0.951146
3130	0.890594	0.988577	0.988438	0.791228	0.950153	0.951146
3140	0.890912	0.988854	0.988717	0.791525	0.950661	0.951659
3150	0.891353	0.988799	0.988657	0.792159	0.950661	0.951668
3160	0.891702	0.988910	0.988771	0.792650	0.950661	0.951668
3170	0.892018	0.988854	0.988719	0.792961	0.950661	0.951715
3180	0.892373	0.989076	0.988939	0.793332	0.950661	0.951715
3190	0.892620	0.989076	0.988938	0.793628	0.950153	0.951177
3200	0.892882	0.989132	0.988996	0.793813	0.950153	0.951251
3210	0.893175	0.988965	0.988828	0.794032	0.950153	0.951204
3220	0.893458	0.989076	0.988947	0.794250	0.949644	0.950744
3230	0.893701	0.989132	0.989002	0.794470	0.949644	0.950697
3240	0.894018	0.989298	0.989170	0.794715	0.949644	0.950697
3250	0.894381	0.989132	0.989000	0.795068	0.950153	0.951182
3260	0.894734	0.989353	0.989217	0.795414	0.950153	0.951239
3270	0.894955	0.989520	0.989385	0.795568	0.950661	0.951731
3280	0.895300	0.989575	0.989444	0.795912	0.950661	0.951731
3290	0.895638	0.989631	0.989498	0.796257	0.950661	0.951704
3300	0.895953	0.989742	0.989604	0.796406	0.950661	0.951704
3310	0.896204	0.989742	0.989606	0.796540	0.950153	0.951171
3320	0.896463	0.989797	0.989662	0.796718	0.950153	0.951171
3330	0.896774	0.989797	0.989661	0.796981	0.950153	0.951171
3340	0.897105	0.989797	0.989664	0.797398	0.950661	0.951731
3350	0.897407	0.989853	0.989716	0.797725	0.950661	0.951731
3360	0.897724	0.989908	0.989772	0.798094	0.950153	0.951171
3370	0.898013	0.989963	0.989830	0.798327	0.950153	0.951171
3380	0.898280	0.990074	0.989943	0.798549	0.951170	0.952181
3390	0.898575	0.990130	0.989999	0.798851	0.951170	0.952144
3400	0.898871	0.990185	0.990052	0.799086	0.951679	0.952657
3410	0.899117	0.990185	0.990056	0.799365	0.951679	0.952657
3420	0.899428	0.990241	0.990114	0.799673	0.952187	0.953150
3430	0.899894	0.990352	0.990227	0.799883	0.952187	0.953150
3440	0.900153	0.990296	0.990169	0.800132	0.952187	0.953150
3450	0.900398	0.990185	0.990054	0.800291	0.951679	0.952666
3460	0.900636	0.990352	0.990226	0.800517	0.952187	0.953150
3470	0.901065	0.990462	0.990335	0.801008	0.952187	0.953150
3480	0.901400	0.990573	0.990447	0.801406	0.951679	0.952689
3490	0.901646	0.990573	0.990447	0.801596	0.951679	0.952666
3500	0.901973	0.990629	0.990503	0.802062	0.952187	0.953208
3510	0.902291	0.990795	0.990669	0.802409	0.952187	0.953208
3520	0.902542	0.990851	0.990726	0.802622	0.952187	0.953208
3530	0.902797	0.990795	0.990671	0.802824	0.952187	0.953208
3540	0.903075	0.990851	0.990727	0.803143	0.952696	0.953692
3550	0.903325	0.990962	0.990839	0.803346	0.952187	0.953208
3560	0.903569	0.990851	0.990727	0.803419	0.952696	0.953692
3570	0.904008	0.990962	0.990837	0.803744	0.952696	0.953692
3580	0.904362	0.990962	0.990836	0.804027	0.952696	0.953692
3590	0.904650	0.990962	0.990836	0.804191	0.952696	0.953692
3600	0.904894	0.990962	0.990839	0.804339	0.952696	0.953692
3610	0.905232	0.991017	0.990889	0.804637	0.952696	0.953650
3620	0.905480	0.991072	0.990946	0.804868	0.951679	0.952619
3630	0.905793	0.991183	0.991057	0.805142	0.952187	0.953136
3640	0.905998	0.991239	0.991111	0.805338	0.951679	0.952610
3650	0.906215	0.991239	0.991111	0.805492	0.951679	0.952609
3660	0.906540	0.991294	0.991167	0.805839	0.952187	0.953119
3670	0.906811	0.991294	0.991165	0.806051	0.952696	0.953655
3680	0.907075	0.991350	0.991223	0.806365	0.951679	0.952610
3690	0.907254	0.991350	0.991222	0.806571	0.951170	0.952040
3700	0.907532	0.991405	0.991279	0.806925	0.951679	0.952575
3710	0.907823	0.991461	0.991336	0.806989	0.951679	0.952575
3720	0.908039	0.991461	0.991334	0.807152	0.951679	0.952575
3730	0.908245	0.991516	0.991393	0.807435	0.951170	0.952040
3740	0.908461	0.991682	0.991559	0.807601	0.950661	0.951556
3750	0.908712	0.991682	0.991558	0.807766	0.950661	0.951556
3760	0.908965	0.991793	0.991668	0.807952	0.951170	0.952040
3770	0.909181	0.991793	0.991669	0.808114	0.951170	0.952040
3780	0.909383	0.991793	0.991668	0.808246	0.951170	0.952025
3790	0.909631	0.991738	0.991612	0.808366	0.951170	0.952040
3800	0.909836	0.991849	0.991722	0.808508	0.951170	0.952040
3810	0.910063	0.991849	0.991723	0.808704	0.951170	0.952040
3820	0.910366	0.991904	0.991779	0.808988	0.950661	0.951474
3830	0.910586	0.991904	0.991780	0.809145	0.950661	0.951474
3840	0.910900	0.991904	0.991783	0.809484	0.950661	0.951474
3850	0.911185	0.991960	0.991839	0.809658	0.951170	0.951978
3860	0.911392	0.991960	0.991838	0.809848	0.951679	0.952453
3870	0.911638	0.992015	0.991893	0.810033	0.951679	0.952453
3880	0.911864	0.992071	0.991951	0.810222	0.952187	0.953022
3890	0.912222	0.992126	0.992007	0.810456	0.952187	0.953022
3900	0.912423	0.992181	0.992061	0.810578	0.952187	0.953022
3910	0.912722	0.992181	0.992060	0.810938	0.952187	0.953022
3920	0.912924	0.992181	0.992060	0.811104	0.952187	0.953022
3930	0.913281	0.992181	0.992060	0.811417	0.952187	0.953022
3940	0.913490	0.992181	0.992060	0.811663	0.952187	0.953022
3950	0.913850	0.992237	0.992117	0.811913	0.951679	0.952474
3960	0.914079	0.992181	0.992059	0.812083	0.952187	0.953044
3970	0.914367	0.992292	0.992173	0.812428	0.952187	0.953044
3980	0.914623	0.992348	0.992228	0.812601	0.951679	0.952474
3990	0.914820	0.992348	0.992229	0.812796	0.952187	0.952947
4000	0.915052	0.992348	0.992229	0.813036	0.952187	0.952947
4010	0.915260	0.992403	0.992287	0.813206	0.952187	0.952947
4020	0.915507	0.992459	0.992343	0.813464	0.952187	0.952947
4030	0.915824	0.992459	0.992341	0.813789	0.952187	0.952947
4040	0.916091	0.992459	0.992341	0.814008	0.952187	0.952968
4050	0.916269	0.992403	0.992285	0.814177	0.952187	0.952959
4060	0.916516	0.992459	0.992341	0.814641	0.952696	0.953369
4070	0.916754	0.992514	0.992397	0.814836	0.952696	0.953378
4080	0.916962	0.992514	0.992396	0.815070	0.952187	0.952968
4090	0.917176	0.992514	0.992396	0.815451	0.952187	0.952968
4100	0.917444	0.992514	0.992396	0.815754	0.952696	0.953455
4110	0.917663	0.992570	0.992453	0.815930	0.952696	0.953455
4120	0.917886	0.992625	0.992511	0.816148	0.952187	0.952968
4130	0.918048	0.992625	0.992509	0.816279	0.952696	0.953455
4140	0.918301	0.992625	0.992511	0.816388	0.952696	0.953455
4150	0.918551	0.992680	0.992568	0.816607	0.952696	0.953455
4160	0.918807	0.992625	0.992512	0.816714	0.953204	0.954042
4170	0.919175	0.992736	0.992623	0.817083	0.953713	0.954514
4180	0.919490	0.992847	0.992733	0.817305	0.953713	0.954523
4190	0.919746	0.992902	0.992790	0.817398	0.954730	0.955461
4200	0.919908	0.993013	0.992905	0.817585	0.953713	0.954490
4210	0.920126	0.993069	0.992963	0.817763	0.954222	0.955052
4220	0.920392	0.993124	0.993021	0.818055	0.954222	0.955052
4230	0.920597	0.993180	0.993074	0.818246	0.954222	0.955052
4240	0.920881	0.993235	0.993130	0.818611	0.954222	0.955052
4250	0.921140	0.993346	0.993246	0.818946	0.954222	0.955052
4260	0.921364	0.993401	0.993303	0.818978	0.954222	0.955052
4270	0.921579	0.993457	0.993361	0.819158	0.954730	0.955461
4280	0.921803	0.993401	0.993301	0.819426	0.954730	0.955450
4290	0.921970	0.993457	0.993358	0.819570	0.954730	0.955461
4300	0.922218	0.993457	0.993358	0.819821	0.955239	0.955988
4310	0.922383	0.993512	0.993415	0.819928	0.954730	0.955461
4320	0.922632	0.993623	0.993526	0.820093	0.954730	0.955461
4330	0.922811	0.993679	0.993583	0.820257	0.954730	0.955461
4340	0.922973	0.993679	0.993581	0.820368	0.954730	0.955461
4350	0.923183	0.993734	0.993638	0.820547	0.954730	0.955449
4360	0.923376	0.993734	0.993638	0.820716	0.954730	0.955449
4370	0.923612	0.993845	0.993749	0.820949	0.954730	0.955458
4380	0.923817	0.994011	0.993916	0.821094	0.955239	0.955988
4390	0.924067	0.994011	0.993915	0.821315	0.954730	0.955578
4400	0.924251	0.994067	0.993973	0.821454	0.954730	0.955575
4410	0.924468	0.994067	0.993972	0.821673	0.954730	0.955575
4420	0.924679	0.994011	0.993915	0.821900	0.954730	0.955575
4430	0.924895	0.993956	0.993860	0.822118	0.954730	0.955575
4440	0.925112	0.993956	0.993861	0.822386	0.954730	0.955575
4450	0.925292	0.994067	0.993972	0.822367	0.954730	0.955575
4460	0.925556	0.994011	0.993917	0.822561	0.954730	0.955578
4470	0.925802	0.994067	0.993973	0.822687	0.954730	0.955575
4480	0.925965	0.994178	0.994086	0.822783	0.954730	0.955575
4490	0.926162	0.994178	0.994089	0.823000	0.954730	0.955578
4500	0.926373	0.994178	0.994087	0.823199	0.954730	0.955578
4510	0.926628	0.994289	0.994201	0.823401	0.954222	0.954994
4520	0.926861	0.994399	0.994308	0.823591	0.954730	0.955471
4530	0.927031	0.994399	0.994311	0.823744	0.954730	0.955471
4540	0.927243	0.994677	0.994590	0.823935	0.954222	0.954998
4550	0.927449	0.994677	0.994592	0.824087	0.954222	0.954975
4560	0.927624	0.994732	0.994647	0.824200	0.954730	0.955471
4570	0.927852	0.994732	0.994647	0.824374	0.954730	0.955471
4580	0.928089	0.994788	0.994704	0.824438	0.955239	0.955881
4590	0.928336	0.994843	0.994760	0.824725	0.955239	0.955881
4600	0.928523	0.994899	0.994816	0.824926	0.955239	0.955881
4610	0.928724	0.994899	0.994818	0.825112	0.955239	0.955881
4620	0.928929	0.994899	0.994815	0.825297	0.955239	0.955911
4630	0.929179	0.994954	0.994873	0.825506	0.955239	0.955911
4640	0.929352	0.994954	0.994872	0.825688	0.955239	0.955911
4650	0.929564	0.994954	0.994871	0.825826	0.955239	0.955911
4660	0.929737	0.994954	0.994870	0.826003	0.955239	0.955911
4670	0.929942	0.995065	0.994984	0.826139	0.955239	0.955911
4680	0.930158	0.995065	0.994986	0.826413	0.955239	0.955911
4690	0.930412	0.995065	0.994986	0.826679	0.955239	0.955911
4700	0.930559	0.995176	0.995101	0.826785	0.955239	0.955911
4710	0.930754	0.995287	0.995213	0.826742	0.955239	0.955911
4720	0.931028	0.995342	0.995265	0.826770	0.955239	0.955911
4730	0.931214	0.995453	0.995377	0.826953	0.955239	0.955911
4740	0.931498	0.995564	0.995490	0.827255	0.955239	0.955911
4750	0.931685	0.995675	0.995602	0.827392	0.955239	0.955911
4760	0.931885	0.995786	0.995714	0.827518	0.955239	0.955911
4770	0.932044	0.995786	0.995715	0.827576	0.955239	0.955888
4780	0.932252	0.995897	0.995827	0.827761	0.955239	0.955888
4790	0.932443	0.995841	0.995769	0.827898	0.954730	0.955368
4800	0.932624	0.995841	0.995770	0.828029	0.955239	0.955888
4810	0.932792	0.995841	0.995769	0.828161	0.955239	0.955888
4820	0.932982	0.995952	0.995881	0.828314	0.955239	0.955907
4830	0.933192	0.996063	0.995995	0.828495	0.955239	0.955907
4840	0.933369	0.996063	0.995995	0.828680	0.955239	0.955907
4850	0.933576	0.996174	0.996110	0.828830	0.955239	0.955888
4860	0.933885	0.996229	0.996166	0.829159	0.954730	0.955381
4870	0.934103	0.996229	0.996166	0.829469	0.955748	0.956411
4880	0.934286	0.996229	0.996166	0.829711	0.955748	0.956411
4890	0.934541	0.996285	0.996219	0.829908	0.955748	0.956411
4900	0.934799	0.996340	0.996276	0.830200	0.955748	0.956411
4910	0.935056	0.996340	0.996275	0.830417	0.955748	0.956411
4920	0.935253	0.996507	0.996446	0.830490	0.955748	0.956411
4930	0.935444	0.996507	0.996446	0.830742	0.955748	0.956411
4940	0.935667	0.996451	0.996388	0.830830	0.955239	0.955858
4950	0.935841	0.996507	0.996443	0.831006	0.955748	0.956362
4960	0.936077	0.996562	0.996497	0.831372	0.954730	0.955316
4970	0.936401	0.996673	0.996610	0.831611	0.955239	0.955871
4980	0.936547	0.996728	0.996666	0.831596	0.954730	0.955374
4990	0.936728	0.996784	0.996723	0.831706	0.954222	0.954801
5000	0.936904	0.996784	0.996727	0.831917	0.955239	0.955871
5010	0.937159	0.996839	0.996782	0.832190	0.954730	0.955321
5020	0.937326	0.996784	0.996727	0.832345	0.955239	0.955894
5030	0.937521	0.996895	0.996837	0.832516	0.955239	0.955894
5040	0.937712	0.996950	0.996891	0.832762	0.955748	0.956391
5050	0.937939	0.996950	0.996891	0.832951	0.956256	0.956940
5060	0.938063	0.996950	0.996890	0.832955	0.955748	0.956444
5070	0.938244	0.997061	0.997004	0.833058	0.955239	0.955894
5080	0.938439	0.997006	0.996945	0.833222	0.955748	0.956444
5090	0.938560	0.997006	0.996948	0.833314	0.955239	0.955871
5100	0.938768	0.997117	0.997063	0.833433	0.955239	0.955871
5110	0.938940	0.997117	0.997063	0.833576	0.955239	0.955894
5120	0.939086	0.997117	0.997063	0.833622	0.955239	0.955914
5130	0.939245	0.997117	0.997063	0.833745	0.955239	0.955914
5140	0.939385	0.997172	0.997118	0.833796	0.954730	0.955349
5150	0.939547	0.997117	0.997061	0.833970	0.954730	0.955349
5160	0.939752	0.997172	0.997119	0.834137	0.955239	0.955817
5170	0.939923	0.997172	0.997119	0.834243	0.955239	0.955817
5180	0.940112	0.997172	0.997119	0.834291	0.955239	0.955817
5190	0.940312	0.997227	0.997174	0.834438	0.955239	0.955808
5200	0.940475	0.997227	0.997174	0.834443	0.955239	0.955817
5210	0.940667	0.997227	0.997174	0.834703	0.955239	0.955817
5220	0.940860	0.997283	0.997229	0.834940	0.954730	0.955264
5230	0.940982	0.997283	0.997229	0.835049	0.955748	0.956209
5240	0.941118	0.997283	0.997229	0.835135	0.956765	0.957255
5250	0.941261	0.997283	0.997229	0.835226	0.957274	0.957776
5260	0.941431	0.997283	0.997229	0.835316	0.957274	0.957776
5270	0.941577	0.997338	0.997286	0.835382	0.956765	0.957283
5280	0.941727	0.997283	0.997229	0.835546	0.957274	0.957776
5290	0.941880	0.997338	0.997287	0.835710	0.957274	0.957776
5300	0.941979	0.997338	0.997286	0.835676	0.957274	0.957776
5310	0.942118	0.997338	0.997286	0.835757	0.957274	0.957776
5320	0.942247	0.997338	0.997287	0.835946	0.956765	0.957280
5330	0.942421	0.997394	0.997343	0.835943	0.956256	0.956832
5340	0.942583	0.997394	0.997344	0.836004	0.955748	0.956282
5350	0.942740	0.997449	0.997400	0.836091	0.955748	0.956282
5360	0.942899	0.997449	0.997399	0.836232	0.956256	0.956832
5370	0.943066	0.997449	0.997399	0.836409	0.955748	0.956282
5380	0.943235	0.997505	0.997455	0.836593	0.955748	0.956282
5390	0.943370	0.997505	0.997456	0.836668	0.955748	0.956282
5400	0.943531	0.997505	0.997455	0.836687	0.955748	0.956282
5410	0.943659	0.997560	0.997506	0.836822	0.955748	0.956282
5420	0.943814	0.997560	0.997506	0.837010	0.955748	0.956282
5430	0.944004	0.997616	0.997563	0.837174	0.955748	0.956282
5440	0.944157	0.997616	0.997565	0.837322	0.955748	0.956282
5450	0.944348	0.997616	0.997563	0.837553	0.955748	0.956282
5460	0.944481	0.997616	0.997567	0.837695	0.955239	0.955765
5470	0.944693	0.997727	0.997680	0.837830	0.955748	0.956282
5480	0.944886	0.997727	0.997680	0.838004	0.955239	0.955818
5490	0.945066	0.997727	0.997680	0.838392	0.955748	0.956351
5500	0.945229	0.997727	0.997680	0.838468	0.955239	0.955818
5510	0.945380	0.997782	0.997737	0.838571	0.955239	0.955818
5520	0.945516	0.997782	0.997736	0.838672	0.954730	0.955301
5530	0.945680	0.997837	0.997792	0.838806	0.954730	0.955232
5540	0.945841	0.997893	0.997848	0.838840	0.955239	0.955748
5550	0.946028	0.997948	0.997904	0.838945	0.955748	0.956351
5560	0.946157	0.998004	0.997961	0.839104	0.955239	0.955818
5570	0.946323	0.998059	0.998017	0.839268	0.955748	0.956371
5580	0.946488	0.998059	0.998016	0.839374	0.955748	0.956371
5590	0.946671	0.998059	0.998017	0.839712	0.955748	0.956371
5600	0.946818	0.998059	0.998017	0.839892	0.955748	0.956371
5610	0.946931	0.998059	0.998016	0.839974	0.955748	0.956371
5620	0.947122	0.998059	0.998016	0.839956	0.956256	0.956946
5630	0.947314	0.998059	0.998016	0.840107	0.956765	0.957457
5640	0.947415	0.998059	0.998016	0.840219	0.956765	0.957457
5650	0.947560	0.998059	0.998016	0.840385	0.956765	0.957457
5660	0.947667	0.998004	0.997961	0.840551	0.956765	0.957457
5670	0.947789	0.998004	0.997961	0.840630	0.956765	0.957457
5680	0.947925	0.998004	0.997960	0.840760	0.956765	0.957457
5690	0.948069	0.998004	0.997960	0.840859	0.956765	0.957457
5700	0.948226	0.998059	0.998016	0.841007	0.956765	0.957457
5710	0.948344	0.998059	0.998017	0.841131	0.956765	0.957457
5720	0.948515	0.998059	0.998017	0.841172	0.956765	0.957487
5730	0.948623	0.998059	0.998017	0.841229	0.956765	0.957457
5740	0.948776	0.998115	0.998072	0.841377	0.956765	0.957457
5750	0.948928	0.998115	0.998072	0.841469	0.956765	0.957457
5760	0.949050	0.998170	0.998129	0.841604	0.956765	0.957457
5770	0.949179	0.998170	0.998129	0.841744	0.956765	0.957457
5780	0.949323	0.998170	0.998129	0.841868	0.956765	0.957457
5790	0.949446	0.998226	0.998187	0.842039	0.956765	0.957457
5800	0.949585	0.998226	0.998187	0.842197	0.956765	0.957487
5810	0.949725	0.998226	0.998187	0.842157	0.957274	0.957965
5820	0.949861	0.998281	0.998243	0.842113	0.957274	0.957934
5830	0.949972	0.998336	0.998300	0.842229	0.957274	0.957934
5840	0.950113	0.998336	0.998300	0.842388	0.956765	0.957348
5850	0.950254	0.998336	0.998300	0.842515	0.957274	0.957895
5860	0.950361	0.998336	0.998299	0.842551	0.956765	0.957372
5870	0.950496	0.998392	0.998357	0.842658	0.956765	0.957372
5880	0.950629	0.998392	0.998357	0.842791	0.956765	0.957372
5890	0.950789	0.998392	0.998357	0.842859	0.956765	0.957372
5900	0.950916	0.998447	0.998409	0.842976	0.956765	0.957372
5910	0.951086	0.998447	0.998411	0.843198	0.956765	0.957375
5920	0.951240	0.998447	0.998411	0.843294	0.956256	0.956897
5930	0.951402	0.998447	0.998409	0.843374	0.956256	0.956967
5940	0.951561	0.998447	0.998411	0.843502	0.956765	0.957470
5950	0.951693	0.998447	0.998411	0.843714	0.956765	0.957470
5960	0.951832	0.998503	0.998468	0.843776	0.956765	0.957401
5970	0.951961	0.998503	0.998468	0.843906	0.957274	0.957921
5980	0.952113	0.998558	0.998525	0.843959	0.957274	0.957894
5990	0.952225	0.998558	0.998525	0.844159	0.956765	0.957374
6000	0.952387	0.998614	0.998584	0.843796	0.956765	0.957374
6010	0.952510	0.998614	0.998584	0.843938	0.957274	0.957894
6020	0.952679	0.998558	0.998525	0.844286	0.957782	0.958372
6030	0.952799	0.998614	0.998579	0.844335	0.956765	0.957374
6040	0.952891	0.998614	0.998579	0.844450	0.956765	0.957374
6050	0.953020	0.998614	0.998579	0.844630	0.957782	0.958422
6060	0.953142	0.998614	0.998579	0.844712	0.957274	0.957940
6070	0.953272	0.998725	0.998693	0.844828	0.957782	0.958536
6080	0.953372	0.998669	0.998635	0.844989	0.957274	0.958006
6090	0.953492	0.998725	0.998693	0.845089	0.957274	0.958006
6100	0.953626	0.998725	0.998696	0.845185	0.957274	0.958006
6110	0.953764	0.998780	0.998753	0.845250	0.957274	0.958006
6120	0.953877	0.998836	0.998807	0.845429	0.957274	0.958006
6130	0.953989	0.998836	0.998807	0.845535	0.957274	0.958006
6140	0.954096	0.998836	0.998807	0.845729	0.957782	0.958488
6150	0.954191	0.998836	0.998807	0.845807	0.957782	0.958488
6160	0.954276	0.998836	0.998805	0.845893	0.957782	0.958537
6170	0.954409	0.998836	0.998805	0.845999	0.957782	0.958537
6180	0.954493	0.998836	0.998804	0.846062	0.957782	0.958567
6190	0.954606	0.998836	0.998805	0.846176	0.957782	0.958567
6200	0.954755	0.998836	0.998805	0.846366	0.957274	0.958044
6210	0.954851	0.998836	0.998805	0.846418	0.957274	0.958044
6220	0.954975	0.998836	0.998805	0.846541	0.957274	0.958044
6230	0.955082	0.998836	0.998805	0.846632	0.957274	0.958044
6240	0.955186	0.998836	0.998805	0.846778	0.957274	0.958044
6250	0.955300	0.998836	0.998805	0.846838	0.957274	0.958044
6260	0.955421	0.998836	0.998805	0.846927	0.957274	0.958044
6270	0.955534	0.998891	0.998861	0.847026	0.957274	0.958044
6280	0.955641	0.998891	0.998861	0.847163	0.957274	0.958044
6290	0.955766	0.998891	0.998861	0.847281	0.956765	0.957562
6300	0.955880	0.998946	0.998919	0.847345	0.956765	0.957565
6310	0.956025	0.998946	0.998919	0.847438	0.956256	0.957042
6320	0.956165	0.999002	0.998976	0.847490	0.956256	0.957042
6330	0.956270	0.999002	0.998976	0.847539	0.956256	0.957042
6340	0.956371	0.998946	0.998919	0.847689	0.956256	0.957042
6350	0.956479	0.999057	0.999034	0.847774	0.957274	0.957935
6360	0.956583	0.999057	0.999034	0.847752	0.957274	0.957935
6370	0.956706	0.999113	0.999091	0.847843	0.957274	0.957935
6380	0.956797	0.999113	0.999091	0.847914	0.957274	0.957935
6390	0.956900	0.999057	0.999033	0.848032	0.956765	0.957502
6400	0.957023	0.999113	0.999091	0.848170	0.956765	0.957502
6410	0.957127	0.999168	0.999146	0.848278	0.957274	0.958028
6420	0.957222	0.999168	0.999146	0.848389	0.957274	0.958028
6430	0.957323	0.999168	0.999146	0.848456	0.957274	0.958038
6440	0.957418	0.999168	0.999146	0.848521	0.957274	0.957987
6450	0.957520	0.999168	0.999146	0.848584	0.957274	0.957987
6460	0.957616	0.999224	0.999202	0.848699	0.956765	0.957557
6470	0.957717	0.999224	0.999202	0.848765	0.956765	0.957557
6480	0.957818	0.999168	0.999144	0.848827	0.957274	0.957987
6490	0.957910	0.999224	0.999202	0.848999	0.956765	0.957557
6500	0.958005	0.999224	0.999202	0.849122	0.956765	0.957453
6510	0.958120	0.999224	0.999202	0.849161	0.957274	0.957987
6520	0.958243	0.999224	0.999202	0.849207	0.957274	0.957987
6530	0.958337	0.999335	0.999319	0.849278	0.957274	0.957987
6540	0.958439	0.999335	0.999319	0.849406	0.956765	0.957557
6550	0.958532	0.999335	0.999319	0.849467	0.956765	0.957557
6560	0.958643	0.999335	0.999319	0.849640	0.957274	0.957987
6570	0.958743	0.999335	0.999319	0.849748	0.957782	0.958517
6580	0.958835	0.999335	0.999319	0.849853	0.957274	0.958087
6590	0.958950	0.999335	0.999319	0.849944	0.957782	0.958517
6600	0.959032	0.999335	0.999319	0.849996	0.957782	0.958517
6610	0.959128	0.999335	0.999319	0.850057	0.957274	0.957987
6620	0.959220	0.999335	0.999319	0.850092	0.957274	0.957987
6630	0.959311	0.999335	0.999319	0.850148	0.957274	0.957987
6640	0.959412	0.999390	0.999376	0.850064	0.957274	0.957987
6650	0.959499	0.999390	0.999376	0.850181	0.957274	0.957987
6660	0.959621	0.999390	0.999376	0.850265	0.957274	0.957987
6670	0.959715	0.999445	0.999432	0.850332	0.957274	0.957987
6680	0.959791	0.999445	0.999432	0.850347	0.957274	0.957987
6690	0.959903	0.999445	0.999432	0.850345	0.957274	0.957987
6700	0.960008	0.999445	0.999432	0.850451	0.957274	0.957987
6710	0.960120	0.999445	0.999432	0.850615	0.957274	0.957987
6720	0.960210	0.999445	0.999433	0.850692	0.957274	0.957987
6730	0.960324	0.999445	0.999433	0.850796	0.957274	0.957987
6740	0.960414	0.999445	0.999433	0.850831	0.957274	0.957987
6750	0.960523	0.999445	0.999432	0.851030	0.957274	0.957987
6760	0.960621	0.999445	0.999432	0.851118	0.957274	0.957987
6770	0.960732	0.999445	0.999433	0.851266	0.957274	0.957981
6780	0.960811	0.999445	0.999433	0.851292	0.957274	0.957987
6790	0.960900	0.999445	0.999433	0.851360	0.957274	0.957987
6800	0.960985	0.999445	0.999433	0.851424	0.957274	0.957987
6810	0.961096	0.999445	0.999433	0.851522	0.958291	0.958999
6820	0.961175	0.999445	0.999433	0.851610	0.958800	0.959437
6830	0.961280	0.999445	0.999433	0.851730	0.958800	0.959431
6840	0.961397	0.999445	0.999433	0.851849	0.958291	0.958949
6850	0.961486	0.999445	0.999433	0.851964	0.958291	0.958955
6860	0.961575	0.999445	0.999433	0.852072	0.958291	0.958955
6870	0.961671	0.999445	0.999433	0.852095	0.958291	0.958955
6880	0.961767	0.999445	0.999433	0.852242	0.958291	0.958955
6890	0.961859	0.999445	0.999433	0.852306	0.958291	0.958955
6900	0.961945	0.999445	0.999433	0.852396	0.958291	0.958955
6910	0.962012	0.999445	0.999433	0.852445	0.958291	0.958955
6920	0.962089	0.999445	0.999433	0.852473	0.958291	0.958955
6930	0.962175	0.999445	0.999433	0.852646	0.958291	0.958955
6940	0.962240	0.999445	0.999433	0.852721	0.958291	0.958955
6950	0.962309	0.999445	0.999433	0.852770	0.958291	0.958955
6960	0.962385	0.999445	0.999433	0.852845	0.958291	0.958955
6970	0.962482	0.999501	0.999488	0.852915	0.958291	0.958955
6980	0.962560	0.999556	0.999544	0.852989	0.958291	0.958955
6990	0.962640	0.999556	0.999544	0.853059	0.958291	0.958955
7000	0.962740	0.999556	0.999544	0.853124	0.958291	0.958949
7010	0.962835	0.999556	0.999544	0.853119	0.958291	0.958949
7020	0.962937	0.999556	0.999544	0.853179	0.958291	0.958949
7030	0.963027	0.999556	0.999544	0.853285	0.958291	0.958955
7040	0.963106	0.999556	0.999546	0.853379	0.957782	0.958517
7050	0.963170	0.999556	0.999546	0.853505	0.958291	0.958955
7060	0.963242	0.999556	0.999546	0.853644	0.958291	0.958949
7070	0.963325	0.999556	0.999546	0.853723	0.958291	0.958955
7080	0.963426	0.999556	0.999546	0.853511	0.957782	0.958392
7090	0.963511	0.999556	0.999546	0.853518	0.957782	0.958392
7100	0.963604	0.999556	0.999546	0.853572	0.957782	0.958471
7110	0.963707	0.999556	0.999546	0.853646	0.957782	0.958471
7120	0.963781	0.999556	0.999546	0.853707	0.957782	0.958471
7130	0.963858	0.999556	0.999546	0.853821	0.957782	0.958518
7140	0.963921	0.999556	0.999546	0.853877	0.957782	0.958471
7150	0.964006	0.999556	0.999546	0.853960	0.957782	0.958471
7160	0.964072	0.999556	0.999546	0.854045	0.957782	0.958471
7170	0.964168	0.999556	0.999546	0.854099	0.957782	0.958471
7180	0.964246	0.999556	0.999546	0.854024	0.957782	0.958518
7190	0.964312	0.999556	0.999546	0.854062	0.957274	0.958002
7200	0.964381	0.999556	0.999546	0.854102	0.957782	0.958518
7210	0.964448	0.999556	0.999546	0.854166	0.957782	0.958518
7220	0.964517	0.999556	0.999546	0.854206	0.957782	0.958518
7230	0.964589	0.999556	0.999544	0.854202	0.957782	0.958518
7240	0.964697	0.999556	0.999544	0.854407	0.958291	0.959036
7250	0.964770	0.999556	0.999544	0.854429	0.958291	0.959036
7260	0.964838	0.999556	0.999544	0.854461	0.958291	0.959036
7270	0.964910	0.999556	0.999544	0.854551	0.958291	0.959036
7280	0.965053	0.999556	0.999544	0.854646	0.958291	0.959036
7290	0.965123	0.999556	0.999544	0.854729	0.958291	0.959036
7300	0.965195	0.999556	0.999544	0.854799	0.958291	0.959036
7310	0.965262	0.999556	0.999544	0.854848	0.958291	0.959036
7320	0.965332	0.999556	0.999544	0.854857	0.958291	0.959036
7330	0.965411	0.999556	0.999544	0.854958	0.958800	0.959469
7340	0.965509	0.999556	0.999544	0.855044	0.958291	0.959036
7350	0.965577	0.999556	0.999544	0.855124	0.958800	0.959469
7360	0.965632	0.999556	0.999544	0.855187	0.958800	0.959469
7370	0.965701	0.999556	0.999544	0.855262	0.958800	0.959469
7380	0.965762	0.999556	0.999544	0.855270	0.958800	0.959469
7390	0.965828	0.999556	0.999544	0.855369	0.958800	0.959469
7400	0.965895	0.999556	0.999544	0.855431	0.958800	0.959469
7410	0.965965	0.999556	0.999544	0.855526	0.958800	0.959469
7420	0.966030	0.999556	0.999544	0.855544	0.958800	0.959469
7430	0.966094	0.999556	0.999544	0.855614	0.958800	0.959469
7440	0.966167	0.999612	0.999600	0.855632	0.958800	0.959469
7450	0.966233	0.999556	0.999544	0.855615	0.958800	0.959469
7460	0.966311	0.999556	0.999544	0.855720	0.958800	0.959469
7470	0.966404	0.999612	0.999600	0.855820	0.958800	0.959469
7480	0.966467	0.999612	0.999600	0.855934	0.959308	0.960031
7490	0.966543	0.999612	0.999600	0.856049	0.959308	0.960031
7500	0.966621	0.999612	0.999600	0.856115	0.959308	0.960031
7510	0.966730	0.999612	0.999600	0.856234	0.959308	0.960031
7520	0.966796	0.999612	0.999600	0.856292	0.959308	0.960031
7530	0.966868	0.999612	0.999600	0.856397	0.958800	0.959598
7540	0.966957	0.999612	0.999600	0.856452	0.959308	0.960031
7550	0.967036	0.999612	0.999600	0.856614	0.959308	0.960031
7560	0.967096	0.999612	0.999600	0.856635	0.959308	0.960031
7570	0.967151	0.999612	0.999600	0.856683	0.959308	0.960031
7580	0.967201	0.999612	0.999600	0.856769	0.959308	0.960031
7590	0.967259	0.999612	0.999600	0.856836	0.959308	0.960031
7600	0.967317	0.999612	0.999600	0.856891	0.959308	0.960031
7610	0.967372	0.999612	0.999600	0.856965	0.959308	0.960031
7620	0.967437	0.999612	0.999600	0.857040	0.959308	0.960031
7630	0.967487	0.999612	0.999600	0.857082	0.959308	0.960031
7640	0.967532	0.999612	0.999600	0.857134	0.958800	0.959469
7650	0.967592	0.999612	0.999600	0.857183	0.958800	0.959469
7660	0.967644	0.999612	0.999600	0.857203	0.958800	0.959469
7670	0.967707	0.999612	0.999600	0.857325	0.958800	0.959469
7680	0.967768	0.999612	0.999601	0.857360	0.959308	0.959901
7690	0.967824	0.999612	0.999601	0.857419	0.959308	0.959901
7700	0.967876	0.999612	0.999601	0.857419	0.959308	0.959901
7710	0.967945	0.999612	0.999601	0.857486	0.959308	0.959901
7720	0.967998	0.999612	0.999601	0.857534	0.958800	0.959467
7730	0.968048	0.999612	0.999601	0.857573	0.958800	0.959467
7740	0.968106	0.999612	0.999601	0.857664	0.958800	0.959467
7750	0.968173	0.999612	0.999601	0.857709	0.959308	0.959901
7760	0.968264	0.999612	0.999601	0.857793	0.958800	0.959467
7770	0.968306	0.999612	0.999601	0.857803	0.958800	0.959467
7780	0.968382	0.999612	0.999601	0.857760	0.958800	0.959467
7790	0.968454	0.999612	0.999601	0.857841	0.958800	0.959467
7800	0.968522	0.999667	0.999658	0.857916	0.959308	0.959901
7810	0.968585	0.999667	0.999658	0.857974	0.958800	0.959433
7820	0.968659	0.999667	0.999658	0.858051	0.958800	0.959433
7830	0.968722	0.999667	0.999658	0.858090	0.958800	0.959377
7840	0.968783	0.999667	0.999658	0.858226	0.959308	0.959939
7850	0.968834	0.999667	0.999658	0.858277	0.958800	0.959464
7860	0.968901	0.999667	0.999658	0.858310	0.959817	0.960466
7870	0.968957	0.999667	0.999658	0.858342	0.959308	0.959991
7880	0.969022	0.999667	0.999658	0.858464	0.959308	0.959991
7890	0.969082	0.999667	0.999658	0.858600	0.959308	0.959991
7900	0.969138	0.999667	0.999658	0.858650	0.959308	0.959991
7910	0.969199	0.999667	0.999658	0.858692	0.959308	0.959991
7920	0.969243	0.999667	0.999658	0.858689	0.959308	0.959991
7930	0.969323	0.999667	0.999658	0.858750	0.959308	0.959989
7940	0.969375	0.999667	0.999658	0.858832	0.958800	0.959462
7950	0.969423	0.999667	0.999658	0.858890	0.958800	0.959462
7960	0.969480	0.999667	0.999658	0.858945	0.958800	0.959462
7970	0.969534	0.999667	0.999658	0.858961	0.958800	0.959462
7980	0.969592	0.999723	0.999716	0.859066	0.958291	0.958907
7990	0.969647	0.999778	0.999773	0.859107	0.958291	0.958907
8000	0.969711	0.999778	0.999773	0.859177	0.958291	0.958907
8010	0.969768	0.999778	0.999773	0.859304	0.958800	0.959462
8020	0.969827	0.999778	0.999773	0.859405	0.958291	0.958907
8030	0.969895	0.999778	0.999774	0.859450	0.958291	0.958907
8040	0.969934	0.999834	0.999831	0.859432	0.958291	0.958907
8050	0.969987	0.999834	0.999831	0.859421	0.958800	0.959433
8060	0.970041	0.999834	0.999831	0.859487	0.958800	0.959433
8070	0.970110	0.999834	0.999831	0.859571	0.958291	0.958998
8080	0.970171	0.999834	0.999831	0.859715	0.958800	0.959433
8090	0.970233	0.999834	0.999831	0.859759	0.958291	0.958998
8100	0.970289	0.999834	0.999831	0.859815	0.958800	0.959554
8110	0.970354	0.999834	0.999831	0.859979	0.958800	0.959554
8120	0.970404	0.999834	0.999831	0.860040	0.958800	0.959554
8130	0.970459	0.999834	0.999831	0.860094	0.958800	0.959554
8140	0.970528	0.999834	0.999831	0.860183	0.958800	0.959554
8150	0.970584	0.999834	0.999831	0.860218	0.958291	0.959027
8160	0.970629	0.999834	0.999831	0.860259	0.958291	0.959027
8170	0.970693	0.999834	0.999831	0.860253	0.958291	0.959027
8180	0.970747	0.999834	0.999831	0.860325	0.958291	0.959027
8190	0.970791	0.999889	0.999887	0.860362	0.958291	0.959027
8200	0.970847	0.999889	0.999887	0.860439	0.958800	0.959554
8210	0.970901	0.999889	0.999887	0.860484	0.958800	0.959554
8220	0.970942	0.999889	0.999887	0.860496	0.958800	0.959554
8230	0.970999	0.999889	0.999887	0.860529	0.959308	0.960036
8240	0.971062	0.999889	0.999887	0.860517	0.959308	0.960036
8250	0.971113	0.999889	0.999887	0.860531	0.959308	0.960036
8260	0.971169	0.999889	0.999887	0.860599	0.959308	0.960036
8270	0.971226	0.999889	0.999887	0.860640	0.959308	0.960036
8280	0.971279	0.999889	0.999887	0.860684	0.959308	0.960036
8290	0.971336	0.999889	0.999887	0.860747	0.959308	0.960036
8300	0.971381	0.999889	0.999887	0.860828	0.959308	0.960036
8310	0.971431	0.999889	0.999887	0.860902	0.959308	0.960036
8320	0.971478	0.999889	0.999887	0.860922	0.959308	0.960036
8330	0.971523	0.999889	0.999887	0.860991	0.959308	0.960036
8340	0.971566	0.999889	0.999887	0.861039	0.959308	0.960036
8350	0.971644	0.999889	0.999887	0.861096	0.959308	0.960036
8360	0.971704	0.999889	0.999887	0.861122	0.959308	0.960036
8370	0.971751	0.999889	0.999887	0.861196	0.959308	0.960036
8380	0.971801	0.999889	0.999887	0.861244	0.959308	0.960036
8390	0.971859	0.999889	0.999887	0.861291	0.959308	0.960036
8400	0.971912	0.999889	0.999887	0.861331	0.959308	0.960036
8410	0.971949	0.999889	0.999887	0.861431	0.959308	0.960036
8420	0.971993	0.999889	0.999887	0.861533	0.959308	0.960036
8430	0.972041	0.999889	0.999887	0.861588	0.959308	0.960036
8440	0.972087	0.999889	0.999887	0.861647	0.959308	0.960036
8450	0.972136	0.999889	0.999887	0.861673	0.959308	0.960036
8460	0.972174	0.999889	0.999887	0.861714	0.959308	0.960036
8470	0.972224	0.999889	0.999887	0.861686	0.959308	0.960036
8480	0.972266	0.999889	0.999887	0.861771	0.959308	0.960036
8490	0.972319	0.999889	0.999887	0.861799	0.959817	0.960476
8500	0.972374	0.999889	0.999887	0.861882	0.959817	0.960476
8510	0.972419	0.999889	0.999887	0.861964	0.959817	0.960476
8520	0.972462	0.999889	0.999887	0.862012	0.959817	0.960476
8530	0.972506	0.999889	0.999887	0.862058	0.959308	0.960036
8540	0.972557	0.999889	0.999887	0.862115	0.959308	0.960036
8550	0.972605	0.999889	0.999887	0.862194	0.959308	0.960036
8560	0.972659	0.999889	0.999887	0.862309	0.959817	0.960476
8570	0.972709	0.999889	0.999887	0.862340	0.959817	0.960476
8580	0.972753	0.999945	0.999943	0.862402	0.959817	0.960476
8590	0.972793	0.999945	0.999943	0.862502	0.959308	0.960036
8600	0.972836	0.999945	0.999943	0.862515	0.959308	0.960036
8610	0.972885	0.999945	0.999943	0.862563	0.959308	0.960036
8620	0.972944	0.999945	0.999943	0.862586	0.959308	0.960036
8630	0.972982	0.999945	0.999943	0.862674	0.959817	0.960476
8640	0.973027	0.999945	0.999943	0.862704	0.959308	0.960036
8650	0.973086	0.999945	0.999943	0.862764	0.959308	0.960036
8660	0.973131	0.999945	0.999943	0.862833	0.958800	0.959509
8670	0.973172	0.999945	0.999943	0.862897	0.958800	0.959509
8680	0.973219	0.999945	0.999943	0.862942	0.958800	0.959509
8690	0.973256	0.999945	0.999943	0.862910	0.958800	0.959509
8700	0.973299	0.999945	0.999943	0.862983	0.958800	0.959509
8710	0.973335	0.999945	0.999943	0.863000	0.959308	0.959949
8720	0.973393	0.999945	0.999943	0.863060	0.959308	0.959949
8730	0.973432	0.999945	0.999943	0.863123	0.959308	0.959949
8740	0.973483	0.999945	0.999943	0.863128	0.959308	0.959949
8750	0.973517	0.999945	0.999943	0.863156	0.959308	0.959949
8760	0.973556	0.999945	0.999943	0.863227	0.959308	0.959949
8770	0.973603	0.999945	0.999943	0.863277	0.959308	0.959949
8780	0.973640	0.999945	0.999943	0.863270	0.959308	0.959949
8790	0.973692	0.999945	0.999943	0.863341	0.959817	0.960462
8800	0.973742	0.999945	0.999943	0.863371	0.959308	0.959949
8810	0.973784	0.999945	0.999943	0.863417	0.959308	0.959949
8820	0.973828	0.999945	0.999943	0.863414	0.959308	0.959949
8830	0.973859	0.999945	0.999943	0.863421	0.959308	0.959949
8840	0.973905	0.999945	0.999943	0.863453	0.959817	0.960404
8850	0.973944	0.999945	0.999943	0.863511	0.959817	0.960404
8860	0.973982	0.999945	0.999943	0.863539	0.959817	0.960404
8870	0.974029	0.999945	0.999943	0.863539	0.959817	0.960404
8880	0.974063	0.999945	0.999943	0.863589	0.959817	0.960404
8890	0.974102	0.999945	0.999943	0.863625	0.959817	0.960404
8900	0.974137	0.999945	0.999943	0.863682	0.959817	0.960404
8910	0.974178	0.999945	0.999943	0.863712	0.960326	0.960917
8920	0.974210	0.999945	0.999943	0.863742	0.960326	0.960917
8930	0.974254	0.999945	0.999943	0.863852	0.960326	0.960917
8940	0.974296	0.999945	0.999943	0.863924	0.960326	0.960917
8950	0.974349	0.999945	0.999943	0.863963	0.960326	0.960917
8960	0.974395	0.999945	0.999943	0.863994	0.960326	0.960917
8970	0.974429	0.999945	0.999943	0.864057	0.960326	0.960917
8980	0.974477	0.999945	0.999943	0.864099	0.960326	0.960917
8990	0.974529	0.999945	0.999943	0.864147	0.959817	0.960404
9000	0.974564	0.999945	0.999943	0.864177	0.959817	0.960462
9010	0.974610	0.999945	0.999943	0.864260	0.959817	0.960462
9020	0.974646	0.999945	0.999943	0.864289	0.959817	0.960462
9030	0.974689	0.999945	0.999943	0.864294	0.959817	0.960462
9040	0.974723	0.999945	0.999943	0.864323	0.958800	0.959462
9050	0.974765	0.999945	0.999943	0.864302	0.958800	0.959462
9060	0.974806	0.999945	0.999943	0.864341	0.958800	0.959462
9070	0.974858	0.999945	0.999943	0.864324	0.958800	0.959532
9080	0.974899	0.999945	0.999943	0.864346	0.958800	0.959532
9090	0.974937	1.000000	1.000000	0.864372	0.958800	0.959462
9100	0.974980	1.000000	1.000000	0.864451	0.958800	0.959462
