10	0.069665	0.382942	0.361830	0.067739	0.364265	0.331339
20	0.107840	0.616223	0.628062	0.105538	0.601678	0.615098
30	0.155332	0.681151	0.687913	0.152441	0.681639	0.689188
40	0.192596	0.715867	0.716908	0.187944	0.703850	0.707051
50	0.223142	0.733337	0.734235	0.217939	0.722606	0.724440
60	0.249614	0.750918	0.751085	0.243124	0.750740	0.750895
70	0.273257	0.761378	0.760245	0.267703	0.756663	0.756266
80	0.295952	0.771503	0.769943	0.288669	0.765054	0.763870
90	0.316713	0.780794	0.778240	0.308046	0.769497	0.767703
100	0.335878	0.794258	0.790888	0.325796	0.778381	0.775481
110	0.350303	0.802771	0.799159	0.338006	0.790227	0.785992
120	0.366751	0.809224	0.804834	0.353926	0.802073	0.796093
130	0.378710	0.816179	0.811017	0.364441	0.804541	0.798812
140	0.390639	0.822243	0.815990	0.375984	0.808983	0.803027
150	0.406326	0.829031	0.821375	0.389130	0.814906	0.807260
160	0.418151	0.835151	0.826365	0.399856	0.823791	0.814835
170	0.428799	0.840714	0.831447	0.408698	0.824284	0.815854
180	0.442853	0.846501	0.836270	0.421876	0.830207	0.821180
190	0.453929	0.851007	0.840445	0.430848	0.834650	0.825490
200	0.461935	0.853622	0.842617	0.437730	0.836624	0.827009
210	0.472121	0.857628	0.846132	0.447168	0.841066	0.830921
220	0.482846	0.863080	0.850966	0.456578	0.847976	0.837057
230	0.490634	0.865695	0.853532	0.463201	0.851925	0.840757
240	0.498777	0.867587	0.854494	0.471029	0.853406	0.841582
250	0.506682	0.871314	0.857838	0.478361	0.858835	0.846266
260	0.513317	0.874152	0.860753	0.482933	0.861797	0.849416
270	0.520122	0.875988	0.862336	0.488581	0.864758	0.852085
280	0.527018	0.878936	0.865198	0.494343	0.864758	0.852152
290	0.533605	0.880438	0.866753	0.499184	0.865745	0.852736
300	0.538938	0.882274	0.868270	0.503366	0.865745	0.853194
310	0.546042	0.884834	0.870435	0.507724	0.866732	0.853639
320	0.551553	0.887003	0.872582	0.511728	0.868707	0.855402
330	0.558276	0.888506	0.873954	0.517536	0.869200	0.856227
340	0.563519	0.890620	0.875959	0.521803	0.869694	0.856882
350	0.568650	0.892289	0.877513	0.525909	0.871175	0.858151
360	0.572963	0.893902	0.878879	0.529109	0.872162	0.858623
370	0.577780	0.895850	0.880858	0.533274	0.874136	0.861045
380	0.582529	0.896740	0.881548	0.537515	0.874136	0.860611
390	0.588152	0.898743	0.883406	0.542888	0.877098	0.863132
400	0.592802	0.899688	0.884270	0.546506	0.876111	0.861932
410	0.598167	0.901803	0.886281	0.551437	0.877591	0.863316
420	0.602783	0.902693	0.887095	0.554895	0.878578	0.864365
430	0.607349	0.905141	0.889428	0.558807	0.881046	0.866372
440	0.611401	0.906420	0.890615	0.562502	0.880553	0.866120
450	0.615646	0.908089	0.892109	0.566439	0.883021	0.868424
460	0.619539	0.909981	0.893890	0.569890	0.885489	0.870771
470	0.623031	0.910426	0.894348	0.572608	0.885489	0.870806
480	0.626222	0.911984	0.895731	0.575078	0.885982	0.871380
490	0.629577	0.913041	0.896735	0.577810	0.887463	0.872746
500	0.633022	0.913820	0.897422	0.581076	0.886476	0.871673
510	0.638324	0.914376	0.897902	0.585450	0.888450	0.873285
520	0.642245	0.916045	0.899493	0.588898	0.888450	0.873411
530	0.645147	0.917214	0.900467	0.591580	0.888944	0.873949
540	0.648429	0.918271	0.901424	0.593939	0.889437	0.874437
550	0.651986	0.919996	0.903009	0.596687	0.888944	0.873585
560	0.655050	0.920997	0.903959	0.598851	0.890918	0.875502
570	0.658221	0.922221	0.905121	0.601519	0.890424	0.875328
580	0.661971	0.923890	0.906670	0.604276	0.890918	0.875815
590	0.664380	0.924335	0.907004	0.606614	0.891905	0.876712
600	0.667112	0.924613	0.907236	0.608536	0.890918	0.875695
610	0.669480	0.925170	0.907649	0.610587	0.890918	0.875683
620	0.672216	0.926171	0.908535	0.612697	0.892399	0.876870
630	0.675042	0.927284	0.909586	0.615167	0.894373	0.878419
640	0.677575	0.927896	0.910107	0.617280	0.895360	0.879407
650	0.681035	0.928953	0.911148	0.619596	0.896841	0.880950
660	0.683302	0.929009	0.911138	0.621471	0.895360	0.879054
670	0.685675	0.930066	0.912152	0.623143	0.896841	0.880565
680	0.688555	0.930233	0.912281	0.625889	0.896841	0.880619
690	0.690705	0.931067	0.912876	0.627432	0.897828	0.881270
700	0.692914	0.931512	0.913303	0.629400	0.900296	0.883702
710	0.694862	0.932347	0.914131	0.630846	0.899803	0.883247
720	0.697317	0.933126	0.914838	0.632656	0.900296	0.883568
730	0.699382	0.933348	0.915119	0.634612	0.900296	0.883456
740	0.700846	0.933571	0.915240	0.635822	0.900790	0.884160
750	0.703277	0.934016	0.915667	0.637251	0.902270	0.885576
760	0.704838	0.934350	0.915975	0.638460	0.901777	0.885068
770	0.706613	0.934795	0.916394	0.639804	0.901283	0.884702
780	0.708819	0.935518	0.917115	0.641596	0.902764	0.886089
790	0.710886	0.936353	0.917910	0.643239	0.902764	0.886200
800	0.712642	0.936798	0.918296	0.645008	0.903258	0.886535
810	0.714333	0.937131	0.918609	0.646011	0.903751	0.887094
820	0.715999	0.937410	0.918897	0.647390	0.904738	0.888098
830	0.717537	0.937743	0.919197	0.648868	0.904245	0.887313
840	0.718882	0.938022	0.919496	0.649791	0.904738	0.888037
850	0.720461	0.938300	0.919710	0.651363	0.905726	0.888845
860	0.721838	0.939079	0.920476	0.652496	0.906219	0.889162
870	0.723344	0.939079	0.920460	0.653937	0.905726	0.888796
880	0.725012	0.939468	0.920822	0.655067	0.906713	0.889618
890	0.726780	0.940024	0.921328	0.656843	0.906713	0.889637
900	0.728466	0.940525	0.921815	0.658051	0.906713	0.889569
910	0.730061	0.940636	0.921938	0.659455	0.906713	0.889573
920	0.731850	0.941137	0.922382	0.661207	0.907700	0.890559
930	0.733974	0.941860	0.923083	0.662897	0.908193	0.890923
940	0.735607	0.942806	0.923963	0.664160	0.909181	0.891722
950	0.737634	0.943307	0.924503	0.665313	0.908687	0.891245
960	0.738970	0.943696	0.924839	0.666187	0.908687	0.891239
970	0.740481	0.943863	0.925016	0.667573	0.908687	0.891234
980	0.741600	0.944197	0.925424	0.668647	0.909674	0.892101
990	0.742996	0.944308	0.925544	0.669688	0.909674	0.892101
1000	0.744661	0.944865	0.926055	0.671097	0.910168	0.892514
1010	0.746004	0.945032	0.926185	0.671966	0.910168	0.892543
1020	0.747420	0.945421	0.926541	0.673214	0.910661	0.893137
1030	0.748832	0.945755	0.926905	0.673909	0.910168	0.892988
1040	0.750101	0.946478	0.927582	0.675227	0.909674	0.892329
1050	0.751317	0.946645	0.927742	0.676126	0.910661	0.893503
1060	0.752693	0.946812	0.927857	0.677394	0.910661	0.893461
1070	0.753868	0.947202	0.928248	0.678177	0.910661	0.893480
1080	0.755057	0.947535	0.928568	0.678829	0.911155	0.893887
1090	0.756445	0.947647	0.928707	0.680054	0.911155	0.893810
1100	0.757937	0.947869	0.928874	0.681064	0.911155	0.893777
1110	0.758958	0.947980	0.928973	0.681933	0.911155	0.893702
1120	0.760058	0.948203	0.929191	0.682479	0.911155	0.893716
1130	0.761016	0.948426	0.929401	0.683123	0.911155	0.893635
1140	0.761892	0.948592	0.929576	0.683885	0.910661	0.893122
1150	0.762816	0.948759	0.929774	0.684774	0.911649	0.894106
1160	0.763650	0.948982	0.929953	0.685606	0.911649	0.894100
1170	0.764968	0.949371	0.930280	0.686723	0.912142	0.894634
1180	0.766021	0.949483	0.930453	0.687716	0.911649	0.894066
1190	0.767006	0.949649	0.930609	0.688533	0.912636	0.895101
1200	0.768053	0.949649	0.930677	0.689572	0.912636	0.894961
1210	0.769074	0.950373	0.931272	0.690354	0.912636	0.895093
1220	0.769881	0.950762	0.931660	0.690989	0.912142	0.894469
1230	0.771025	0.950818	0.931711	0.691908	0.912636	0.894840
1240	0.772017	0.950762	0.931684	0.692742	0.912636	0.895187
1250	0.773034	0.950873	0.931760	0.693586	0.914116	0.896282
1260	0.773901	0.950985	0.931866	0.694196	0.914610	0.896703
1270	0.774504	0.951040	0.931952	0.694687	0.914610	0.896729
1280	0.775634	0.951152	0.932093	0.695706	0.915104	0.897104
1290	0.776952	0.951207	0.951703	0.696873	0.915104	0.897087
1300	0.777768	0.952320	0.952739	0.697562	0.916091	0.917674
1310	0.778809	0.953099	0.953463	0.698424	0.916091	0.917508
1320	0.779730	0.954156	0.954499	0.699291	0.918559	0.919951
1330	0.780710	0.956604	0.956864	0.700213	0.922507	0.923814
1340	0.782107	0.958051	0.958261	0.701340	0.923495	0.924779
1350	0.783338	0.959831	0.960023	0.702380	0.926950	0.928272
1360	0.784280	0.960888	0.961045	0.703080	0.927937	0.929346
1370	0.785245	0.961945	0.962117	0.703886	0.928430	0.929783
1380	0.786537	0.962891	0.963060	0.704851	0.928924	0.930256
1390	0.787555	0.964504	0.964622	0.705749	0.929418	0.930626
1400	0.788555	0.965116	0.965234	0.706728	0.929911	0.931188
1410	0.789581	0.965784	0.965911	0.707563	0.930405	0.931662
1420	0.790730	0.966674	0.966796	0.708565	0.930898	0.932171
1430	0.791940	0.967620	0.967735	0.709701	0.932379	0.933761
1440	0.793095	0.968399	0.968522	0.710614	0.932379	0.933886
1450	0.794079	0.968566	0.968686	0.711505	0.933366	0.934856
1460	0.795319	0.968844	0.968971	0.712608	0.934353	0.935740
1470	0.796652	0.969623	0.969735	0.713458	0.933860	0.935232
1480	0.797760	0.969957	0.970067	0.714464	0.933860	0.935205
1490	0.798945	0.970624	0.970725	0.715472	0.933860	0.935170
1500	0.799975	0.971014	0.971120	0.716351	0.934353	0.935601
1510	0.801072	0.971459	0.971568	0.717193	0.934847	0.936190
1520	0.802059	0.971626	0.971722	0.718105	0.935341	0.936624
1530	0.803017	0.972182	0.972256	0.718885	0.935834	0.937073
1540	0.803982	0.972293	0.972381	0.719703	0.935341	0.936730
1550	0.804802	0.972571	0.972652	0.720152	0.936821	0.937998
1560	0.805787	0.972850	0.972927	0.721058	0.935834	0.937063
1570	0.806691	0.973239	0.973309	0.721842	0.935341	0.936690
1580	0.807933	0.973517	0.973578	0.722966	0.935834	0.937098
1590	0.809021	0.973795	0.973860	0.723995	0.936821	0.937983
1600	0.810027	0.973962	0.974024	0.724850	0.936821	0.937963
1610	0.810976	0.974296	0.974339	0.725608	0.936821	0.937960
1620	0.811835	0.974463	0.974510	0.726325	0.936821	0.937960
1630	0.812664	0.974797	0.974831	0.726948	0.937315	0.938360
1640	0.813443	0.975131	0.975163	0.727585	0.937315	0.938357
1650	0.814264	0.975186	0.975219	0.728310	0.936821	0.937940
1660	0.815161	0.975353	0.975381	0.729085	0.936821	0.937940
1670	0.816082	0.975910	0.975926	0.729715	0.936328	0.937480
1680	0.816925	0.976355	0.976369	0.730468	0.936328	0.937463
1690	0.817668	0.976689	0.976717	0.731101	0.936821	0.937927
1700	0.818450	0.977022	0.977036	0.731611	0.937315	0.938300
1710	0.819149	0.977356	0.977366	0.732226	0.936821	0.937923
1720	0.820155	0.977690	0.977689	0.733149	0.936821	0.937897
1730	0.820915	0.978302	0.978299	0.733786	0.936821	0.937913
1740	0.821563	0.978302	0.978297	0.734272	0.936821	0.937897
1750	0.822470	0.978413	0.978401	0.734942	0.936821	0.937920
1760	0.823352	0.978469	0.978456	0.735681	0.936821	0.937920
1770	0.824066	0.978636	0.978611	0.736246	0.937808	0.938855
1780	0.825196	0.979025	0.978988	0.737318	0.937315	0.938317
1790	0.825881	0.979081	0.979041	0.737859	0.937315	0.938337
1800	0.826630	0.979081	0.979048	0.738591	0.937808	0.938863
1810	0.827376	0.979303	0.979259	0.739237	0.937808	0.938866
1820	0.828209	0.979359	0.979314	0.739948	0.937808	0.938859
1830	0.829019	0.979470	0.979425	0.740553	0.937808	0.938883
1840	0.829718	0.979749	0.979703	0.741181	0.937315	0.938418
1850	0.830547	0.979860	0.979813	0.741891	0.936821	0.937941
1860	0.831193	0.979915	0.979869	0.742494	0.937808	0.938866
1870	0.831831	0.980249	0.980202	0.742942	0.936821	0.937987
1880	0.832461	0.980361	0.980308	0.743628	0.937315	0.938448
1890	0.833269	0.980583	0.980530	0.744315	0.937315	0.938448
1900	0.833959	0.980806	0.980755	0.744804	0.938302	0.939411
1910	0.834706	0.980806	0.980753	0.745237	0.938796	0.939919
1920	0.835524	0.980861	0.980812	0.745909	0.937808	0.938938
1930	0.836169	0.981139	0.981083	0.746488	0.938302	0.939421
1940	0.836721	0.981195	0.981143	0.746934	0.938302	0.939424
1950	0.837475	0.981195	0.981139	0.747509	0.937315	0.938544
1960	0.838207	0.981251	0.981188	0.748225	0.937315	0.938638
1970	0.838847	0.981418	0.981357	0.749018	0.937315	0.938509
1980	0.839412	0.981418	0.981353	0.749494	0.937315	0.938554
1990	0.839974	0.981473	0.981412	0.750034	0.937315	0.938554
2000	0.840609	0.981473	0.981417	0.750696	0.937315	0.938644
2010	0.841081	0.981529	0.981476	0.751105	0.937808	0.939130
2020	0.841779	0.981640	0.981572	0.751715	0.937315	0.938673
2030	0.842428	0.981751	0.981682	0.752201	0.937808	0.939158
2040	0.842970	0.981751	0.981686	0.752697	0.937808	0.939088
2050	0.843563	0.981863	0.981783	0.753048	0.937808	0.939117
2060	0.844145	0.982085	0.982009	0.753434	0.937808	0.939117
2070	0.844834	0.982197	0.982121	0.753999	0.937808	0.939088
2080	0.845263	0.982363	0.982287	0.754366	0.937808	0.939117
2090	0.845884	0.982308	0.982235	0.755104	0.938302	0.939534
2100	0.846354	0.982586	0.982506	0.755520	0.938302	0.939536
2110	0.846999	0.982530	0.982451	0.756023	0.937808	0.939021
2120	0.847533	0.982697	0.982622	0.756363	0.938302	0.939481
2130	0.848133	0.982697	0.982617	0.756894	0.938796	0.939949
2140	0.848655	0.982697	0.982618	0.757412	0.938796	0.939901
2150	0.849274	0.982697	0.982616	0.757836	0.938796	0.939896
2160	0.850008	0.982920	0.982843	0.758612	0.939289	0.940366
2170	0.850475	0.982975	0.982898	0.758822	0.939289	0.940345
2180	0.851082	0.983087	0.983005	0.759344	0.939289	0.940345
2190	0.851697	0.983031	0.982953	0.759913	0.940276	0.941374
2200	0.852253	0.983254	0.983169	0.760209	0.940276	0.941361
2210	0.852841	0.983309	0.983220	0.760662	0.939783	0.940906
2220	0.853310	0.983420	0.983328	0.761079	0.939783	0.940983
2230	0.853932	0.983643	0.983560	0.761694	0.939783	0.941011
2240	0.854604	0.983810	0.983721	0.762148	0.939783	0.940934
2250	0.855111	0.983866	0.983777	0.762561	0.940770	0.942059
2260	0.855593	0.983921	0.983834	0.762908	0.940770	0.942070
2270	0.856053	0.984088	0.984003	0.763337	0.940770	0.941988
2280	0.856616	0.984088	0.983997	0.763724	0.941264	0.942531
2290	0.857263	0.984311	0.984220	0.764308	0.941264	0.942531
2300	0.857744	0.984366	0.984276	0.764662	0.941264	0.942547
2310	0.858148	0.984533	0.984438	0.764921	0.941264	0.942547
2320	0.858590	0.984478	0.984381	0.765302	0.941757	0.943056
2330	0.859113	0.984644	0.984545	0.765693	0.941757	0.943114
2340	0.859696	0.984756	0.984654	0.766042	0.942744	0.944086
2350	0.860186	0.984756	0.984664	0.766485	0.943238	0.944531
2360	0.860714	0.984978	0.984886	0.766877	0.942744	0.944092
2370	0.861169	0.984923	0.984829	0.767275	0.942744	0.944122
2380	0.861639	0.985034	0.984941	0.767683	0.943238	0.944509
2390	0.862137	0.985201	0.985116	0.768271	0.943238	0.944478
2400	0.862807	0.985145	0.985057	0.768907	0.943238	0.944478
2410	0.863358	0.985256	0.985171	0.769425	0.943238	0.944478
2420	0.863962	0.985312	0.985223	0.769918	0.942744	0.943993
2430	0.864459	0.985368	0.985283	0.770304	0.943238	0.944494
2440	0.864809	0.985479	0.985391	0.770592	0.943731	0.944970
2450	0.865373	0.985479	0.985389	0.771084	0.943731	0.944970
2460	0.865742	0.985423	0.985334	0.771333	0.943731	0.944950
2470	0.866211	0.985479	0.985390	0.771670	0.943731	0.944870
2480	0.866866	0.985535	0.985443	0.771993	0.943238	0.944349
2490	0.867240	0.985646	0.985557	0.772250	0.943731	0.944865
2500	0.867613	0.985702	0.985611	0.772513	0.943238	0.944349
2510	0.868088	0.985757	0.985666	0.772933	0.943731	0.944865
2520	0.868516	0.985702	0.985613	0.773345	0.943731	0.944865
2530	0.869068	0.985757	0.985668	0.773770	0.943731	0.944865
2540	0.869641	0.985924	0.985829	0.774085	0.943731	0.944877
2550	0.870088	0.985980	0.985886	0.774488	0.943731	0.944845
2560	0.870603	0.986147	0.986057	0.774950	0.943238	0.944348
2570	0.870969	0.986147	0.986059	0.775293	0.943238	0.944348
2580	0.871376	0.986202	0.986116	0.775681	0.943238	0.944348
2590	0.871872	0.986258	0.986172	0.776010	0.943238	0.944370
2600	0.872330	0.986369	0.986279	0.776114	0.943238	0.944423
2610	0.872646	0.986369	0.986280	0.776297	0.943238	0.944423
2620	0.873092	0.986314	0.986224	0.776633	0.943238	0.944337
2630	0.873430	0.986369	0.986282	0.776964	0.943238	0.944448
2640	0.873857	0.986425	0.986334	0.777351	0.943731	0.944914
2650	0.874266	0.986480	0.986394	0.777684	0.943731	0.944840
2660	0.874701	0.986647	0.986557	0.777913	0.943238	0.944408
2670	0.875127	0.986703	0.986611	0.778279	0.943731	0.944917
2680	0.875434	0.986592	0.986510	0.778505	0.943731	0.944803
2690	0.875805	0.986703	0.986620	0.778834	0.943731	0.944803
2700	0.876275	0.986703	0.986619	0.779165	0.943731	0.944803
2710	0.876811	0.986759	0.986674	0.779563	0.943731	0.944815
2720	0.877173	0.986759	0.986671	0.779831	0.943731	0.944854
2730	0.877653	0.986814	0.986729	0.780253	0.944225	0.945360
2740	0.877994	0.986814	0.986726	0.780563	0.944225	0.945360
2750	0.878457	0.986814	0.986730	0.781021	0.944225	0.945360
2760	0.878861	0.986759	0.986672	0.781345	0.945212	0.946217
2770	0.879267	0.986870	0.986787	0.781689	0.945212	0.946217
2780	0.879618	0.986926	0.986842	0.781993	0.944225	0.945186
2790	0.880031	0.986981	0.986896	0.782226	0.945706	0.946611
2800	0.880386	0.987092	0.987005	0.782798	0.945706	0.946611
2810	0.880772	0.987037	0.986952	0.783179	0.945212	0.946168
2820	0.881143	0.987092	0.987010	0.783532	0.945212	0.946168
2830	0.881429	0.987092	0.987012	0.783798	0.945212	0.946218
2840	0.881809	0.987204	0.987125	0.784110	0.945212	0.946178
2850	0.882251	0.987426	0.987345	0.784272	0.945212	0.946168
2860	0.882557	0.987538	0.987454	0.784543	0.945212	0.946110
2870	0.882939	0.987649	0.987564	0.784819	0.945212	0.946231
2880	0.883341	0.987816	0.987732	0.785336	0.945212	0.946259
2890	0.883660	0.987871	0.987788	0.785625	0.944719	0.945760
2900	0.883931	0.987927	0.987845	0.785796	0.944225	0.945211
2910	0.884273	0.987871	0.987793	0.786153	0.945212	0.946243
2920	0.884704	0.987927	0.987841	0.786626	0.944719	0.945708
2930	0.885087	0.987983	0.987895	0.786903	0.944719	0.945708
2940	0.885440	0.987983	0.987897	0.787224	0.944719	0.945613
2950	0.885766	0.987983	0.987903	0.787563	0.944719	0.945624
2960	0.886121	0.988038	0.987956	0.787734	0.944719	0.945725
2970	0.886444	0.988150	0.988068	0.787546	0.944719	0.945620
2980	0.886783	0.988150	0.988068	0.787797	0.945212	0.946089
2990	0.887202	0.988261	0.988179	0.788083	0.945212	0.946089
3000	0.887498	0.988316	0.988232	0.788399	0.945212	0.946089
3010	0.887889	0.988428	0.988345	0.788761	0.945212	0.946089
3020	0.888142	0.988428	0.988347	0.788963	0.945212	0.946050
3030	0.888503	0.988483	0.988404	0.789182	0.946199	0.947009
3040	0.888878	0.988483	0.988403	0.789377	0.945706	0.946581
3050	0.889267	0.988595	0.988515	0.789708	0.946199	0.947042
3060	0.889590	0.988595	0.988517	0.790130	0.946199	0.947042
3070	0.889923	0.988595	0.988516	0.790411	0.946199	0.947042
3080	0.890211	0.988706	0.988628	0.790687	0.946199	0.947042
3090	0.890487	0.988706	0.988626	0.790840	0.946199	0.947042
3100	0.890743	0.988873	0.988791	0.791039	0.946199	0.947090
3110	0.891096	0.988928	0.988847	0.791448	0.946199	0.947090
3120	0.891374	0.989151	0.989066	0.791571	0.945706	0.946545
3130	0.891689	0.989151	0.989072	0.791822	0.945706	0.946545
3140	0.892044	0.989095	0.989019	0.792025	0.945706	0.946560
3150	0.892367	0.989207	0.989129	0.792361	0.945706	0.946527
3160	0.892668	0.989207	0.989126	0.792611	0.945706	0.946527
3170	0.892940	0.989429	0.989346	0.792824	0.945706	0.946521
3180	0.893281	0.989429	0.989349	0.793157	0.945706	0.946504
3190	0.893667	0.989262	0.989182	0.793572	0.945706	0.946527
3200	0.893921	0.989207	0.989126	0.793776	0.945706	0.946509
3210	0.894290	0.989262	0.989183	0.794008	0.945706	0.946527
3220	0.894582	0.989429	0.989347	0.794277	0.945706	0.946527
3230	0.894843	0.989540	0.989457	0.794517	0.945706	0.946521
3240	0.895211	0.989763	0.989692	0.794923	0.945706	0.946509
3250	0.895500	0.989763	0.989692	0.795092	0.945706	0.946509
3260	0.895902	0.989819	0.989748	0.795533	0.945706	0.946504
3270	0.896232	0.989763	0.989692	0.795874	0.945706	0.946581
3280	0.896556	0.989930	0.989861	0.796180	0.945706	0.946555
3290	0.896858	0.990097	0.990028	0.796515	0.945706	0.946555
3300	0.897203	0.990097	0.990029	0.796658	0.945212	0.946035
3310	0.897522	0.990041	0.989973	0.796849	0.946199	0.947054
3320	0.897796	0.990097	0.990029	0.797041	0.946199	0.947087
3330	0.898064	0.990097	0.990029	0.797341	0.946199	0.947087
3340	0.898471	0.990264	0.990199	0.797699	0.946199	0.947087
3350	0.898774	0.990375	0.990310	0.798003	0.946199	0.947087
3360	0.899158	0.990486	0.990419	0.798233	0.946199	0.947054
3370	0.899435	0.990542	0.990475	0.798487	0.945706	0.946534
3380	0.899722	0.990542	0.990472	0.798826	0.945706	0.946534
3390	0.900033	0.990542	0.990474	0.799091	0.945706	0.946534
3400	0.900379	0.990598	0.990527	0.799309	0.945706	0.946534
3410	0.900740	0.990709	0.990637	0.799701	0.946199	0.947027
3420	0.901039	0.990709	0.990636	0.800007	0.946199	0.947027
3430	0.901422	0.990709	0.990639	0.800387	0.946199	0.947061
3440	0.901671	0.990709	0.990635	0.800509	0.946199	0.947059
3450	0.901940	0.990709	0.990637	0.800727	0.946199	0.947061
3460	0.902200	0.990709	0.990640	0.800943	0.946199	0.947061
3470	0.902453	0.990764	0.990695	0.801057	0.946199	0.947061
3480	0.902737	0.990764	0.990696	0.801275	0.946199	0.947061
3490	0.903014	0.990764	0.990694	0.801545	0.946199	0.947027
3500	0.903224	0.990764	0.990692	0.801731	0.946199	0.947054
3510	0.903632	0.990764	0.990693	0.802138	0.946693	0.947529
3520	0.903882	0.990820	0.990750	0.802312	0.946199	0.947008
3530	0.904170	0.990764	0.990698	0.802561	0.946693	0.947481
3540	0.904472	0.990931	0.990863	0.802772	0.946693	0.947472
3550	0.904731	0.990931	0.990863	0.803052	0.946199	0.947000
3560	0.904974	0.991043	0.990976	0.803120	0.946199	0.947067
3570	0.905226	0.991043	0.990974	0.803397	0.947187	0.948069
3580	0.905525	0.991098	0.991030	0.803678	0.947680	0.948574
3590	0.905734	0.991098	0.991028	0.803874	0.948174	0.949080
3600	0.906006	0.991210	0.991140	0.804021	0.948174	0.949057
3610	0.906300	0.991210	0.991138	0.804268	0.949161	0.950016
3620	0.906566	0.991265	0.991193	0.804436	0.949161	0.950016
3630	0.906927	0.991321	0.991248	0.804675	0.949161	0.950016
3640	0.907164	0.991321	0.991249	0.804968	0.949654	0.950450
3650	0.907403	0.991321	0.991249	0.805130	0.949654	0.950450
3660	0.907697	0.991376	0.991305	0.805438	0.949654	0.950450
3670	0.908013	0.991376	0.991302	0.805756	0.949654	0.950450
3680	0.908285	0.991543	0.991465	0.805901	0.949161	0.949943
3690	0.908583	0.991543	0.991467	0.806121	0.949161	0.949943
3700	0.908866	0.991710	0.991630	0.806431	0.949654	0.950463
3710	0.909136	0.991766	0.991688	0.806684	0.949654	0.950463
3720	0.909405	0.991766	0.991687	0.807022	0.949654	0.950463
3730	0.909717	0.991822	0.991741	0.807264	0.949654	0.950463
3740	0.910000	0.991933	0.991857	0.807456	0.949654	0.950463
3750	0.910306	0.991988	0.991916	0.807835	0.949654	0.950463
3760	0.910568	0.991988	0.991914	0.808070	0.949654	0.950395
3770	0.910865	0.992100	0.992026	0.808305	0.949654	0.950395
3780	0.911166	0.992100	0.992026	0.808428	0.950148	0.950835
3790	0.911420	0.992155	0.992078	0.808723	0.950148	0.950902
3800	0.911656	0.992211	0.992138	0.809050	0.950148	0.950902
3810	0.911932	0.992267	0.992195	0.809309	0.950642	0.951342
3820	0.912255	0.992267	0.992198	0.809570	0.950642	0.951373
3830	0.912463	0.992378	0.992310	0.809765	0.950642	0.951373
3840	0.912837	0.992378	0.992309	0.810022	0.950642	0.951373
3850	0.913069	0.992489	0.992422	0.810266	0.950642	0.951373
3860	0.913373	0.992489	0.992422	0.810553	0.950642	0.951438
3870	0.913639	0.992489	0.992421	0.810759	0.950148	0.950986
3880	0.913904	0.992489	0.992417	0.811031	0.950148	0.950986
3890	0.914135	0.992489	0.992417	0.811146	0.950148	0.950986
3900	0.914395	0.992545	0.992473	0.811372	0.950642	0.951438
3910	0.914720	0.992656	0.992588	0.811730	0.950148	0.950918
3920	0.914974	0.992656	0.992589	0.811751	0.950148	0.950942
3930	0.915276	0.992712	0.992645	0.812114	0.950148	0.950942
3940	0.915592	0.992712	0.992641	0.812249	0.950148	0.950957
3950	0.915859	0.992712	0.992641	0.812490	0.951135	0.951955
3960	0.916214	0.992823	0.992753	0.812781	0.951135	0.951955
3970	0.916549	0.992879	0.992811	0.813057	0.951629	0.952481
3980	0.916777	0.992879	0.992812	0.813278	0.951629	0.952481
3990	0.917062	0.992934	0.992865	0.813513	0.951135	0.951961
4000	0.917319	0.992990	0.992921	0.813695	0.951135	0.951961
4010	0.917572	0.992990	0.992921	0.813890	0.951135	0.951961
4020	0.917780	0.992990	0.992922	0.814043	0.951135	0.951961
4030	0.918023	0.993101	0.993040	0.814282	0.951135	0.951961
4040	0.918287	0.993046	0.992982	0.814571	0.951135	0.951961
4050	0.918560	0.993101	0.993035	0.814785	0.952122	0.952920
4060	0.918834	0.993046	0.992982	0.815029	0.952122	0.952920
4070	0.919058	0.993046	0.992982	0.815218	0.952616	0.953403
4080	0.919359	0.993379	0.993319	0.815543	0.952616	0.953403
4090	0.919629	0.993379	0.993316	0.815729	0.952616	0.953403
4100	0.919916	0.993324	0.993257	0.816011	0.952616	0.953403
4110	0.920174	0.993491	0.993425	0.816213	0.952616	0.953403
4120	0.920480	0.993491	0.993425	0.816541	0.952616	0.953403
4130	0.920767	0.993491	0.993425	0.816852	0.952616	0.953403
4140	0.921047	0.993546	0.993482	0.817165	0.952616	0.953403
4150	0.921246	0.993491	0.993426	0.817368	0.952616	0.953403
4160	0.921489	0.993602	0.993539	0.817570	0.952616	0.953403
4170	0.921756	0.993658	0.993599	0.817838	0.953110	0.953846
4180	0.921947	0.993658	0.993599	0.817997	0.952616	0.953364
4190	0.922152	0.993713	0.993657	0.818159	0.952616	0.953364
4200	0.922398	0.993824	0.993767	0.818398	0.952616	0.953364
4210	0.922692	0.993824	0.993768	0.818577	0.952616	0.953364
4220	0.922903	0.993824	0.993765	0.818768	0.952616	0.953364
4230	0.923184	0.993824	0.993765	0.819226	0.952616	0.953364
4240	0.923398	0.993824	0.993765	0.819385	0.952616	0.953364
4250	0.923658	0.993880	0.993823	0.819604	0.952616	0.953364
4260	0.923880	0.993880	0.993822	0.819751	0.952616	0.953364
4270	0.924112	0.993880	0.993823	0.819830	0.952616	0.953364
4280	0.924356	0.993880	0.993822	0.819959	0.952616	0.953364
4290	0.924590	0.993936	0.993879	0.820140	0.952616	0.953364
4300	0.924933	0.994047	0.993990	0.820545	0.952616	0.953364
4310	0.925178	0.994214	0.994162	0.820738	0.952616	0.953364
4320	0.925430	0.994214	0.994162	0.820970	0.952616	0.953364
4330	0.925592	0.994270	0.994220	0.821074	0.952616	0.953364
4340	0.925854	0.994325	0.994275	0.821318	0.952616	0.953364
4350	0.926046	0.994270	0.994220	0.821506	0.952616	0.953364
4360	0.926235	0.994325	0.994275	0.821652	0.952616	0.953364
4370	0.926491	0.994381	0.994329	0.821911	0.952616	0.953364
4380	0.926710	0.994548	0.994498	0.822175	0.952616	0.953364
4390	0.926958	0.994548	0.994498	0.822440	0.952616	0.953364
4400	0.927167	0.994770	0.994723	0.822544	0.952616	0.953364
4410	0.927431	0.994937	0.994894	0.822695	0.952616	0.953364
4420	0.927641	0.994993	0.994951	0.822919	0.953110	0.953768
4430	0.927879	0.995048	0.995008	0.823154	0.953110	0.953768
4440	0.928059	0.995104	0.995064	0.823241	0.953603	0.954258
4450	0.928285	0.995104	0.995064	0.823491	0.953603	0.954258
4460	0.928475	0.995160	0.995121	0.823723	0.953603	0.954258
4470	0.928697	0.995160	0.995121	0.823908	0.953110	0.953853
4480	0.928891	0.995215	0.995179	0.824062	0.953110	0.953853
4490	0.929080	0.995215	0.995179	0.824258	0.953110	0.953853
4500	0.929321	0.995215	0.995179	0.824438	0.953603	0.954344
4510	0.929576	0.995271	0.995236	0.824638	0.953603	0.954344
4520	0.929840	0.995271	0.995233	0.824848	0.953603	0.954344
4530	0.930055	0.995271	0.995236	0.825038	0.953603	0.954344
4540	0.930289	0.995327	0.995293	0.825224	0.953110	0.953854
4550	0.930551	0.995438	0.995407	0.825466	0.953110	0.953854
4560	0.930747	0.995438	0.995405	0.825567	0.953110	0.953854
4570	0.930897	0.995493	0.995462	0.825687	0.953603	0.954299
4580	0.931126	0.995605	0.995579	0.825872	0.954097	0.954788
4590	0.931338	0.995660	0.995633	0.826052	0.954097	0.954788
4600	0.931530	0.995605	0.995574	0.826192	0.954097	0.954788
4610	0.931750	0.995716	0.995688	0.826459	0.953603	0.954296
4620	0.931942	0.995716	0.995688	0.826665	0.954097	0.954715
4630	0.932166	0.995827	0.995795	0.826894	0.953603	0.954296
4640	0.932361	0.995772	0.995739	0.827068	0.954097	0.954715
4650	0.932568	0.995939	0.995910	0.827188	0.954590	0.955206
4660	0.932827	0.995994	0.995969	0.827499	0.954590	0.955206
4670	0.933008	0.995994	0.995969	0.827597	0.953603	0.954296
4680	0.933195	0.995994	0.995967	0.827780	0.953603	0.954296
4690	0.933401	0.996050	0.996022	0.827935	0.953603	0.954296
4700	0.933612	0.996050	0.996022	0.828142	0.953603	0.954258
4710	0.933866	0.996050	0.996021	0.828302	0.954097	0.954681
4720	0.934056	0.996161	0.996132	0.828538	0.954097	0.954715
4730	0.934253	0.996272	0.996242	0.828725	0.953603	0.954296
4740	0.934466	0.996217	0.996186	0.828926	0.954097	0.954681
4750	0.934721	0.996272	0.996242	0.829178	0.954097	0.954681
4760	0.934919	0.996328	0.996298	0.829343	0.954097	0.954681
4770	0.935142	0.996328	0.996298	0.829516	0.954097	0.954681
4780	0.935318	0.996328	0.996298	0.829660	0.954590	0.955172
4790	0.935554	0.996495	0.996463	0.829806	0.954097	0.954681
4800	0.935750	0.996551	0.996520	0.829980	0.953603	0.954184
4810	0.935946	0.996606	0.996576	0.830170	0.954097	0.954681
4820	0.936137	0.996551	0.996520	0.830447	0.954590	0.955172
4830	0.936326	0.996606	0.996576	0.830573	0.954590	0.955172
4840	0.936500	0.996606	0.996576	0.830672	0.954590	0.955172
4850	0.936663	0.996606	0.996576	0.830790	0.954590	0.955172
4860	0.936859	0.996606	0.996576	0.830983	0.954097	0.954683
4870	0.937025	0.996662	0.996632	0.831198	0.955084	0.955589
4880	0.937201	0.996717	0.996687	0.831288	0.954097	0.954667
4890	0.937382	0.996773	0.996743	0.831360	0.955084	0.955612
4900	0.937619	0.996940	0.996909	0.831541	0.955084	0.955612
4910	0.937886	0.996940	0.996910	0.831777	0.954590	0.955095
4920	0.938091	0.996996	0.996968	0.831891	0.955084	0.955612
4930	0.938359	0.996996	0.996968	0.832132	0.955084	0.955612
4940	0.938550	0.997051	0.997025	0.832379	0.955084	0.955612
4950	0.938749	0.996940	0.996912	0.832551	0.955084	0.955612
4960	0.938897	0.997051	0.997025	0.832622	0.954590	0.955145
4970	0.939056	0.997051	0.997024	0.832770	0.954590	0.955145
4980	0.939293	0.997107	0.997081	0.832998	0.954097	0.954717
4990	0.939491	0.997107	0.997082	0.833125	0.954097	0.954717
5000	0.939677	0.997107	0.997082	0.833391	0.954097	0.954717
5010	0.939909	0.997107	0.997082	0.833660	0.954590	0.955212
5020	0.940109	0.997107	0.997080	0.833788	0.954590	0.955212
5030	0.940296	0.997163	0.997137	0.833943	0.955084	0.955640
5040	0.940480	0.997163	0.997137	0.834184	0.955084	0.955640
5050	0.940669	0.997218	0.997188	0.834361	0.955084	0.955640
5060	0.940824	0.997218	0.997189	0.834470	0.955084	0.955640
5070	0.941009	0.997274	0.997247	0.834609	0.954590	0.955212
5080	0.941204	0.997274	0.997249	0.834827	0.954590	0.955212
5090	0.941390	0.997274	0.997245	0.835015	0.955084	0.955640
5100	0.941598	0.997274	0.997245	0.835193	0.955084	0.955640
5110	0.941762	0.997385	0.997355	0.835331	0.955084	0.955640
5120	0.941908	0.997385	0.997356	0.835422	0.956071	0.956658
5130	0.942086	0.997385	0.997357	0.835596	0.955084	0.955752
5140	0.942258	0.997385	0.997357	0.835745	0.955084	0.955752
5150	0.942442	0.997441	0.997417	0.835673	0.955084	0.955752
5160	0.942609	0.997496	0.997474	0.835787	0.955084	0.955752
5170	0.942808	0.997552	0.997528	0.835868	0.955084	0.955752
5180	0.942974	0.997496	0.997473	0.836038	0.955084	0.955752
5190	0.943137	0.997552	0.997527	0.836220	0.955084	0.955752
5200	0.943319	0.997608	0.997581	0.836362	0.954097	0.954733
5210	0.943484	0.997663	0.997637	0.836446	0.954590	0.955223
5220	0.943642	0.997775	0.997749	0.836577	0.954097	0.954799
5230	0.943774	0.997719	0.997693	0.836688	0.954097	0.954799
5240	0.943975	0.997775	0.997750	0.836894	0.954097	0.954799
5250	0.944123	0.997830	0.997807	0.836965	0.954097	0.954813
5260	0.944246	0.997830	0.997807	0.837125	0.954097	0.954799
5270	0.944448	0.997830	0.997807	0.837170	0.954590	0.955223
5280	0.944567	0.997830	0.997807	0.837310	0.954590	0.955223
5290	0.944769	0.997775	0.997751	0.837537	0.954590	0.955223
5300	0.944894	0.997775	0.997750	0.837721	0.954590	0.955223
5310	0.945080	0.997830	0.997805	0.837820	0.954590	0.955223
5320	0.945234	0.997775	0.997750	0.837882	0.954590	0.955223
5330	0.945418	0.997886	0.997861	0.838092	0.954590	0.955223
5340	0.945629	0.997886	0.997861	0.838257	0.955577	0.956170
5350	0.945821	0.997886	0.997860	0.838401	0.956071	0.956685
5360	0.945973	0.997886	0.997860	0.838622	0.956071	0.956685
5370	0.946143	0.997941	0.997917	0.838707	0.955577	0.956157
5380	0.946311	0.997997	0.997975	0.838807	0.956071	0.956646
5390	0.946422	0.997997	0.997975	0.838911	0.956071	0.956646
5400	0.946548	0.997941	0.997918	0.839024	0.956565	0.957175
5410	0.946684	0.997941	0.997918	0.839163	0.956071	0.956646
5420	0.946845	0.997997	0.997974	0.839322	0.956565	0.957175
5430	0.947006	0.998053	0.998027	0.839462	0.956071	0.956685
5440	0.947160	0.998053	0.998027	0.839555	0.955577	0.956186
5450	0.947336	0.998053	0.998027	0.839722	0.955577	0.956157
5460	0.947567	0.998053	0.998028	0.839855	0.955577	0.956157
5470	0.947697	0.998053	0.998028	0.839954	0.955577	0.956157
5480	0.947829	0.998053	0.998028	0.840095	0.955577	0.956157
5490	0.947975	0.998108	0.998085	0.840269	0.955577	0.956157
5500	0.948097	0.998108	0.998085	0.840370	0.955577	0.956157
5510	0.948225	0.998108	0.998085	0.840512	0.955577	0.956157
5520	0.948348	0.998108	0.998084	0.840664	0.955084	0.955667
5530	0.948472	0.998108	0.998084	0.840803	0.955577	0.956196
5540	0.948611	0.998108	0.998084	0.840932	0.955577	0.956196
5550	0.948755	0.998164	0.998141	0.841092	0.955577	0.956119
5560	0.948888	0.998220	0.998196	0.841247	0.955577	0.956119
5570	0.949034	0.998220	0.998196	0.841322	0.955577	0.956119
5580	0.949205	0.998275	0.998254	0.841513	0.955577	0.956119
5590	0.949357	0.998275	0.998254	0.841659	0.955577	0.956119
5600	0.949509	0.998275	0.998254	0.841796	0.955577	0.956135
5610	0.949677	0.998275	0.998255	0.841905	0.955577	0.956119
5620	0.949775	0.998275	0.998255	0.841951	0.956071	0.956618
5630	0.949943	0.998275	0.998253	0.842121	0.956565	0.957096
5640	0.950082	0.998331	0.998309	0.842279	0.956565	0.957096
5650	0.950215	0.998331	0.998309	0.842482	0.956565	0.957096
5660	0.950353	0.998331	0.998309	0.842584	0.956565	0.957096
5670	0.950459	0.998331	0.998309	0.842672	0.956565	0.957096
5680	0.950612	0.998331	0.998309	0.842771	0.956565	0.957096
5690	0.950736	0.998331	0.998309	0.842967	0.956565	0.957096
5700	0.950912	0.998331	0.998309	0.843115	0.956565	0.957096
5710	0.951017	0.998331	0.998309	0.843230	0.956565	0.957096
5720	0.951142	0.998331	0.998309	0.843325	0.956565	0.957096
5730	0.951270	0.998387	0.998365	0.843444	0.956565	0.957096
5740	0.951372	0.998387	0.998365	0.843528	0.956565	0.957096
5750	0.951479	0.998387	0.998367	0.843601	0.956565	0.957096
5760	0.951638	0.998387	0.998363	0.843790	0.956565	0.957096
5770	0.951795	0.998442	0.998419	0.843948	0.956565	0.957096
5780	0.951902	0.998498	0.998476	0.844042	0.956565	0.957096
5790	0.952054	0.998498	0.998476	0.844203	0.957058	0.957624
5800	0.952191	0.998442	0.998419	0.844280	0.956565	0.957096
5810	0.952317	0.998498	0.998476	0.844400	0.956565	0.957079
5820	0.952425	0.998498	0.998476	0.844475	0.956565	0.957096
5830	0.952550	0.998498	0.998476	0.844598	0.956565	0.957096
5840	0.952682	0.998498	0.998474	0.844733	0.956565	0.957079
5850	0.952792	0.998498	0.998474	0.844833	0.956565	0.957079
5860	0.952927	0.998498	0.998474	0.845014	0.956565	0.957079
5870	0.953022	0.998498	0.998474	0.845069	0.956565	0.957096
5880	0.953145	0.998498	0.998474	0.845183	0.956565	0.957096
5890	0.953263	0.998553	0.998531	0.845345	0.956071	0.956602
5900	0.953363	0.998553	0.998531	0.845416	0.956071	0.956602
5910	0.953454	0.998553	0.998529	0.845472	0.956071	0.956602
5920	0.953589	0.998609	0.998587	0.845594	0.956071	0.956602
5930	0.953699	0.998609	0.998587	0.845702	0.956071	0.956602
5940	0.953809	0.998609	0.998587	0.845806	0.956071	0.956602
5950	0.953933	0.998609	0.998587	0.845933	0.956071	0.956602
5960	0.954070	0.998609	0.998587	0.846071	0.956071	0.956602
5970	0.954184	0.998609	0.998587	0.846222	0.956071	0.956602
5980	0.954312	0.998609	0.998587	0.846365	0.956071	0.956602
5990	0.954450	0.998609	0.998587	0.846476	0.956071	0.956602
6000	0.954632	0.998609	0.998585	0.846670	0.956071	0.956631
6010	0.954757	0.998609	0.998585	0.846807	0.956071	0.956631
6020	0.954859	0.998609	0.998585	0.846906	0.956071	0.956631
6030	0.954969	0.998665	0.998641	0.846863	0.956071	0.956631
6040	0.955074	0.998665	0.998642	0.846961	0.956071	0.956631
6050	0.955154	0.998609	0.998586	0.847029	0.956071	0.956631
6060	0.955311	0.998609	0.998586	0.847083	0.956071	0.956631
6070	0.955386	0.998609	0.998586	0.847196	0.956071	0.956631
6080	0.955462	0.998609	0.998586	0.847241	0.956071	0.956631
6090	0.955558	0.998609	0.998588	0.847318	0.956071	0.956631
6100	0.955662	0.998609	0.998588	0.847415	0.956071	0.956631
6110	0.955758	0.998609	0.998588	0.847468	0.956071	0.956631
6120	0.955895	0.998665	0.998643	0.847576	0.956071	0.956631
6130	0.956017	0.998720	0.998700	0.847686	0.956565	0.957136
6140	0.956074	0.998720	0.998697	0.847718	0.956565	0.957136
6150	0.956226	0.998720	0.998696	0.847832	0.956565	0.957136
6160	0.956329	0.998776	0.998753	0.847906	0.956071	0.956613
6170	0.956438	0.998776	0.998755	0.847960	0.956071	0.956613
6180	0.956530	0.998832	0.998813	0.848020	0.956071	0.956613
6190	0.956640	0.998776	0.998755	0.848069	0.956071	0.956613
6200	0.956736	0.998776	0.998755	0.848143	0.956071	0.956613
6210	0.956837	0.998887	0.998868	0.848198	0.956071	0.956613
6220	0.956948	0.998832	0.998810	0.848348	0.956071	0.956599
6230	0.957084	0.998887	0.998870	0.848587	0.956071	0.956599
6240	0.957192	0.998887	0.998870	0.848664	0.956565	0.957120
6250	0.957290	0.998887	0.998870	0.848871	0.956071	0.956599
6260	0.957407	0.998943	0.998926	0.848964	0.956071	0.956613
6270	0.957514	0.998943	0.998926	0.849033	0.956565	0.957095
6280	0.957601	0.998887	0.998868	0.849104	0.956565	0.957095
6290	0.957729	0.998887	0.998868	0.849249	0.956565	0.957095
6300	0.957819	0.998887	0.998868	0.849306	0.957058	0.957568
6310	0.957938	0.998943	0.998924	0.849391	0.956565	0.957030
6320	0.958051	0.998999	0.998981	0.849495	0.956565	0.957030
6330	0.958148	0.998999	0.998981	0.849566	0.956071	0.956557
6340	0.958269	0.998999	0.998981	0.849727	0.956071	0.956557
6350	0.958358	0.998943	0.998924	0.849823	0.956071	0.956557
6360	0.958442	0.998999	0.998981	0.849909	0.956071	0.956557
6370	0.958589	0.998999	0.998981	0.850034	0.956071	0.956557
6380	0.958683	0.998999	0.998981	0.850131	0.956071	0.956557
6390	0.958768	0.998999	0.998979	0.850271	0.956071	0.956557
6400	0.958889	0.998999	0.998979	0.850331	0.956071	0.956557
6410	0.958973	0.998999	0.998979	0.850402	0.956071	0.956557
6420	0.959052	0.998999	0.998979	0.850461	0.956071	0.956557
6430	0.959153	0.998999	0.998979	0.850597	0.956565	0.957030
6440	0.959250	0.998999	0.998979	0.850675	0.956565	0.957030
6450	0.959367	0.998999	0.998979	0.850771	0.956565	0.957030
6460	0.959458	0.998999	0.998979	0.850844	0.956565	0.957030
6470	0.959561	0.998999	0.998979	0.850916	0.956565	0.957030
6480	0.959647	0.998999	0.998979	0.851043	0.956565	0.957030
6490	0.959754	0.998999	0.998979	0.851173	0.956565	0.957030
6500	0.959842	0.998999	0.998979	0.851273	0.956565	0.957030
6510	0.959927	0.998999	0.998979	0.851374	0.956565	0.957030
6520	0.960011	0.998999	0.998981	0.851464	0.956565	0.957030
6530	0.960121	0.998999	0.998979	0.851532	0.956565	0.957030
6540	0.960217	0.999054	0.999035	0.851601	0.956565	0.957030
6550	0.960306	0.999054	0.999035	0.851690	0.956565	0.957030
6560	0.960417	0.999054	0.999035	0.851819	0.956565	0.957030
6570	0.960510	0.999054	0.999035	0.851982	0.956565	0.957030
6580	0.960606	0.999110	0.999091	0.852111	0.956565	0.957030
6590	0.960687	0.999110	0.999091	0.852145	0.956565	0.957030
6600	0.960789	0.999165	0.999150	0.852281	0.956565	0.957030
6610	0.960887	0.999110	0.999091	0.852307	0.956565	0.957030
6620	0.960976	0.999110	0.999091	0.852396	0.956565	0.957030
6630	0.961055	0.999110	0.999091	0.852500	0.956565	0.957030
6640	0.961126	0.999110	0.999091	0.852608	0.956565	0.957030
6650	0.961210	0.999110	0.999091	0.852667	0.956565	0.957030
6660	0.961290	0.999165	0.999148	0.852738	0.956565	0.957030
6670	0.961384	0.999165	0.999148	0.852760	0.956565	0.957030
6680	0.961474	0.999165	0.999148	0.852842	0.956565	0.957030
6690	0.961559	0.999165	0.999148	0.852949	0.956565	0.957017
6700	0.961629	0.999165	0.999148	0.853023	0.956565	0.957030
6710	0.961731	0.999165	0.999148	0.853155	0.956565	0.957017
6720	0.961824	0.999165	0.999148	0.853228	0.956565	0.957017
6730	0.961889	0.999165	0.999148	0.853314	0.956565	0.957017
6740	0.961988	0.999165	0.999148	0.853430	0.957058	0.957494
6750	0.962071	0.999165	0.999148	0.853520	0.957058	0.957494
6760	0.962170	0.999221	0.999207	0.853644	0.956565	0.957030
6770	0.962240	0.999221	0.999207	0.853745	0.956565	0.957017
6780	0.962311	0.999221	0.999207	0.853796	0.956565	0.957017
6790	0.962377	0.999221	0.999207	0.853869	0.957058	0.957511
6800	0.962449	0.999221	0.999207	0.853956	0.957552	0.957989
6810	0.962544	0.999165	0.999148	0.853977	0.957058	0.957511
6820	0.962642	0.999221	0.999207	0.854022	0.957552	0.957975
6830	0.962746	0.999221	0.999207	0.854122	0.957058	0.957481
6840	0.962807	0.999221	0.999207	0.854177	0.957058	0.957481
6850	0.962903	0.999221	0.999207	0.854308	0.956565	0.957030
6860	0.962987	0.999221	0.999207	0.854369	0.956565	0.957030
6870	0.963070	0.999221	0.999207	0.854416	0.956565	0.957030
6880	0.963161	0.999221	0.999207	0.854526	0.957058	0.957525
6890	0.963250	0.999165	0.999148	0.854582	0.957058	0.957525
6900	0.963321	0.999165	0.999148	0.854706	0.957058	0.957525
6910	0.963391	0.999221	0.999207	0.854762	0.956565	0.957048
6920	0.963470	0.999221	0.999207	0.854837	0.957552	0.957989
6930	0.963549	0.999221	0.999207	0.854907	0.957552	0.957989
6940	0.963651	0.999277	0.999263	0.854956	0.957058	0.957525
6950	0.963717	0.999277	0.999263	0.855048	0.956565	0.957048
6960	0.963802	0.999277	0.999263	0.855169	0.956565	0.957048
6970	0.963890	0.999277	0.999263	0.855225	0.957058	0.957512
6980	0.963969	0.999277	0.999263	0.855295	0.957058	0.957577
6990	0.964039	0.999277	0.999263	0.855364	0.956565	0.957035
7000	0.964141	0.999332	0.999319	0.855447	0.957058	0.957577
7010	0.964218	0.999332	0.999319	0.855530	0.956565	0.957048
7020	0.964290	0.999388	0.999378	0.855632	0.956565	0.957048
7030	0.964370	0.999388	0.999378	0.855673	0.956565	0.957048
7040	0.964444	0.999444	0.999437	0.855772	0.956565	0.957048
7050	0.964506	0.999444	0.999434	0.855805	0.956565	0.957048
7060	0.964584	0.999499	0.999493	0.855900	0.956565	0.957048
7070	0.964658	0.999388	0.999378	0.855963	0.956565	0.957035
7080	0.964729	0.999388	0.999378	0.855981	0.956565	0.957048
7090	0.964790	0.999444	0.999434	0.856053	0.957058	0.957571
7100	0.964867	0.999499	0.999493	0.856158	0.957058	0.957571
7110	0.964940	0.999499	0.999493	0.856273	0.957058	0.957571
7120	0.964996	0.999499	0.999493	0.856326	0.957058	0.957571
7130	0.965072	0.999499	0.999493	0.856359	0.956071	0.956533
7140	0.965149	0.999499	0.999493	0.856400	0.956071	0.956533
7150	0.965212	0.999499	0.999493	0.856470	0.956565	0.957056
7160	0.965277	0.999499	0.999493	0.856533	0.956565	0.957056
7170	0.965346	0.999499	0.999493	0.856549	0.957058	0.957542
7180	0.965403	0.999499	0.999493	0.856606	0.957058	0.957542
7190	0.965502	0.999499	0.999493	0.856750	0.957058	0.957542
7200	0.965589	0.999555	0.999550	0.856729	0.958045	0.958565
7210	0.965659	0.999555	0.999550	0.856849	0.957552	0.958042
7220	0.965747	0.999555	0.999550	0.856962	0.957552	0.958042
7230	0.965808	0.999555	0.999550	0.857028	0.957058	0.957557
7240	0.965868	0.999555	0.999550	0.857040	0.956565	0.957028
7250	0.965936	0.999555	0.999550	0.857149	0.957058	0.957557
7260	0.966009	0.999555	0.999550	0.857227	0.956565	0.957028
7270	0.966072	0.999611	0.999604	0.857306	0.956565	0.957028
7280	0.966155	0.999611	0.999604	0.857419	0.956565	0.957028
7290	0.966219	0.999611	0.999604	0.857440	0.956565	0.957028
7300	0.966283	0.999611	0.999604	0.857520	0.956565	0.957028
7310	0.966359	0.999611	0.999604	0.857626	0.957058	0.957551
7320	0.966424	0.999611	0.999604	0.857691	0.957058	0.957551
7330	0.966489	0.999611	0.999604	0.857768	0.957058	0.957551
7340	0.966580	0.999666	0.999660	0.857845	0.957058	0.957551
7350	0.966645	0.999666	0.999660	0.857891	0.957058	0.957551
7360	0.966702	0.999722	0.999717	0.857980	0.956565	0.957028
7370	0.966772	0.999666	0.999660	0.858064	0.956565	0.957028
7380	0.966878	0.999722	0.999717	0.858155	0.956565	0.957028
7390	0.966937	0.999722	0.999717	0.858291	0.956565	0.957028
7400	0.966996	0.999722	0.999717	0.858313	0.956565	0.957028
7410	0.967074	0.999722	0.999717	0.858406	0.956565	0.957028
7420	0.967133	0.999722	0.999717	0.858449	0.956071	0.956513
7430	0.967194	0.999722	0.999717	0.858518	0.956071	0.956513
7440	0.967247	0.999722	0.999717	0.858575	0.957058	0.957494
7450	0.967297	0.999722	0.999717	0.858630	0.957552	0.958023
7460	0.967381	0.999722	0.999717	0.858723	0.957058	0.957557
7470	0.967452	0.999722	0.999717	0.858828	0.957552	0.958023
7480	0.967526	0.999722	0.999717	0.858864	0.957058	0.957594
7490	0.967588	0.999722	0.999717	0.858905	0.957058	0.957594
7500	0.967643	0.999777	0.999775	0.858928	0.957058	0.957594
7510	0.967706	0.999777	0.999775	0.858987	0.957058	0.957594
7520	0.967752	0.999777	0.999775	0.859018	0.957058	0.957594
7530	0.967808	0.999777	0.999775	0.859069	0.957058	0.957594
7540	0.967878	0.999777	0.999775	0.859111	0.957058	0.957594
7550	0.967934	0.999777	0.999775	0.859129	0.957058	0.957594
7560	0.967989	0.999833	0.999831	0.859217	0.957058	0.957594
7570	0.968042	0.999833	0.999831	0.859292	0.957058	0.957594
7580	0.968091	0.999833	0.999831	0.859315	0.957058	0.957594
7590	0.968146	0.999833	0.999831	0.859333	0.957058	0.957594
7600	0.968235	0.999833	0.999831	0.859450	0.957058	0.957594
7610	0.968293	0.999833	0.999831	0.859468	0.957058	0.957594
7620	0.968329	0.999833	0.999831	0.859511	0.957058	0.957594
7630	0.968376	0.999833	0.999831	0.859560	0.957058	0.957594
7640	0.968450	0.999833	0.999831	0.859705	0.957058	0.957594
7650	0.968509	0.999833	0.999831	0.859754	0.958045	0.958555
7660	0.968561	0.999833	0.999831	0.859833	0.957552	0.958079
7670	0.968624	0.999833	0.999831	0.859904	0.958045	0.958511
7680	0.968676	0.999833	0.999831	0.859869	0.958045	0.958511
7690	0.968758	0.999833	0.999831	0.859925	0.957552	0.958025
7700	0.968826	0.999833	0.999831	0.859967	0.957552	0.958025
7710	0.968884	0.999833	0.999831	0.860020	0.957552	0.958025
7720	0.968940	0.999833	0.999831	0.860054	0.957552	0.958025
7730	0.969009	0.999833	0.999831	0.860133	0.957552	0.958025
7740	0.969073	0.999833	0.999831	0.860216	0.958045	0.958492
7750	0.969116	0.999833	0.999831	0.860229	0.958539	0.958977
7760	0.969164	0.999833	0.999831	0.860243	0.958539	0.958977
7770	0.969230	0.999833	0.999831	0.860309	0.959033	0.959453
7780	0.969287	0.999833	0.999831	0.860372	0.959033	0.959453
7790	0.969335	0.999833	0.999831	0.860426	0.959033	0.959453
7800	0.969387	0.999833	0.999831	0.860511	0.959526	0.959984
7810	0.969455	0.999833	0.999831	0.860578	0.959033	0.959453
7820	0.969497	0.999833	0.999831	0.860627	0.959033	0.959453
7830	0.969555	0.999833	0.999831	0.860627	0.958045	0.958439
7840	0.969610	0.999833	0.999831	0.860656	0.958539	0.958969
7850	0.969675	0.999833	0.999831	0.860723	0.958539	0.958969
7860	0.969740	0.999833	0.999831	0.860751	0.959033	0.959458
7870	0.969795	0.999833	0.999831	0.860790	0.958539	0.958927
7880	0.969842	0.999833	0.999831	0.860821	0.958539	0.958927
7890	0.969911	0.999833	0.999831	0.860898	0.959033	0.959458
7900	0.969974	0.999833	0.999831	0.860893	0.959033	0.959458
7910	0.970034	0.999833	0.999831	0.860980	0.959033	0.959453
7920	0.970084	0.999833	0.999831	0.861017	0.959033	0.959458
7930	0.970157	0.999833	0.999831	0.861108	0.959033	0.959458
7940	0.970224	0.999833	0.999831	0.861162	0.958539	0.958927
7950	0.970274	0.999833	0.999831	0.861261	0.959033	0.959489
7960	0.970328	0.999833	0.999831	0.861253	0.959033	0.959489
7970	0.970387	0.999833	0.999831	0.861380	0.960020	0.960495
7980	0.970461	0.999833	0.999831	0.861477	0.960513	0.961021
7990	0.970534	0.999833	0.999831	0.861529	0.960513	0.961029
8000	0.970579	0.999833	0.999831	0.861591	0.960513	0.961021
8010	0.970626	0.999833	0.999831	0.861581	0.960513	0.961029
8020	0.970680	0.999833	0.999831	0.861653	0.959526	0.960022
8030	0.970722	0.999833	0.999831	0.861697	0.959526	0.960022
8040	0.970776	0.999833	0.999831	0.861772	0.959526	0.960022
8050	0.970821	0.999833	0.999831	0.861828	0.959526	0.960022
8060	0.970873	0.999833	0.999831	0.861877	0.959526	0.960022
8070	0.970940	0.999833	0.999831	0.861952	0.959526	0.960022
8080	0.970987	0.999833	0.999831	0.862010	0.959526	0.960022
8090	0.971043	0.999833	0.999831	0.862052	0.959526	0.960022
8100	0.971091	0.999833	0.999831	0.862089	0.959033	0.959534
8110	0.971159	0.999833	0.999831	0.862182	0.959526	0.960022
8120	0.971204	0.999833	0.999831	0.862251	0.959526	0.960022
8130	0.971262	0.999833	0.999831	0.862312	0.959526	0.960022
8140	0.971317	0.999833	0.999831	0.862347	0.959526	0.960022
8150	0.971374	0.999833	0.999831	0.862388	0.959526	0.960022
8160	0.971450	0.999833	0.999831	0.862359	0.959526	0.960022
8170	0.971481	0.999833	0.999831	0.862352	0.960020	0.960505
8180	0.971540	0.999833	0.999831	0.862356	0.960020	0.960505
8190	0.971591	0.999833	0.999831	0.862396	0.959526	0.960022
8200	0.971666	0.999833	0.999831	0.862491	0.959526	0.960022
8210	0.971723	0.999833	0.999831	0.862546	0.960020	0.960509
8220	0.971771	0.999833	0.999831	0.862617	0.959526	0.960026
8230	0.971816	0.999833	0.999831	0.862669	0.959526	0.960026
8240	0.971860	0.999833	0.999831	0.862719	0.960020	0.960509
8250	0.971898	0.999833	0.999831	0.862775	0.960020	0.960509
8260	0.971945	0.999833	0.999831	0.862806	0.959526	0.960024
8270	0.971990	0.999833	0.999831	0.862880	0.959033	0.959538
8280	0.972037	0.999833	0.999831	0.862952	0.959033	0.959538
8290	0.972085	0.999833	0.999831	0.862980	0.959526	0.960024
8300	0.972164	0.999833	0.999831	0.863045	0.959526	0.960024
8310	0.972204	0.999833	0.999831	0.863181	0.959526	0.960024
8320	0.972260	0.999833	0.999831	0.863295	0.959526	0.960024
8330	0.972308	0.999833	0.999831	0.863375	0.959526	0.960024
8340	0.972362	0.999833	0.999831	0.863403	0.960020	0.960487
8350	0.972405	0.999833	0.999831	0.863489	0.959526	0.960001
8360	0.972447	0.999833	0.999831	0.863552	0.959526	0.960001
8370	0.972508	0.999833	0.999831	0.863610	0.959526	0.960001
8380	0.972559	0.999833	0.999831	0.863646	0.959033	0.959538
8390	0.972601	0.999833	0.999831	0.863721	0.960020	0.960474
8400	0.972643	0.999833	0.999831	0.863726	0.960020	0.960474
8410	0.972682	0.999833	0.999831	0.863736	0.960020	0.960474
8420	0.972743	0.999833	0.999831	0.863789	0.960020	0.960474
8430	0.972790	0.999833	0.999831	0.863881	0.960020	0.960474
8440	0.972842	0.999833	0.999831	0.863931	0.959526	0.960011
8450	0.972893	0.999833	0.999831	0.863999	0.959526	0.960011
8460	0.972937	0.999833	0.999831	0.864059	0.959526	0.960011
8470	0.972991	0.999833	0.999831	0.864139	0.959526	0.960011
8480	0.973042	0.999833	0.999831	0.864172	0.960020	0.960474
8490	0.973079	0.999833	0.999831	0.864229	0.960020	0.960474
8500	0.973119	0.999833	0.999831	0.864230	0.960020	0.960474
8510	0.973164	0.999833	0.999831	0.864306	0.960020	0.960474
8520	0.973205	0.999833	0.999831	0.864329	0.960020	0.960474
8530	0.973257	0.999833	0.999831	0.864358	0.960020	0.960474
8540	0.973306	0.999833	0.999831	0.864458	0.960020	0.960474
8550	0.973360	0.999833	0.999831	0.864544	0.960020	0.960474
8560	0.973402	0.999833	0.999831	0.864610	0.960020	0.960474
8570	0.973438	0.999833	0.999831	0.864672	0.960020	0.960474
8580	0.973482	0.999833	0.999831	0.864742	0.960020	0.960474
8590	0.973524	0.999833	0.999831	0.864757	0.960020	0.960474
8600	0.973562	0.999833	0.999831	0.864803	0.960020	0.960474
8610	0.973614	0.999833	0.999831	0.864823	0.960020	0.960474
8620	0.973666	0.999833	0.999831	0.864890	0.959526	0.960000
8630	0.973709	0.999833	0.999831	0.864973	0.960020	0.960474
8640	0.973751	0.999833	0.999831	0.865012	0.960020	0.960474
8650	0.973788	0.999833	0.999831	0.865088	0.960020	0.960474
8660	0.973840	0.999833	0.999831	0.865161	0.960020	0.960474
8670	0.973876	0.999833	0.999831	0.865205	0.960020	0.960474
8680	0.973922	0.999833	0.999831	0.865218	0.960020	0.960474
8690	0.973972	0.999833	0.999831	0.865250	0.960513	0.960958
8700	0.974013	0.999833	0.999831	0.865256	0.960020	0.960474
8710	0.974057	0.999833	0.999831	0.865316	0.959526	0.959926
8720	0.974095	0.999833	0.999831	0.865390	0.959526	0.959926
8730	0.974128	0.999833	0.999831	0.865423	0.959526	0.959926
8740	0.974176	0.999833	0.999831	0.865488	0.959526	0.959926
8750	0.974214	0.999833	0.999831	0.865518	0.959526	0.959926
8760	0.974247	0.999833	0.999831	0.865548	0.959526	0.959926
8770	0.974300	0.999833	0.999831	0.865602	0.959526	0.959926
8780	0.974345	0.999833	0.999831	0.865663	0.959526	0.959926
8790	0.974391	0.999833	0.999831	0.865708	0.959526	0.959926
8800	0.974432	0.999833	0.999831	0.865728	0.959526	0.959926
8810	0.974479	0.999833	0.999831	0.865739	0.959033	0.959343
8820	0.974515	0.999833	0.999831	0.865742	0.959033	0.959343
8830	0.974546	0.999833	0.999831	0.865777	0.959033	0.959343
8840	0.974582	0.999833	0.999831	0.865827	0.959033	0.959343
8850	0.974635	0.999833	0.999831	0.865865	0.959033	0.959343
8860	0.974676	0.999833	0.999831	0.865853	0.959033	0.959343
8870	0.974720	0.999833	0.999831	0.865917	0.959033	0.959343
8880	0.974784	0.999833	0.999831	0.865866	0.959033	0.959343
8890	0.974827	0.999833	0.999831	0.865936	0.959033	0.959343
8900	0.974882	0.999833	0.999831	0.866021	0.959033	0.959343
8910	0.974922	0.999833	0.999831	0.866133	0.959033	0.959343
8920	0.974965	0.999833	0.999831	0.866118	0.959033	0.959343
8930	0.975005	0.999833	0.999831	0.866184	0.959033	0.959343
8940	0.975039	0.999833	0.999831	0.866224	0.959033	0.959343
8950	0.975087	0.999833	0.999831	0.866406	0.959033	0.959343
8960	0.975129	0.999833	0.999831	0.866441	0.959033	0.959343
8970	0.975167	0.999833	0.999831	0.866452	0.960020	0.960474
8980	0.975207	0.999833	0.999831	0.866503	0.960020	0.960474
8990	0.975250	0.999833	0.999831	0.866516	0.960020	0.960474
9000	0.975281	0.999833	0.999831	0.866566	0.960020	0.960474
9010	0.975313	0.999833	0.999831	0.866608	0.960020	0.960474
9020	0.975367	0.999833	0.999831	0.866656	0.960020	0.960474
9030	0.975399	0.999833	0.999831	0.866672	0.960020	0.960474
9040	0.975438	0.999833	0.999831	0.866696	0.960020	0.960474
9050	0.975479	0.999833	0.999831	0.866726	0.960020	0.960474
9060	0.975523	0.999833	0.999831	0.866782	0.960020	0.960474
9070	0.975555	0.999833	0.999831	0.866798	0.960020	0.960474
9080	0.975588	0.999833	0.999831	0.866806	0.960020	0.960474
9090	0.975613	0.999833	0.999831	0.866832	0.959526	0.959926
9100	0.975662	0.999889	0.999887	0.866904	0.959526	0.959926
