10	0.073673	0.435582	0.415753	0.072395	0.428287	0.389508
20	0.109573	0.621888	0.623407	0.106942	0.606076	0.612377
30	0.156262	0.683637	0.683541	0.151199	0.662351	0.662180
40	0.196700	0.715707	0.715891	0.187517	0.700199	0.698813
50	0.225611	0.725434	0.728582	0.214943	0.715139	0.715524
60	0.250615	0.740774	0.742067	0.238895	0.726096	0.726570
70	0.272389	0.755836	0.755284	0.258190	0.732570	0.731600
80	0.290328	0.768619	0.766848	0.275115	0.752490	0.750977
90	0.312347	0.776845	0.773737	0.295891	0.758964	0.755622
100	0.331393	0.788350	0.783973	0.313531	0.772908	0.768759
110	0.345875	0.798021	0.792749	0.326337	0.779880	0.775731
120	0.360359	0.804524	0.798669	0.340958	0.787849	0.782186
130	0.372340	0.810527	0.804081	0.352579	0.795319	0.787894
140	0.385666	0.815974	0.808795	0.366380	0.803287	0.795131
150	0.399377	0.824478	0.815749	0.378107	0.806773	0.797416
160	0.411638	0.831314	0.821708	0.390053	0.815737	0.805346
170	0.425071	0.836427	0.826403	0.403664	0.820717	0.809955
180	0.434193	0.839762	0.829586	0.410908	0.825199	0.814619
190	0.442671	0.843931	0.833414	0.418176	0.827191	0.816560
200	0.453256	0.847599	0.836279	0.427946	0.828685	0.817362
210	0.461196	0.850211	0.838635	0.435462	0.830677	0.818835
220	0.469029	0.854324	0.842447	0.442301	0.833167	0.821266
230	0.478244	0.858771	0.846477	0.450647	0.835657	0.823632
240	0.485473	0.861772	0.849351	0.457409	0.839641	0.826992
250	0.493944	0.865718	0.852804	0.464453	0.842131	0.829072
260	0.500788	0.868052	0.854977	0.471005	0.846116	0.833057
270	0.507257	0.870220	0.856961	0.477356	0.850100	0.837103
280	0.515202	0.873722	0.860204	0.484743	0.852590	0.838959
290	0.523749	0.875834	0.861999	0.492533	0.854582	0.840680
300	0.530672	0.878557	0.864356	0.498417	0.856574	0.842354
310	0.537028	0.881781	0.867453	0.504527	0.857072	0.843146
320	0.542554	0.882837	0.868468	0.509536	0.857072	0.843004
330	0.548542	0.885505	0.870814	0.514411	0.859562	0.844935
340	0.554600	0.888117	0.873333	0.519035	0.861554	0.846818
350	0.560455	0.890285	0.875270	0.524687	0.864044	0.849125
360	0.566362	0.892508	0.877422	0.529452	0.866534	0.851129
370	0.571792	0.893564	0.878347	0.534427	0.872012	0.856400
380	0.575870	0.895342	0.879962	0.537753	0.873008	0.857405
390	0.579834	0.896732	0.881187	0.540787	0.873506	0.857696
400	0.584741	0.898066	0.882541	0.545190	0.874004	0.858202
410	0.588943	0.900289	0.884551	0.548227	0.875498	0.859332
420	0.593126	0.902179	0.886300	0.551586	0.877988	0.861705
430	0.597012	0.903124	0.887084	0.554191	0.876992	0.860626
440	0.601808	0.904624	0.888462	0.558027	0.879482	0.862673
450	0.604882	0.905124	0.888904	0.560823	0.880478	0.863736
460	0.608623	0.906347	0.890051	0.564050	0.880976	0.863983
470	0.612833	0.907792	0.891401	0.567825	0.882470	0.865127
480	0.617052	0.909182	0.892724	0.570604	0.884462	0.866841
490	0.621314	0.910849	0.894256	0.573537	0.884462	0.866923
500	0.625104	0.911739	0.895073	0.576367	0.882968	0.865526
510	0.628474	0.912183	0.895494	0.578812	0.883964	0.866432
520	0.631465	0.913295	0.896560	0.581308	0.885458	0.868043
530	0.634630	0.914629	0.897784	0.583440	0.884462	0.866815
540	0.638555	0.915907	0.899011	0.586920	0.887948	0.869927
550	0.642507	0.917241	0.900205	0.590054	0.889442	0.871447
560	0.645419	0.918408	0.901340	0.592698	0.889442	0.871802
570	0.648157	0.919520	0.902387	0.595089	0.889940	0.872010
580	0.650818	0.920409	0.903113	0.597440	0.891434	0.873238
590	0.654216	0.921298	0.904013	0.600249	0.890936	0.872808
600	0.657108	0.922354	0.904935	0.602537	0.891434	0.873231
610	0.660038	0.923355	0.905824	0.605589	0.893924	0.875472
620	0.663309	0.924077	0.906388	0.608347	0.893924	0.875449
630	0.666605	0.924855	0.907161	0.610325	0.894422	0.876006
640	0.669430	0.925467	0.907737	0.612531	0.893924	0.875375
650	0.672467	0.926245	0.908507	0.615297	0.894422	0.875959
660	0.675895	0.927412	0.909652	0.618301	0.895916	0.877483
670	0.677685	0.927690	0.909941	0.619682	0.896912	0.878324
680	0.680782	0.929024	0.911208	0.622777	0.896414	0.877528
690	0.683551	0.929691	0.911852	0.625032	0.897410	0.878530
700	0.686008	0.930191	0.912334	0.627403	0.899402	0.880279
710	0.687982	0.930858	0.913040	0.628746	0.899402	0.880306
720	0.689672	0.931414	0.913488	0.629837	0.899402	0.880508
730	0.692104	0.931970	0.913937	0.631906	0.898406	0.879451
740	0.694385	0.932637	0.914603	0.633635	0.898904	0.879986
750	0.696519	0.933359	0.915260	0.635088	0.898904	0.880081
760	0.698832	0.933804	0.915818	0.636763	0.899402	0.880417
770	0.701318	0.934471	0.916340	0.639001	0.900398	0.881337
780	0.703541	0.935027	0.916796	0.640989	0.901394	0.882347
790	0.705793	0.935638	0.917422	0.643132	0.901394	0.882272
800	0.707689	0.936194	0.917981	0.644720	0.902888	0.883613
810	0.709711	0.936527	0.918296	0.646325	0.901892	0.882590
820	0.711542	0.937250	0.919044	0.647698	0.902390	0.883192
830	0.713382	0.937583	0.919364	0.649045	0.902390	0.883169
840	0.715159	0.937972	0.919703	0.650849	0.903386	0.884039
850	0.716902	0.938473	0.920165	0.651908	0.903884	0.884499
860	0.718686	0.938751	0.920427	0.652993	0.904880	0.885528
870	0.720288	0.939028	0.920716	0.654597	0.904382	0.884952
880	0.721930	0.939418	0.921028	0.655752	0.904382	0.885037
890	0.723344	0.939473	0.921114	0.657077	0.903884	0.884525
900	0.724330	0.939473	0.921046	0.657738	0.904880	0.885373
910	0.725854	0.940029	0.921585	0.659137	0.904382	0.884895
920	0.727603	0.940362	0.921952	0.660304	0.904382	0.884885
930	0.729135	0.940751	0.922356	0.661824	0.904880	0.885365
940	0.730854	0.941307	0.922870	0.663242	0.906873	0.887232
950	0.732407	0.941641	0.923155	0.664226	0.906873	0.887272
960	0.734127	0.941863	0.923391	0.665402	0.907869	0.888301
970	0.735731	0.941974	0.923465	0.666664	0.907371	0.887827
980	0.737156	0.942363	0.923837	0.667710	0.906873	0.887421
990	0.738721	0.942975	0.924424	0.669065	0.906873	0.887420
1000	0.740274	0.943530	0.924955	0.670594	0.906873	0.887305
1010	0.741540	0.943753	0.925204	0.671636	0.907869	0.888113
1020	0.742510	0.943864	0.925260	0.672386	0.907371	0.887761
1030	0.744107	0.944364	0.925681	0.674054	0.907869	0.888276
1040	0.745205	0.944531	0.925876	0.675024	0.907869	0.888217
1050	0.746355	0.944586	0.925942	0.675864	0.907869	0.888205
1060	0.747303	0.944809	0.926169	0.676652	0.908367	0.888780
1070	0.748269	0.944920	0.926294	0.678037	0.909363	0.889738
1080	0.749465	0.945365	0.926725	0.678764	0.910359	0.890645
1090	0.750690	0.945809	0.927177	0.680077	0.911355	0.891438
1100	0.751886	0.945976	0.927326	0.681429	0.911853	0.892043
1110	0.753257	0.946421	0.927696	0.682591	0.911355	0.891709
1120	0.754363	0.946810	0.928081	0.683595	0.911355	0.891742
1130	0.755419	0.946754	0.928059	0.684542	0.911853	0.892093
1140	0.756766	0.947254	0.928458	0.685861	0.910857	0.891118
1150	0.757794	0.947477	0.928649	0.686730	0.912351	0.892589
1160	0.758749	0.947477	0.928718	0.687522	0.912351	0.892353
1170	0.759998	0.947866	0.929099	0.688785	0.912351	0.892607
1180	0.760978	0.948144	0.929401	0.689596	0.912849	0.892838
1190	0.762017	0.948199	0.929377	0.690547	0.912351	0.892476
1200	0.762974	0.948422	0.929580	0.691771	0.913347	0.893541
1210	0.764056	0.948422	0.929608	0.692578	0.913347	0.893488
1220	0.765055	0.948422	0.929582	0.693406	0.913347	0.893470
1230	0.765892	0.948422	0.929499	0.694422	0.912849	0.892840
1240	0.766989	0.948699	0.929821	0.695340	0.912849	0.893101
1250	0.768103	0.949144	0.949770	0.696182	0.913347	0.893704
1260	0.769239	0.949533	0.950223	0.696928	0.913845	0.893682
1270	0.770087	0.949366	0.949950	0.697866	0.914841	0.913902
1280	0.771153	0.949422	0.950017	0.698843	0.914343	0.913568
1290	0.772105	0.950145	0.950682	0.699855	0.915339	0.914406
1300	0.772929	0.950867	0.951326	0.700644	0.914841	0.914220
1310	0.774091	0.951756	0.952207	0.701483	0.916335	0.915663
1320	0.775059	0.953868	0.954300	0.702537	0.916833	0.916120
1330	0.776060	0.955703	0.956095	0.703304	0.916335	0.915818
1340	0.777017	0.955814	0.956194	0.704144	0.915339	0.914779
1350	0.777873	0.956925	0.957247	0.705102	0.917829	0.917214
1360	0.778985	0.957370	0.957699	0.705870	0.918327	0.917950
1370	0.780229	0.958926	0.959234	0.707103	0.918825	0.918337
1380	0.781277	0.959982	0.960245	0.708102	0.918825	0.918356
1390	0.782125	0.960927	0.961200	0.708918	0.921813	0.921505
1400	0.783270	0.961928	0.962190	0.709828	0.921813	0.921480
1410	0.784525	0.962706	0.962958	0.710821	0.923307	0.922928
1420	0.785914	0.963428	0.963660	0.711817	0.922809	0.922434
1430	0.787330	0.964206	0.964443	0.713011	0.925797	0.925410
1440	0.788357	0.964929	0.965153	0.713903	0.926793	0.926470
1450	0.789182	0.965262	0.965471	0.714674	0.926793	0.926486
1460	0.790215	0.966652	0.966862	0.715453	0.927789	0.927573
1470	0.791126	0.967486	0.967671	0.716146	0.927291	0.927130
1480	0.792050	0.967986	0.968161	0.717039	0.928287	0.927992
1490	0.793172	0.968542	0.968699	0.717990	0.929781	0.929458
1500	0.794303	0.969153	0.969312	0.718954	0.930777	0.930489
1510	0.795458	0.969709	0.969846	0.719898	0.930279	0.929915
1520	0.796727	0.970098	0.970223	0.721043	0.930777	0.930483
1530	0.797823	0.970542	0.970660	0.721703	0.930777	0.930560
1540	0.798815	0.971376	0.971481	0.722469	0.931275	0.931077
1550	0.799863	0.971598	0.971698	0.723384	0.931275	0.931077
1560	0.801022	0.971876	0.971975	0.724275	0.931773	0.931565
1570	0.802204	0.972377	0.972460	0.725076	0.932271	0.931951
1580	0.803160	0.972543	0.972622	0.725815	0.932271	0.931951
1590	0.804183	0.973099	0.973177	0.726604	0.933267	0.932905
1600	0.805085	0.973599	0.973655	0.727268	0.933765	0.933395
1610	0.806170	0.974489	0.974526	0.728090	0.933765	0.933444
1620	0.807347	0.974767	0.974798	0.729055	0.934263	0.933921
1630	0.808219	0.975322	0.975349	0.729690	0.934761	0.934433
1640	0.809291	0.975711	0.975738	0.730560	0.934263	0.933944
1650	0.809973	0.975711	0.975737	0.731136	0.934263	0.933944
1660	0.810848	0.975823	0.975855	0.731830	0.934263	0.933944
1670	0.811645	0.975989	0.976013	0.732372	0.933765	0.933499
1680	0.812445	0.976045	0.976065	0.732997	0.934761	0.934510
1690	0.813396	0.976100	0.976123	0.733897	0.934761	0.934464
1700	0.814227	0.976323	0.976351	0.734580	0.935259	0.934990
1710	0.815047	0.976545	0.976574	0.735271	0.935259	0.934989
1720	0.815809	0.976879	0.976886	0.735854	0.934263	0.934055
1730	0.816590	0.977045	0.977054	0.736473	0.934263	0.934019
1740	0.817640	0.977323	0.977334	0.737217	0.934263	0.934088
1750	0.818721	0.977323	0.977330	0.738207	0.935757	0.935583
1760	0.819569	0.977657	0.977661	0.738754	0.935259	0.935028
1770	0.820332	0.977601	0.977602	0.739347	0.935757	0.935438
1780	0.821174	0.977823	0.977820	0.740095	0.935757	0.935462
1790	0.821931	0.978046	0.978040	0.740825	0.936255	0.935925
1800	0.822831	0.978157	0.978152	0.741407	0.936753	0.936408
1810	0.823798	0.978435	0.978423	0.742342	0.936753	0.936408
1820	0.824563	0.978490	0.978470	0.742879	0.936255	0.935980
1830	0.825243	0.978546	0.978523	0.743409	0.936753	0.936427
1840	0.826058	0.978880	0.978860	0.744056	0.937251	0.936853
1850	0.826967	0.979102	0.979070	0.744829	0.937251	0.936810
1860	0.827603	0.979435	0.979404	0.745164	0.938247	0.937998
1870	0.828425	0.979546	0.979508	0.745703	0.937749	0.937501
1880	0.829099	0.979713	0.979669	0.746180	0.937251	0.936981
1890	0.829737	0.979658	0.979612	0.746692	0.937251	0.936981
1900	0.830462	0.979936	0.979897	0.747201	0.937749	0.937372
1910	0.831068	0.980102	0.980069	0.747800	0.937749	0.937361
1920	0.831722	0.980047	0.980016	0.748214	0.936753	0.936286
1930	0.832442	0.980325	0.980297	0.748694	0.936753	0.936346
1940	0.833039	0.980436	0.980412	0.749124	0.935757	0.935316
1950	0.833542	0.980491	0.980470	0.749527	0.935757	0.935316
1960	0.834217	0.980714	0.980684	0.750032	0.936255	0.935964
1970	0.834887	0.980880	0.980847	0.750575	0.936255	0.935778
1980	0.835562	0.980936	0.980902	0.751181	0.936753	0.936434
1990	0.836248	0.981214	0.981180	0.751745	0.936255	0.935943
2000	0.836900	0.981103	0.981067	0.752192	0.936255	0.935932
2010	0.837366	0.981381	0.981346	0.752472	0.936753	0.936415
2020	0.838150	0.981381	0.981343	0.753226	0.936255	0.935928
2030	0.838935	0.981492	0.981461	0.753870	0.935757	0.935394
2040	0.839517	0.981603	0.981572	0.754261	0.936255	0.936030
2050	0.840183	0.981881	0.981846	0.754906	0.936753	0.936542
2060	0.840801	0.981881	0.981846	0.755505	0.936753	0.936542
2070	0.841492	0.981992	0.981955	0.756039	0.936753	0.936542
2080	0.842072	0.982159	0.982124	0.756398	0.936753	0.936542
2090	0.842597	0.982548	0.982519	0.756806	0.937251	0.936917
2100	0.843227	0.982437	0.982407	0.757426	0.937251	0.937007
2110	0.843859	0.982492	0.982464	0.757929	0.937251	0.937030
2120	0.844400	0.982603	0.982582	0.758368	0.937251	0.936917
2130	0.844922	0.982603	0.982580	0.758726	0.937251	0.937007
2140	0.845429	0.982659	0.982637	0.759083	0.937749	0.937539
2150	0.845958	0.982715	0.982686	0.759591	0.938247	0.937939
2160	0.846531	0.982770	0.982742	0.759942	0.938745	0.938486
2170	0.847171	0.982881	0.982853	0.760410	0.938745	0.938572
2180	0.847715	0.983048	0.983014	0.760825	0.939243	0.939049
2190	0.848246	0.983104	0.983070	0.761305	0.939243	0.938963
2200	0.848861	0.983048	0.983020	0.761737	0.939243	0.938963
2210	0.849335	0.983104	0.983073	0.762298	0.939243	0.938849
2220	0.849829	0.983215	0.983182	0.762593	0.938745	0.938383
2230	0.850442	0.983326	0.983293	0.762936	0.939741	0.939374
2240	0.850911	0.983382	0.983346	0.763285	0.939741	0.939374
2250	0.851395	0.983382	0.983344	0.763618	0.938745	0.938383
2260	0.851878	0.983548	0.983511	0.763996	0.939243	0.938880
2270	0.852369	0.983548	0.983510	0.764557	0.938745	0.938421
2280	0.852876	0.983548	0.983517	0.764997	0.939243	0.938934
2290	0.853520	0.983604	0.983578	0.765503	0.938745	0.938353
2300	0.853928	0.983659	0.983629	0.765948	0.939243	0.938913
2310	0.854422	0.983771	0.983739	0.766321	0.940239	0.939898
2320	0.854971	0.983771	0.983733	0.766741	0.940239	0.939898
2330	0.855559	0.983826	0.983789	0.767120	0.940239	0.939898
2340	0.856154	0.983826	0.983788	0.767516	0.940239	0.939898
2350	0.856777	0.983882	0.983841	0.768044	0.939741	0.939396
2360	0.857255	0.983937	0.983891	0.768319	0.940239	0.939937
2370	0.857678	0.983993	0.983948	0.768666	0.940239	0.939937
2380	0.858171	0.983993	0.983948	0.769154	0.940239	0.939898
2390	0.858681	0.984104	0.984058	0.769529	0.940239	0.939898
2400	0.859184	0.984160	0.984113	0.769908	0.940737	0.940396
2410	0.859731	0.984215	0.984169	0.770303	0.940737	0.940429
2420	0.860239	0.984271	0.984227	0.770624	0.940737	0.940429
2430	0.860764	0.984493	0.984446	0.771041	0.940239	0.939856
2440	0.861077	0.984715	0.984666	0.771339	0.940239	0.939926
2450	0.861518	0.984827	0.984769	0.771568	0.940737	0.940427
2460	0.861828	0.984993	0.984938	0.771526	0.940737	0.940322
2470	0.862233	0.984938	0.984879	0.771828	0.940737	0.940322
2480	0.862683	0.984993	0.984934	0.772038	0.940737	0.940290
2490	0.863160	0.985104	0.985043	0.772393	0.940737	0.940261
2500	0.863629	0.985104	0.985042	0.772695	0.940737	0.940261
2510	0.864319	0.985160	0.985099	0.772953	0.940737	0.940261
2520	0.864776	0.985438	0.985377	0.773249	0.941733	0.941251
2530	0.865240	0.985382	0.985323	0.773772	0.942231	0.941776
2540	0.865768	0.985660	0.985601	0.774192	0.940737	0.940261
2550	0.866170	0.985660	0.985597	0.774506	0.940737	0.940293
2560	0.866681	0.985716	0.985653	0.775005	0.941733	0.941280
2570	0.867161	0.985827	0.985762	0.775325	0.941733	0.941280
2580	0.867545	0.985827	0.985763	0.775687	0.942729	0.942396
2590	0.867984	0.985716	0.985655	0.776165	0.942729	0.942364
2600	0.868342	0.985883	0.985817	0.776276	0.941733	0.941322
2610	0.868786	0.985938	0.985874	0.776599	0.941733	0.941296
2620	0.869310	0.986049	0.985984	0.777107	0.941733	0.941351
2630	0.869637	0.986049	0.985986	0.777406	0.941733	0.941351
2640	0.870073	0.986049	0.985983	0.777822	0.941733	0.941351
2650	0.870531	0.986105	0.986045	0.778224	0.942231	0.941852
2660	0.870938	0.986216	0.986152	0.778493	0.942231	0.941820
2670	0.871464	0.986272	0.986209	0.778901	0.941235	0.940826
2680	0.871867	0.986327	0.986262	0.779105	0.941733	0.941327
2690	0.872289	0.986550	0.986482	0.779390	0.942231	0.941916
2700	0.872696	0.986494	0.986424	0.779654	0.942231	0.941916
2710	0.873137	0.986438	0.986370	0.780003	0.942231	0.941916
2720	0.873670	0.986550	0.986475	0.780366	0.942231	0.941892
2730	0.874032	0.986605	0.986529	0.780591	0.942231	0.941892
2740	0.874393	0.986605	0.986532	0.780910	0.942231	0.941892
2750	0.874760	0.986605	0.986531	0.781190	0.942231	0.941892
2760	0.875263	0.986550	0.986476	0.781582	0.942231	0.941892
2770	0.875509	0.986716	0.986642	0.781727	0.942231	0.941892
2780	0.875866	0.986550	0.986479	0.782057	0.942729	0.942429
2790	0.876323	0.986661	0.986590	0.782527	0.942729	0.942429
2800	0.876820	0.986883	0.986813	0.782913	0.942729	0.942429
2810	0.877148	0.986939	0.986869	0.783194	0.942729	0.942429
2820	0.877514	0.986939	0.986869	0.783532	0.943227	0.942938
2830	0.877867	0.986939	0.986869	0.783878	0.943725	0.943441
2840	0.878217	0.986994	0.986922	0.784181	0.943227	0.942956
2850	0.878687	0.987272	0.987203	0.784563	0.943227	0.942956
2860	0.879028	0.987272	0.987203	0.784926	0.943227	0.942956
2870	0.879388	0.987328	0.987259	0.785228	0.943725	0.943470
2880	0.879620	0.987272	0.987201	0.785464	0.943725	0.943441
2890	0.879899	0.987494	0.987419	0.785797	0.943227	0.942956
2900	0.880300	0.987328	0.987252	0.786183	0.943725	0.943470
2910	0.880831	0.987494	0.987423	0.786585	0.943725	0.943470
2920	0.881065	0.987439	0.987367	0.786755	0.943725	0.943470
2930	0.881351	0.987550	0.987479	0.787015	0.943725	0.943470
2940	0.881658	0.987550	0.987480	0.787342	0.943725	0.943470
2950	0.882088	0.987606	0.987539	0.787907	0.943725	0.943441
2960	0.882411	0.987606	0.987541	0.788111	0.943725	0.943441
2970	0.882842	0.987661	0.987594	0.788390	0.943725	0.943441
2980	0.883305	0.987772	0.987705	0.788781	0.943725	0.943441
2990	0.883676	0.987884	0.987814	0.789143	0.943725	0.943441
3000	0.884095	0.987828	0.987760	0.789372	0.944223	0.943966
3010	0.884356	0.987884	0.987814	0.789603	0.944223	0.943966
3020	0.884712	0.987939	0.987871	0.789851	0.944223	0.943966
3030	0.885055	0.987995	0.987929	0.790190	0.943227	0.943054
3040	0.885473	0.988106	0.988039	0.790478	0.943227	0.943054
3050	0.885854	0.988161	0.988099	0.790736	0.943227	0.943054
3060	0.886235	0.988050	0.987987	0.790983	0.944223	0.943966
3070	0.886633	0.988273	0.988208	0.791394	0.943725	0.943505
3080	0.886909	0.988439	0.988381	0.791615	0.944223	0.943966
3090	0.887210	0.988384	0.988322	0.791865	0.944223	0.943966
3100	0.887564	0.988495	0.988435	0.792147	0.944721	0.944463
3110	0.887902	0.988439	0.988385	0.792415	0.944721	0.944463
3120	0.888248	0.988439	0.988385	0.792675	0.944223	0.943966
3130	0.888582	0.988717	0.988656	0.792935	0.944223	0.943966
3140	0.888910	0.988662	0.988600	0.793316	0.943725	0.943531
3150	0.889377	0.988606	0.988548	0.793757	0.944223	0.943966
3160	0.889638	0.988828	0.988765	0.793824	0.944721	0.944632
3170	0.890029	0.988773	0.988709	0.794158	0.944721	0.944632
3180	0.890332	0.988884	0.988821	0.794405	0.944721	0.944655
3190	0.890731	0.988884	0.988825	0.794754	0.944721	0.944655
3200	0.890987	0.988995	0.988935	0.794917	0.945219	0.945144
3210	0.891272	0.989051	0.988991	0.795225	0.944721	0.944655
3220	0.891668	0.989162	0.989104	0.795537	0.945717	0.945626
3230	0.891965	0.989162	0.989104	0.795714	0.945717	0.945626
3240	0.892217	0.989162	0.989104	0.795928	0.945717	0.945626
3250	0.892537	0.989273	0.989213	0.796202	0.945219	0.945151
3260	0.892863	0.989217	0.989156	0.796407	0.945219	0.945151
3270	0.893162	0.989551	0.989491	0.796652	0.945717	0.945626
3280	0.893477	0.989718	0.989658	0.797031	0.944721	0.944718
3290	0.893738	0.989773	0.989712	0.797296	0.945219	0.945210
3300	0.894021	0.989718	0.989659	0.797496	0.945219	0.945210
3310	0.894285	0.989718	0.989663	0.797717	0.944721	0.944726
3320	0.894606	0.989884	0.989828	0.797927	0.944721	0.944726
3330	0.894976	0.990107	0.990055	0.797781	0.944721	0.944726
3340	0.895274	0.990107	0.990053	0.798018	0.944721	0.944726
3350	0.895598	0.990162	0.990106	0.798315	0.945219	0.945237
3360	0.895851	0.990162	0.990108	0.798372	0.945219	0.945237
3370	0.896266	0.990218	0.990164	0.798643	0.944721	0.944728
3380	0.896501	0.990273	0.990218	0.798886	0.944223	0.944211
3390	0.896782	0.990329	0.990274	0.799091	0.944721	0.944695
3400	0.897064	0.990329	0.990274	0.799347	0.944721	0.944728
3410	0.897322	0.990440	0.990386	0.799587	0.944223	0.944211
3420	0.897588	0.990496	0.990440	0.799939	0.944721	0.944730
3430	0.897907	0.990496	0.990439	0.800132	0.944721	0.944730
3440	0.898175	0.990551	0.990494	0.800282	0.944721	0.944730
3450	0.898429	0.990607	0.990548	0.800638	0.944721	0.944760
3460	0.898671	0.990607	0.990547	0.800917	0.944721	0.944760
3470	0.898948	0.990607	0.990549	0.801095	0.944721	0.944760
3480	0.899213	0.990607	0.990545	0.801229	0.944721	0.944760
3490	0.899523	0.990607	0.990546	0.801472	0.944721	0.944789
3500	0.899753	0.990718	0.990659	0.801663	0.945717	0.945799
3510	0.900013	0.990718	0.990658	0.801837	0.945219	0.945277
3520	0.900212	0.990774	0.990713	0.802132	0.945717	0.945799
3530	0.900455	0.990774	0.990715	0.802272	0.945219	0.945210
3540	0.900775	0.990829	0.990768	0.802498	0.945219	0.945183
3550	0.901091	0.990885	0.990826	0.802721	0.945219	0.945213
3560	0.901328	0.990996	0.990939	0.802935	0.945717	0.945802
3570	0.901589	0.990996	0.990940	0.803168	0.945219	0.945213
3580	0.901863	0.991107	0.991051	0.803419	0.945219	0.945213
3590	0.902085	0.991163	0.991106	0.803543	0.945219	0.945213
3600	0.902336	0.991274	0.991217	0.803871	0.945219	0.945213
3610	0.902599	0.991329	0.991274	0.804106	0.945219	0.945213
3620	0.902858	0.991329	0.991275	0.804242	0.945219	0.945213
3630	0.903090	0.991385	0.991328	0.804360	0.945219	0.945213
3640	0.903334	0.991385	0.991328	0.804640	0.945717	0.945662
3650	0.903589	0.991385	0.991329	0.804841	0.945219	0.945213
3660	0.903836	0.991385	0.991331	0.805060	0.945717	0.945662
3670	0.904080	0.991441	0.991386	0.805234	0.945717	0.945734
3680	0.904446	0.991441	0.991386	0.805579	0.946215	0.946182
3690	0.904677	0.991441	0.991384	0.805806	0.946713	0.946669
3700	0.904908	0.991496	0.991440	0.806019	0.946713	0.946652
3710	0.905197	0.991441	0.991384	0.806232	0.946713	0.946652
3720	0.905419	0.991441	0.991384	0.806372	0.947211	0.947144
3730	0.905642	0.991441	0.991385	0.806506	0.947211	0.947144
3740	0.906113	0.991552	0.991495	0.806829	0.947211	0.947144
3750	0.906470	0.991663	0.991605	0.807072	0.947211	0.947144
3760	0.906678	0.991663	0.991603	0.807234	0.947709	0.947611
3770	0.906859	0.991663	0.991603	0.807402	0.947709	0.947611
3780	0.907099	0.991663	0.991605	0.807677	0.947709	0.947611
3790	0.907323	0.991719	0.991660	0.807865	0.947211	0.947119
3800	0.907707	0.991719	0.991659	0.808166	0.947211	0.947119
3810	0.907978	0.991774	0.991716	0.808279	0.947211	0.947119
3820	0.908175	0.991719	0.991661	0.808480	0.947211	0.947080
3830	0.908400	0.991663	0.991602	0.808737	0.947211	0.947080
3840	0.908619	0.991663	0.991602	0.808868	0.947211	0.947080
3850	0.908840	0.991830	0.991769	0.809211	0.947709	0.947588
3860	0.909085	0.991941	0.991882	0.809458	0.947709	0.947588
3870	0.909338	0.991996	0.991940	0.809682	0.948207	0.948082
3880	0.909596	0.992052	0.991996	0.809905	0.948207	0.948082
3890	0.909875	0.992108	0.992049	0.810154	0.948207	0.948082
3900	0.910148	0.991996	0.991940	0.810291	0.947709	0.947626
3910	0.910386	0.992108	0.992051	0.810340	0.947709	0.947593
3920	0.910537	0.992163	0.992105	0.810577	0.947709	0.947593
3930	0.910743	0.992108	0.992050	0.810705	0.947709	0.947626
3940	0.910973	0.992108	0.992050	0.810947	0.947211	0.947128
3950	0.911209	0.992219	0.992161	0.811125	0.947211	0.947128
3960	0.911538	0.992219	0.992157	0.811459	0.947709	0.947585
3970	0.911771	0.992219	0.992159	0.811655	0.947709	0.947585
3980	0.911985	0.992219	0.992160	0.811742	0.947709	0.947585
3990	0.912247	0.992330	0.992270	0.811953	0.947709	0.947585
4000	0.912484	0.992330	0.992269	0.812248	0.947709	0.947585
4010	0.912700	0.992330	0.992268	0.812426	0.947709	0.947551
4020	0.912858	0.992330	0.992269	0.812552	0.947709	0.947551
4030	0.913026	0.992441	0.992386	0.812647	0.947709	0.947551
4040	0.913279	0.992497	0.992442	0.812793	0.947709	0.947551
4050	0.913558	0.992386	0.992328	0.812945	0.947709	0.947551
4060	0.913771	0.992497	0.992439	0.813100	0.947709	0.947551
4070	0.914018	0.992608	0.992551	0.813224	0.947709	0.947551
4080	0.914253	0.992719	0.992663	0.813435	0.947709	0.947551
4090	0.914610	0.992719	0.992662	0.813671	0.947709	0.947551
4100	0.914946	0.992719	0.992663	0.813931	0.947211	0.947042
4110	0.915269	0.992719	0.992662	0.814260	0.947211	0.947075
4120	0.915470	0.992775	0.992718	0.814333	0.947211	0.947075
4130	0.915807	0.992719	0.992662	0.814482	0.947211	0.947075
4140	0.916024	0.992719	0.992662	0.814674	0.947709	0.947585
4150	0.916255	0.992830	0.992770	0.814893	0.947709	0.947585
4160	0.916503	0.992941	0.992885	0.815092	0.947211	0.947101
4170	0.916694	0.992997	0.992943	0.815273	0.947211	0.947101
4180	0.916949	0.992941	0.992885	0.815467	0.947211	0.947101
4190	0.917165	0.993052	0.992997	0.815703	0.946713	0.946592
4200	0.917390	0.993108	0.993056	0.815933	0.947211	0.947126
4210	0.917700	0.993164	0.993115	0.816242	0.947211	0.947090
4220	0.917913	0.993219	0.993171	0.816477	0.947709	0.947635
4230	0.918094	0.993275	0.993223	0.816625	0.947709	0.947635
4240	0.918330	0.993275	0.993222	0.816796	0.947709	0.947635
4250	0.918636	0.993219	0.993167	0.817159	0.947709	0.947591
4260	0.918917	0.993386	0.993332	0.817287	0.947709	0.947591
4270	0.919136	0.993386	0.993330	0.817387	0.948207	0.948125
4280	0.919363	0.993442	0.993387	0.817641	0.947709	0.947591
4290	0.919595	0.993442	0.993386	0.817755	0.947709	0.947651
4300	0.919783	0.993386	0.993334	0.818036	0.947211	0.947136
4310	0.920021	0.993386	0.993332	0.818256	0.946713	0.946626
4320	0.920399	0.993442	0.993388	0.818540	0.946713	0.946622
4330	0.920626	0.993497	0.993443	0.818706	0.947211	0.947137
4340	0.920862	0.993497	0.993442	0.818848	0.947709	0.947597
4350	0.921176	0.993608	0.993561	0.819083	0.948207	0.948122
4360	0.921453	0.993719	0.993671	0.819200	0.948705	0.948552
4370	0.921671	0.993719	0.993671	0.819400	0.948705	0.948552
4380	0.921934	0.993775	0.993729	0.819590	0.948207	0.948196
4390	0.922182	0.993831	0.993785	0.819810	0.948705	0.948657
4400	0.922378	0.993831	0.993785	0.819905	0.948705	0.948653
4410	0.922648	0.993831	0.993779	0.820078	0.947709	0.947663
4420	0.922921	0.993831	0.993781	0.820396	0.948207	0.948201
4430	0.923223	0.993886	0.993837	0.820642	0.948705	0.948711
4440	0.923538	0.993886	0.993835	0.821012	0.947709	0.947733
4450	0.923743	0.993942	0.993893	0.821171	0.947709	0.947733
4460	0.923941	0.994108	0.994060	0.821303	0.947709	0.947733
4470	0.924174	0.994053	0.994003	0.821437	0.947709	0.947733
4480	0.924336	0.994164	0.994115	0.821650	0.948705	0.948678
4490	0.924627	0.994220	0.994170	0.821865	0.948705	0.948642
4500	0.924845	0.994331	0.994285	0.821971	0.948207	0.948208
4510	0.925046	0.994331	0.994285	0.822161	0.948705	0.948642
4520	0.925302	0.994331	0.994285	0.822384	0.948705	0.948642
4530	0.925626	0.994331	0.994285	0.822688	0.949203	0.949099
4540	0.925905	0.994386	0.994341	0.822901	0.949203	0.949100
4550	0.926089	0.994386	0.994341	0.823004	0.949203	0.949141
4560	0.926331	0.994386	0.994341	0.823199	0.949203	0.949100
4570	0.926587	0.994498	0.994458	0.823416	0.949203	0.949141
4580	0.926800	0.994498	0.994458	0.823627	0.949203	0.949141
4590	0.927017	0.994498	0.994456	0.823891	0.949701	0.949605
4600	0.927214	0.994498	0.994455	0.824108	0.949701	0.949605
4610	0.927404	0.994609	0.994568	0.824254	0.949701	0.949605
4620	0.927556	0.994609	0.994566	0.824394	0.949203	0.949166
4630	0.927793	0.994553	0.994506	0.824601	0.949203	0.949166
4640	0.927977	0.994609	0.994562	0.824720	0.949203	0.949166
4650	0.928147	0.994720	0.994675	0.824898	0.949701	0.949605
4660	0.928397	0.994831	0.994789	0.825133	0.949701	0.949605
4670	0.928612	0.994942	0.994900	0.825274	0.949701	0.949605
4680	0.928858	0.994942	0.994898	0.825476	0.949203	0.949095
4690	0.929112	0.994998	0.994952	0.825782	0.949203	0.949095
4700	0.929370	0.995053	0.995007	0.825961	0.949203	0.949095
4710	0.929563	0.995053	0.995006	0.826096	0.949203	0.949095
4720	0.929788	0.995109	0.995064	0.825765	0.949203	0.949053
4730	0.929966	0.995109	0.995064	0.825976	0.949203	0.949053
4740	0.930261	0.995276	0.995232	0.826210	0.949701	0.949557
4750	0.930548	0.995220	0.995176	0.826444	0.949701	0.949513
4760	0.930744	0.995331	0.995289	0.826631	0.950199	0.950017
4770	0.930995	0.995331	0.995289	0.826819	0.950697	0.950509
4780	0.931134	0.995331	0.995289	0.826956	0.950199	0.950026
4790	0.931367	0.995387	0.995345	0.827181	0.950697	0.950536
4800	0.931581	0.995442	0.995399	0.827354	0.951195	0.951019
4810	0.931816	0.995442	0.995399	0.827492	0.951195	0.951019
4820	0.932076	0.995554	0.995512	0.827846	0.951195	0.951019
4830	0.932282	0.995665	0.995625	0.828003	0.951195	0.951019
4840	0.932443	0.995665	0.995625	0.828109	0.950199	0.950044
4850	0.932776	0.995776	0.995736	0.828427	0.950697	0.950536
4860	0.933015	0.995887	0.995851	0.828585	0.950199	0.950044
4870	0.933252	0.995831	0.995794	0.828688	0.950199	0.950056
4880	0.933456	0.995887	0.995850	0.828890	0.950697	0.950536
4890	0.933678	0.995943	0.995907	0.829055	0.951195	0.951074
4900	0.933927	0.995943	0.995906	0.829238	0.951195	0.951074
4910	0.934105	0.996054	0.996017	0.829449	0.951195	0.951114
4920	0.934304	0.996054	0.996019	0.829598	0.951195	0.951114
4930	0.934506	0.996054	0.996019	0.829795	0.951195	0.951074
4940	0.934801	0.996054	0.996017	0.830015	0.951195	0.951074
4950	0.935008	0.996054	0.996021	0.830207	0.951195	0.951074
4960	0.935186	0.996109	0.996077	0.830399	0.951195	0.951114
4970	0.935354	0.996165	0.996132	0.830603	0.951195	0.951114
4980	0.935543	0.996221	0.996188	0.830888	0.951195	0.951114
4990	0.935806	0.996276	0.996245	0.831115	0.951195	0.951114
5000	0.935996	0.996276	0.996244	0.831303	0.951195	0.951074
5010	0.936193	0.996332	0.996300	0.831562	0.950697	0.950582
5020	0.936360	0.996443	0.996411	0.831780	0.950697	0.950582
5030	0.936581	0.996498	0.996466	0.831952	0.951195	0.951053
5040	0.936770	0.996554	0.996521	0.832124	0.951195	0.951053
5050	0.936960	0.996554	0.996523	0.832330	0.951195	0.951095
5060	0.937169	0.996610	0.996579	0.832589	0.951693	0.951559
5070	0.937395	0.996665	0.996635	0.832777	0.951195	0.951095
5080	0.937594	0.996721	0.996692	0.833038	0.951693	0.951559
5090	0.937814	0.996665	0.996637	0.833250	0.951195	0.951095
5100	0.938021	0.996665	0.996635	0.833401	0.951195	0.951095
5110	0.938195	0.996665	0.996636	0.833557	0.951195	0.951095
5120	0.938390	0.996665	0.996635	0.833680	0.951195	0.951095
5130	0.938565	0.996721	0.996693	0.833869	0.950697	0.950635
5140	0.938762	0.996776	0.996749	0.833936	0.950697	0.950635
5150	0.938945	0.996943	0.996914	0.834064	0.951195	0.951095
5160	0.939183	0.996943	0.996914	0.834222	0.950697	0.950635
5170	0.939391	0.997054	0.997025	0.834419	0.950697	0.950635
5180	0.939554	0.997054	0.997025	0.834583	0.951693	0.951577
5190	0.939782	0.997054	0.997024	0.834801	0.951195	0.951117
5200	0.939970	0.997221	0.997194	0.834949	0.951195	0.951117
5210	0.940170	0.997221	0.997194	0.835085	0.951693	0.951577
5220	0.940360	0.997332	0.997306	0.835327	0.952191	0.952070
5230	0.940554	0.997332	0.997306	0.835554	0.952191	0.952049
5240	0.940726	0.997332	0.997306	0.835652	0.952191	0.952049
5250	0.940915	0.997332	0.997306	0.835876	0.952191	0.952049
5260	0.941182	0.997388	0.997363	0.836087	0.952191	0.952049
5270	0.941426	0.997388	0.997363	0.836330	0.952191	0.952049
5280	0.941584	0.997388	0.997363	0.836596	0.951693	0.951583
5290	0.941777	0.997443	0.997419	0.836771	0.952191	0.952072
5300	0.941941	0.997443	0.997419	0.836947	0.951693	0.951559
5310	0.942136	0.997443	0.997419	0.837104	0.952191	0.952049
5320	0.942404	0.997499	0.997474	0.837374	0.952689	0.952530
5330	0.942549	0.997554	0.997531	0.837499	0.953187	0.953101
5340	0.942700	0.997610	0.997589	0.837645	0.953187	0.953101
5350	0.942861	0.997610	0.997588	0.837742	0.953187	0.953101
5360	0.943004	0.997610	0.997588	0.837856	0.953187	0.953101
5370	0.943187	0.997721	0.997700	0.837993	0.953187	0.953101
5380	0.943364	0.997666	0.997645	0.838148	0.953187	0.953101
5390	0.943529	0.997666	0.997644	0.838252	0.953187	0.953101
5400	0.943698	0.997666	0.997644	0.838346	0.953187	0.953101
5410	0.943867	0.997832	0.997811	0.838460	0.952689	0.952578
5420	0.944030	0.997832	0.997811	0.838619	0.952689	0.952578
5430	0.944199	0.997832	0.997811	0.838707	0.952191	0.952076
5440	0.944368	0.997832	0.997811	0.838860	0.952191	0.952076
5450	0.944523	0.997832	0.997810	0.838975	0.952689	0.952568
5460	0.944714	0.997832	0.997810	0.839095	0.952689	0.952582
5470	0.944879	0.997832	0.997810	0.839238	0.952191	0.952076
5480	0.945064	0.997777	0.997754	0.839452	0.952191	0.952076
5490	0.945262	0.997777	0.997754	0.839643	0.952689	0.952592
5500	0.945413	0.997832	0.997812	0.839779	0.952689	0.952592
5510	0.945562	0.997832	0.997812	0.839904	0.952191	0.952128
5520	0.945703	0.997888	0.997868	0.840054	0.952191	0.952072
5530	0.945907	0.997999	0.997980	0.840247	0.952191	0.952072
5540	0.946041	0.998055	0.998035	0.840370	0.952689	0.952615
5550	0.946211	0.998055	0.998036	0.840487	0.952191	0.952099
5560	0.946352	0.998055	0.998038	0.840666	0.953685	0.953586
5570	0.946527	0.998055	0.998038	0.840887	0.953685	0.953586
5580	0.946706	0.998055	0.998037	0.841063	0.953685	0.953586
5590	0.946849	0.998166	0.998147	0.841136	0.953685	0.953586
5600	0.947014	0.998166	0.998147	0.841390	0.953187	0.953070
5610	0.947168	0.998166	0.998147	0.841508	0.953685	0.953586
5620	0.947279	0.998221	0.998204	0.841546	0.953187	0.953070
5630	0.947419	0.998221	0.998204	0.841660	0.953685	0.953555
5640	0.947637	0.998221	0.998204	0.841879	0.953685	0.953555
5650	0.947786	0.998221	0.998204	0.841983	0.953685	0.953555
5660	0.947941	0.998221	0.998204	0.842180	0.953187	0.953096
5670	0.948084	0.998221	0.998204	0.842305	0.953685	0.953555
5680	0.948231	0.998221	0.998204	0.842471	0.954183	0.954071
5690	0.948408	0.998221	0.998204	0.842627	0.953187	0.953070
5700	0.948579	0.998221	0.998205	0.842753	0.953187	0.953070
5710	0.948720	0.998221	0.998205	0.842919	0.953187	0.953070
5720	0.948862	0.998221	0.998205	0.843061	0.953187	0.953070
5730	0.948968	0.998221	0.998205	0.843176	0.953187	0.953070
5740	0.949101	0.998221	0.998203	0.843284	0.953187	0.953070
5750	0.949231	0.998221	0.998202	0.843362	0.953187	0.953070
5760	0.949384	0.998221	0.998203	0.843500	0.953187	0.953070
5770	0.949504	0.998277	0.998260	0.843545	0.953685	0.953560
5780	0.949624	0.998221	0.998205	0.843676	0.953685	0.953560
5790	0.949783	0.998277	0.998260	0.843779	0.953685	0.953576
5800	0.949932	0.998388	0.998370	0.843790	0.953685	0.953560
5810	0.950044	0.998333	0.998314	0.843814	0.953685	0.953560
5820	0.950189	0.998333	0.998313	0.843956	0.953685	0.953560
5830	0.950328	0.998388	0.998370	0.844134	0.953187	0.953096
5840	0.950499	0.998388	0.998370	0.844266	0.952689	0.952563
5850	0.950623	0.998388	0.998370	0.844362	0.952689	0.952563
5860	0.950807	0.998388	0.998370	0.844487	0.952689	0.952563
5870	0.950993	0.998444	0.998427	0.844760	0.952689	0.952563
5880	0.951109	0.998499	0.998482	0.844791	0.952689	0.952563
5890	0.951228	0.998555	0.998538	0.844884	0.953187	0.953096
5900	0.951411	0.998555	0.998538	0.845120	0.953187	0.953096
5910	0.951527	0.998499	0.998483	0.845260	0.952689	0.952563
5920	0.951654	0.998555	0.998537	0.845324	0.952689	0.952563
5930	0.951782	0.998610	0.998592	0.845396	0.952689	0.952563
5940	0.951919	0.998610	0.998592	0.845521	0.952689	0.952563
5950	0.952061	0.998610	0.998592	0.845707	0.952689	0.952563
5960	0.952194	0.998610	0.998592	0.845797	0.953187	0.953064
5970	0.952308	0.998610	0.998592	0.845908	0.953187	0.953064
5980	0.952471	0.998666	0.998646	0.846047	0.953685	0.953554
5990	0.952626	0.998666	0.998646	0.846183	0.953187	0.953064
6000	0.952740	0.998722	0.998703	0.846271	0.953187	0.953064
6010	0.952859	0.998722	0.998703	0.846334	0.953187	0.953064
6020	0.952971	0.998722	0.998703	0.846447	0.953187	0.953053
6030	0.953086	0.998722	0.998703	0.846571	0.952689	0.952563
6040	0.953223	0.998722	0.998703	0.846612	0.953187	0.953053
6050	0.953320	0.998722	0.998703	0.846725	0.953187	0.953053
6060	0.953458	0.998722	0.998703	0.846753	0.953187	0.953053
6070	0.953625	0.998722	0.998703	0.846862	0.953187	0.953053
6080	0.953727	0.998722	0.998703	0.846998	0.953187	0.953053
6090	0.953870	0.998722	0.998703	0.847091	0.953187	0.953053
6100	0.953988	0.998833	0.998815	0.847126	0.953187	0.953053
6110	0.954105	0.998833	0.998815	0.847195	0.953187	0.953053
6120	0.954228	0.998833	0.998815	0.847349	0.953187	0.953053
6130	0.954336	0.998777	0.998758	0.847472	0.953187	0.953002
6140	0.954443	0.998833	0.998815	0.847543	0.953187	0.953002
6150	0.954553	0.998777	0.998758	0.847685	0.953187	0.953002
6160	0.954643	0.998777	0.998758	0.847776	0.953187	0.953002
6170	0.954748	0.998833	0.998815	0.847926	0.953187	0.953002
6180	0.954840	0.998833	0.998815	0.847980	0.953685	0.953501
6190	0.954967	0.998833	0.998815	0.848100	0.954183	0.953959
6200	0.955029	0.998833	0.998815	0.848121	0.954183	0.953959
6210	0.955157	0.998833	0.998815	0.848211	0.954183	0.953976
6220	0.955282	0.998833	0.998815	0.848312	0.954183	0.953967
6230	0.955374	0.998888	0.998871	0.848390	0.954183	0.953967
6240	0.955459	0.998888	0.998871	0.848478	0.954183	0.953967
6250	0.955561	0.998888	0.998871	0.848580	0.954183	0.953967
6260	0.955668	0.998888	0.998871	0.848747	0.954183	0.953967
6270	0.955735	0.998888	0.998871	0.848797	0.954183	0.953967
6280	0.955840	0.998888	0.998871	0.848909	0.954183	0.953967
6290	0.955932	0.998888	0.998871	0.849039	0.954183	0.953967
6300	0.956043	0.998888	0.998871	0.849087	0.954183	0.953967
6310	0.956112	0.998833	0.998815	0.849169	0.954183	0.953967
6320	0.956224	0.998833	0.998815	0.849281	0.953685	0.953466
6330	0.956311	0.998888	0.998871	0.849341	0.954183	0.954049
6340	0.956505	0.998888	0.998871	0.849521	0.954183	0.954049
6350	0.956610	0.998888	0.998871	0.849646	0.954183	0.954049
6360	0.956740	0.998888	0.998871	0.849757	0.954183	0.954049
6370	0.956849	0.998944	0.998927	0.849878	0.953685	0.953466
6380	0.956909	0.998944	0.998927	0.849938	0.953685	0.953466
6390	0.957004	0.998944	0.998927	0.850037	0.953685	0.953466
6400	0.957093	0.998944	0.998927	0.850041	0.953685	0.953466
6410	0.957193	0.998944	0.998927	0.850135	0.953685	0.953466
6420	0.957285	0.998944	0.998927	0.850204	0.953685	0.953466
6430	0.957380	0.999000	0.998984	0.850294	0.953685	0.953466
6440	0.957482	0.999000	0.998984	0.850391	0.953187	0.952977
6450	0.957585	0.999000	0.998984	0.850515	0.953685	0.953466
6460	0.957682	0.999000	0.998984	0.850606	0.953685	0.953466
6470	0.957780	0.999000	0.998984	0.850738	0.953685	0.953466
6480	0.957850	0.999000	0.998984	0.850860	0.953685	0.953466
6490	0.957919	0.999000	0.998984	0.850903	0.953685	0.953466
6500	0.958065	0.999000	0.998984	0.851007	0.953187	0.952977
6510	0.958146	0.999000	0.998984	0.851098	0.953187	0.952977
6520	0.958236	0.999000	0.998984	0.851213	0.953187	0.952977
6530	0.958323	0.999000	0.998984	0.851301	0.953187	0.952977
6540	0.958412	0.999000	0.998984	0.851348	0.953187	0.952977
6550	0.958496	0.999000	0.998984	0.851450	0.953187	0.952977
6560	0.958593	0.999000	0.998984	0.851617	0.953187	0.952977
6570	0.958665	0.999000	0.998984	0.851705	0.953187	0.952977
6580	0.958733	0.999000	0.998984	0.851799	0.953187	0.952977
6590	0.958819	0.999000	0.998984	0.851870	0.953187	0.952977
6600	0.958930	0.999000	0.998984	0.851964	0.953187	0.952977
6610	0.959009	0.999000	0.998984	0.852053	0.953187	0.952977
6620	0.959113	0.999000	0.998984	0.852086	0.953187	0.952977
6630	0.959200	0.999000	0.998984	0.852124	0.953187	0.952977
6640	0.959282	0.999000	0.998984	0.852226	0.953187	0.952977
6650	0.959402	0.999000	0.998984	0.852377	0.953187	0.952977
6660	0.959490	0.999000	0.998984	0.852461	0.953187	0.952977
6670	0.959583	0.999000	0.998984	0.852591	0.953187	0.952977
6680	0.959663	0.999000	0.998984	0.852664	0.953187	0.952977
6690	0.959764	0.999000	0.998984	0.852685	0.953187	0.952977
6700	0.959843	0.999000	0.998984	0.852795	0.953187	0.952977
6710	0.959913	0.999055	0.999040	0.852910	0.953187	0.952977
6720	0.959999	0.999055	0.999040	0.852953	0.953187	0.952977
6730	0.960090	0.999055	0.999040	0.853035	0.953187	0.952977
6740	0.960173	0.999111	0.999096	0.853132	0.953685	0.953373
6750	0.960260	0.999166	0.999152	0.853272	0.953685	0.953373
6760	0.960325	0.999111	0.999096	0.853327	0.953685	0.953373
6770	0.960428	0.999166	0.999152	0.853458	0.953685	0.953373
6780	0.960524	0.999166	0.999152	0.853576	0.954183	0.953890
6790	0.960597	0.999222	0.999208	0.853619	0.954183	0.953890
6800	0.960684	0.999222	0.999208	0.853725	0.954183	0.953890
6810	0.960783	0.999277	0.999265	0.853745	0.954681	0.954381
6820	0.960868	0.999333	0.999322	0.853835	0.954183	0.953890
6830	0.960974	0.999333	0.999322	0.854003	0.954681	0.954390
6840	0.961068	0.999389	0.999378	0.854128	0.954681	0.954390
6850	0.961157	0.999389	0.999378	0.854225	0.954681	0.954381
6860	0.961219	0.999389	0.999378	0.854294	0.954681	0.954381
6870	0.961309	0.999389	0.999378	0.854379	0.955179	0.954846
6880	0.961401	0.999389	0.999378	0.854473	0.955179	0.954846
6890	0.961522	0.999389	0.999378	0.854551	0.954183	0.953890
6900	0.961623	0.999389	0.999378	0.854557	0.954183	0.953890
6910	0.961719	0.999389	0.999378	0.854624	0.954183	0.953890
6920	0.961804	0.999389	0.999378	0.854751	0.955179	0.954856
6930	0.961851	0.999389	0.999378	0.854793	0.954681	0.954355
6940	0.961946	0.999389	0.999378	0.854889	0.955179	0.954856
6950	0.962028	0.999389	0.999378	0.855023	0.955179	0.954856
6960	0.962097	0.999389	0.999378	0.855074	0.955179	0.954846
6970	0.962200	0.999389	0.999378	0.855180	0.955677	0.955376
6980	0.962270	0.999389	0.999378	0.855258	0.955677	0.955435
6990	0.962357	0.999389	0.999378	0.855385	0.956175	0.955972
7000	0.962437	0.999389	0.999378	0.855491	0.956673	0.956454
7010	0.962528	0.999389	0.999378	0.855533	0.957171	0.956980
7020	0.962608	0.999389	0.999378	0.855569	0.957171	0.956980
7030	0.962691	0.999389	0.999378	0.855623	0.956673	0.956444
7040	0.962783	0.999389	0.999378	0.855627	0.956673	0.956444
7050	0.962881	0.999389	0.999378	0.855728	0.956673	0.956444
7060	0.963002	0.999389	0.999378	0.855908	0.956673	0.956444
7070	0.963066	0.999389	0.999378	0.855921	0.956175	0.955855
7080	0.963161	0.999389	0.999378	0.855982	0.956175	0.955855
7090	0.963232	0.999389	0.999378	0.856073	0.956175	0.955855
7100	0.963331	0.999389	0.999378	0.856222	0.956175	0.955855
7110	0.963391	0.999389	0.999378	0.856295	0.956673	0.956386
7120	0.963462	0.999389	0.999378	0.856366	0.956673	0.956375
7130	0.963519	0.999389	0.999378	0.856407	0.956673	0.956375
7140	0.963581	0.999389	0.999378	0.856418	0.956673	0.956375
7150	0.963651	0.999389	0.999378	0.856425	0.956175	0.955919
7160	0.963722	0.999389	0.999378	0.856497	0.956175	0.955919
7170	0.963812	0.999389	0.999378	0.856606	0.956175	0.955919
7180	0.963879	0.999389	0.999378	0.856672	0.956673	0.956375
7190	0.963963	0.999389	0.999378	0.856734	0.956673	0.956452
7200	0.964042	0.999389	0.999378	0.856821	0.956175	0.955919
7210	0.964125	0.999389	0.999379	0.856907	0.956175	0.955919
7220	0.964179	0.999389	0.999379	0.856960	0.956673	0.956452
7230	0.964270	0.999389	0.999379	0.857028	0.956673	0.956452
7240	0.964336	0.999444	0.999436	0.857127	0.956673	0.956452
7250	0.964407	0.999444	0.999436	0.857189	0.956673	0.956452
7260	0.964490	0.999444	0.999436	0.857310	0.956673	0.956443
7270	0.964559	0.999444	0.999436	0.857392	0.956673	0.956443
7280	0.964643	0.999444	0.999436	0.857399	0.956175	0.955921
7290	0.964721	0.999444	0.999437	0.857434	0.956175	0.955921
7300	0.964792	0.999500	0.999493	0.857488	0.956175	0.955921
7310	0.964859	0.999555	0.999549	0.857623	0.956175	0.955921
7320	0.964933	0.999555	0.999549	0.857516	0.956175	0.955921
7330	0.965020	0.999555	0.999549	0.857578	0.956175	0.955921
7340	0.965083	0.999555	0.999549	0.857580	0.956175	0.955921
7350	0.965160	0.999555	0.999549	0.857668	0.956673	0.956453
7360	0.965220	0.999555	0.999549	0.857624	0.956175	0.955931
7370	0.965300	0.999555	0.999549	0.857694	0.956175	0.955931
7380	0.965374	0.999555	0.999549	0.857810	0.956673	0.956454
7390	0.965472	0.999555	0.999549	0.857873	0.956673	0.956454
7400	0.965547	0.999555	0.999549	0.857923	0.956673	0.956454
7410	0.965630	0.999555	0.999549	0.858012	0.956673	0.956454
7420	0.965710	0.999555	0.999549	0.858098	0.956673	0.956454
7430	0.965792	0.999555	0.999549	0.858127	0.956175	0.955931
7440	0.965865	0.999555	0.999549	0.858223	0.956673	0.956454
7450	0.965941	0.999555	0.999549	0.858352	0.956673	0.956454
7460	0.966011	0.999555	0.999549	0.858389	0.956673	0.956461
7470	0.966076	0.999555	0.999549	0.858440	0.957171	0.956982
7480	0.966137	0.999555	0.999549	0.858473	0.957171	0.956982
7490	0.966214	0.999555	0.999549	0.858541	0.957171	0.956982
7500	0.966282	0.999555	0.999549	0.858581	0.957171	0.956982
7510	0.966343	0.999555	0.999549	0.858611	0.957171	0.957014
7520	0.966417	0.999555	0.999549	0.858654	0.957171	0.957008
7530	0.966483	0.999555	0.999549	0.858709	0.957171	0.957008
7540	0.966552	0.999611	0.999605	0.858812	0.957171	0.957008
7550	0.966596	0.999611	0.999605	0.858932	0.957171	0.957008
7560	0.966657	0.999667	0.999662	0.859018	0.957171	0.957008
7570	0.966707	0.999667	0.999662	0.859047	0.957171	0.957008
7580	0.966782	0.999667	0.999662	0.859030	0.957171	0.956976
7590	0.966848	0.999667	0.999662	0.859115	0.957171	0.956976
7600	0.966901	0.999667	0.999662	0.859196	0.957171	0.956976
7610	0.966966	0.999667	0.999662	0.859242	0.957171	0.956982
7620	0.967034	0.999667	0.999662	0.859332	0.957171	0.956982
7630	0.967112	0.999667	0.999662	0.859430	0.957669	0.957468
7640	0.967172	0.999667	0.999662	0.859519	0.957669	0.957468
7650	0.967239	0.999667	0.999662	0.859560	0.957669	0.957468
7660	0.967287	0.999667	0.999662	0.859610	0.957171	0.957014
7670	0.967356	0.999722	0.999719	0.859641	0.956673	0.956493
7680	0.967400	0.999722	0.999719	0.859707	0.956673	0.956493
7690	0.967459	0.999722	0.999719	0.859754	0.956673	0.956493
7700	0.967506	0.999722	0.999719	0.859809	0.957171	0.956937
7710	0.967557	0.999722	0.999719	0.859876	0.957171	0.956947
7720	0.967613	0.999722	0.999719	0.859925	0.957171	0.956947
7730	0.967669	0.999722	0.999719	0.859946	0.957171	0.956947
7740	0.967748	0.999722	0.999719	0.860053	0.957171	0.956947
7750	0.967804	0.999722	0.999719	0.860109	0.957171	0.956947
7760	0.967860	0.999722	0.999719	0.860169	0.957171	0.956947
7770	0.967914	0.999722	0.999719	0.860251	0.957171	0.956947
7780	0.967979	0.999722	0.999719	0.860286	0.957171	0.956947
7790	0.968048	0.999722	0.999719	0.860380	0.957171	0.956947
7800	0.968122	0.999722	0.999719	0.860459	0.957171	0.956947
7810	0.968176	0.999722	0.999719	0.860567	0.957171	0.956947
7820	0.968238	0.999722	0.999719	0.860617	0.957669	0.957437
7830	0.968303	0.999722	0.999719	0.860678	0.957669	0.957437
7840	0.968370	0.999722	0.999719	0.860803	0.957669	0.957437
7850	0.968426	0.999722	0.999719	0.860859	0.957669	0.957437
7860	0.968479	0.999722	0.999719	0.860908	0.957669	0.957437
7870	0.968537	0.999722	0.999719	0.860948	0.957669	0.957437
7880	0.968596	0.999722	0.999719	0.861040	0.957669	0.957437
7890	0.968656	0.999722	0.999719	0.861120	0.957669	0.957437
7900	0.968728	0.999722	0.999719	0.861195	0.957669	0.957437
7910	0.968811	0.999722	0.999719	0.861293	0.957669	0.957437
7920	0.968852	0.999722	0.999719	0.861345	0.957669	0.957437
7930	0.968929	0.999722	0.999719	0.861423	0.957669	0.957437
7940	0.969002	0.999722	0.999719	0.861514	0.957669	0.957437
7950	0.969061	0.999722	0.999719	0.861577	0.957669	0.957437
7960	0.969132	0.999722	0.999719	0.861643	0.957669	0.957437
7970	0.969196	0.999722	0.999719	0.861674	0.957669	0.957437
7980	0.969246	0.999722	0.999719	0.861790	0.957669	0.957437
7990	0.969305	0.999722	0.999719	0.861863	0.957669	0.957437
8000	0.969362	0.999722	0.999719	0.861872	0.957669	0.957437
8010	0.969395	0.999722	0.999719	0.861946	0.957669	0.957437
8020	0.969454	0.999722	0.999719	0.862018	0.957669	0.957437
8030	0.969494	0.999722	0.999719	0.862069	0.958167	0.957955
8040	0.969537	0.999722	0.999719	0.862084	0.958167	0.957955
8050	0.969593	0.999722	0.999719	0.862148	0.957669	0.957437
8060	0.969648	0.999722	0.999719	0.862226	0.958167	0.957955
8070	0.969700	0.999722	0.999719	0.862332	0.957669	0.957437
8080	0.969748	0.999722	0.999719	0.862328	0.957669	0.957437
8090	0.969792	0.999722	0.999719	0.862437	0.958167	0.957955
8100	0.969845	0.999722	0.999719	0.862515	0.958167	0.957955
8110	0.969901	0.999722	0.999719	0.862635	0.958167	0.957955
8120	0.969972	0.999722	0.999719	0.862725	0.958167	0.957955
8130	0.970036	0.999778	0.999774	0.862798	0.958167	0.957955
8140	0.970116	0.999778	0.999774	0.862891	0.958167	0.957955
8150	0.970154	0.999722	0.999719	0.862911	0.958167	0.957955
8160	0.970193	0.999722	0.999719	0.862918	0.958167	0.957955
8170	0.970257	0.999722	0.999719	0.862991	0.958167	0.957955
8180	0.970302	0.999722	0.999719	0.863036	0.958167	0.957955
8190	0.970354	0.999778	0.999774	0.863127	0.958167	0.957955
8200	0.970413	0.999778	0.999774	0.863204	0.958167	0.957955
8210	0.970501	0.999778	0.999774	0.863319	0.958167	0.957955
8220	0.970560	0.999778	0.999774	0.863413	0.958167	0.957955
8230	0.970605	0.999778	0.999774	0.863475	0.958167	0.957955
8240	0.970672	0.999778	0.999774	0.863560	0.958167	0.957955
8250	0.970719	0.999778	0.999774	0.863629	0.958665	0.958387
8260	0.970751	0.999778	0.999774	0.863630	0.958665	0.958387
8270	0.970798	0.999778	0.999774	0.863660	0.958665	0.958387
8280	0.970845	0.999778	0.999774	0.863708	0.958665	0.958387
8290	0.970893	0.999778	0.999774	0.863742	0.958665	0.958387
8300	0.970947	0.999778	0.999774	0.863769	0.958665	0.958387
8310	0.970990	0.999778	0.999774	0.863845	0.958665	0.958387
8320	0.971039	0.999778	0.999774	0.863876	0.958665	0.958387
8330	0.971086	0.999778	0.999774	0.863934	0.958665	0.958387
8340	0.971114	0.999778	0.999774	0.863961	0.958665	0.958387
8350	0.971162	0.999778	0.999774	0.864074	0.958665	0.958387
8360	0.971214	0.999778	0.999774	0.864155	0.958665	0.958387
8370	0.971265	0.999778	0.999774	0.864194	0.959163	0.958913
8380	0.971321	0.999778	0.999774	0.864271	0.959163	0.958913
8390	0.971373	0.999778	0.999774	0.864331	0.959163	0.958913
8400	0.971419	0.999778	0.999774	0.864372	0.959163	0.958913
8410	0.971472	0.999778	0.999774	0.864449	0.959163	0.958913
8420	0.971525	0.999778	0.999774	0.864507	0.959163	0.958913
8430	0.971573	0.999778	0.999774	0.864561	0.959163	0.958913
8440	0.971630	0.999778	0.999774	0.864629	0.959661	0.959462
8450	0.971677	0.999778	0.999774	0.864654	0.959661	0.959462
8460	0.971722	0.999778	0.999774	0.864720	0.959661	0.959462
8470	0.971772	0.999778	0.999774	0.864749	0.959661	0.959462
8480	0.971820	0.999778	0.999774	0.864795	0.959661	0.959462
8490	0.971896	0.999778	0.999774	0.864844	0.959661	0.959462
8500	0.971951	0.999778	0.999774	0.864865	0.959661	0.959462
8510	0.972003	0.999778	0.999774	0.864935	0.959661	0.959462
8520	0.972053	0.999778	0.999774	0.865001	0.959661	0.959462
8530	0.972099	0.999778	0.999774	0.865091	0.959661	0.959462
8540	0.972129	0.999778	0.999774	0.865091	0.959661	0.959462
8550	0.972168	0.999778	0.999774	0.865140	0.959661	0.959462
8560	0.972207	0.999778	0.999774	0.865169	0.959661	0.959462
8570	0.972247	0.999778	0.999774	0.865220	0.959661	0.959462
8580	0.972287	0.999778	0.999774	0.865305	0.959661	0.959462
8590	0.972327	0.999778	0.999773	0.865344	0.959661	0.959462
8600	0.972380	0.999778	0.999773	0.865415	0.959661	0.959462
8610	0.972426	0.999778	0.999773	0.865451	0.959661	0.959462
8620	0.972483	0.999778	0.999773	0.865503	0.959661	0.959462
8630	0.972529	0.999778	0.999773	0.865548	0.959661	0.959462
8640	0.972577	0.999778	0.999773	0.865606	0.960159	0.959910
8650	0.972624	0.999778	0.999773	0.865685	0.960159	0.959910
8660	0.972681	0.999778	0.999773	0.865743	0.960159	0.959910
8670	0.972735	0.999778	0.999773	0.865803	0.960159	0.959910
8680	0.972782	0.999778	0.999773	0.865841	0.960159	0.959910
8690	0.972818	0.999778	0.999773	0.865863	0.960159	0.959910
8700	0.972862	0.999778	0.999773	0.865893	0.960159	0.959910
8710	0.972913	0.999778	0.999773	0.865959	0.959661	0.959452
8720	0.972963	0.999778	0.999773	0.866036	0.959661	0.959452
8730	0.973010	0.999778	0.999773	0.866100	0.959661	0.959452
8740	0.973047	0.999778	0.999774	0.866136	0.959661	0.959452
8750	0.973101	0.999778	0.999773	0.866177	0.959661	0.959452
8760	0.973161	0.999778	0.999773	0.866233	0.959661	0.959452
8770	0.973190	0.999778	0.999773	0.866273	0.959661	0.959452
8780	0.973224	0.999778	0.999773	0.866352	0.959661	0.959452
8790	0.973258	0.999778	0.999773	0.866377	0.959661	0.959452
8800	0.973288	0.999778	0.999773	0.866441	0.960159	0.960035
8810	0.973338	0.999778	0.999773	0.866514	0.959661	0.959452
8820	0.973395	0.999778	0.999773	0.866610	0.959661	0.959452
8830	0.973440	0.999778	0.999773	0.866646	0.959661	0.959452
8840	0.973485	0.999778	0.999773	0.866622	0.959163	0.958941
8850	0.973520	0.999778	0.999773	0.866587	0.959163	0.958941
8860	0.973576	0.999778	0.999773	0.866618	0.959163	0.958941
8870	0.973613	0.999778	0.999773	0.866668	0.959163	0.958941
8880	0.973669	0.999778	0.999773	0.866765	0.959163	0.958941
8890	0.973715	0.999778	0.999773	0.866759	0.959163	0.958941
8900	0.973759	0.999778	0.999773	0.866788	0.959163	0.958941
8910	0.973796	0.999778	0.999773	0.866814	0.959163	0.958941
8920	0.973834	0.999778	0.999773	0.866748	0.959163	0.958941
8930	0.973865	0.999778	0.999773	0.866750	0.959163	0.958941
8940	0.973897	0.999778	0.999773	0.866808	0.959163	0.958941
8950	0.973939	0.999778	0.999773	0.866880	0.959163	0.958941
8960	0.973973	0.999778	0.999773	0.866940	0.959163	0.958941
8970	0.974005	0.999778	0.999773	0.866988	0.959163	0.958941
8980	0.974044	0.999778	0.999773	0.867041	0.959163	0.958941
8990	0.974084	0.999778	0.999773	0.867063	0.959163	0.958941
9000	0.974119	0.999778	0.999773	0.867111	0.959163	0.958941
9010	0.974167	0.999778	0.999773	0.867176	0.959163	0.958941
9020	0.974229	0.999833	0.999829	0.867247	0.959163	0.958941
9030	0.974269	0.999778	0.999773	0.867258	0.959163	0.958941
9040	0.974309	0.999778	0.999773	0.867271	0.959163	0.958941
9050	0.974360	0.999778	0.999773	0.867311	0.959163	0.958941
9060	0.974398	0.999778	0.999773	0.867408	0.959163	0.958941
9070	0.974440	0.999833	0.999829	0.867480	0.959163	0.958941
9080	0.974480	0.999833	0.999829	0.867549	0.959163	0.958941
9090	0.974523	0.999833	0.999829	0.867605	0.959163	0.958941
9100	0.974578	0.999833	0.999829	0.867668	0.959163	0.958941
