10	0.077115	0.415097	0.349494	0.075861	0.399024	0.340473
20	0.121716	0.621560	0.606036	0.116151	0.593659	0.583215
30	0.162065	0.673760	0.681614	0.157073	0.661463	0.670980
40	0.204577	0.709081	0.712645	0.196706	0.696585	0.700803
50	0.236644	0.734875	0.737645	0.225035	0.719512	0.725111
60	0.260785	0.749861	0.751739	0.248424	0.726829	0.732239
70	0.284494	0.763621	0.763711	0.269632	0.737561	0.739737
80	0.305594	0.775543	0.773417	0.289558	0.746341	0.746431
90	0.322958	0.786741	0.782882	0.306213	0.753659	0.751967
100	0.339192	0.794429	0.790249	0.321379	0.762439	0.760933
110	0.353404	0.800334	0.795709	0.335077	0.774634	0.770551
120	0.365755	0.804290	0.798699	0.346338	0.777561	0.772985
130	0.377400	0.808858	0.802702	0.356987	0.780488	0.775438
140	0.389577	0.816212	0.808659	0.366325	0.786341	0.780770
150	0.402625	0.821226	0.813355	0.378146	0.794146	0.788277
160	0.416225	0.827465	0.818582	0.391547	0.799024	0.792037
170	0.429076	0.832145	0.822835	0.404605	0.805854	0.797805
180	0.438116	0.835376	0.825816	0.412096	0.806829	0.797951
190	0.448121	0.838774	0.828711	0.421775	0.812195	0.802630
200	0.456006	0.842507	0.832139	0.429011	0.815122	0.805288
210	0.467092	0.846685	0.836099	0.438343	0.822927	0.813058
220	0.475168	0.849638	0.838676	0.445140	0.821951	0.811414
230	0.483367	0.854540	0.843168	0.451540	0.824878	0.813639
240	0.491483	0.857270	0.845577	0.458592	0.829756	0.817956
250	0.499106	0.860279	0.848276	0.465454	0.830244	0.818284
260	0.506623	0.864290	0.851976	0.472485	0.835122	0.823249
270	0.514580	0.867465	0.854864	0.478356	0.837561	0.825372
280	0.521321	0.870474	0.857813	0.484527	0.839024	0.826847
290	0.528984	0.873649	0.860533	0.490974	0.846341	0.833731
300	0.534878	0.876267	0.862844	0.495948	0.847317	0.834502
310	0.541076	0.879610	0.865835	0.501336	0.847805	0.834884
320	0.546514	0.881616	0.867701	0.505495	0.850244	0.836939
330	0.551556	0.883510	0.869353	0.509650	0.851220	0.837700
340	0.557917	0.885905	0.871497	0.514974	0.855610	0.841907
350	0.563125	0.887298	0.872793	0.519327	0.856585	0.842808
360	0.568147	0.889415	0.874668	0.523938	0.858049	0.843889
370	0.572352	0.891922	0.877055	0.526384	0.858049	0.843904
380	0.577275	0.894150	0.879126	0.530295	0.860488	0.845889
390	0.582639	0.896267	0.881040	0.534429	0.863902	0.848970
400	0.588410	0.897604	0.882323	0.540116	0.865854	0.850980
410	0.592718	0.899276	0.883881	0.544348	0.867317	0.852526
420	0.598026	0.901058	0.885514	0.548981	0.866829	0.852242
430	0.603893	0.902786	0.887092	0.553884	0.868293	0.853523
440	0.608356	0.904847	0.888916	0.556550	0.869268	0.854296
450	0.612442	0.905961	0.890018	0.559751	0.869268	0.854294
460	0.615852	0.907521	0.891483	0.562626	0.871220	0.856103
470	0.620340	0.908357	0.892135	0.565771	0.872683	0.857391
480	0.623928	0.909638	0.893260	0.568028	0.872683	0.857594
490	0.627822	0.910418	0.893939	0.571108	0.874634	0.859446
500	0.631705	0.912535	0.895954	0.574006	0.875610	0.860189
510	0.635153	0.913259	0.896536	0.576757	0.877073	0.861416
520	0.638399	0.914206	0.897499	0.579372	0.877561	0.861913
530	0.641969	0.915543	0.898707	0.582231	0.878537	0.863072
540	0.645096	0.916657	0.899832	0.584619	0.880000	0.864394
550	0.648295	0.917716	0.900762	0.586796	0.880000	0.864405
560	0.651165	0.919053	0.902051	0.589268	0.880976	0.865468
570	0.654727	0.920279	0.903177	0.592289	0.882927	0.867561
580	0.657446	0.920669	0.903444	0.594611	0.883902	0.868366
590	0.660104	0.921003	0.903721	0.596961	0.881463	0.866238
600	0.662346	0.921616	0.904312	0.598967	0.882439	0.867056
610	0.665074	0.921838	0.904467	0.601056	0.883415	0.867600
620	0.668019	0.922786	0.905313	0.602979	0.884878	0.868699
630	0.670953	0.923510	0.906000	0.605172	0.885854	0.869799
640	0.673112	0.923955	0.906508	0.606887	0.885854	0.869843
650	0.675247	0.924345	0.906867	0.608459	0.886341	0.870361
660	0.678385	0.925627	0.908000	0.610953	0.887317	0.871321
670	0.680878	0.926407	0.908757	0.613343	0.887805	0.872366
680	0.683097	0.926741	0.909056	0.614269	0.888293	0.872823
690	0.685550	0.927688	0.909936	0.615984	0.888293	0.872383
700	0.688237	0.928691	0.910864	0.618188	0.889268	0.873263
710	0.690861	0.929415	0.911557	0.619840	0.888780	0.872667
720	0.693527	0.929694	0.911813	0.622087	0.888780	0.872693
730	0.696119	0.931532	0.913592	0.624051	0.890732	0.874594
740	0.698243	0.932089	0.914105	0.625623	0.891220	0.875186
750	0.699996	0.932535	0.914509	0.627159	0.893659	0.877542
760	0.702319	0.932869	0.914793	0.628357	0.895610	0.879377
770	0.704237	0.933482	0.915330	0.629790	0.893659	0.877323
780	0.706288	0.933983	0.915805	0.631583	0.896585	0.880156
790	0.708666	0.934708	0.916489	0.633252	0.896585	0.880059
800	0.710516	0.935320	0.917094	0.635100	0.898537	0.882145
810	0.712234	0.935710	0.917463	0.636686	0.898537	0.881921
820	0.714195	0.936267	0.917988	0.638094	0.900976	0.884236
830	0.716493	0.936992	0.918650	0.640387	0.899512	0.883084
840	0.718008	0.937939	0.919571	0.641402	0.899512	0.883174
850	0.719917	0.938162	0.919786	0.643093	0.901951	0.885312
860	0.721732	0.938663	0.920294	0.644674	0.901463	0.885044
870	0.723144	0.938607	0.920212	0.645481	0.900976	0.884384
880	0.724854	0.939499	0.921065	0.647183	0.902927	0.886290
890	0.726691	0.940000	0.921529	0.648643	0.903902	0.887108
900	0.728017	0.940557	0.922070	0.649559	0.904878	0.887874
910	0.729280	0.941170	0.922652	0.650675	0.904878	0.887848
920	0.730802	0.941504	0.922996	0.651452	0.905366	0.888415
930	0.732201	0.942006	0.923473	0.652594	0.905366	0.888701
940	0.733589	0.942396	0.923827	0.653810	0.904878	0.888424
950	0.734908	0.942396	0.923820	0.655032	0.904878	0.888028
960	0.736212	0.942730	0.924136	0.656061	0.906341	0.889341
970	0.737639	0.942953	0.924302	0.657030	0.907805	0.890698
980	0.739403	0.943733	0.925089	0.658083	0.908293	0.891153
990	0.740780	0.943955	0.925283	0.659344	0.907805	0.890605
1000	0.742280	0.944513	0.925783	0.660754	0.907805	0.890689
1010	0.743578	0.945237	0.926482	0.661781	0.908293	0.891159
1020	0.744784	0.945404	0.926655	0.662922	0.908780	0.891880
1030	0.746080	0.945738	0.926964	0.664025	0.908780	0.891863
1040	0.747589	0.945905	0.927090	0.665222	0.908780	0.891807
1050	0.749015	0.946072	0.927271	0.666666	0.908780	0.891909
1060	0.750335	0.946184	0.927379	0.668062	0.910244	0.893230
1070	0.751371	0.946295	0.927486	0.669130	0.909756	0.892637
1080	0.752422	0.946407	0.927579	0.669998	0.909268	0.892125
1090	0.753511	0.946630	0.927794	0.670830	0.910244	0.892817
1100	0.754688	0.946852	0.928007	0.671452	0.910732	0.893345
1110	0.755858	0.947187	0.928318	0.672512	0.910732	0.893363
1120	0.756971	0.947019	0.928166	0.673465	0.910244	0.892960
1130	0.757819	0.947075	0.928225	0.674212	0.911220	0.893720
1140	0.758804	0.947465	0.928576	0.674839	0.911220	0.893720
1150	0.760198	0.947688	0.928817	0.676472	0.911220	0.893764
1160	0.761262	0.947911	0.928949	0.677386	0.911707	0.894163
1170	0.762104	0.948189	0.929238	0.677928	0.911220	0.893650
1180	0.763021	0.948189	0.929190	0.678876	0.912195	0.894497
1190	0.763830	0.948357	0.929401	0.679552	0.912195	0.894762
1200	0.764706	0.948524	0.929573	0.680145	0.912683	0.895132
1210	0.765506	0.948635	0.929640	0.680765	0.912195	0.894652
1220	0.766852	0.948858	0.929893	0.681986	0.912195	0.894783
1230	0.767951	0.949081	0.930097	0.682702	0.911707	0.894311
1240	0.768627	0.949304	0.930303	0.683295	0.911707	0.894215
1250	0.769585	0.949304	0.930214	0.683977	0.911707	0.894161
1260	0.770540	0.949471	0.930430	0.684910	0.912195	0.894563
1270	0.771514	0.949694	0.930601	0.685476	0.912195	0.894413
1280	0.772425	0.949861	0.930728	0.685900	0.912195	0.894220
1290	0.773370	0.949861	0.930780	0.686427	0.912195	0.894224
1300	0.774256	0.949972	0.930838	0.687119	0.912195	0.894175
1310	0.775090	0.950195	0.950603	0.687983	0.912683	0.894845
1320	0.776163	0.950251	0.931193	0.688809	0.913171	0.895130
1330	0.777225	0.950641	0.951092	0.689920	0.913171	0.895187
1340	0.778353	0.952646	0.952959	0.690798	0.915610	0.916959
1350	0.779509	0.953816	0.954057	0.691963	0.916585	0.917930
1360	0.780512	0.954763	0.955027	0.692856	0.919512	0.920982
1370	0.781556	0.956657	0.956872	0.693725	0.921463	0.922992
1380	0.782466	0.957994	0.958224	0.694626	0.922439	0.923955
1390	0.783596	0.958886	0.959086	0.695535	0.922927	0.924423
1400	0.784669	0.960557	0.960750	0.696324	0.924878	0.926258
1410	0.786129	0.961950	0.962143	0.697547	0.926341	0.927909
1420	0.787170	0.962563	0.962743	0.698378	0.927317	0.928863
1430	0.788155	0.963343	0.963503	0.699133	0.927317	0.928888
1440	0.789525	0.964513	0.964668	0.700298	0.929756	0.931271
1450	0.790896	0.965404	0.965552	0.701318	0.930244	0.931705
1460	0.792242	0.966407	0.966536	0.702468	0.930732	0.932177
1470	0.793346	0.966964	0.967089	0.703379	0.930732	0.932203
1480	0.794916	0.967688	0.967798	0.704772	0.931220	0.932685
1490	0.796059	0.967688	0.967829	0.705538	0.931707	0.933222
1500	0.797291	0.968301	0.968421	0.706549	0.930732	0.932126
1510	0.798386	0.968969	0.969072	0.707492	0.931220	0.932800
1520	0.799334	0.969415	0.969499	0.708272	0.930732	0.932303
1530	0.800437	0.969861	0.969926	0.709260	0.931220	0.932756
1540	0.801792	0.970529	0.970601	0.710388	0.931707	0.933120
1550	0.802954	0.971198	0.971250	0.711404	0.931220	0.932698
1560	0.804365	0.971643	0.971688	0.712498	0.932195	0.933637
1570	0.805480	0.972089	0.972125	0.713250	0.933659	0.935099
1580	0.806228	0.972256	0.972287	0.713704	0.934146	0.935500
1590	0.807043	0.972368	0.972392	0.714352	0.933659	0.934921
1600	0.807973	0.972813	0.972826	0.715203	0.934146	0.935515
1610	0.809079	0.972925	0.972938	0.716136	0.934634	0.936021
1620	0.810212	0.973203	0.973241	0.717020	0.934634	0.936022
1630	0.811196	0.973482	0.973485	0.717662	0.935122	0.936585
1640	0.812095	0.973816	0.973812	0.718425	0.935122	0.936501
1650	0.813164	0.973928	0.973929	0.719272	0.934634	0.935949
1660	0.813854	0.974262	0.974241	0.719843	0.934634	0.935893
1670	0.814646	0.974819	0.974791	0.720516	0.935122	0.936339
1680	0.815537	0.974986	0.974958	0.721316	0.935122	0.936451
1690	0.816335	0.975320	0.975294	0.721837	0.935122	0.936477
1700	0.817310	0.975822	0.975789	0.722637	0.935610	0.937004
1710	0.818143	0.975933	0.975907	0.723199	0.936098	0.937436
1720	0.818982	0.976212	0.976179	0.723938	0.936585	0.937893
1730	0.819772	0.976713	0.976661	0.724692	0.938537	0.939710
1740	0.820646	0.976992	0.976935	0.725468	0.938537	0.939706
1750	0.821382	0.977159	0.977097	0.726079	0.939024	0.940136
1760	0.822486	0.977660	0.977595	0.726995	0.939024	0.940136
1770	0.823377	0.977772	0.977707	0.727814	0.939024	0.940087
1780	0.824111	0.977716	0.977651	0.728502	0.939024	0.940136
1790	0.824964	0.978050	0.977984	0.729333	0.940000	0.941057
1800	0.825581	0.978217	0.978150	0.729886	0.940488	0.941470
1810	0.826441	0.978552	0.978487	0.730572	0.940488	0.941473
1820	0.827058	0.978607	0.978541	0.731013	0.941463	0.942438
1830	0.827878	0.978719	0.978655	0.731862	0.940976	0.942000
1840	0.828719	0.978942	0.978871	0.732602	0.940976	0.941937
1850	0.829372	0.979164	0.979095	0.733118	0.940976	0.941937
1860	0.830014	0.979443	0.979379	0.733552	0.941951	0.942994
1870	0.830812	0.979499	0.979438	0.734228	0.942439	0.943430
1880	0.831497	0.979666	0.979602	0.734962	0.942927	0.943989
1890	0.832324	0.979889	0.979825	0.735594	0.942927	0.943966
1900	0.833012	0.980111	0.980046	0.736287	0.943902	0.944942
1910	0.833615	0.980223	0.980155	0.736744	0.943902	0.944861
1920	0.834180	0.980279	0.980209	0.737175	0.943902	0.944855
1930	0.834960	0.980613	0.980552	0.737543	0.944390	0.945327
1940	0.835607	0.980669	0.980604	0.738264	0.943415	0.944421
1950	0.836172	0.980836	0.980767	0.738805	0.943415	0.944421
1960	0.836746	0.980836	0.980765	0.739244	0.943902	0.944845
1970	0.837424	0.981114	0.981039	0.739776	0.943902	0.944884
1980	0.837912	0.981281	0.981208	0.740258	0.944390	0.945356
1990	0.838731	0.981281	0.981213	0.740940	0.943902	0.944883
2000	0.839262	0.981448	0.981377	0.741421	0.943902	0.944883
2010	0.839968	0.981448	0.981373	0.741952	0.944390	0.945322
2020	0.840574	0.981504	0.981431	0.742187	0.944878	0.945816
2030	0.841191	0.981393	0.981319	0.742594	0.943902	0.944914
2040	0.841817	0.981448	0.981376	0.743186	0.943902	0.944951
2050	0.842497	0.981504	0.981425	0.743950	0.944390	0.945387
2060	0.843230	0.981560	0.981483	0.745009	0.944390	0.945387
2070	0.843811	0.981671	0.981591	0.745439	0.943902	0.944878
2080	0.844465	0.981894	0.981812	0.745916	0.943902	0.944921
2090	0.845038	0.982006	0.981927	0.746457	0.943902	0.944978
2100	0.845728	0.982228	0.982147	0.747189	0.943902	0.944921
2110	0.846363	0.982228	0.982145	0.747865	0.944390	0.945477
2120	0.846932	0.982284	0.982200	0.748443	0.944390	0.945477
2130	0.847562	0.982228	0.982145	0.748977	0.944390	0.945460
2140	0.848038	0.982396	0.982313	0.749311	0.944390	0.945460
2150	0.848772	0.982396	0.982313	0.749962	0.944878	0.945898
2160	0.849434	0.982396	0.982315	0.750592	0.944878	0.945898
2170	0.850153	0.982507	0.982423	0.751288	0.944390	0.945427
2180	0.850676	0.982618	0.982537	0.751883	0.944878	0.945914
2190	0.851174	0.982730	0.982645	0.752416	0.944878	0.945861
2200	0.851741	0.982674	0.982591	0.752927	0.945854	0.946838
2210	0.852367	0.982786	0.982701	0.753366	0.945854	0.946741
2220	0.852914	0.982786	0.982699	0.753726	0.945854	0.946798
2230	0.853617	0.982730	0.982648	0.754341	0.945854	0.946798
2240	0.854130	0.982953	0.982873	0.754619	0.945854	0.946798
2250	0.854526	0.983064	0.982988	0.754880	0.945854	0.946798
2260	0.854933	0.983064	0.982994	0.755198	0.945854	0.946741
2270	0.855587	0.983231	0.983159	0.755603	0.945854	0.946707
2280	0.856209	0.983231	0.983155	0.756132	0.945854	0.946667
2290	0.856756	0.983343	0.983267	0.756603	0.945854	0.946707
2300	0.857205	0.983565	0.983489	0.756941	0.945854	0.946707
2310	0.857697	0.983565	0.983492	0.757397	0.945854	0.946707
2320	0.858178	0.983565	0.983487	0.757816	0.945854	0.946707
2330	0.858552	0.983621	0.983545	0.758154	0.946341	0.947247
2340	0.859070	0.983621	0.983549	0.758528	0.946341	0.947208
2350	0.859761	0.983677	0.983599	0.758915	0.946341	0.947208
2360	0.860273	0.983621	0.983541	0.759362	0.945854	0.946667
2370	0.860879	0.983733	0.983654	0.759621	0.945854	0.946667
2380	0.861413	0.983900	0.983822	0.760009	0.946829	0.947673
2390	0.861916	0.984011	0.983928	0.760462	0.947317	0.948160
2400	0.862466	0.984123	0.984040	0.761031	0.947317	0.948111
2410	0.862983	0.984178	0.984095	0.761393	0.947317	0.948145
2420	0.863415	0.984067	0.983981	0.761767	0.947317	0.948134
2430	0.863924	0.984067	0.983982	0.762038	0.947317	0.948134
2440	0.864393	0.984178	0.984089	0.762401	0.947317	0.948134
2450	0.864842	0.984345	0.984252	0.762719	0.946829	0.947639
2460	0.865477	0.984735	0.984648	0.763278	0.947317	0.948097
2470	0.866066	0.984847	0.984761	0.763820	0.947805	0.948635
2480	0.866468	0.985014	0.984925	0.764137	0.947805	0.948635
2490	0.867038	0.984903	0.984812	0.764768	0.947805	0.948643
2500	0.867467	0.985070	0.984980	0.765092	0.947805	0.948643
2510	0.867886	0.985181	0.985097	0.765444	0.947317	0.948016
2520	0.868286	0.985292	0.985205	0.765896	0.947805	0.948604
2530	0.868626	0.985237	0.985147	0.766185	0.947805	0.948574
2540	0.869002	0.985237	0.985150	0.766460	0.947805	0.948574
2550	0.869369	0.985348	0.985264	0.766789	0.947317	0.947986
2560	0.869652	0.985460	0.985375	0.767004	0.947317	0.947986
2570	0.870081	0.985627	0.985542	0.767347	0.947805	0.948543
2580	0.870513	0.985682	0.985597	0.767815	0.947317	0.947986
2590	0.870992	0.985627	0.985539	0.768137	0.947317	0.947986
2600	0.871454	0.985627	0.985540	0.768689	0.947317	0.948047
2610	0.871849	0.985627	0.985544	0.768871	0.947317	0.948047
2620	0.872443	0.985627	0.985540	0.769382	0.947317	0.948047
2630	0.872890	0.985738	0.985653	0.769801	0.947805	0.948674
2640	0.873394	0.985794	0.985705	0.770154	0.947805	0.948678
2650	0.873721	0.985850	0.985760	0.770359	0.947805	0.948546
2660	0.874172	0.985850	0.985759	0.770774	0.947317	0.948105
2670	0.874588	0.985905	0.985813	0.771271	0.947317	0.948105
2680	0.874905	0.985961	0.985867	0.771383	0.947317	0.948105
2690	0.875230	0.986072	0.985980	0.771652	0.947805	0.948487
2700	0.875588	0.986017	0.985924	0.771982	0.947317	0.947949
2710	0.876033	0.986017	0.985925	0.772436	0.947805	0.948545
2720	0.876410	0.986072	0.985977	0.772634	0.947317	0.948099
2730	0.876889	0.986072	0.985979	0.772984	0.947805	0.948545
2740	0.877287	0.986240	0.986146	0.773308	0.947805	0.948545
2750	0.877657	0.986184	0.986090	0.773515	0.947805	0.948548
2760	0.877980	0.986184	0.986085	0.773821	0.947805	0.948545
2770	0.878359	0.986184	0.986087	0.774155	0.947805	0.948545
2780	0.878787	0.986351	0.986250	0.774507	0.947805	0.948545
2790	0.879220	0.986351	0.986253	0.774979	0.947317	0.948045
2800	0.879568	0.986462	0.986362	0.775271	0.947805	0.948508
2810	0.879962	0.986462	0.986361	0.775566	0.947317	0.948121
2820	0.880326	0.986574	0.986477	0.775872	0.947805	0.948543
2830	0.880712	0.986574	0.986476	0.776192	0.947805	0.948543
2840	0.881138	0.986685	0.986584	0.776595	0.946341	0.947227
2850	0.881486	0.986574	0.986473	0.776878	0.946341	0.947118
2860	0.881907	0.986797	0.986697	0.777110	0.947317	0.948033
2870	0.882342	0.987019	0.986918	0.777428	0.947317	0.948033
2880	0.882629	0.987075	0.986975	0.777706	0.947317	0.948033
2890	0.882989	0.986908	0.986811	0.778046	0.946829	0.947632
2900	0.883312	0.987019	0.986920	0.778431	0.947317	0.948088
2910	0.883679	0.987131	0.987032	0.778615	0.946829	0.947572
2920	0.884086	0.987075	0.986976	0.778919	0.946829	0.947572
2930	0.884633	0.987298	0.987197	0.779277	0.947317	0.948088
2940	0.885039	0.987298	0.987200	0.779675	0.947317	0.948088
2950	0.885368	0.987354	0.987257	0.780044	0.947317	0.948087
2960	0.885807	0.987409	0.987308	0.780595	0.947317	0.948087
2970	0.886084	0.987521	0.987420	0.780825	0.947317	0.948192
2980	0.886381	0.987688	0.987585	0.781052	0.947317	0.948192
2990	0.886668	0.987744	0.987644	0.781208	0.947317	0.948192
3000	0.887035	0.987799	0.987700	0.781619	0.947317	0.948252
3010	0.887340	0.987911	0.987813	0.781787	0.947317	0.948192
3020	0.887810	0.987911	0.987816	0.782131	0.947317	0.948087
3030	0.888065	0.987967	0.987876	0.782271	0.947317	0.948192
3040	0.888360	0.988022	0.987932	0.782500	0.947317	0.948087
3050	0.888683	0.987967	0.987876	0.782758	0.947805	0.948583
3060	0.888948	0.988078	0.987984	0.783008	0.947805	0.948583
3070	0.889243	0.988189	0.988098	0.783285	0.947805	0.948583
3080	0.889498	0.988245	0.988149	0.783490	0.947317	0.948087
3090	0.889790	0.988412	0.988314	0.783764	0.947805	0.948533
3100	0.890145	0.988468	0.988373	0.784052	0.947317	0.948096
3110	0.890521	0.988524	0.988428	0.784442	0.947805	0.948584
3120	0.890908	0.988524	0.988429	0.784832	0.948780	0.949598
3130	0.891275	0.988579	0.988485	0.785129	0.948293	0.949130
3140	0.891615	0.988691	0.988600	0.785472	0.949268	0.950130
3150	0.891924	0.988802	0.988713	0.785783	0.949756	0.950595
3160	0.892241	0.989025	0.988934	0.785984	0.949756	0.950595
3170	0.892535	0.989081	0.988989	0.786161	0.950244	0.951136
3180	0.892802	0.989081	0.988990	0.786375	0.950244	0.951136
3190	0.893086	0.989081	0.988990	0.786630	0.949268	0.950155
3200	0.893494	0.989081	0.988989	0.787008	0.949268	0.950155
3210	0.893836	0.989192	0.989103	0.787262	0.949268	0.950209
3220	0.894144	0.989304	0.989220	0.787515	0.949756	0.950637
3230	0.894438	0.989248	0.989164	0.787714	0.949756	0.950637
3240	0.894755	0.989359	0.989275	0.788119	0.949756	0.950602
3250	0.895060	0.989359	0.989280	0.788365	0.950244	0.951047
3260	0.895431	0.989471	0.989388	0.788747	0.950244	0.951064
3270	0.895719	0.989582	0.989499	0.789061	0.950244	0.951021
3280	0.896039	0.989471	0.989391	0.789225	0.950244	0.951064
3290	0.896340	0.989526	0.989445	0.789488	0.950244	0.951021
3300	0.896609	0.989638	0.989557	0.789683	0.950732	0.951479
3310	0.896918	0.989749	0.989667	0.789941	0.950732	0.951479
3320	0.897219	0.989861	0.989778	0.790199	0.950732	0.951479
3330	0.897483	0.989861	0.989776	0.790430	0.950732	0.951544
3340	0.897746	0.989861	0.989777	0.790637	0.950732	0.951587
3350	0.898017	0.989861	0.989779	0.790943	0.950732	0.951562
3360	0.898367	0.989861	0.989782	0.791098	0.950244	0.951105
3370	0.898705	0.989861	0.989781	0.791385	0.949756	0.950631
3380	0.898946	0.989916	0.989839	0.791577	0.949756	0.950674
3390	0.899221	0.990028	0.989949	0.791758	0.950244	0.951028
3400	0.899523	0.990139	0.990056	0.791939	0.950244	0.951011
3410	0.899802	0.990195	0.990112	0.792098	0.950732	0.951580
3420	0.900096	0.990306	0.990228	0.792313	0.950732	0.951580
3430	0.900362	0.990251	0.990173	0.792540	0.950244	0.951028
3440	0.900672	0.990306	0.990224	0.792808	0.950244	0.951028
3450	0.901055	0.990362	0.990281	0.793132	0.950244	0.951028
3460	0.901375	0.990418	0.990337	0.793493	0.950732	0.951641
3470	0.901628	0.990418	0.990341	0.793681	0.950732	0.951641
3480	0.901872	0.990418	0.990340	0.793872	0.950732	0.951597
3490	0.902221	0.990474	0.990395	0.794061	0.951220	0.952000
3500	0.902584	0.990585	0.990508	0.794265	0.951220	0.951940
3510	0.902813	0.990474	0.990396	0.794543	0.950732	0.951442
3520	0.903157	0.990474	0.990397	0.794819	0.950244	0.951021
3530	0.903427	0.990585	0.990509	0.795016	0.949756	0.950592
3540	0.903634	0.990585	0.990514	0.795208	0.949756	0.950635
3550	0.903899	0.990696	0.990622	0.795386	0.949756	0.950635
3560	0.904194	0.990696	0.990624	0.795619	0.950244	0.951186
3570	0.904466	0.990752	0.990678	0.795879	0.950732	0.951676
3580	0.904748	0.990752	0.990677	0.796163	0.950244	0.951135
3590	0.904992	0.990808	0.990734	0.796400	0.951220	0.952115
3600	0.905240	0.990808	0.990734	0.796623	0.951220	0.952115
3610	0.905472	0.990864	0.990789	0.796860	0.950732	0.951499
3620	0.905679	0.990975	0.990903	0.797067	0.950732	0.951499
3630	0.905902	0.990975	0.990903	0.797176	0.950732	0.951564
3640	0.906083	0.990975	0.990903	0.797346	0.951220	0.952019
3650	0.906367	0.991086	0.991014	0.797575	0.951220	0.951997
3660	0.906597	0.991086	0.991014	0.797825	0.950732	0.951521
3670	0.906843	0.991086	0.991014	0.797904	0.950732	0.951521
3680	0.907028	0.991086	0.991014	0.798064	0.950732	0.951521
3690	0.907292	0.991142	0.991069	0.798304	0.950732	0.951521
3700	0.907532	0.991086	0.991014	0.798599	0.950732	0.951521
3710	0.907788	0.991253	0.991181	0.798826	0.951220	0.951996
3720	0.908061	0.991253	0.991179	0.799149	0.950244	0.951082
3730	0.908311	0.991253	0.991179	0.799414	0.950732	0.951557
3740	0.908554	0.991309	0.991235	0.799594	0.951220	0.952002
3750	0.908923	0.991309	0.991235	0.799955	0.951707	0.952441
3760	0.909281	0.991365	0.991290	0.800284	0.951707	0.952441
3770	0.909554	0.991421	0.991345	0.800625	0.951707	0.952441
3780	0.909930	0.991421	0.991345	0.800947	0.952683	0.953390
3790	0.910118	0.991421	0.991345	0.801185	0.952683	0.953412
3800	0.910433	0.991476	0.991401	0.801358	0.952683	0.953412
3810	0.910675	0.991643	0.991565	0.801561	0.952195	0.952983
3820	0.910925	0.991588	0.991510	0.801880	0.952683	0.953412
3830	0.911101	0.991643	0.991564	0.802041	0.953171	0.953909
3840	0.911391	0.991699	0.991620	0.802414	0.953171	0.953909
3850	0.911658	0.991643	0.991565	0.802641	0.952683	0.953462
3860	0.911952	0.991755	0.991678	0.802786	0.952683	0.953462
3870	0.912162	0.991811	0.991734	0.802992	0.952683	0.953462
3880	0.912417	0.991866	0.991790	0.803131	0.952683	0.953462
3890	0.912667	0.991811	0.991735	0.803385	0.952683	0.953462
3900	0.912909	0.991922	0.991847	0.803583	0.952683	0.953462
3910	0.913097	0.991922	0.991845	0.803769	0.952683	0.953462
3920	0.913447	0.991978	0.991897	0.803936	0.953171	0.954013
3930	0.913713	0.992033	0.991954	0.804176	0.953171	0.954013
3940	0.913950	0.992033	0.991956	0.804388	0.953171	0.954065
3950	0.914156	0.992145	0.992064	0.804612	0.953171	0.954043
3960	0.914436	0.992089	0.992008	0.804936	0.953171	0.953991
3970	0.914679	0.992201	0.992122	0.805199	0.953171	0.954043
3980	0.914889	0.992256	0.992179	0.805386	0.953171	0.953991
3990	0.915179	0.992312	0.992234	0.805630	0.953171	0.953991
4000	0.915418	0.992368	0.992287	0.805805	0.953171	0.953991
4010	0.915673	0.992423	0.992343	0.806016	0.953171	0.953991
4020	0.915946	0.992423	0.992342	0.806338	0.953171	0.953991
4030	0.916135	0.992423	0.992343	0.806520	0.953171	0.953991
4040	0.916398	0.992423	0.992341	0.806791	0.953171	0.953991
4050	0.916654	0.992423	0.992342	0.807013	0.953171	0.953991
4060	0.917027	0.992479	0.992399	0.807343	0.953659	0.954464
4070	0.917277	0.992591	0.992511	0.807566	0.953659	0.954516
4080	0.917489	0.992535	0.992458	0.807722	0.953659	0.954516
4090	0.917659	0.992591	0.992512	0.807932	0.953659	0.954516
4100	0.917922	0.992702	0.992623	0.808200	0.953659	0.954516
4110	0.918257	0.992813	0.992740	0.808459	0.953659	0.954464
4120	0.918508	0.992702	0.992625	0.808765	0.953659	0.954464
4130	0.918720	0.992925	0.992850	0.808991	0.953659	0.954464
4140	0.918976	0.992869	0.992794	0.809202	0.953659	0.954464
4150	0.919128	0.992869	0.992796	0.809333	0.953659	0.954464
4160	0.919384	0.992925	0.992852	0.809529	0.953659	0.954464
4170	0.919616	0.992981	0.992908	0.809732	0.953659	0.954464
4180	0.919924	0.993148	0.993078	0.810000	0.953659	0.954464
4190	0.920158	0.993092	0.993020	0.810218	0.953659	0.954516
4200	0.920330	0.993092	0.993020	0.810375	0.953659	0.954516
4210	0.920544	0.993092	0.993020	0.810625	0.953659	0.954516
4220	0.920777	0.993203	0.993132	0.810685	0.953659	0.954516
4230	0.921025	0.993203	0.993130	0.810971	0.953659	0.954516
4240	0.921274	0.993203	0.993130	0.811224	0.953659	0.954516
4250	0.921512	0.993315	0.993243	0.811481	0.953659	0.954464
4260	0.921751	0.993426	0.993359	0.811712	0.953659	0.954464
4270	0.921892	0.993370	0.993299	0.811893	0.953659	0.954464
4280	0.922172	0.993426	0.993357	0.812115	0.953659	0.954464
4290	0.922399	0.993482	0.993413	0.812401	0.953659	0.954516
4300	0.922567	0.993593	0.993526	0.812565	0.953659	0.954516
4310	0.922829	0.993593	0.993526	0.812805	0.953659	0.954464
4320	0.923058	0.993705	0.993639	0.813062	0.953659	0.954464
4330	0.923310	0.993649	0.993583	0.813314	0.953659	0.954464
4340	0.923515	0.993649	0.993581	0.813506	0.953171	0.954022
4350	0.923699	0.993649	0.993581	0.813713	0.953171	0.954051
4360	0.923920	0.993649	0.993582	0.813892	0.953659	0.954486
4370	0.924099	0.993760	0.993695	0.814118	0.953171	0.954051
4380	0.924412	0.993872	0.993809	0.814332	0.953171	0.954051
4390	0.924590	0.993816	0.993753	0.814491	0.953659	0.954528
4400	0.924867	0.993928	0.993866	0.814765	0.953659	0.954528
4410	0.925078	0.993928	0.993866	0.814998	0.953659	0.954528
4420	0.925406	0.993872	0.993811	0.815130	0.953659	0.954528
4430	0.925660	0.994095	0.994037	0.815341	0.953659	0.954528
4440	0.925860	0.994206	0.994146	0.815523	0.954146	0.954975
4450	0.926057	0.994150	0.994092	0.815674	0.953659	0.954528
4460	0.926282	0.994095	0.994032	0.815889	0.953659	0.954528
4470	0.926531	0.994150	0.994084	0.816152	0.953659	0.954500
4480	0.926807	0.994318	0.994256	0.816311	0.954146	0.954947
4490	0.927076	0.994485	0.994426	0.816577	0.954146	0.954947
4500	0.927289	0.994429	0.994370	0.816892	0.955122	0.955840
4510	0.927569	0.994429	0.994371	0.817127	0.955122	0.955840
4520	0.927752	0.994596	0.994539	0.817302	0.955122	0.955863
4530	0.928001	0.994652	0.994594	0.817481	0.954146	0.954936
4540	0.928200	0.994652	0.994594	0.817694	0.954634	0.955411
4550	0.928418	0.994708	0.994653	0.817941	0.954146	0.954964
4560	0.928630	0.994652	0.994596	0.818170	0.954146	0.954964
4570	0.928900	0.994708	0.994653	0.818417	0.954146	0.954964
4580	0.929166	0.994819	0.994766	0.818633	0.953659	0.954490
4590	0.929402	0.994819	0.994767	0.818832	0.953659	0.954467
4600	0.929558	0.994875	0.994821	0.818953	0.953659	0.954467
4610	0.929729	0.994819	0.994767	0.819094	0.954146	0.954936
4620	0.929873	0.995042	0.994990	0.819267	0.954634	0.955388
4630	0.930070	0.995042	0.994990	0.819498	0.955122	0.955848
4640	0.930253	0.995097	0.995048	0.819689	0.954634	0.955396
4650	0.930538	0.995209	0.995160	0.819979	0.955122	0.955848
4660	0.930714	0.995265	0.995215	0.820051	0.955122	0.955848
4670	0.930924	0.995320	0.995273	0.820216	0.955122	0.955848
4680	0.931123	0.995487	0.995442	0.820316	0.954634	0.955415
4690	0.931309	0.995376	0.995331	0.820511	0.954634	0.955415
4700	0.931551	0.995432	0.995383	0.820716	0.955122	0.955848
4710	0.931811	0.995599	0.995550	0.820919	0.955122	0.955848
4720	0.931950	0.995655	0.995607	0.821076	0.955122	0.955848
4730	0.932147	0.995710	0.995664	0.821262	0.955122	0.955848
4740	0.932356	0.995766	0.995720	0.821596	0.955122	0.955848
4750	0.932554	0.995822	0.995776	0.821733	0.954634	0.955415
4760	0.932744	0.995822	0.995776	0.821980	0.954634	0.955415
4770	0.932860	0.995822	0.995780	0.822065	0.954634	0.955415
4780	0.933128	0.995877	0.995834	0.822595	0.955122	0.955848
4790	0.933344	0.995933	0.995890	0.822716	0.954634	0.955415
4800	0.933514	0.995989	0.995946	0.822840	0.955122	0.955848
4810	0.933687	0.996045	0.996003	0.822978	0.954634	0.955344
4820	0.933862	0.995989	0.995946	0.823164	0.955122	0.955812
4830	0.934019	0.996045	0.996001	0.823312	0.955122	0.955812
4840	0.934227	0.996045	0.996005	0.823368	0.955122	0.955812
4850	0.934480	0.996156	0.996116	0.823560	0.955610	0.956308
4860	0.934692	0.996212	0.996174	0.823721	0.955610	0.956342
4870	0.934850	0.996267	0.996231	0.823851	0.955610	0.956342
4880	0.935121	0.996323	0.996286	0.824075	0.955610	0.956342
4890	0.935383	0.996379	0.996342	0.824328	0.955610	0.956342
4900	0.935555	0.996435	0.996393	0.824467	0.955610	0.956342
4910	0.935739	0.996490	0.996452	0.824625	0.955610	0.956342
4920	0.935872	0.996490	0.996452	0.824670	0.955610	0.956342
4930	0.936055	0.996657	0.996621	0.824836	0.955610	0.956378
4940	0.936264	0.996602	0.996563	0.825086	0.955122	0.955945
4950	0.936468	0.996713	0.996674	0.825268	0.955122	0.955945
4960	0.936660	0.996713	0.996675	0.825326	0.955122	0.955909
4970	0.936920	0.996657	0.996618	0.825592	0.955122	0.955909
4980	0.937141	0.996713	0.996675	0.825797	0.955122	0.955917
4990	0.937300	0.996713	0.996675	0.825886	0.955122	0.955917
5000	0.937523	0.996713	0.996676	0.826072	0.955122	0.955917
5010	0.937719	0.996713	0.996676	0.826284	0.955122	0.955917
5020	0.937923	0.996880	0.996843	0.826464	0.955122	0.956042
5030	0.938116	0.996880	0.996843	0.826666	0.955122	0.955917
5040	0.938265	0.996880	0.996845	0.826790	0.955122	0.955917
5050	0.938451	0.996936	0.996902	0.826977	0.955610	0.956533
5060	0.938605	0.996936	0.996900	0.827098	0.955122	0.956078
5070	0.938786	0.996992	0.996956	0.827250	0.955122	0.956078
5080	0.938960	0.997047	0.997013	0.827478	0.955122	0.956045
5090	0.939157	0.996992	0.996956	0.827641	0.954634	0.955588
5100	0.939293	0.996992	0.996956	0.827848	0.955122	0.956045
5110	0.939465	0.996992	0.996956	0.828045	0.955122	0.956045
5120	0.939613	0.996936	0.996904	0.828156	0.955122	0.956045
5130	0.939902	0.996992	0.996957	0.828363	0.955122	0.955975
5140	0.940146	0.997159	0.997125	0.828691	0.955610	0.956430
5150	0.940306	0.997159	0.997125	0.828808	0.955610	0.956430
5160	0.940468	0.997214	0.997182	0.828931	0.955610	0.956430
5170	0.940683	0.997382	0.997350	0.829159	0.955610	0.956430
5180	0.940850	0.997437	0.997407	0.829418	0.955610	0.956430
5190	0.941027	0.997493	0.997463	0.829596	0.955610	0.956430
5200	0.941184	0.997493	0.997462	0.829797	0.956098	0.956904
5210	0.941423	0.997493	0.997462	0.829949	0.955610	0.956441
5220	0.941657	0.997549	0.997520	0.830104	0.956098	0.956843
5230	0.941832	0.997549	0.997520	0.830277	0.956585	0.957305
5240	0.941995	0.997549	0.997520	0.830372	0.956098	0.956866
5250	0.942208	0.997549	0.997520	0.830597	0.956585	0.957340
5260	0.942376	0.997549	0.997520	0.830719	0.957073	0.957778
5270	0.942570	0.997660	0.997634	0.830928	0.957073	0.957778
5280	0.942756	0.997716	0.997689	0.831103	0.956585	0.957340
5290	0.942910	0.997716	0.997689	0.831288	0.956098	0.956843
5300	0.943044	0.997772	0.997748	0.831238	0.956098	0.956843
5310	0.943210	0.997772	0.997748	0.831453	0.956098	0.956843
5320	0.943398	0.997827	0.997805	0.831681	0.956098	0.956807
5330	0.943535	0.997827	0.997806	0.831835	0.956098	0.956807
5340	0.943689	0.997827	0.997804	0.831980	0.956098	0.956843
5350	0.943833	0.997827	0.997805	0.832140	0.956098	0.956843
5360	0.943962	0.997883	0.997862	0.832261	0.956098	0.956843
5370	0.944128	0.997883	0.997863	0.832482	0.956098	0.956843
5380	0.944257	0.997883	0.997863	0.832621	0.956098	0.956843
5390	0.944417	0.997939	0.997918	0.832879	0.956098	0.956843
5400	0.944548	0.997939	0.997917	0.832958	0.956098	0.956843
5410	0.944734	0.997939	0.997916	0.833187	0.956098	0.956843
5420	0.944883	0.997939	0.997917	0.833274	0.956098	0.956843
5430	0.945057	0.997939	0.997917	0.833428	0.956098	0.956807
5440	0.945182	0.997939	0.997917	0.833592	0.956098	0.956877
5450	0.945363	0.997939	0.997916	0.833767	0.956098	0.956877
5460	0.945480	0.997994	0.997972	0.833896	0.956098	0.956877
5470	0.945627	0.997994	0.997972	0.833845	0.956098	0.956807
5480	0.945808	0.998050	0.998028	0.833983	0.956585	0.957298
5490	0.945944	0.998162	0.998141	0.834089	0.956585	0.957298
5500	0.946129	0.998217	0.998197	0.834244	0.956585	0.957298
5510	0.946279	0.998162	0.998140	0.834345	0.956585	0.957298
5520	0.946417	0.998217	0.998197	0.834541	0.956585	0.957298
5530	0.946626	0.998273	0.998253	0.834702	0.957073	0.957843
5540	0.946754	0.998273	0.998253	0.834832	0.956585	0.957298
5550	0.946924	0.998273	0.998253	0.835021	0.956585	0.957298
5560	0.947079	0.998273	0.998253	0.835147	0.956585	0.957298
5570	0.947244	0.998273	0.998253	0.835315	0.957073	0.957843
5580	0.947387	0.998273	0.998253	0.835478	0.957073	0.957843
5590	0.947525	0.998273	0.998253	0.835615	0.957561	0.958281
5600	0.947652	0.998273	0.998253	0.835623	0.957561	0.958281
5610	0.947864	0.998273	0.998253	0.835935	0.957073	0.957843
5620	0.948019	0.998329	0.998310	0.836043	0.957073	0.957843
5630	0.948136	0.998273	0.998255	0.836248	0.957073	0.957843
5640	0.948265	0.998273	0.998254	0.836342	0.957073	0.957864
5650	0.948389	0.998273	0.998254	0.836539	0.957561	0.958264
5660	0.948509	0.998329	0.998309	0.836660	0.957561	0.958264
5670	0.948625	0.998384	0.998364	0.836791	0.958049	0.958755
5680	0.948747	0.998440	0.998419	0.836956	0.958537	0.959189
5690	0.948857	0.998440	0.998419	0.836974	0.958537	0.959189
5700	0.949032	0.998440	0.998418	0.837151	0.958537	0.959189
5710	0.949103	0.998440	0.998418	0.837181	0.959024	0.959626
5720	0.949222	0.998440	0.998418	0.837321	0.959024	0.959655
5730	0.949376	0.998440	0.998418	0.837480	0.959024	0.959655
5740	0.949535	0.998496	0.998475	0.837567	0.959024	0.959626
5750	0.949696	0.998496	0.998474	0.837669	0.958537	0.959154
5760	0.949808	0.998496	0.998474	0.837809	0.958537	0.959154
5770	0.949950	0.998552	0.998531	0.837967	0.958537	0.959154
5780	0.950090	0.998607	0.998588	0.838189	0.958537	0.959154
5790	0.950232	0.998607	0.998588	0.838279	0.958537	0.959154
5800	0.950360	0.998552	0.998531	0.838396	0.959512	0.960181
5810	0.950505	0.998607	0.998588	0.838577	0.959512	0.960181
5820	0.950640	0.998607	0.998588	0.838656	0.959512	0.960210
5830	0.950758	0.998607	0.998588	0.838808	0.959512	0.960181
5840	0.950900	0.998607	0.998588	0.838970	0.959024	0.959732
5850	0.951010	0.998607	0.998587	0.839062	0.959024	0.959732
5860	0.951118	0.998663	0.998647	0.839177	0.959024	0.959732
5870	0.951254	0.998663	0.998647	0.839286	0.959024	0.959761
5880	0.951368	0.998663	0.998647	0.839404	0.959024	0.959761
5890	0.951536	0.998663	0.998646	0.839562	0.959024	0.959761
5900	0.951653	0.998663	0.998646	0.839677	0.959512	0.960203
5910	0.951791	0.998663	0.998646	0.839790	0.959024	0.959732
5920	0.951923	0.998663	0.998645	0.839901	0.959024	0.959732
5930	0.952046	0.998663	0.998646	0.840093	0.959024	0.959732
5940	0.952174	0.998663	0.998646	0.840182	0.959512	0.960203
5950	0.952302	0.998663	0.998646	0.840302	0.959024	0.959732
5960	0.952392	0.998719	0.998703	0.840449	0.959024	0.959732
5970	0.952511	0.998719	0.998703	0.840592	0.959512	0.960241
5980	0.952659	0.998663	0.998646	0.840679	0.959024	0.959732
5990	0.952802	0.998719	0.998704	0.840777	0.960000	0.960713
6000	0.952913	0.998719	0.998704	0.840902	0.959512	0.960241
6010	0.953019	0.998719	0.998704	0.840946	0.959512	0.960241
6020	0.953099	0.998719	0.998704	0.840994	0.959512	0.960241
6030	0.953191	0.998774	0.998761	0.841165	0.960000	0.960713
6040	0.953310	0.998774	0.998761	0.841295	0.960488	0.961148
6050	0.953440	0.998830	0.998814	0.841427	0.960488	0.961148
6060	0.953568	0.998830	0.998814	0.841537	0.960488	0.961148
6070	0.953684	0.998830	0.998814	0.841637	0.960488	0.961148
6080	0.953815	0.998830	0.998814	0.841837	0.960488	0.961148
6090	0.953921	0.998830	0.998814	0.841960	0.960000	0.960677
6100	0.954023	0.998830	0.998814	0.842138	0.960000	0.960677
6110	0.954130	0.998830	0.998814	0.842211	0.960000	0.960706
6120	0.954254	0.998830	0.998814	0.842412	0.960488	0.961177
6130	0.954336	0.998830	0.998814	0.842511	0.960488	0.961177
6140	0.954420	0.998830	0.998814	0.842570	0.960488	0.961177
6150	0.954511	0.998886	0.998871	0.842692	0.960488	0.961177
6160	0.954622	0.998886	0.998871	0.842813	0.960488	0.961177
6170	0.954730	0.998886	0.998871	0.842914	0.960976	0.961640
6180	0.954841	0.998886	0.998871	0.843018	0.960976	0.961611
6190	0.954944	0.998886	0.998871	0.843162	0.960976	0.961640
6200	0.955065	0.998942	0.998927	0.843312	0.960976	0.961640
6210	0.955197	0.998942	0.998927	0.843516	0.960976	0.961640
6220	0.955351	0.998942	0.998927	0.843567	0.960488	0.961177
6230	0.955488	0.998942	0.998927	0.843765	0.960976	0.961611
6240	0.955605	0.998942	0.998927	0.843881	0.960976	0.961611
6250	0.955686	0.998942	0.998927	0.843923	0.960976	0.961611
6260	0.955769	0.998942	0.998927	0.843981	0.960976	0.961640
6270	0.955870	0.998942	0.998927	0.844039	0.960976	0.961640
6280	0.955973	0.998942	0.998927	0.844186	0.960488	0.961177
6290	0.956068	0.998942	0.998927	0.844221	0.960488	0.961177
6300	0.956152	0.998942	0.998927	0.844260	0.960488	0.961177
6310	0.956269	0.998942	0.998927	0.844360	0.960488	0.961148
6320	0.956372	0.998942	0.998929	0.844451	0.960488	0.961177
6330	0.956489	0.998942	0.998929	0.844565	0.960488	0.961177
6340	0.956586	0.998942	0.998927	0.844622	0.960976	0.961611
6350	0.956677	0.998942	0.998927	0.844683	0.960976	0.961611
6360	0.956774	0.998942	0.998927	0.844809	0.960976	0.961611
6370	0.956857	0.998942	0.998927	0.844928	0.960976	0.961611
6380	0.956965	0.998942	0.998927	0.844947	0.960976	0.961611
6390	0.957062	0.998942	0.998927	0.844921	0.960976	0.961611
6400	0.957160	0.998942	0.998927	0.844985	0.960976	0.961611
6410	0.957227	0.998942	0.998927	0.845051	0.960976	0.961640
6420	0.957312	0.998997	0.998985	0.845141	0.960976	0.961640
6430	0.957426	0.998997	0.998985	0.845281	0.960976	0.961640
6440	0.957513	0.998997	0.998985	0.845488	0.960976	0.961640
6450	0.957604	0.998997	0.998985	0.845471	0.960976	0.961640
6460	0.957689	0.998997	0.998985	0.845611	0.960976	0.961640
6470	0.957818	0.998997	0.998985	0.845744	0.960976	0.961640
6480	0.957918	0.998997	0.998985	0.845844	0.960976	0.961640
6490	0.958014	0.998997	0.998985	0.845942	0.960976	0.961640
6500	0.958133	0.998997	0.998985	0.846144	0.960976	0.961611
6510	0.958202	0.998997	0.998985	0.846225	0.960976	0.961611
6520	0.958269	0.998997	0.998985	0.846315	0.960976	0.961640
6530	0.958345	0.998997	0.998985	0.846459	0.960976	0.961640
6540	0.958453	0.998997	0.998985	0.846592	0.960976	0.961611
6550	0.958563	0.998997	0.998985	0.846698	0.960976	0.961611
6560	0.958642	0.999053	0.999040	0.846747	0.960976	0.961611
6570	0.958752	0.999053	0.999038	0.846832	0.960976	0.961611
6580	0.958859	0.999053	0.999038	0.846907	0.960976	0.961611
6590	0.958952	0.999053	0.999038	0.847009	0.960976	0.961611
6600	0.959055	0.999053	0.999038	0.847099	0.960976	0.961640
6610	0.959159	0.999053	0.999038	0.847136	0.960976	0.961611
6620	0.959252	0.999053	0.999038	0.847310	0.960976	0.961611
6630	0.959369	0.999053	0.999038	0.847409	0.960976	0.961640
6640	0.959500	0.999053	0.999038	0.847509	0.960976	0.961640
6650	0.959613	0.999053	0.999040	0.847698	0.960976	0.961611
6660	0.959703	0.999053	0.999040	0.847821	0.960976	0.961611
6670	0.959831	0.999053	0.999040	0.847964	0.960976	0.961611
6680	0.959926	0.999053	0.999040	0.848042	0.961463	0.962070
6690	0.960015	0.999053	0.999040	0.848036	0.961463	0.962070
6700	0.960112	0.999053	0.999040	0.848117	0.961463	0.962070
6710	0.960175	0.999053	0.999040	0.848211	0.961463	0.962070
6720	0.960274	0.999053	0.999040	0.848317	0.961951	0.962628
6730	0.960345	0.999053	0.999040	0.848390	0.961951	0.962628
6740	0.960445	0.999053	0.999040	0.848484	0.961951	0.962628
6750	0.960538	0.999053	0.999040	0.848506	0.961463	0.962070
6760	0.960618	0.999053	0.999040	0.848614	0.960976	0.961557
6770	0.960705	0.999053	0.999040	0.848742	0.960976	0.961557
6780	0.960803	0.999053	0.999040	0.848793	0.960976	0.961557
6790	0.960901	0.999109	0.999097	0.848903	0.960976	0.961557
6800	0.960977	0.999109	0.999097	0.849002	0.960976	0.961557
6810	0.961050	0.999109	0.999097	0.849108	0.961463	0.962115
6820	0.961121	0.999109	0.999097	0.849201	0.961463	0.962115
6830	0.961203	0.999109	0.999097	0.849287	0.960976	0.961557
6840	0.961283	0.999109	0.999097	0.849397	0.960976	0.961557
6850	0.961359	0.999109	0.999097	0.849463	0.960976	0.961557
6860	0.961427	0.999109	0.999097	0.849785	0.961463	0.961983
6870	0.961520	0.999109	0.999097	0.849875	0.961951	0.962541
6880	0.961590	0.999109	0.999097	0.849941	0.961951	0.962541
6890	0.961675	0.999109	0.999097	0.850014	0.961951	0.962541
6900	0.961755	0.999109	0.999097	0.850095	0.961951	0.962541
6910	0.961843	0.999109	0.999097	0.850172	0.961951	0.962541
6920	0.961926	0.999109	0.999097	0.850306	0.961951	0.962541
6930	0.962012	0.999109	0.999097	0.850394	0.961951	0.962541
6940	0.962097	0.999109	0.999097	0.850470	0.961951	0.962541
6950	0.962173	0.999109	0.999097	0.850535	0.961951	0.962541
6960	0.962256	0.999109	0.999097	0.850643	0.961951	0.962541
6970	0.962353	0.999109	0.999097	0.850765	0.961951	0.962541
6980	0.962441	0.999109	0.999097	0.850890	0.961951	0.962541
6990	0.962517	0.999109	0.999097	0.850944	0.961463	0.961983
7000	0.962608	0.999109	0.999097	0.851000	0.961951	0.962541
7010	0.962686	0.999109	0.999097	0.851112	0.961951	0.962541
7020	0.962782	0.999164	0.999154	0.851258	0.961463	0.961983
7030	0.962889	0.999220	0.999210	0.851394	0.961951	0.962541
7040	0.962984	0.999220	0.999210	0.851426	0.961951	0.962570
7050	0.963059	0.999220	0.999210	0.851561	0.961951	0.962541
7060	0.963141	0.999220	0.999210	0.851619	0.961951	0.962570
7070	0.963203	0.999220	0.999210	0.851728	0.961463	0.962073
7080	0.963301	0.999220	0.999210	0.851851	0.961463	0.962102
7090	0.963380	0.999220	0.999210	0.851925	0.961951	0.962570
7100	0.963446	0.999220	0.999210	0.852028	0.961951	0.962570
7110	0.963521	0.999220	0.999210	0.852084	0.961951	0.962570
7120	0.963596	0.999220	0.999210	0.852181	0.961951	0.962570
7130	0.963679	0.999276	0.999267	0.852248	0.961951	0.962570
7140	0.963772	0.999276	0.999267	0.852324	0.961463	0.962115
7150	0.963854	0.999276	0.999267	0.852400	0.961463	0.962115
7160	0.963913	0.999276	0.999267	0.852464	0.961463	0.962115
7170	0.963969	0.999276	0.999267	0.852510	0.961463	0.962115
7180	0.964049	0.999276	0.999267	0.852633	0.961463	0.962115
7190	0.964115	0.999276	0.999267	0.852704	0.961463	0.962115
7200	0.964193	0.999276	0.999267	0.852748	0.961951	0.962570
7210	0.964276	0.999276	0.999267	0.852863	0.961951	0.962570
7220	0.964344	0.999276	0.999267	0.852966	0.961951	0.962570
7230	0.964412	0.999276	0.999267	0.853080	0.961951	0.962570
7240	0.964463	0.999276	0.999267	0.853136	0.961463	0.962115
7250	0.964532	0.999276	0.999267	0.853193	0.961951	0.962570
7260	0.964638	0.999276	0.999267	0.853353	0.961951	0.962570
7270	0.964711	0.999276	0.999267	0.853497	0.961951	0.962570
7280	0.964777	0.999276	0.999267	0.853555	0.961951	0.962570
7290	0.964850	0.999276	0.999267	0.853638	0.961951	0.962570
7300	0.964925	0.999276	0.999267	0.853726	0.961951	0.962570
7310	0.965020	0.999276	0.999267	0.853865	0.961951	0.962570
7320	0.965109	0.999276	0.999267	0.853876	0.961951	0.962570
7330	0.965184	0.999276	0.999267	0.853980	0.961951	0.962570
7340	0.965243	0.999276	0.999267	0.854023	0.961951	0.962570
7350	0.965286	0.999276	0.999267	0.854054	0.961951	0.962570
7360	0.965377	0.999331	0.999321	0.854113	0.961951	0.962570
7370	0.965474	0.999331	0.999321	0.854180	0.961951	0.962570
7380	0.965535	0.999331	0.999321	0.854223	0.961951	0.962570
7390	0.965590	0.999331	0.999321	0.854258	0.961951	0.962570
7400	0.965660	0.999387	0.999378	0.854347	0.961951	0.962570
7410	0.965726	0.999387	0.999378	0.854349	0.961951	0.962570
7420	0.965784	0.999387	0.999378	0.854346	0.961951	0.962570
7430	0.965864	0.999387	0.999378	0.854434	0.961951	0.962570
7440	0.965915	0.999387	0.999378	0.854509	0.961951	0.962570
7450	0.965979	0.999387	0.999378	0.854538	0.961951	0.962570
7460	0.966039	0.999387	0.999378	0.854622	0.961951	0.962570
7470	0.966108	0.999387	0.999378	0.854650	0.961951	0.962570
7480	0.966192	0.999387	0.999378	0.854751	0.961951	0.962570
7490	0.966250	0.999387	0.999378	0.854822	0.961951	0.962570
7500	0.966315	0.999387	0.999378	0.854956	0.961951	0.962570
7510	0.966382	0.999387	0.999378	0.854999	0.961951	0.962570
7520	0.966452	0.999387	0.999378	0.855012	0.961951	0.962570
7530	0.966532	0.999443	0.999434	0.855145	0.961951	0.962570
7540	0.966596	0.999443	0.999434	0.855158	0.961463	0.962032
7550	0.966654	0.999443	0.999434	0.855233	0.961463	0.962032
7560	0.966725	0.999443	0.999434	0.855393	0.961463	0.962032
7570	0.966786	0.999443	0.999434	0.855490	0.961463	0.962032
7580	0.966851	0.999443	0.999434	0.855555	0.961463	0.962032
7590	0.966918	0.999443	0.999434	0.855647	0.961951	0.962485
7600	0.966960	0.999443	0.999434	0.855693	0.961951	0.962485
7610	0.967029	0.999443	0.999434	0.855786	0.961951	0.962485
7620	0.967084	0.999443	0.999434	0.855825	0.961951	0.962485
7630	0.967161	0.999443	0.999434	0.855925	0.961463	0.962030
7640	0.967222	0.999443	0.999434	0.855991	0.961951	0.962485
7650	0.967293	0.999443	0.999434	0.855985	0.961463	0.962030
7660	0.967364	0.999499	0.999490	0.856068	0.961951	0.962485
7670	0.967422	0.999499	0.999490	0.856176	0.961951	0.962485
7680	0.967497	0.999499	0.999490	0.856228	0.961951	0.962485
7690	0.967583	0.999554	0.999547	0.856322	0.961951	0.962485
7700	0.967673	0.999554	0.999547	0.856339	0.961951	0.962485
7710	0.967739	0.999554	0.999547	0.856365	0.961951	0.962485
7720	0.967800	0.999554	0.999547	0.856430	0.961951	0.962485
7730	0.967859	0.999554	0.999547	0.856472	0.961951	0.962485
7740	0.967922	0.999554	0.999547	0.856480	0.961951	0.962485
7750	0.967993	0.999554	0.999547	0.856505	0.961951	0.962485
7760	0.968059	0.999610	0.999604	0.856563	0.961951	0.962485
7770	0.968105	0.999554	0.999547	0.856625	0.961951	0.962485
7780	0.968160	0.999554	0.999547	0.856691	0.961951	0.962485
7790	0.968228	0.999610	0.999604	0.856788	0.961951	0.962485
7800	0.968280	0.999610	0.999604	0.856844	0.961951	0.962485
7810	0.968340	0.999610	0.999604	0.856933	0.961951	0.962485
7820	0.968419	0.999610	0.999604	0.856988	0.961951	0.962485
7830	0.968488	0.999610	0.999604	0.857036	0.961951	0.962485
7840	0.968547	0.999610	0.999604	0.857088	0.961951	0.962485
7850	0.968615	0.999554	0.999547	0.857111	0.961951	0.962485
7860	0.968680	0.999610	0.999603	0.857076	0.961951	0.962461
7870	0.968742	0.999554	0.999547	0.857157	0.962439	0.962929
7880	0.968800	0.999554	0.999547	0.857192	0.962439	0.962929
7890	0.968858	0.999554	0.999547	0.857238	0.962439	0.962929
7900	0.968905	0.999554	0.999547	0.857313	0.961951	0.962461
7910	0.968976	0.999554	0.999547	0.857461	0.961951	0.962461
7920	0.969035	0.999554	0.999547	0.857511	0.961951	0.962461
7930	0.969099	0.999554	0.999547	0.857602	0.962439	0.962923
7940	0.969164	0.999554	0.999547	0.857675	0.962439	0.962923
7950	0.969217	0.999554	0.999547	0.857751	0.962439	0.962923
7960	0.969277	0.999554	0.999547	0.857828	0.962439	0.962923
7970	0.969348	0.999610	0.999604	0.857827	0.962927	0.963391
7980	0.969405	0.999666	0.999661	0.857952	0.962439	0.962923
7990	0.969464	0.999666	0.999661	0.858007	0.962439	0.962923
8000	0.969520	0.999610	0.999604	0.858110	0.962439	0.962923
8010	0.969570	0.999610	0.999604	0.858163	0.962439	0.962923
8020	0.969610	0.999610	0.999604	0.858187	0.962439	0.962923
8030	0.969663	0.999610	0.999604	0.858264	0.962439	0.962923
8040	0.969754	0.999610	0.999604	0.858327	0.962439	0.962923
8050	0.969784	0.999610	0.999604	0.858338	0.962439	0.962923
8060	0.969821	0.999610	0.999604	0.858371	0.962439	0.962923
8070	0.969858	0.999610	0.999604	0.858412	0.962439	0.962923
8080	0.969892	0.999610	0.999604	0.858464	0.962439	0.962923
8090	0.969933	0.999666	0.999660	0.858507	0.962439	0.962923
8100	0.969986	0.999666	0.999660	0.858628	0.962439	0.962923
8110	0.970063	0.999666	0.999660	0.858748	0.962927	0.963401
8120	0.970119	0.999666	0.999660	0.858790	0.962927	0.963401
8130	0.970163	0.999666	0.999660	0.858830	0.962927	0.963401
8140	0.970206	0.999666	0.999660	0.858821	0.962927	0.963401
8150	0.970256	0.999721	0.999717	0.858854	0.962927	0.963401
8160	0.970305	0.999721	0.999717	0.858948	0.962927	0.963401
8170	0.970363	0.999721	0.999717	0.859010	0.962927	0.963401
8180	0.970426	0.999721	0.999717	0.859113	0.962927	0.963401
8190	0.970478	0.999666	0.999660	0.859206	0.962927	0.963401
8200	0.970525	0.999721	0.999717	0.859281	0.963415	0.963869
8210	0.970578	0.999721	0.999717	0.859364	0.963415	0.963869
8220	0.970623	0.999721	0.999717	0.859427	0.963415	0.963869
8230	0.970684	0.999721	0.999717	0.859466	0.963415	0.963869
8240	0.970739	0.999721	0.999717	0.859559	0.963415	0.963869
8250	0.970795	0.999721	0.999717	0.859653	0.963415	0.963869
8260	0.970823	0.999721	0.999717	0.859711	0.963415	0.963869
8270	0.970895	0.999721	0.999717	0.859757	0.963415	0.963869
8280	0.970938	0.999721	0.999717	0.859809	0.963415	0.963869
8290	0.970987	0.999721	0.999717	0.859787	0.963415	0.963869
8300	0.971049	0.999721	0.999717	0.859878	0.963415	0.963869
8310	0.971099	0.999721	0.999717	0.859933	0.963415	0.963869
8320	0.971146	0.999721	0.999717	0.859909	0.963415	0.963869
8330	0.971191	0.999721	0.999717	0.859966	0.963415	0.963869
8340	0.971248	0.999721	0.999717	0.860007	0.963415	0.963869
8350	0.971303	0.999721	0.999717	0.860038	0.963415	0.963869
8360	0.971351	0.999721	0.999717	0.860093	0.963415	0.963869
8370	0.971410	0.999721	0.999717	0.860181	0.963415	0.963869
8380	0.971464	0.999721	0.999717	0.860210	0.963415	0.963869
8390	0.971505	0.999721	0.999717	0.860328	0.963902	0.964407
8400	0.971555	0.999721	0.999717	0.860361	0.963415	0.963869
8410	0.971612	0.999721	0.999717	0.860424	0.963902	0.964407
8420	0.971668	0.999721	0.999717	0.860512	0.963902	0.964407
8430	0.971714	0.999721	0.999717	0.860528	0.963902	0.964407
8440	0.971762	0.999721	0.999717	0.860588	0.963902	0.964407
8450	0.971797	0.999721	0.999717	0.860607	0.963902	0.964407
8460	0.971838	0.999721	0.999717	0.860663	0.963415	0.963869
8470	0.971885	0.999721	0.999717	0.860701	0.963415	0.963869
8480	0.971927	0.999721	0.999717	0.860747	0.963415	0.963869
8490	0.971968	0.999721	0.999717	0.860779	0.963415	0.963869
8500	0.972010	0.999721	0.999717	0.860835	0.963415	0.963869
8510	0.972056	0.999721	0.999717	0.860868	0.963415	0.963869
8520	0.972111	0.999721	0.999717	0.860890	0.963415	0.963869
8530	0.972145	0.999721	0.999717	0.860952	0.963415	0.963869
8540	0.972187	0.999721	0.999717	0.860942	0.963415	0.963869
8550	0.972227	0.999721	0.999717	0.860955	0.963415	0.963869
8560	0.972277	0.999721	0.999717	0.860992	0.963415	0.963869
8570	0.972322	0.999721	0.999717	0.861031	0.963415	0.963869
8580	0.972378	0.999721	0.999717	0.861093	0.963415	0.963869
8590	0.972400	0.999721	0.999717	0.861101	0.963415	0.963869
8600	0.972444	0.999721	0.999717	0.861189	0.963415	0.963869
8610	0.972487	0.999721	0.999717	0.861239	0.963415	0.963869
8620	0.972531	0.999721	0.999717	0.861300	0.963415	0.963869
8630	0.972595	0.999721	0.999717	0.861384	0.963415	0.963869
8640	0.972636	0.999777	0.999774	0.861468	0.963415	0.963869
8650	0.972683	0.999777	0.999774	0.861494	0.963415	0.963869
8660	0.972740	0.999777	0.999774	0.861554	0.963415	0.963869
8670	0.972782	0.999777	0.999774	0.861612	0.963415	0.963869
8680	0.972845	0.999777	0.999774	0.861672	0.963415	0.963869
8690	0.972897	0.999777	0.999774	0.861701	0.963415	0.963869
8700	0.972937	0.999777	0.999774	0.861739	0.963415	0.963869
8710	0.972976	0.999777	0.999774	0.861794	0.963415	0.963869
8720	0.973017	0.999777	0.999774	0.861829	0.963415	0.963869
8730	0.973055	0.999777	0.999774	0.861871	0.963415	0.963869
8740	0.973105	0.999777	0.999774	0.861907	0.963415	0.963869
8750	0.973139	0.999777	0.999774	0.861958	0.963415	0.963869
8760	0.973174	0.999777	0.999774	0.862013	0.963415	0.963869
8770	0.973214	0.999777	0.999774	0.862082	0.963415	0.963869
8780	0.973256	0.999777	0.999774	0.862156	0.963415	0.963869
8790	0.973289	0.999777	0.999774	0.862180	0.963415	0.963869
8800	0.973339	0.999777	0.999774	0.862288	0.963415	0.963869
8810	0.973386	0.999777	0.999774	0.862319	0.963415	0.963869
8820	0.973442	0.999833	0.999830	0.862397	0.963415	0.963869
8830	0.973477	0.999833	0.999830	0.862427	0.963415	0.963869
8840	0.973515	0.999833	0.999830	0.862454	0.963415	0.963869
8850	0.973559	0.999833	0.999830	0.862473	0.963415	0.963869
8860	0.973595	0.999833	0.999830	0.862535	0.963415	0.963869
8870	0.973633	0.999833	0.999830	0.862556	0.963415	0.963869
8880	0.973682	0.999833	0.999830	0.862609	0.963415	0.963869
8890	0.973733	0.999889	0.999887	0.862665	0.963415	0.963869
8900	0.973768	0.999889	0.999887	0.862752	0.963415	0.963869
8910	0.973820	0.999889	0.999887	0.862800	0.963415	0.963869
8920	0.973872	0.999889	0.999887	0.862785	0.963415	0.963869
8930	0.973908	0.999889	0.999887	0.862821	0.963415	0.963869
8940	0.973944	0.999889	0.999887	0.862880	0.963415	0.963869
8950	0.973983	0.999889	0.999887	0.862878	0.962927	0.963414
8960	0.974029	0.999889	0.999887	0.862935	0.962927	0.963414
8970	0.974065	0.999889	0.999887	0.862988	0.962927	0.963414
8980	0.974096	0.999889	0.999887	0.863034	0.962927	0.963414
8990	0.974125	0.999889	0.999887	0.863055	0.962927	0.963414
9000	0.974166	0.999889	0.999887	0.863068	0.962927	0.963414
9010	0.974217	0.999889	0.999887	0.863160	0.962927	0.963414
9020	0.974260	0.999889	0.999887	0.863200	0.962927	0.963414
9030	0.974298	0.999889	0.999887	0.863271	0.962927	0.963414
9040	0.974336	0.999889	0.999887	0.863259	0.962927	0.963414
9050	0.974390	0.999889	0.999887	0.863295	0.962927	0.963414
9060	0.974417	0.999889	0.999887	0.863300	0.962927	0.963414
9070	0.974463	0.999889	0.999887	0.863339	0.962927	0.963414
9080	0.974497	0.999889	0.999887	0.863385	0.962927	0.963414
9090	0.974529	0.999889	0.999887	0.863422	0.962927	0.963414
9100	0.974570	0.999889	0.999887	0.863493	0.962927	0.963414
