10	0.875056	1.000000	1.000000	0.634956	0.894737	0.898551
20	0.935588	1.000000	1.000000	0.667115	0.894737	0.898551
30	0.956535	1.000000	1.000000	0.669141	0.894737	0.898551
40	0.967059	1.000000	1.000000	0.670377	0.894737	0.898551
50	0.973782	1.000000	1.000000	0.676084	0.894737	0.898551
60	0.978242	1.000000	1.000000	0.677648	0.894737	0.898551
70	0.981346	1.000000	1.000000	0.676936	0.894737	0.898551
80	0.983675	1.000000	1.000000	0.678087	0.894737	0.898551
90	0.985470	1.000000	1.000000	0.679078	0.894737	0.898551
100	0.986930	1.000000	1.000000	0.674581	0.894737	0.898551
110	0.988131	1.000000	1.000000	0.675589	0.894737	0.898551
120	0.989139	1.000000	1.000000	0.675985	0.894737	0.898551
130	0.989977	1.000000	1.000000	0.676696	0.894737	0.898551
140	0.990693	1.000000	1.000000	0.674337	0.894737	0.898551
150	0.991312	1.000000	1.000000	0.673827	0.894737	0.898551
160	0.991858	1.000000	1.000000	0.671559	0.894737	0.898551
170	0.992334	1.000000	1.000000	0.669801	0.894737	0.898551
180	0.992770	1.000000	1.000000	0.669574	0.894737	0.898551
190	0.993151	1.000000	1.000000	0.669345	0.894737	0.898551
