10	0.878406	1.000000	1.000000	0.701140	0.916667	0.641975
20	0.936074	1.000000	1.000000	0.799291	0.916667	0.641975
30	0.956956	1.000000	1.000000	0.839464	0.916667	0.641975
40	0.967715	1.000000	1.000000	0.862482	0.916667	0.641975
50	0.974229	1.000000	1.000000	0.880936	0.916667	0.641975
60	0.978562	1.000000	1.000000	0.892054	0.916667	0.641975
70	0.981617	1.000000	1.000000	0.893877	0.916667	0.641975
80	0.983887	1.000000	1.000000	0.899593	0.916667	0.641975
90	0.985654	1.000000	1.000000	0.903826	0.916667	0.641975
100	0.987117	1.000000	1.000000	0.905918	0.916667	0.641975
110	0.988282	1.000000	1.000000	0.910635	0.916667	0.641975
120	0.989266	1.000000	1.000000	0.911857	0.916667	0.641975
130	0.990107	1.000000	1.000000	0.914902	0.916667	0.641975
140	0.990819	1.000000	1.000000	0.917109	0.916667	0.641975
150	0.991435	1.000000	1.000000	0.918606	0.916667	0.641975
160	0.991969	1.000000	1.000000	0.919376	0.916667	0.641975
170	0.992443	1.000000	1.000000	0.921333	0.916667	0.641975
180	0.992859	1.000000	1.000000	0.922020	0.916667	0.641975
190	0.993239	1.000000	1.000000	0.924462	1.000000	1.000000
