10	0.880793	1.000000	1.000000	0.785865	0.925926	0.931478
20	0.938974	1.000000	1.000000	0.826842	0.925926	0.931478
30	0.959208	1.000000	1.000000	0.834615	0.925926	0.931478
40	0.969406	1.000000	1.000000	0.835808	0.925926	0.931478
50	0.975537	1.000000	1.000000	0.834914	0.925926	0.931478
60	0.979625	1.000000	1.000000	0.833259	0.925926	0.931478
70	0.982545	1.000000	1.000000	0.831330	0.925926	0.931478
80	0.984734	1.000000	1.000000	0.829327	0.925926	0.931478
90	0.986436	1.000000	1.000000	0.827669	0.925926	0.931478
100	0.987797	1.000000	1.000000	0.827242	0.925926	0.931478
110	0.988910	1.000000	1.000000	0.826750	0.962963	0.964811
120	0.989837	1.000000	1.000000	0.826144	0.962963	0.964811
130	0.990621	1.000000	1.000000	0.825471	0.962963	0.964811
140	0.991292	1.000000	1.000000	0.824736	0.962963	0.964811
150	0.991874	1.000000	1.000000	0.823982	0.962963	0.964811
160	0.992383	1.000000	1.000000	0.823220	0.962963	0.964811
170	0.992832	1.000000	1.000000	0.822433	0.962963	0.964811
180	0.993231	1.000000	1.000000	0.821663	0.962963	0.964811
190	0.993588	1.000000	1.000000	0.820876	0.962963	0.964811
