10	0.873317	1.000000	1.000000	0.782189	0.923077	0.937037
20	0.934791	1.000000	1.000000	0.840393	0.923077	0.937037
30	0.955723	1.000000	1.000000	0.869441	0.923077	0.937037
40	0.966771	1.000000	1.000000	0.885413	0.923077	0.937037
50	0.973446	1.000000	1.000000	0.894463	0.923077	0.937037
60	0.977838	1.000000	1.000000	0.904446	0.923077	0.937037
70	0.981046	1.000000	1.000000	0.909495	0.923077	0.937037
80	0.983415	1.000000	1.000000	0.914912	0.923077	0.937037
90	0.985245	1.000000	1.000000	0.918313	0.923077	0.937037
100	0.986746	1.000000	1.000000	0.920454	1.000000	1.000000
110	0.987956	1.000000	1.000000	0.922916	1.000000	1.000000
120	0.988962	1.000000	1.000000	0.925905	1.000000	1.000000
130	0.989829	1.000000	1.000000	0.929798	1.000000	1.000000
140	0.990571	1.000000	1.000000	0.933209	1.000000	1.000000
150	0.991208	1.000000	1.000000	0.936227	1.000000	1.000000
160	0.991760	1.000000	1.000000	0.938847	1.000000	1.000000
170	0.992249	1.000000	1.000000	0.940787	1.000000	1.000000
180	0.992681	1.000000	1.000000	0.942978	1.000000	1.000000
190	0.993066	1.000000	1.000000	0.945077	1.000000	1.000000
