10	0.878868	1.000000	1.000000	0.798061	0.952381	0.955426
20	0.937054	1.000000	1.000000	0.872054	1.000000	1.000000
30	0.957554	1.000000	1.000000	0.898037	1.000000	1.000000
40	0.967951	1.000000	1.000000	0.914673	1.000000	1.000000
50	0.974276	1.000000	1.000000	0.924045	1.000000	1.000000
60	0.978543	1.000000	1.000000	0.929946	1.000000	1.000000
70	0.981561	1.000000	1.000000	0.935442	1.000000	1.000000
80	0.983875	1.000000	1.000000	0.938250	1.000000	1.000000
90	0.985654	1.000000	1.000000	0.941147	1.000000	1.000000
100	0.987085	1.000000	1.000000	0.942968	1.000000	1.000000
110	0.988254	1.000000	1.000000	0.945650	1.000000	1.000000
120	0.989219	1.000000	1.000000	0.947221	1.000000	1.000000
130	0.990047	1.000000	1.000000	0.948675	1.000000	1.000000
140	0.990763	1.000000	1.000000	0.950186	1.000000	1.000000
150	0.991389	1.000000	1.000000	0.951322	1.000000	1.000000
160	0.991930	1.000000	1.000000	0.952155	1.000000	1.000000
170	0.992408	1.000000	1.000000	0.953336	1.000000	1.000000
180	0.992834	1.000000	1.000000	0.954611	1.000000	1.000000
190	0.993212	1.000000	1.000000	0.955370	1.000000	1.000000
