10	0.876604	1.000000	1.000000	0.624595	0.882353	0.902564
20	0.936032	1.000000	1.000000	0.689511	0.882353	0.902564
30	0.957081	1.000000	1.000000	0.696341	0.882353	0.902564
40	0.967821	1.000000	1.000000	0.699766	0.882353	0.902564
50	0.974314	1.000000	1.000000	0.702053	0.882353	0.902564
60	0.978640	1.000000	1.000000	0.703999	0.882353	0.902564
70	0.981754	1.000000	1.000000	0.715553	0.882353	0.902564
80	0.984089	1.000000	1.000000	0.719849	0.882353	0.902564
90	0.985845	1.000000	1.000000	0.719653	0.882353	0.902564
100	0.987279	1.000000	1.000000	0.720840	0.882353	0.902564
110	0.988482	1.000000	1.000000	0.719266	0.882353	0.902564
120	0.989436	1.000000	1.000000	0.719198	0.882353	0.902564
130	0.990236	1.000000	1.000000	0.718722	0.882353	0.902564
140	0.990926	1.000000	1.000000	0.720115	0.882353	0.902564
150	0.991534	1.000000	1.000000	0.716940	0.882353	0.902564
160	0.992068	1.000000	1.000000	0.713167	0.882353	0.902564
170	0.992536	1.000000	1.000000	0.710505	0.882353	0.902564
180	0.992948	1.000000	1.000000	0.708989	0.882353	0.902564
190	0.993317	1.000000	1.000000	0.706591	0.882353	0.902564
