10	0.876128	1.000000	1.000000	0.789171	0.944444	0.939245
20	0.936005	1.000000	1.000000	0.846722	0.944444	0.939245
30	0.956886	1.000000	1.000000	0.877196	0.944444	0.939245
40	0.967442	1.000000	1.000000	0.898704	0.944444	0.939245
50	0.973961	1.000000	1.000000	0.906458	0.944444	0.939245
60	0.978277	1.000000	1.000000	0.913130	0.944444	0.939245
70	0.981313	1.000000	1.000000	0.917911	0.944444	0.939245
80	0.983646	1.000000	1.000000	0.923603	0.944444	0.939245
90	0.985468	1.000000	1.000000	0.924586	0.944444	0.939245
100	0.986921	1.000000	1.000000	0.927836	0.944444	0.939245
110	0.988116	1.000000	1.000000	0.930338	0.944444	0.939245
120	0.989113	1.000000	1.000000	0.933251	1.000000	1.000000
130	0.989960	1.000000	1.000000	0.935133	1.000000	1.000000
140	0.990678	1.000000	1.000000	0.937947	1.000000	1.000000
150	0.991291	1.000000	1.000000	0.939058	1.000000	1.000000
160	0.991840	1.000000	1.000000	0.940893	1.000000	1.000000
170	0.992321	1.000000	1.000000	0.942092	1.000000	1.000000
180	0.992738	1.000000	1.000000	0.943936	1.000000	1.000000
190	0.993121	1.000000	1.000000	0.945689	1.000000	1.000000
