10	0.394967	0.745628	0.709793	0.385471	0.738380	0.702932
20	0.469257	0.787257	0.748956	0.457281	0.781042	0.743479
30	0.509854	0.805136	0.765284	0.497245	0.797145	0.757496
40	0.539372	0.818382	0.776978	0.525261	0.810591	0.769744
50	0.561178	0.826608	0.783812	0.545796	0.818891	0.776838
60	0.577054	0.833204	0.789613	0.560744	0.824867	0.782074
70	0.591713	0.838502	0.846435	0.573501	0.828851	0.785786
80	0.605315	0.843579	0.799153	0.585906	0.833831	0.790641
90	0.618112	0.847932	0.855011	0.597968	0.838313	0.794426
100	0.626868	0.851100	0.858078	0.606133	0.841965	0.849993
110	0.638707	0.855751	0.862494	0.616471	0.843792	0.851934
120	0.648160	0.862235	0.868005	0.625104	0.850432	0.858198
130	0.664237	0.884930	0.888596	0.640418	0.873506	0.878125
140	0.672899	0.894175	0.897106	0.648541	0.881308	0.885064
150	0.681918	0.902345	0.904783	0.656474	0.891102	0.894330
160	0.693051	0.911516	0.913318	0.667073	0.899236	0.901641
170	0.700773	0.916241	0.917843	0.673749	0.902390	0.904511
180	0.710091	0.921150	0.922495	0.682879	0.910525	0.912135
190	0.719947	0.926393	0.927462	0.691489	0.916335	0.917631
200	0.727990	0.930284	0.931159	0.698819	0.918659	0.919774
210	0.737074	0.933526	0.934283	0.706567	0.920983	0.921996
220	0.746201	0.937250	0.937864	0.714869	0.923805	0.924648
230	0.752075	0.939492	0.940047	0.720317	0.924967	0.925679
240	0.759870	0.942159	0.942634	0.727334	0.927457	0.928128
250	0.764313	0.943660	0.944103	0.730999	0.929117	0.929744
260	0.769167	0.945161	0.945571	0.734915	0.929615	0.930231
270	0.773901	0.946661	0.947054	0.739065	0.931109	0.931686
280	0.778466	0.948107	0.948464	0.742798	0.932271	0.932829
290	0.784180	0.949941	0.950268	0.747196	0.933101	0.933583
300	0.788667	0.951534	0.951845	0.750849	0.934761	0.935196
310	0.793023	0.952794	0.953091	0.754461	0.936421	0.936802
320	0.796300	0.953720	0.954013	0.757151	0.936089	0.936450
330	0.801466	0.955721	0.955968	0.761716	0.938413	0.938719
340	0.804182	0.956722	0.956963	0.763913	0.938911	0.939191
350	0.808464	0.957870	0.958073	0.767765	0.940239	0.940420
360	0.813054	0.959241	0.959418	0.771822	0.941567	0.941739
370	0.816143	0.960130	0.960291	0.774369	0.942065	0.942225
380	0.819888	0.961224	0.961385	0.777668	0.942895	0.943124
390	0.824371	0.962261	0.962403	0.781272	0.943559	0.943728
400	0.827076	0.963169	0.963311	0.782829	0.944721	0.944847
410	0.830170	0.964169	0.964284	0.785458	0.945717	0.945776
420	0.833569	0.964966	0.965081	0.788522	0.946547	0.946654
430	0.836383	0.965577	0.965660	0.790830	0.947045	0.947128
440	0.838790	0.966411	0.966499	0.792579	0.948041	0.948129
450	0.841284	0.967078	0.967154	0.794372	0.948041	0.948161
460	0.845057	0.968004	0.968055	0.797855	0.948871	0.948934
470	0.847187	0.968486	0.968536	0.799228	0.949037	0.949102
480	0.849626	0.969209	0.969264	0.801317	0.950863	0.950889
490	0.852684	0.969987	0.970028	0.804165	0.950697	0.950648
500	0.855538	0.970932	0.970963	0.806878	0.951859	0.951838
510	0.857106	0.971543	0.971573	0.807719	0.951693	0.951686
520	0.859253	0.971932	0.971972	0.809546	0.952025	0.952011
530	0.861633	0.972469	0.972502	0.811515	0.952191	0.952162
540	0.862899	0.972803	0.972831	0.812494	0.952025	0.952020
550	0.864708	0.973562	0.973560	0.813690	0.952191	0.952174
560	0.866218	0.973877	0.973879	0.814748	0.952855	0.952825
570	0.868462	0.974303	0.974294	0.816504	0.953187	0.953127
580	0.870367	0.974952	0.974937	0.817935	0.953685	0.953609
590	0.872302	0.975563	0.975538	0.819601	0.954349	0.954249
600	0.875047	0.976230	0.976210	0.822040	0.954515	0.954403
610	0.877003	0.976953	0.976922	0.823697	0.955179	0.955054
620	0.878380	0.977360	0.977334	0.824596	0.955511	0.955339
630	0.879551	0.977527	0.977503	0.825492	0.955345	0.955169
640	0.880948	0.977786	0.977763	0.826419	0.955511	0.955361
650	0.882378	0.978490	0.978452	0.827576	0.955843	0.955700
660	0.883981	0.978842	0.978818	0.828865	0.956175	0.956029
670	0.885684	0.979250	0.979218	0.830209	0.955843	0.955697
680	0.887432	0.979806	0.979787	0.831720	0.956175	0.955990
690	0.889142	0.980158	0.980127	0.832969	0.956839	0.956630
700	0.890693	0.980436	0.980404	0.834327	0.956673	0.956458
710	0.892194	0.980677	0.980654	0.835505	0.956673	0.956443
720	0.893793	0.981158	0.981129	0.836656	0.956507	0.956287
730	0.895105	0.981473	0.981452	0.837699	0.956673	0.956449
740	0.896526	0.981844	0.981819	0.838986	0.957337	0.957145
750	0.897716	0.982048	0.982023	0.840031	0.957005	0.956823
760	0.898886	0.982270	0.982243	0.840888	0.957171	0.956982
770	0.900128	0.982640	0.982619	0.841768	0.958001	0.957806
780	0.901507	0.983122	0.983103	0.842681	0.957835	0.957642
790	0.902555	0.983215	0.983193	0.843416	0.957835	0.957629
800	0.903769	0.983400	0.983369	0.844414	0.957835	0.957655
810	0.904880	0.983678	0.983648	0.845400	0.958333	0.958111
820	0.906121	0.984011	0.983988	0.846364	0.959163	0.958943
830	0.907873	0.984326	0.984295	0.847722	0.958831	0.958634
840	0.908717	0.984438	0.984406	0.848151	0.959163	0.958936
850	0.909543	0.984678	0.984649	0.848578	0.959827	0.959612
860	0.910642	0.984882	0.984852	0.849484	0.959993	0.959757
870	0.911327	0.985012	0.984980	0.849603	0.960159	0.959927
880	0.912046	0.985142	0.985114	0.849995	0.960491	0.960251
890	0.912855	0.985456	0.985432	0.850409	0.960491	0.960242
900	0.914108	0.985734	0.985708	0.851366	0.960657	0.960411
910	0.915380	0.986105	0.986085	0.852340	0.960657	0.960405
920	0.916608	0.986253	0.986231	0.853401	0.960823	0.960576
930	0.917443	0.986290	0.986272	0.854182	0.960823	0.960577
940	0.918722	0.986531	0.986510	0.855348	0.961321	0.961081
950	0.919567	0.986698	0.986681	0.856080	0.961653	0.961414
960	0.920218	0.986902	0.986884	0.856386	0.960989	0.960724
970	0.920974	0.987013	0.986996	0.856805	0.961321	0.961049
980	0.922248	0.987254	0.987236	0.857853	0.961487	0.961215
990	0.922966	0.987402	0.987382	0.858460	0.961487	0.961196
1000	0.923825	0.987828	0.987810	0.859127	0.961155	0.960858
1010	0.924897	0.988161	0.988144	0.860127	0.961653	0.961358
1020	0.925841	0.988347	0.988327	0.860711	0.962151	0.961884
1030	0.926848	0.988625	0.988611	0.861659	0.962151	0.961843
1040	0.927591	0.988828	0.988812	0.862123	0.961985	0.961679
1050	0.928306	0.989088	0.989071	0.862651	0.961985	0.961671
1060	0.929140	0.989217	0.989201	0.863356	0.961819	0.961503
1070	0.929836	0.989532	0.989515	0.863742	0.961985	0.961681
1080	0.930738	0.989699	0.989679	0.864542	0.962317	0.962001
1090	0.931575	0.989810	0.989794	0.865325	0.961985	0.961670
1100	0.932277	0.989977	0.989961	0.865829	0.962151	0.961822
1110	0.933060	0.990199	0.990182	0.866510	0.961985	0.961674
1120	0.933970	0.990348	0.990336	0.867230	0.962317	0.961982
1130	0.934551	0.990403	0.990388	0.867670	0.962649	0.962322
1140	0.935244	0.990533	0.990512	0.868163	0.962649	0.962316
1150	0.935722	0.990885	0.990860	0.868282	0.962649	0.962341
1160	0.936281	0.990959	0.990933	0.868634	0.962649	0.962335
1170	0.936891	0.991163	0.991143	0.869090	0.962815	0.962504
1180	0.937474	0.991311	0.991291	0.869526	0.962981	0.962691
1190	0.938211	0.991441	0.991421	0.870244	0.962649	0.962368
1200	0.938927	0.991533	0.991516	0.870923	0.962981	0.962671
1210	0.939546	0.991644	0.991629	0.871363	0.963313	0.963006
1220	0.940192	0.991811	0.991796	0.871777	0.963313	0.963014
1230	0.940885	0.992015	0.992002	0.872229	0.963479	0.963171
1240	0.941561	0.992145	0.992129	0.872983	0.963811	0.963493
1250	0.942029	0.992274	0.992261	0.873271	0.963977	0.963661
1260	0.942411	0.992274	0.992262	0.873621	0.964309	0.963990
1270	0.943012	0.992460	0.992449	0.874149	0.964143	0.963813
1280	0.943515	0.992552	0.992538	0.874569	0.964143	0.963821
1290	0.944115	0.992663	0.992648	0.874939	0.964143	0.963808
1300	0.944706	0.992738	0.992725	0.875489	0.964475	0.964142
1310	0.945200	0.992812	0.992798	0.876021	0.964475	0.964119
1320	0.945730	0.992960	0.992949	0.876345	0.964973	0.964628
1330	0.946376	0.993127	0.993111	0.876901	0.964973	0.964596
1340	0.946761	0.993275	0.993264	0.877222	0.965305	0.964954
1350	0.947234	0.993497	0.993487	0.877665	0.965139	0.964772
1360	0.947749	0.993645	0.993633	0.877998	0.965305	0.964971
1370	0.948218	0.993775	0.993763	0.878262	0.964973	0.964622
1380	0.948866	0.993849	0.993841	0.878840	0.965139	0.964790
1390	0.949376	0.993960	0.993954	0.879304	0.964973	0.964625
1400	0.949980	0.994090	0.994084	0.879789	0.965139	0.964780
1410	0.950505	0.994127	0.994122	0.880132	0.965471	0.965121
1420	0.950989	0.994220	0.994212	0.880468	0.965803	0.965464
1430	0.951382	0.994275	0.994267	0.880774	0.966135	0.965804
1440	0.951804	0.994349	0.994341	0.881044	0.966301	0.965975
1450	0.952280	0.994405	0.994398	0.881479	0.966301	0.965986
1460	0.952710	0.994461	0.994451	0.881834	0.966633	0.966323
1470	0.953187	0.994572	0.994563	0.882149	0.967131	0.966824
1480	0.953627	0.994553	0.994544	0.882473	0.967131	0.966836
1490	0.954013	0.994701	0.994689	0.882721	0.967297	0.967010
1500	0.954390	0.994794	0.994782	0.882971	0.967463	0.967173
1510	0.954673	0.994887	0.994875	0.883203	0.967297	0.966999
1520	0.955023	0.994942	0.994931	0.883471	0.967297	0.966984
1530	0.955377	0.995053	0.995043	0.883672	0.967629	0.967311
1540	0.955819	0.995146	0.995138	0.884092	0.967463	0.967141
1550	0.956098	0.995276	0.995268	0.884251	0.967463	0.967151
1560	0.956450	0.995331	0.995323	0.884559	0.967297	0.966981
1570	0.956876	0.995387	0.995378	0.884919	0.967795	0.967473
1580	0.957200	0.995442	0.995433	0.885154	0.967629	0.967308
1590	0.957658	0.995517	0.995507	0.885467	0.968127	0.967815
1600	0.957948	0.995628	0.995621	0.885632	0.967795	0.967468
1610	0.958317	0.995646	0.995641	0.885980	0.967629	0.967314
1620	0.958614	0.995739	0.995735	0.886131	0.967463	0.967145
1630	0.959067	0.995813	0.995811	0.886498	0.967795	0.967469
1640	0.959418	0.995887	0.995886	0.886799	0.967795	0.967469
1650	0.959654	0.996017	0.996015	0.886874	0.967629	0.967294
1660	0.959983	0.996035	0.996036	0.887062	0.967629	0.967299
1670	0.960332	0.996128	0.996130	0.887344	0.967629	0.967308
1680	0.960608	0.996183	0.996184	0.887526	0.967961	0.967636
1690	0.960945	0.996276	0.996277	0.887920	0.968127	0.967805
1700	0.961221	0.996313	0.996317	0.888154	0.968293	0.967965
1710	0.961459	0.996313	0.996319	0.888373	0.968127	0.967797
1720	0.961745	0.996424	0.996429	0.888610	0.968127	0.967800
1730	0.962063	0.996424	0.996429	0.888813	0.968127	0.967800
1740	0.962315	0.996443	0.996447	0.888982	0.968293	0.967965
1750	0.962542	0.996554	0.996556	0.889153	0.968293	0.967965
1760	0.962779	0.996573	0.996574	0.889248	0.968293	0.967988
1770	0.963043	0.996684	0.996686	0.889453	0.968293	0.967990
1780	0.963266	0.996758	0.996760	0.889723	0.967629	0.967310
1790	0.963544	0.996776	0.996778	0.889937	0.967795	0.967474
1800	0.963798	0.996869	0.996869	0.890148	0.967795	0.967474
1810	0.964088	0.996925	0.996925	0.890399	0.968293	0.967965
1820	0.964474	0.997017	0.997015	0.890630	0.968293	0.967981
1830	0.964683	0.997054	0.997053	0.890776	0.968625	0.968336
1840	0.964915	0.997128	0.997128	0.890959	0.968293	0.968000
1850	0.965263	0.997240	0.997240	0.891131	0.968459	0.968166
1860	0.965481	0.997295	0.997296	0.891279	0.968459	0.968166
1870	0.965749	0.997369	0.997371	0.891488	0.968459	0.968162
1880	0.966003	0.997369	0.997371	0.891664	0.968459	0.968169
1890	0.966324	0.997462	0.997465	0.891897	0.968293	0.968012
1900	0.966545	0.997499	0.997502	0.892110	0.968293	0.968012
1910	0.966745	0.997517	0.997519	0.892347	0.968293	0.968012
1920	0.966980	0.997647	0.997650	0.892508	0.968459	0.968169
1930	0.967212	0.997629	0.997631	0.892638	0.968792	0.968512
1940	0.967544	0.997666	0.997668	0.892881	0.968792	0.968512
1950	0.967767	0.997703	0.997705	0.893047	0.968958	0.968670
1960	0.967956	0.997703	0.997705	0.893245	0.968958	0.968670
1970	0.968211	0.997758	0.997761	0.893446	0.968958	0.968670
1980	0.968431	0.997795	0.997796	0.893667	0.968958	0.968655
1990	0.968639	0.997795	0.997794	0.893828	0.968958	0.968655
2000	0.968834	0.997925	0.997925	0.893980	0.969290	0.968994
2010	0.969044	0.997999	0.998000	0.894104	0.969124	0.968833
2020	0.969258	0.998018	0.998016	0.894268	0.969290	0.969019
2030	0.969459	0.998036	0.998035	0.894438	0.969456	0.969188
2040	0.969689	0.998036	0.998035	0.894589	0.969456	0.969191
2050	0.969849	0.998036	0.998035	0.894683	0.969124	0.968874
2060	0.970062	0.998073	0.998072	0.894884	0.969456	0.969188
2070	0.970231	0.998129	0.998128	0.895031	0.969290	0.969031
2080	0.970424	0.998221	0.998220	0.895153	0.969456	0.969191
2090	0.970595	0.998203	0.998199	0.895338	0.969622	0.969359
2100	0.970805	0.998240	0.998237	0.895480	0.969456	0.969199
2110	0.970991	0.998240	0.998237	0.895683	0.969622	0.969371
2120	0.971173	0.998314	0.998310	0.895853	0.969622	0.969371
2130	0.971371	0.998351	0.998347	0.895920	0.969290	0.969024
2140	0.971543	0.998407	0.998402	0.896138	0.969290	0.969024
2150	0.971697	0.998444	0.998439	0.896243	0.969290	0.969028
2160	0.971873	0.998481	0.998477	0.896406	0.969290	0.969028
2170	0.972019	0.998555	0.998552	0.896526	0.969456	0.969197
2180	0.972142	0.998573	0.998570	0.896643	0.969456	0.969197
2190	0.972330	0.998592	0.998589	0.896706	0.969456	0.969184
2200	0.972514	0.998592	0.998589	0.896876	0.969456	0.969184
2210	0.972689	0.998610	0.998607	0.896957	0.969456	0.969184
2220	0.972857	0.998685	0.998682	0.897041	0.969788	0.969528
2230	0.973051	0.998685	0.998681	0.897173	0.969622	0.969371
2240	0.973213	0.998703	0.998700	0.897334	0.969954	0.969710
2250	0.973393	0.998740	0.998737	0.897485	0.969788	0.969540
2260	0.973535	0.998740	0.998737	0.897598	0.969788	0.969533
2270	0.973758	0.998833	0.998825	0.897724	0.969954	0.969702
2280	0.973878	0.998833	0.998825	0.897800	0.969954	0.969702
2290	0.973997	0.998833	0.998825	0.897897	0.969954	0.969702
2300	0.974139	0.998833	0.998827	0.898041	0.970120	0.969874
2310	0.974285	0.998870	0.998864	0.898207	0.969954	0.969713
2320	0.974464	0.998888	0.998883	0.898306	0.969788	0.969538
2330	0.974614	0.998851	0.998845	0.898394	0.969954	0.969702
2340	0.974757	0.998888	0.998883	0.898486	0.969954	0.969702
2350	0.974876	0.998888	0.998883	0.898545	0.969954	0.969702
2360	0.975046	0.998925	0.998920	0.898703	0.970120	0.969873
2370	0.975187	0.998944	0.998939	0.898895	0.969954	0.969702
2380	0.975338	0.998944	0.998939	0.899059	0.969954	0.969702
2390	0.975480	0.998944	0.998939	0.899162	0.970286	0.970042
2400	0.975638	0.998944	0.998939	0.899301	0.970618	0.970374
2410	0.975778	0.998981	0.998976	0.899404	0.970286	0.970052
2420	0.975910	0.998963	0.998957	0.899498	0.970452	0.970231
2430	0.976055	0.998981	0.998976	0.899622	0.970618	0.970396
2440	0.976199	0.999000	0.998995	0.899831	0.970618	0.970396
2450	0.976325	0.999000	0.998995	0.899952	0.970452	0.970225
2460	0.976459	0.999018	0.999014	0.900068	0.970452	0.970225
2470	0.976589	0.999092	0.999087	0.900141	0.970452	0.970232
2480	0.976708	0.999092	0.999087	0.900260	0.970452	0.970217
2490	0.976835	0.999092	0.999087	0.900398	0.970618	0.970380
2500	0.976986	0.999111	0.999105	0.900504	0.970784	0.970541
2510	0.977127	0.999148	0.999142	0.900621	0.970784	0.970541
2520	0.977282	0.999148	0.999142	0.900767	0.970784	0.970541
2530	0.977396	0.999166	0.999162	0.900856	0.970950	0.970720
2540	0.977506	0.999185	0.999181	0.900888	0.970618	0.970387
2550	0.977612	0.999185	0.999181	0.900933	0.970618	0.970379
2560	0.977723	0.999185	0.999181	0.901093	0.970950	0.970731
2570	0.977831	0.999185	0.999181	0.901287	0.971116	0.970899
2580	0.977942	0.999203	0.999200	0.901319	0.971116	0.970899
2590	0.978063	0.999203	0.999200	0.901458	0.971116	0.970899
2600	0.978192	0.999203	0.999202	0.901581	0.971116	0.970910
2610	0.978306	0.999222	0.999220	0.901672	0.971282	0.971070
2620	0.978404	0.999259	0.999257	0.901757	0.971448	0.971239
2630	0.978508	0.999259	0.999257	0.901839	0.971448	0.971232
2640	0.978636	0.999259	0.999257	0.901953	0.971116	0.970907
2650	0.978758	0.999277	0.999275	0.902006	0.971448	0.971234
2660	0.978866	0.999277	0.999275	0.902107	0.971282	0.971081
2670	0.978972	0.999277	0.999275	0.902176	0.971448	0.971249
2680	0.979078	0.999315	0.999313	0.902255	0.971282	0.971072
2690	0.979181	0.999333	0.999332	0.902322	0.971448	0.971235
2700	0.979288	0.999333	0.999332	0.902400	0.971614	0.971413
2710	0.979381	0.999352	0.999350	0.902498	0.971614	0.971413
2720	0.979482	0.999352	0.999350	0.902646	0.971614	0.971415
2730	0.979580	0.999352	0.999351	0.902772	0.971780	0.971577
2740	0.979673	0.999370	0.999369	0.902863	0.971780	0.971583
2750	0.979787	0.999389	0.999388	0.902925	0.971614	0.971423
2760	0.979874	0.999389	0.999388	0.903004	0.971780	0.971588
2770	0.979974	0.999407	0.999407	0.903036	0.971614	0.971417
2780	0.980083	0.999426	0.999425	0.903146	0.971780	0.971575
2790	0.980166	0.999426	0.999425	0.903177	0.971780	0.971579
2800	0.980265	0.999444	0.999444	0.903264	0.972112	0.971909
2810	0.980375	0.999463	0.999463	0.903341	0.972112	0.971909
2820	0.980477	0.999481	0.999481	0.903420	0.972112	0.971914
2830	0.980588	0.999500	0.999500	0.903513	0.972112	0.971914
2840	0.980688	0.999518	0.999519	0.903599	0.972278	0.972075
2850	0.980763	0.999500	0.999499	0.903653	0.972278	0.972067
2860	0.980843	0.999500	0.999499	0.903694	0.972444	0.972237
2870	0.980946	0.999500	0.999499	0.903733	0.972610	0.972406
2880	0.981043	0.999500	0.999499	0.903776	0.972112	0.971909
2890	0.981115	0.999500	0.999499	0.903862	0.972112	0.971909
2900	0.981207	0.999518	0.999518	0.903907	0.972278	0.972078
2910	0.981295	0.999518	0.999518	0.903991	0.972444	0.972252
2920	0.981381	0.999518	0.999518	0.904093	0.972278	0.972080
2930	0.981459	0.999537	0.999537	0.904168	0.971946	0.971747
2940	0.981539	0.999537	0.999537	0.904245	0.972112	0.971916
2950	0.981609	0.999537	0.999539	0.904318	0.972112	0.971907
2960	0.981699	0.999537	0.999538	0.904442	0.972112	0.971907
2970	0.981775	0.999537	0.999538	0.904511	0.972112	0.971907
2980	0.981848	0.999537	0.999538	0.904569	0.972112	0.971907
2990	0.981934	0.999537	0.999538	0.904640	0.972112	0.971907
3000	0.982031	0.999537	0.999539	0.904657	0.972444	0.972242
3010	0.982097	0.999537	0.999539	0.904703	0.972278	0.972073
3020	0.982163	0.999537	0.999539	0.904781	0.972278	0.972073
3030	0.982241	0.999555	0.999558	0.904835	0.972278	0.972082
3040	0.982331	0.999555	0.999556	0.904953	0.972278	0.972073
3050	0.982409	0.999555	0.999558	0.904990	0.972444	0.972239
3060	0.982489	0.999555	0.999558	0.905062	0.972444	0.972239
3070	0.982567	0.999555	0.999558	0.905138	0.972444	0.972239
3080	0.982661	0.999555	0.999558	0.905203	0.972278	0.972068
3090	0.982751	0.999574	0.999575	0.905306	0.972278	0.972068
3100	0.982822	0.999592	0.999594	0.905347	0.972112	0.971901
3110	0.982886	0.999592	0.999594	0.905409	0.972278	0.972069
3120	0.982948	0.999592	0.999594	0.905517	0.972278	0.972071
3130	0.983008	0.999592	0.999594	0.905569	0.972278	0.972069
3140	0.983075	0.999592	0.999594	0.905601	0.972278	0.972069
3150	0.983144	0.999592	0.999594	0.905649	0.972112	0.971901
3160	0.983210	0.999592	0.999594	0.905698	0.972112	0.971901
3170	0.983293	0.999611	0.999613	0.905767	0.972444	0.972227
3180	0.983355	0.999611	0.999613	0.905811	0.972444	0.972227
3190	0.983412	0.999611	0.999613	0.905842	0.972444	0.972227
3200	0.983483	0.999611	0.999613	0.905897	0.972444	0.972227
3210	0.983552	0.999629	0.999631	0.905970	0.972444	0.972235
3220	0.983621	0.999629	0.999630	0.906042	0.972278	0.972070
3230	0.983694	0.999629	0.999630	0.906084	0.972444	0.972238
3240	0.983774	0.999648	0.999649	0.906185	0.972444	0.972238
3250	0.983831	0.999648	0.999649	0.906254	0.972444	0.972238
3260	0.983900	0.999648	0.999649	0.906358	0.972112	0.971899
3270	0.983972	0.999667	0.999667	0.906436	0.972112	0.971899
3280	0.984032	0.999667	0.999667	0.906521	0.972112	0.971899
3290	0.984094	0.999667	0.999667	0.906573	0.972112	0.971899
3300	0.984149	0.999667	0.999667	0.906623	0.972112	0.971899
3310	0.984214	0.999667	0.999667	0.906693	0.972112	0.971899
3320	0.984276	0.999667	0.999667	0.906727	0.972112	0.971899
3330	0.984348	0.999685	0.999686	0.906813	0.972278	0.972069
3340	0.984410	0.999685	0.999686	0.906850	0.972278	0.972069
3350	0.984473	0.999685	0.999686	0.906886	0.972278	0.972069
3360	0.984525	0.999685	0.999686	0.906934	0.972278	0.972069
3370	0.984563	0.999685	0.999686	0.906967	0.972278	0.972069
3380	0.984629	0.999704	0.999704	0.907043	0.972278	0.972069
3390	0.984688	0.999722	0.999723	0.907116	0.972444	0.972240
3400	0.984744	0.999722	0.999722	0.907153	0.972444	0.972240
3410	0.984808	0.999722	0.999722	0.907227	0.972444	0.972240
3420	0.984863	0.999722	0.999722	0.907328	0.972444	0.972240
3430	0.984916	0.999722	0.999722	0.907399	0.972278	0.972069
3440	0.984971	0.999722	0.999722	0.907461	0.972278	0.972069
3450	0.985029	0.999722	0.999722	0.907537	0.972278	0.972070
3460	0.985078	0.999722	0.999722	0.907597	0.972444	0.972240
3470	0.985129	0.999741	0.999741	0.907630	0.972278	0.972070
3480	0.985184	0.999759	0.999760	0.907674	0.972278	0.972070
3490	0.985234	0.999741	0.999741	0.907707	0.972444	0.972244
3500	0.985287	0.999741	0.999741	0.907797	0.972610	0.972414
3510	0.985344	0.999759	0.999760	0.907899	0.972610	0.972414
3520	0.985392	0.999741	0.999742	0.907897	0.972444	0.972240
3530	0.985450	0.999741	0.999742	0.907960	0.972444	0.972240
3540	0.985501	0.999759	0.999761	0.907990	0.972610	0.972414
3550	0.985557	0.999759	0.999760	0.907969	0.972610	0.972414
3560	0.985605	0.999741	0.999741	0.907992	0.972610	0.972414
3570	0.985656	0.999759	0.999760	0.908046	0.972776	0.972579
3580	0.985701	0.999759	0.999760	0.908103	0.972610	0.972414
3590	0.985744	0.999778	0.999778	0.908160	0.972610	0.972414
3600	0.985794	0.999778	0.999778	0.908217	0.972610	0.972405
3610	0.985848	0.999778	0.999778	0.908283	0.972444	0.972240
3620	0.985897	0.999778	0.999778	0.908309	0.972610	0.972405
3630	0.985943	0.999778	0.999778	0.908340	0.972610	0.972405
3640	0.985989	0.999778	0.999778	0.908358	0.972776	0.972579
3650	0.986036	0.999778	0.999778	0.908403	0.972776	0.972579
3660	0.986080	0.999778	0.999778	0.908470	0.972776	0.972579
3670	0.986135	0.999778	0.999778	0.908518	0.972776	0.972579
3680	0.986186	0.999778	0.999778	0.908566	0.972776	0.972579
3690	0.986241	0.999778	0.999778	0.908640	0.972776	0.972579
3700	0.986291	0.999778	0.999778	0.908670	0.972776	0.972579
3710	0.986341	0.999778	0.999778	0.908721	0.972610	0.972409
3720	0.986396	0.999778	0.999778	0.908766	0.972610	0.972409
3730	0.986446	0.999778	0.999778	0.908811	0.972610	0.972409
3740	0.986501	0.999796	0.999797	0.908864	0.972610	0.972409
3750	0.986546	0.999796	0.999797	0.908942	0.972278	0.972063
3760	0.986592	0.999796	0.999797	0.908987	0.972278	0.972063
3770	0.986633	0.999815	0.999815	0.909033	0.972278	0.972063
3780	0.986674	0.999833	0.999832	0.908998	0.972278	0.972063
3790	0.986724	0.999870	0.999871	0.909038	0.972278	0.972063
3800	0.986789	0.999889	0.999888	0.909056	0.972610	0.972409
3810	0.986835	0.999889	0.999888	0.909121	0.972444	0.972234
3820	0.986870	0.999889	0.999888	0.909166	0.972444	0.972234
3830	0.986902	0.999870	0.999871	0.909228	0.972444	0.972234
3840	0.986945	0.999870	0.999871	0.909276	0.972444	0.972234
3850	0.986985	0.999870	0.999871	0.909335	0.972610	0.972406
3860	0.987026	0.999889	0.999891	0.909389	0.972610	0.972406
3870	0.987065	0.999889	0.999891	0.909411	0.972776	0.972577
3880	0.987103	0.999889	0.999891	0.909486	0.972776	0.972568
3890	0.987145	0.999889	0.999891	0.909535	0.972776	0.972562
3900	0.987184	0.999889	0.999891	0.909567	0.972610	0.972397
3910	0.987229	0.999889	0.999891	0.909631	0.972776	0.972568
3920	0.987274	0.999889	0.999891	0.909672	0.972776	0.972562
3930	0.987321	0.999907	0.999908	0.909708	0.972776	0.972562
3940	0.987368	0.999889	0.999891	0.909757	0.972942	0.972742
3950	0.987408	0.999907	0.999908	0.909790	0.972942	0.972742
3960	0.987448	0.999907	0.999908	0.909832	0.972776	0.972571
3970	0.987491	0.999907	0.999908	0.909882	0.972610	0.972397
3980	0.987532	0.999926	0.999927	0.909933	0.972610	0.972397
3990	0.987574	0.999926	0.999927	0.909966	0.972610	0.972397
4000	0.987614	0.999926	0.999927	0.910007	0.972610	0.972397
