10	0.391863	0.740026	0.704097	0.393010	0.740759	0.702322
20	0.464277	0.785387	0.746902	0.461310	0.784850	0.744334
30	0.504644	0.803435	0.764135	0.496946	0.800265	0.759025
40	0.531421	0.815406	0.774392	0.522215	0.812863	0.769770
50	0.554190	0.824356	0.781976	0.544121	0.820653	0.775893
60	0.574026	0.833250	0.789948	0.561618	0.830101	0.783932
70	0.587819	0.837957	0.794202	0.574903	0.834245	0.787794
80	0.602650	0.843145	0.798838	0.588505	0.837892	0.791017
90	0.614860	0.847759	0.803325	0.599593	0.842035	0.795061
100	0.626619	0.850742	0.858338	0.610691	0.845351	0.850593
110	0.639074	0.856023	0.862899	0.621880	0.850489	0.854993
120	0.648589	0.862657	0.868914	0.630060	0.854301	0.858519
130	0.657355	0.869846	0.875726	0.637819	0.860269	0.864070
140	0.669933	0.890841	0.894457	0.649229	0.880325	0.882242
150	0.683247	0.904720	0.907237	0.661285	0.891430	0.892795
160	0.696952	0.917598	0.919118	0.673396	0.905022	0.905798
170	0.707099	0.922601	0.923908	0.681830	0.909995	0.910546
180	0.715924	0.926548	0.927646	0.690123	0.913642	0.914019
190	0.725843	0.931217	0.932113	0.698603	0.917620	0.917945
200	0.731506	0.933626	0.934470	0.703476	0.919940	0.920203
210	0.738091	0.936202	0.936960	0.709227	0.923090	0.923257
220	0.745177	0.938592	0.939258	0.715769	0.925079	0.925097
230	0.751069	0.940779	0.941400	0.720039	0.927731	0.927745
240	0.756532	0.942520	0.943077	0.724497	0.928725	0.928732
250	0.763649	0.945281	0.945783	0.730802	0.930383	0.930370
260	0.768828	0.946375	0.946857	0.734776	0.931875	0.931779
270	0.775720	0.948154	0.948552	0.740307	0.934030	0.933928
280	0.782254	0.950507	0.950876	0.746409	0.935190	0.935067
290	0.787953	0.952304	0.952627	0.751012	0.936350	0.936269
300	0.792133	0.953416	0.953722	0.754349	0.937676	0.937573
310	0.796173	0.954565	0.954847	0.757907	0.938671	0.938477
320	0.800806	0.955936	0.956188	0.761733	0.939997	0.939831
330	0.804178	0.956696	0.956955	0.764394	0.939831	0.939611
340	0.808849	0.957937	0.958178	0.768492	0.940660	0.940494
350	0.811501	0.958827	0.959055	0.770705	0.940825	0.940597
360	0.814482	0.959642	0.959850	0.772751	0.941157	0.940961
370	0.817571	0.960772	0.960956	0.775110	0.941820	0.941565
380	0.820967	0.961551	0.961743	0.777941	0.942317	0.942113
390	0.824642	0.962736	0.962904	0.780630	0.943975	0.943773
400	0.828093	0.963496	0.963634	0.783416	0.943975	0.943736
410	0.831503	0.964775	0.964911	0.786332	0.945964	0.945774
420	0.834286	0.965664	0.965783	0.788671	0.946295	0.946119
430	0.837122	0.966424	0.966534	0.790982	0.946461	0.946280
440	0.839903	0.967202	0.967286	0.793366	0.947290	0.947047
450	0.842809	0.968203	0.968285	0.795471	0.947953	0.947719
460	0.844457	0.969037	0.969102	0.796946	0.948119	0.947855
470	0.846914	0.969630	0.969692	0.798896	0.948616	0.948414
480	0.849180	0.970019	0.970081	0.800448	0.948782	0.948559
490	0.852709	0.970797	0.970845	0.803611	0.948782	0.948508
500	0.854623	0.971371	0.971424	0.804921	0.948782	0.948530
510	0.856834	0.971946	0.971995	0.806511	0.948616	0.948365
520	0.859389	0.972594	0.972639	0.808605	0.949445	0.949169
530	0.861258	0.973058	0.973103	0.810205	0.950108	0.949862
540	0.862775	0.973502	0.973546	0.811173	0.950605	0.950325
550	0.864968	0.973966	0.974011	0.812801	0.949942	0.949586
560	0.866825	0.974521	0.974566	0.814251	0.951102	0.950738
570	0.869181	0.974966	0.975007	0.816061	0.951931	0.951568
580	0.870789	0.975355	0.975394	0.817095	0.951765	0.951394
590	0.872254	0.975689	0.975724	0.817999	0.952926	0.952564
600	0.874624	0.976652	0.976682	0.819696	0.952097	0.951680
610	0.876752	0.977079	0.977096	0.821243	0.953589	0.953084
620	0.878706	0.977560	0.977579	0.822735	0.954417	0.953907
630	0.880301	0.977838	0.977854	0.824152	0.955080	0.954601
640	0.882278	0.978357	0.978362	0.825749	0.955412	0.954918
650	0.884050	0.978654	0.978664	0.827453	0.955080	0.954592
660	0.885863	0.979302	0.979309	0.829033	0.955080	0.954610
670	0.887281	0.979562	0.979564	0.829840	0.955246	0.954786
680	0.888633	0.979914	0.979919	0.830837	0.955743	0.955277
690	0.890074	0.980173	0.980182	0.831967	0.956075	0.955646
700	0.891425	0.980636	0.980627	0.833129	0.956572	0.956157
710	0.892255	0.980933	0.980931	0.833614	0.956572	0.956167
720	0.893278	0.981248	0.981249	0.834378	0.956406	0.955932
730	0.894791	0.981507	0.981508	0.835812	0.957069	0.956586
740	0.896480	0.982045	0.982051	0.837126	0.957235	0.956783
750	0.897679	0.982267	0.982266	0.838021	0.957235	0.956780
760	0.899266	0.982471	0.982472	0.839424	0.957567	0.957086
770	0.900756	0.982841	0.982838	0.840641	0.957235	0.956738
780	0.902393	0.983360	0.983348	0.841880	0.957567	0.957115
790	0.903784	0.983638	0.983634	0.842990	0.957567	0.957040
800	0.904743	0.983694	0.983697	0.843794	0.958230	0.957738
810	0.905663	0.983935	0.983940	0.844694	0.958395	0.957943
820	0.906852	0.984287	0.984296	0.845692	0.958395	0.957988
830	0.908174	0.984379	0.984381	0.846727	0.958064	0.957626
840	0.909240	0.984620	0.984629	0.847643	0.958561	0.958134
850	0.910447	0.985121	0.985134	0.848549	0.958727	0.958257
860	0.911491	0.985454	0.985462	0.849289	0.958893	0.958451
870	0.912773	0.985713	0.985719	0.850344	0.959224	0.958770
880	0.913784	0.986121	0.986132	0.850814	0.959390	0.958943
890	0.914581	0.986306	0.986318	0.851358	0.959556	0.959151
900	0.915754	0.986584	0.986594	0.852302	0.959722	0.959269
910	0.916767	0.986844	0.986855	0.853121	0.959556	0.959126
920	0.917840	0.986992	0.986999	0.854152	0.959722	0.959264
930	0.919060	0.987289	0.987294	0.855104	0.959722	0.959277
940	0.919964	0.987492	0.987501	0.855906	0.960219	0.959797
950	0.921071	0.987715	0.987715	0.856672	0.959887	0.959434
960	0.921672	0.987863	0.987868	0.857117	0.959390	0.958957
970	0.922600	0.988196	0.988203	0.857816	0.959887	0.959494
980	0.923258	0.988437	0.988440	0.858206	0.960219	0.959809
990	0.924338	0.988697	0.988696	0.858994	0.960550	0.960122
1000	0.925029	0.988938	0.988930	0.859298	0.960219	0.959813
1010	0.925772	0.989104	0.989106	0.859896	0.960550	0.960085
1020	0.926595	0.989234	0.989233	0.860445	0.960716	0.960292
1030	0.927602	0.989531	0.989527	0.861263	0.960716	0.960288
1040	0.928471	0.989809	0.989813	0.862058	0.960882	0.960434
1050	0.929256	0.989809	0.989808	0.862622	0.961048	0.960575
1060	0.930313	0.989994	0.989990	0.863252	0.960882	0.960425
1070	0.931123	0.990290	0.990284	0.863879	0.961048	0.960564
1080	0.931871	0.990383	0.990378	0.864434	0.962042	0.961582
1090	0.932449	0.990717	0.990719	0.864824	0.961545	0.961072
1100	0.933210	0.990957	0.990962	0.865336	0.962539	0.962093
1110	0.934117	0.991143	0.991150	0.865994	0.962705	0.962252
1120	0.935006	0.991365	0.991377	0.866665	0.963368	0.962972
1130	0.935801	0.991458	0.991467	0.867348	0.963534	0.963116
1140	0.936465	0.991606	0.991613	0.867797	0.963865	0.963451
1150	0.936971	0.991828	0.991837	0.868063	0.963700	0.963261
1160	0.937421	0.991865	0.991873	0.868313	0.962871	0.962420
1170	0.938100	0.991977	0.991983	0.868881	0.963700	0.963276
1180	0.938862	0.992143	0.992152	0.869245	0.963202	0.962753
1190	0.939529	0.992273	0.992282	0.869865	0.963368	0.962906
1200	0.940371	0.992532	0.992542	0.870523	0.963202	0.962724
1210	0.941184	0.992736	0.992740	0.871033	0.963368	0.962889
1220	0.941857	0.992922	0.992922	0.871431	0.964031	0.963596
1230	0.942352	0.993070	0.993071	0.871849	0.963700	0.963257
1240	0.942944	0.993237	0.993239	0.872355	0.964528	0.964092
1250	0.943484	0.993311	0.993310	0.872584	0.964528	0.964060
1260	0.944066	0.993459	0.993461	0.873077	0.964363	0.963860
1270	0.944755	0.993515	0.993515	0.873752	0.964363	0.963860
1280	0.945348	0.993644	0.993644	0.874331	0.964363	0.963902
1290	0.945910	0.993793	0.993790	0.874790	0.964694	0.964287
1300	0.946449	0.993885	0.993882	0.875159	0.965357	0.964973
1310	0.946967	0.993904	0.993901	0.875568	0.965523	0.965123
1320	0.947489	0.994015	0.994013	0.875911	0.965689	0.965292
1330	0.947886	0.994052	0.994051	0.876133	0.966020	0.965622
1340	0.948483	0.994256	0.994252	0.876622	0.966186	0.965781
1350	0.949197	0.994348	0.994344	0.877373	0.966186	0.965752
1360	0.949667	0.994385	0.994383	0.877809	0.966186	0.965771
1370	0.950167	0.994534	0.994532	0.878426	0.966517	0.966100
1380	0.950709	0.994608	0.994607	0.878771	0.966186	0.965771
1390	0.951101	0.994608	0.994607	0.879036	0.965854	0.965448
1400	0.951730	0.994775	0.994775	0.879734	0.965854	0.965436
1410	0.952161	0.994849	0.994850	0.879998	0.966352	0.965947
1420	0.952713	0.994923	0.994925	0.880541	0.966683	0.966273
1430	0.953144	0.995015	0.995020	0.880989	0.966849	0.966457
1440	0.953569	0.995015	0.995019	0.881365	0.967015	0.966631
1450	0.954026	0.995145	0.995142	0.881733	0.966683	0.966317
1460	0.954408	0.995275	0.995269	0.881852	0.966683	0.966317
1470	0.954832	0.995349	0.995345	0.882206	0.966683	0.966314
1480	0.955169	0.995405	0.995403	0.882397	0.966849	0.966466
1490	0.955585	0.995423	0.995421	0.882675	0.966849	0.966466
1500	0.955960	0.995534	0.995534	0.882993	0.967015	0.966635
1510	0.956345	0.995571	0.995571	0.883309	0.967015	0.966629
1520	0.956822	0.995683	0.995683	0.883868	0.966849	0.966453
1530	0.957317	0.995683	0.995683	0.884226	0.967015	0.966625
1540	0.957630	0.995757	0.995757	0.884395	0.967015	0.966608
1550	0.957945	0.995738	0.995738	0.884672	0.967181	0.966787
1560	0.958261	0.995868	0.995870	0.884905	0.967181	0.966786
1570	0.958592	0.995886	0.995889	0.885097	0.967015	0.966635
1580	0.958905	0.995960	0.995961	0.885245	0.967181	0.966819
1590	0.959220	0.996035	0.996036	0.885373	0.967181	0.966819
1600	0.959606	0.996183	0.996183	0.885790	0.967346	0.966991
1610	0.959948	0.996257	0.996258	0.885999	0.967512	0.967143
1620	0.960282	0.996276	0.996277	0.886178	0.967181	0.966801
1630	0.960571	0.996294	0.996296	0.886567	0.967181	0.966772
1640	0.960814	0.996387	0.996386	0.886741	0.967512	0.967114
1650	0.961198	0.996461	0.996461	0.887102	0.967181	0.966774
1660	0.961537	0.996442	0.996442	0.887408	0.967512	0.967100
1670	0.961870	0.996572	0.996574	0.887618	0.967346	0.966939
1680	0.962149	0.996591	0.996593	0.887849	0.967844	0.967460
1690	0.962469	0.996646	0.996650	0.888134	0.968009	0.967629
1700	0.962748	0.996702	0.996704	0.888359	0.967844	0.967439
1710	0.963137	0.996720	0.996722	0.888666	0.967844	0.967458
1720	0.963413	0.996850	0.996854	0.888897	0.967678	0.967277
1730	0.963712	0.996868	0.996872	0.889178	0.968009	0.967636
1740	0.963971	0.996887	0.996891	0.889306	0.968175	0.967775
1750	0.964255	0.996961	0.996964	0.889503	0.968341	0.967929
1760	0.964496	0.996998	0.997001	0.889700	0.968341	0.967950
1770	0.964744	0.997035	0.997039	0.889920	0.968672	0.968272
1780	0.964964	0.997072	0.997077	0.890024	0.968838	0.968441
1790	0.965214	0.997072	0.997077	0.890267	0.968672	0.968293
1800	0.965440	0.997109	0.997113	0.890372	0.969004	0.968625
1810	0.965760	0.997128	0.997130	0.890686	0.969004	0.968606
1820	0.966008	0.997202	0.997203	0.890842	0.969004	0.968606
1830	0.966287	0.997258	0.997258	0.891098	0.968838	0.968421
1840	0.966526	0.997295	0.997293	0.891272	0.969004	0.968584
1850	0.966728	0.997332	0.997332	0.891521	0.969170	0.968773
1860	0.966940	0.997424	0.997423	0.891662	0.968838	0.968427
1870	0.967127	0.997461	0.997460	0.891748	0.969004	0.968613
1880	0.967336	0.997498	0.997496	0.891874	0.969004	0.968604
1890	0.967549	0.997573	0.997573	0.892133	0.969004	0.968604
1900	0.967843	0.997573	0.997573	0.892339	0.969170	0.968770
1910	0.968082	0.997628	0.997630	0.892468	0.969170	0.968770
1920	0.968295	0.997721	0.997722	0.892648	0.969170	0.968770
1930	0.968551	0.997795	0.997796	0.892824	0.969170	0.968774
1940	0.968787	0.997795	0.997797	0.893066	0.969170	0.968775
1950	0.968994	0.997813	0.997817	0.893269	0.969501	0.969113
1960	0.969195	0.997869	0.997873	0.893463	0.969667	0.969298
1970	0.969404	0.997906	0.997910	0.893680	0.969170	0.968774
1980	0.969625	0.997906	0.997910	0.893964	0.969004	0.968605
1990	0.969832	0.997925	0.997929	0.894082	0.969501	0.969129
2000	0.970056	0.997962	0.997968	0.894315	0.969170	0.968775
2010	0.970257	0.997980	0.997986	0.894293	0.969501	0.969121
2020	0.970450	0.998073	0.998079	0.894428	0.969501	0.969129
2030	0.970650	0.998054	0.998060	0.894659	0.969335	0.968979
2040	0.970834	0.998110	0.998116	0.894801	0.969335	0.968974
2050	0.971032	0.998110	0.998116	0.894885	0.969170	0.968822
2060	0.971237	0.998147	0.998151	0.894988	0.969170	0.968822
2070	0.971427	0.998258	0.998260	0.895063	0.969501	0.969128
2080	0.971600	0.998295	0.998295	0.895224	0.969667	0.969279
2090	0.971765	0.998277	0.998277	0.895416	0.969667	0.969279
2100	0.971890	0.998351	0.998351	0.895479	0.969667	0.969279
2110	0.972066	0.998351	0.998352	0.895620	0.969833	0.969464
2120	0.972281	0.998481	0.998482	0.895807	0.969667	0.969279
2130	0.972459	0.998536	0.998539	0.895895	0.969667	0.969279
2140	0.972596	0.998536	0.998539	0.895959	0.969501	0.969125
2150	0.972744	0.998573	0.998576	0.896030	0.969833	0.969481
2160	0.972950	0.998573	0.998575	0.896182	0.969833	0.969481
2170	0.973176	0.998647	0.998648	0.896425	0.969998	0.969662
2180	0.973376	0.998647	0.998647	0.896608	0.969667	0.969313
2190	0.973532	0.998647	0.998648	0.896701	0.969833	0.969478
2200	0.973676	0.998684	0.998684	0.896733	0.969667	0.969309
2210	0.973838	0.998684	0.998684	0.896809	0.969667	0.969357
2220	0.973966	0.998703	0.998701	0.896847	0.969335	0.969008
2230	0.974121	0.998759	0.998757	0.896975	0.969667	0.969340
2240	0.974268	0.998814	0.998812	0.897044	0.969667	0.969340
2250	0.974434	0.998814	0.998812	0.897192	0.969667	0.969340
2260	0.974585	0.998814	0.998812	0.897326	0.969501	0.969188
2270	0.974706	0.998796	0.998794	0.897476	0.969501	0.969188
2280	0.974838	0.998814	0.998812	0.897548	0.969667	0.969377
2290	0.974995	0.998851	0.998848	0.897656	0.969998	0.969691
2300	0.975168	0.998888	0.998887	0.897840	0.969998	0.969691
2310	0.975298	0.998907	0.998905	0.897917	0.969998	0.969691
2320	0.975406	0.998925	0.998924	0.897993	0.969833	0.969527
2330	0.975550	0.998907	0.998906	0.898143	0.969833	0.969545
2340	0.975726	0.998944	0.998944	0.898339	0.969833	0.969523
2350	0.975891	0.998999	0.998998	0.898505	0.969998	0.969695
2360	0.976030	0.998999	0.998998	0.898636	0.969667	0.969375
2370	0.976173	0.998999	0.998998	0.898732	0.969667	0.969375
2380	0.976332	0.998981	0.998979	0.898866	0.969667	0.969375
2390	0.976432	0.998999	0.998998	0.898979	0.970164	0.969865
2400	0.976556	0.999018	0.999017	0.899091	0.970164	0.969865
2410	0.976665	0.999018	0.999017	0.899174	0.970496	0.970193
2420	0.976773	0.999018	0.999017	0.899262	0.970330	0.970025
2430	0.976924	0.999036	0.999035	0.899370	0.970330	0.970017
2440	0.977039	0.999074	0.999073	0.899489	0.970330	0.970017
2450	0.977140	0.999111	0.999110	0.899627	0.970496	0.970210
2460	0.977271	0.999111	0.999111	0.899674	0.970496	0.970210
2470	0.977418	0.999148	0.999147	0.899749	0.970330	0.970037
2480	0.977537	0.999185	0.999185	0.899835	0.970330	0.970026
2490	0.977681	0.999203	0.999204	0.899939	0.970164	0.969875
2500	0.977831	0.999203	0.999205	0.900121	0.970164	0.969875
2510	0.977952	0.999203	0.999205	0.900254	0.970164	0.969875
2520	0.978074	0.999222	0.999224	0.900388	0.969998	0.969715
2530	0.978203	0.999222	0.999224	0.900489	0.970330	0.970045
2540	0.978304	0.999240	0.999242	0.900562	0.970330	0.970045
2550	0.978429	0.999277	0.999279	0.900737	0.970330	0.970045
2560	0.978542	0.999277	0.999279	0.900805	0.970330	0.970045
2570	0.978640	0.999277	0.999278	0.900840	0.970330	0.970042
2580	0.978781	0.999296	0.999296	0.900980	0.970496	0.970198
2590	0.978887	0.999296	0.999296	0.901092	0.970827	0.970569
2600	0.979007	0.999296	0.999296	0.901223	0.970661	0.970417
2610	0.979108	0.999296	0.999296	0.901278	0.970827	0.970569
2620	0.979196	0.999296	0.999296	0.901333	0.970827	0.970569
2630	0.979312	0.999296	0.999296	0.901460	0.970827	0.970577
2640	0.979409	0.999333	0.999333	0.901544	0.970661	0.970425
2650	0.979493	0.999333	0.999333	0.901644	0.970661	0.970411
2660	0.979584	0.999351	0.999352	0.901748	0.970661	0.970411
2670	0.979700	0.999351	0.999351	0.901825	0.970661	0.970411
2680	0.979813	0.999370	0.999371	0.901903	0.970827	0.970576
2690	0.979922	0.999407	0.999409	0.902026	0.970827	0.970587
2700	0.980082	0.999407	0.999409	0.902128	0.970827	0.970576
2710	0.980173	0.999426	0.999426	0.902198	0.970827	0.970576
2720	0.980277	0.999426	0.999426	0.902284	0.970827	0.970554
2730	0.980362	0.999426	0.999426	0.902410	0.970993	0.970711
2740	0.980449	0.999426	0.999426	0.902519	0.971324	0.971059
2750	0.980533	0.999426	0.999426	0.902588	0.971159	0.970890
2760	0.980620	0.999426	0.999426	0.902639	0.971159	0.970890
2770	0.980719	0.999444	0.999445	0.902714	0.971159	0.970890
2780	0.980810	0.999444	0.999445	0.902790	0.971324	0.971057
2790	0.980886	0.999463	0.999463	0.902826	0.971324	0.971072
2800	0.980968	0.999463	0.999463	0.903011	0.971324	0.971057
2810	0.981071	0.999463	0.999463	0.903093	0.971324	0.971057
2820	0.981152	0.999481	0.999482	0.903141	0.971324	0.971057
2830	0.981224	0.999481	0.999482	0.903188	0.971324	0.971057
2840	0.981294	0.999481	0.999482	0.903178	0.970993	0.970705
2850	0.981389	0.999500	0.999502	0.903239	0.970827	0.970566
2860	0.981459	0.999518	0.999520	0.903349	0.970993	0.970733
2870	0.981553	0.999518	0.999520	0.903448	0.971324	0.971084
2880	0.981641	0.999518	0.999520	0.903529	0.971159	0.970883
2890	0.981726	0.999518	0.999520	0.903595	0.971159	0.970883
2900	0.981832	0.999518	0.999520	0.903799	0.971159	0.970917
2910	0.981918	0.999537	0.999539	0.903891	0.971159	0.970905
2920	0.982001	0.999537	0.999539	0.903974	0.971159	0.970905
2930	0.982114	0.999537	0.999539	0.904060	0.971159	0.970905
2940	0.982189	0.999518	0.999520	0.904128	0.971324	0.971056
2950	0.982268	0.999537	0.999539	0.904203	0.971324	0.971056
2960	0.982353	0.999537	0.999539	0.904286	0.971324	0.971056
2970	0.982419	0.999555	0.999557	0.904335	0.971324	0.971056
2980	0.982490	0.999555	0.999557	0.904375	0.971324	0.971056
2990	0.982556	0.999555	0.999557	0.904434	0.971490	0.971246
3000	0.982623	0.999555	0.999557	0.904473	0.971490	0.971246
3010	0.982691	0.999574	0.999575	0.904538	0.971490	0.971251
3020	0.982787	0.999574	0.999575	0.904678	0.971656	0.971412
3030	0.982861	0.999574	0.999575	0.904728	0.971822	0.971563
3040	0.982930	0.999574	0.999575	0.904794	0.971987	0.971732
3050	0.983003	0.999574	0.999575	0.904906	0.971822	0.971542
3060	0.983097	0.999574	0.999575	0.904989	0.971987	0.971732
3070	0.983164	0.999574	0.999575	0.905023	0.971987	0.971732
3080	0.983234	0.999574	0.999575	0.905054	0.971822	0.971563
3090	0.983300	0.999574	0.999575	0.905064	0.971822	0.971563
3100	0.983369	0.999574	0.999575	0.905104	0.971822	0.971563
3110	0.983443	0.999611	0.999614	0.905176	0.971822	0.971563
3120	0.983504	0.999611	0.999614	0.905261	0.971822	0.971563
3130	0.983590	0.999629	0.999631	0.905370	0.971822	0.971563
3140	0.983685	0.999629	0.999631	0.905444	0.971822	0.971563
3150	0.983755	0.999629	0.999631	0.905491	0.971656	0.971378
3160	0.983826	0.999629	0.999631	0.905519	0.971822	0.971563
3170	0.983896	0.999648	0.999649	0.905630	0.971987	0.971731
3180	0.983971	0.999648	0.999649	0.905757	0.971822	0.971546
3190	0.984033	0.999648	0.999649	0.905807	0.971987	0.971699
3200	0.984115	0.999648	0.999649	0.905974	0.972153	0.971899
3210	0.984188	0.999648	0.999649	0.906110	0.972485	0.972219
3220	0.984260	0.999648	0.999649	0.906190	0.972650	0.972388
3230	0.984325	0.999648	0.999649	0.906231	0.972485	0.972219
3240	0.984389	0.999648	0.999649	0.906312	0.972485	0.972219
3250	0.984451	0.999648	0.999649	0.906344	0.972319	0.972030
3260	0.984533	0.999666	0.999668	0.906379	0.972319	0.972030
3270	0.984587	0.999666	0.999668	0.906425	0.972485	0.972219
3280	0.984653	0.999666	0.999668	0.906529	0.972485	0.972198
3290	0.984707	0.999685	0.999687	0.906554	0.972485	0.972198
3300	0.984782	0.999685	0.999687	0.906598	0.972485	0.972198
3310	0.984838	0.999685	0.999687	0.906567	0.972650	0.972355
3320	0.984882	0.999685	0.999687	0.906579	0.972650	0.972355
3330	0.984938	0.999722	0.999723	0.906635	0.972650	0.972355
3340	0.985001	0.999722	0.999723	0.906698	0.972816	0.972514
3350	0.985057	0.999722	0.999723	0.906722	0.972816	0.972514
3360	0.985113	0.999722	0.999723	0.906755	0.972485	0.972186
3370	0.985162	0.999722	0.999723	0.906804	0.972650	0.972346
3380	0.985214	0.999722	0.999723	0.906835	0.972816	0.972535
3390	0.985263	0.999722	0.999723	0.906869	0.972485	0.972186
3400	0.985327	0.999722	0.999723	0.906921	0.972650	0.972376
3410	0.985382	0.999722	0.999723	0.906948	0.972485	0.972208
3420	0.985433	0.999741	0.999742	0.907016	0.972816	0.972544
3430	0.985490	0.999741	0.999742	0.907055	0.972485	0.972208
3440	0.985545	0.999741	0.999742	0.907148	0.972650	0.972376
3450	0.985612	0.999741	0.999742	0.907218	0.972816	0.972544
3460	0.985663	0.999741	0.999742	0.907261	0.972816	0.972544
3470	0.985717	0.999759	0.999761	0.907340	0.972650	0.972376
3480	0.985769	0.999759	0.999759	0.907411	0.972650	0.972376
3490	0.985818	0.999759	0.999759	0.907463	0.972650	0.972376
3500	0.985875	0.999759	0.999759	0.907526	0.972650	0.972376
3510	0.985922	0.999759	0.999759	0.907568	0.972650	0.972376
3520	0.985974	0.999759	0.999761	0.907637	0.972650	0.972376
3530	0.986023	0.999759	0.999761	0.907663	0.972485	0.972219
3540	0.986086	0.999778	0.999779	0.907705	0.972650	0.972376
3550	0.986136	0.999778	0.999779	0.907743	0.972650	0.972372
3560	0.986195	0.999778	0.999779	0.907785	0.972650	0.972376
3570	0.986245	0.999778	0.999779	0.907834	0.972650	0.972376
3580	0.986301	0.999778	0.999779	0.907873	0.972650	0.972372
3590	0.986351	0.999778	0.999779	0.907931	0.972485	0.972199
3600	0.986402	0.999778	0.999779	0.907986	0.972485	0.972199
3610	0.986445	0.999778	0.999779	0.908020	0.972650	0.972371
3620	0.986487	0.999778	0.999779	0.908078	0.972650	0.972368
3630	0.986522	0.999778	0.999779	0.908125	0.972650	0.972368
3640	0.986563	0.999778	0.999779	0.908145	0.972650	0.972368
3650	0.986597	0.999778	0.999779	0.908182	0.972650	0.972368
3660	0.986639	0.999778	0.999779	0.908241	0.972650	0.972368
3670	0.986683	0.999778	0.999779	0.908286	0.972650	0.972368
3680	0.986722	0.999778	0.999779	0.908332	0.972816	0.972553
3690	0.986760	0.999778	0.999779	0.908375	0.972816	0.972553
3700	0.986803	0.999778	0.999780	0.908406	0.972816	0.972553
3710	0.986841	0.999778	0.999780	0.908440	0.972816	0.972553
3720	0.986884	0.999778	0.999780	0.908479	0.972816	0.972553
3730	0.986935	0.999778	0.999780	0.908526	0.972650	0.972384
3740	0.986978	0.999778	0.999780	0.908537	0.972650	0.972384
3750	0.987018	0.999778	0.999780	0.908571	0.972816	0.972551
3760	0.987060	0.999778	0.999780	0.908599	0.972816	0.972551
3770	0.987108	0.999796	0.999799	0.908640	0.972816	0.972551
3780	0.987155	0.999796	0.999799	0.908659	0.972982	0.972707
3790	0.987194	0.999796	0.999799	0.908689	0.972816	0.972522
3800	0.987232	0.999796	0.999799	0.908735	0.972982	0.972707
3810	0.987271	0.999796	0.999799	0.908766	0.972816	0.972522
3820	0.987313	0.999796	0.999799	0.908808	0.972816	0.972522
3830	0.987348	0.999815	0.999817	0.908809	0.972816	0.972522
3840	0.987385	0.999815	0.999817	0.908838	0.972816	0.972525
3850	0.987427	0.999815	0.999817	0.908855	0.972650	0.972353
3860	0.987464	0.999815	0.999817	0.908902	0.972816	0.972525
3870	0.987506	0.999815	0.999817	0.908977	0.972816	0.972525
3880	0.987551	0.999815	0.999817	0.909038	0.972816	0.972525
3890	0.987591	0.999815	0.999817	0.909091	0.972816	0.972522
3900	0.987635	0.999815	0.999817	0.909138	0.972816	0.972525
3910	0.987677	0.999815	0.999817	0.909198	0.972816	0.972522
3920	0.987711	0.999815	0.999817	0.909231	0.972816	0.972525
3930	0.987746	0.999815	0.999817	0.909279	0.972816	0.972525
3940	0.987788	0.999870	0.999872	0.909296	0.972816	0.972525
3950	0.987824	0.999870	0.999872	0.909346	0.972816	0.972525
3960	0.987860	0.999870	0.999872	0.909383	0.972982	0.972694
3970	0.987889	0.999870	0.999872	0.909412	0.972982	0.972694
3980	0.987916	0.999870	0.999872	0.909443	0.972982	0.972694
3990	0.987944	0.999870	0.999872	0.909459	0.972982	0.972694
4000	0.987972	0.999870	0.999872	0.909487	0.972982	0.972694
