10	0.396900	0.745537	0.711542	0.396900	0.743376	0.708738
20	0.473951	0.788925	0.751645	0.472534	0.787864	0.749932
30	0.514679	0.808485	0.768315	0.511234	0.808799	0.767507
40	0.538436	0.819044	0.777551	0.533197	0.820412	0.777799
50	0.558135	0.826634	0.783842	0.551303	0.826464	0.782909
60	0.574200	0.832387	0.788875	0.565734	0.832516	0.788282
70	0.589127	0.838084	0.793940	0.579132	0.836768	0.792024
80	0.602801	0.842983	0.798367	0.592137	0.840857	0.795704
90	0.613633	0.847456	0.802569	0.602025	0.844782	0.799411
100	0.623162	0.850926	0.857867	0.609684	0.848217	0.802539
110	0.632440	0.853895	0.860618	0.617114	0.850507	0.804664
120	0.646737	0.860465	0.866839	0.630657	0.855741	0.861718
130	0.659711	0.878540	0.883045	0.642954	0.872424	0.876649
140	0.672288	0.897042	0.899971	0.653552	0.888289	0.891197
150	0.684381	0.909160	0.911283	0.664540	0.898757	0.901000
160	0.694852	0.915655	0.917362	0.673969	0.904809	0.906614
170	0.704987	0.920963	0.922309	0.683203	0.910533	0.911909
180	0.715408	0.926048	0.927129	0.692020	0.915440	0.916510
190	0.723449	0.930650	0.931522	0.698745	0.918548	0.919417
200	0.731711	0.933508	0.934253	0.705962	0.922800	0.923339
210	0.739304	0.936570	0.937254	0.711622	0.924599	0.925211
220	0.746904	0.938797	0.939382	0.717595	0.927216	0.927629
230	0.751448	0.940356	0.940935	0.721445	0.930160	0.930582
240	0.757843	0.942972	0.943470	0.726713	0.930978	0.931278
250	0.763605	0.944828	0.945261	0.731182	0.932287	0.932562
260	0.768040	0.946238	0.946611	0.734652	0.933595	0.933790
270	0.773109	0.947834	0.948176	0.738805	0.933759	0.933846
280	0.778716	0.949542	0.949837	0.743313	0.934086	0.934110
290	0.784096	0.950748	0.951031	0.747860	0.935721	0.935722
300	0.788744	0.952437	0.952682	0.752036	0.937520	0.937530
310	0.793393	0.953624	0.953839	0.756068	0.938502	0.938449
320	0.796682	0.954812	0.955014	0.758534	0.938992	0.938948
330	0.800556	0.955870	0.956041	0.761786	0.940137	0.940039
340	0.806721	0.957670	0.957844	0.767122	0.941773	0.941605
350	0.809602	0.958486	0.958659	0.769173	0.942918	0.942712
360	0.813636	0.959489	0.959653	0.772721	0.944390	0.944242
370	0.816095	0.959915	0.960071	0.774639	0.945208	0.945080
380	0.819783	0.961196	0.961349	0.777569	0.946516	0.946385
390	0.823688	0.962625	0.962761	0.780890	0.946680	0.946513
400	0.826749	0.963163	0.963291	0.783296	0.946680	0.946453
410	0.830163	0.963998	0.964135	0.786466	0.947988	0.947729
420	0.832854	0.965019	0.965148	0.788431	0.948642	0.948337
430	0.835899	0.965817	0.965942	0.790892	0.949460	0.949247
440	0.838630	0.966448	0.966588	0.792972	0.949460	0.949231
450	0.840786	0.967042	0.967165	0.794479	0.949460	0.949170
460	0.843451	0.967988	0.968117	0.796490	0.949460	0.949188
470	0.846259	0.968879	0.968987	0.798482	0.950114	0.949857
480	0.848518	0.969621	0.969696	0.800314	0.951259	0.950968
490	0.850348	0.970029	0.970101	0.801305	0.951750	0.951440
500	0.853864	0.971106	0.971163	0.804177	0.952568	0.952264
510	0.856489	0.971792	0.971848	0.806143	0.953386	0.953095
520	0.859013	0.972442	0.972489	0.808366	0.953549	0.953234
530	0.861733	0.973091	0.973141	0.810600	0.954040	0.953715
540	0.863093	0.973518	0.973552	0.811115	0.954203	0.953883
550	0.864613	0.974038	0.974085	0.812266	0.954040	0.953768
560	0.866368	0.974539	0.974577	0.813892	0.954858	0.954533
570	0.867989	0.975096	0.975137	0.815067	0.954367	0.954080
580	0.870182	0.975597	0.975637	0.816808	0.955021	0.954719
590	0.873019	0.976042	0.976089	0.818933	0.955512	0.955199
600	0.874374	0.976450	0.976484	0.819659	0.955675	0.955325
610	0.876395	0.977100	0.977133	0.821400	0.956330	0.955963
620	0.878806	0.977434	0.977464	0.823137	0.956330	0.955942
630	0.880021	0.977786	0.977813	0.823879	0.956657	0.956278
640	0.881603	0.978213	0.978244	0.824931	0.956820	0.956444
650	0.884042	0.978863	0.978881	0.826803	0.957148	0.956747
660	0.885551	0.979178	0.979196	0.827998	0.957475	0.957068
670	0.887230	0.979624	0.979629	0.829560	0.957475	0.957053
680	0.889236	0.980255	0.980251	0.830860	0.957965	0.957555
690	0.890358	0.980440	0.980437	0.831783	0.958456	0.958056
700	0.891936	0.980848	0.980842	0.832796	0.958783	0.958373
710	0.893316	0.981164	0.981156	0.834073	0.959110	0.958731
720	0.894660	0.981517	0.981511	0.834869	0.959437	0.959037
730	0.896213	0.981832	0.981829	0.836114	0.959601	0.959213
740	0.897447	0.982073	0.982076	0.837080	0.959764	0.959364
750	0.898691	0.982407	0.982395	0.837931	0.959928	0.959532
760	0.899906	0.982797	0.982787	0.838934	0.959764	0.959358
770	0.901425	0.983001	0.982993	0.840297	0.960092	0.959705
780	0.903426	0.983391	0.983388	0.842099	0.960746	0.960389
790	0.904299	0.983595	0.983591	0.842724	0.960419	0.960056
800	0.905123	0.983910	0.983905	0.843233	0.960582	0.960203
810	0.906160	0.984282	0.984280	0.844157	0.960746	0.960382
820	0.907116	0.984560	0.984558	0.844864	0.960909	0.960553
830	0.908192	0.984894	0.984886	0.845822	0.961237	0.960867
840	0.909623	0.985005	0.985000	0.847080	0.961400	0.961001
850	0.910678	0.985414	0.985409	0.847776	0.961400	0.960998
860	0.912013	0.985618	0.985611	0.848819	0.961564	0.961176
870	0.912878	0.985859	0.985849	0.849423	0.961237	0.960855
880	0.914090	0.986063	0.986051	0.850455	0.961073	0.960715
890	0.915110	0.986434	0.986436	0.851233	0.961073	0.960693
900	0.916241	0.986527	0.986519	0.851871	0.961237	0.960870
910	0.917231	0.986750	0.986746	0.852569	0.961073	0.960707
920	0.918189	0.986991	0.986990	0.853171	0.961400	0.961049
930	0.919669	0.987381	0.987378	0.854413	0.961564	0.961190
940	0.920536	0.987603	0.987586	0.855159	0.962218	0.961830
950	0.921288	0.987845	0.987834	0.855670	0.962054	0.961652
960	0.921930	0.988030	0.988021	0.856425	0.962054	0.961625
970	0.922771	0.988364	0.988356	0.857149	0.962545	0.962152
980	0.923566	0.988531	0.988524	0.857779	0.962381	0.961991
990	0.924510	0.988717	0.988710	0.858576	0.962709	0.962320
1000	0.925480	0.988921	0.988912	0.859440	0.963199	0.962805
1010	0.926381	0.989199	0.989199	0.859951	0.962872	0.962471
1020	0.927201	0.989329	0.989325	0.860460	0.962545	0.962144
1030	0.928037	0.989533	0.989532	0.861206	0.962872	0.962462
1040	0.928759	0.989867	0.989866	0.861770	0.962709	0.962306
1050	0.929745	0.990016	0.990013	0.862600	0.962872	0.962475
1060	0.930627	0.990127	0.990123	0.863216	0.962872	0.962476
1070	0.931599	0.990257	0.990257	0.864059	0.962709	0.962293
1080	0.932249	0.990443	0.990442	0.864481	0.962872	0.962459
1090	0.933056	0.990721	0.990723	0.865189	0.962872	0.962445
1100	0.933856	0.990740	0.990746	0.865751	0.963199	0.962780
1110	0.934532	0.990832	0.990837	0.866392	0.963199	0.962768
1120	0.935107	0.990962	0.990967	0.866806	0.963363	0.962948
1130	0.935530	0.990944	0.990947	0.867098	0.963526	0.963112
1140	0.936140	0.991055	0.991061	0.867658	0.963690	0.963279
1150	0.936582	0.991296	0.991302	0.867987	0.963690	0.963284
1160	0.937142	0.991445	0.991449	0.868346	0.963853	0.963452
1170	0.937845	0.991612	0.991618	0.868788	0.963853	0.963452
1180	0.938492	0.991779	0.991781	0.869238	0.963690	0.963269
1190	0.939017	0.991965	0.991969	0.869549	0.963526	0.963102
1200	0.939726	0.991927	0.991929	0.870067	0.963853	0.963416
1210	0.940236	0.992039	0.992042	0.870481	0.964017	0.963604
1220	0.940963	0.992336	0.992337	0.871030	0.964181	0.963806
1230	0.941818	0.992540	0.992541	0.871700	0.964835	0.964484
1240	0.942438	0.992670	0.992668	0.872169	0.965162	0.964775
1250	0.942919	0.992818	0.992817	0.872662	0.965162	0.964775
1260	0.943494	0.992948	0.992948	0.873113	0.965162	0.964766
1270	0.944122	0.993134	0.993136	0.873587	0.965489	0.965101
1280	0.944846	0.993264	0.993264	0.873953	0.965325	0.964928
1290	0.945383	0.993375	0.993374	0.874494	0.965489	0.965137
1300	0.945887	0.993375	0.993376	0.874909	0.965489	0.965152
1310	0.946433	0.993505	0.993508	0.875306	0.965325	0.964966
1320	0.947036	0.993653	0.993652	0.875725	0.965489	0.965126
1330	0.947492	0.993783	0.993781	0.875942	0.965162	0.964789
1340	0.948038	0.993857	0.993852	0.876233	0.965816	0.965455
1350	0.948379	0.993895	0.993889	0.876420	0.965162	0.964780
1360	0.948829	0.993913	0.993905	0.876735	0.965325	0.964956
1370	0.949345	0.993987	0.993981	0.877146	0.965489	0.965126
1380	0.949843	0.994080	0.994075	0.877538	0.965489	0.965133
1390	0.950188	0.994154	0.994151	0.877830	0.965653	0.965297
1400	0.950568	0.994303	0.994303	0.878130	0.965653	0.965293
1410	0.950925	0.994377	0.994373	0.878407	0.965489	0.965130
1420	0.951365	0.994581	0.994580	0.878653	0.965653	0.965301
1430	0.951881	0.994674	0.994669	0.879097	0.965653	0.965313
1440	0.952332	0.994841	0.994838	0.879460	0.965653	0.965313
1450	0.952702	0.994897	0.994895	0.879702	0.965325	0.964977
1460	0.953230	0.994915	0.994911	0.880193	0.965489	0.965147
1470	0.953620	0.995045	0.995041	0.880482	0.965325	0.964986
1480	0.954083	0.995045	0.995042	0.880795	0.965489	0.965161
1490	0.954350	0.995156	0.995155	0.881042	0.965653	0.965323
1500	0.954653	0.995175	0.995172	0.881285	0.964998	0.964653
1510	0.955054	0.995268	0.995267	0.881567	0.965325	0.965003
1520	0.955445	0.995323	0.995322	0.881869	0.965653	0.965322
1530	0.955798	0.995379	0.995378	0.882107	0.965653	0.965322
1540	0.956227	0.995490	0.995490	0.882430	0.965816	0.965487
1550	0.956538	0.995657	0.995659	0.882680	0.965653	0.965322
1560	0.956971	0.995787	0.995789	0.883021	0.965980	0.965657
1570	0.957301	0.995899	0.995899	0.883247	0.965980	0.965667
1580	0.957643	0.995954	0.995957	0.883449	0.965816	0.965495
1590	0.958006	0.996084	0.996085	0.883709	0.965816	0.965502
1600	0.958342	0.996103	0.996105	0.883982	0.965653	0.965334
1610	0.958748	0.996103	0.996104	0.884332	0.966143	0.965829
1620	0.959067	0.996196	0.996197	0.884550	0.966143	0.965815
1630	0.959322	0.996270	0.996272	0.884852	0.965980	0.965658
1640	0.959624	0.996344	0.996348	0.885146	0.965980	0.965658
1650	0.960018	0.996418	0.996422	0.885497	0.966307	0.965988
1660	0.960367	0.996455	0.996457	0.885818	0.966470	0.966171
1670	0.960691	0.996493	0.996493	0.885918	0.966798	0.966483
1680	0.960977	0.996530	0.996530	0.886194	0.966798	0.966483
1690	0.961328	0.996567	0.996568	0.886496	0.966798	0.966477
1700	0.961563	0.996622	0.996624	0.886549	0.966798	0.966477
1710	0.961827	0.996715	0.996716	0.886710	0.966961	0.966653
1720	0.962073	0.996790	0.996790	0.886891	0.966961	0.966653
1730	0.962377	0.996864	0.996865	0.887069	0.966961	0.966653
1740	0.962667	0.996919	0.996919	0.887301	0.966961	0.966653
1750	0.963021	0.997012	0.997011	0.887587	0.967125	0.966818
1760	0.963435	0.997049	0.997045	0.887920	0.967125	0.966816
1770	0.963704	0.997124	0.997121	0.888202	0.967125	0.966816
1780	0.964012	0.997142	0.997140	0.888431	0.967288	0.966994
1790	0.964227	0.997179	0.997176	0.888593	0.967452	0.967151
1800	0.964481	0.997235	0.997230	0.888734	0.967288	0.966989
1810	0.964738	0.997253	0.997248	0.888917	0.967452	0.967152
1820	0.964954	0.997328	0.997326	0.888972	0.967452	0.967152
1830	0.965222	0.997383	0.997380	0.889219	0.967452	0.967152
1840	0.965522	0.997439	0.997435	0.889368	0.967452	0.967152
1850	0.965752	0.997439	0.997435	0.889462	0.967125	0.966815
1860	0.966007	0.997439	0.997436	0.889632	0.967125	0.966815
1870	0.966322	0.997458	0.997455	0.889856	0.966961	0.966652
1880	0.966625	0.997532	0.997529	0.890137	0.966961	0.966652
1890	0.966862	0.997587	0.997584	0.890237	0.967125	0.966825
1900	0.967083	0.997569	0.997566	0.890340	0.967125	0.966825
1910	0.967290	0.997643	0.997640	0.890561	0.967125	0.966825
1920	0.967511	0.997606	0.997602	0.890739	0.967125	0.966840
1930	0.967723	0.997699	0.997692	0.890873	0.967125	0.966840
1940	0.967937	0.997755	0.997748	0.891088	0.967125	0.966839
1950	0.968120	0.997755	0.997748	0.891224	0.967125	0.966839
1960	0.968348	0.997792	0.997786	0.891393	0.967288	0.967014
1970	0.968558	0.997810	0.997806	0.891573	0.967452	0.967178
1980	0.968750	0.997866	0.997860	0.891717	0.967452	0.967186
1990	0.968973	0.997903	0.997897	0.891895	0.967452	0.967192
2000	0.969220	0.997977	0.997970	0.892019	0.967452	0.967192
2010	0.969382	0.997996	0.997988	0.892123	0.967288	0.967029
2020	0.969539	0.998070	0.998062	0.892132	0.966961	0.966673
2030	0.969733	0.998126	0.998117	0.892261	0.967288	0.967029
2040	0.969911	0.998126	0.998116	0.892335	0.967452	0.967186
2050	0.970067	0.998163	0.998153	0.892446	0.967452	0.967186
2060	0.970288	0.998200	0.998191	0.892634	0.967452	0.967185
2070	0.970461	0.998218	0.998210	0.892729	0.967452	0.967185
2080	0.970643	0.998274	0.998267	0.892851	0.967452	0.967165
2090	0.970897	0.998293	0.998286	0.893058	0.967615	0.967334
2100	0.971089	0.998311	0.998305	0.893218	0.967452	0.967168
2110	0.971318	0.998423	0.998416	0.893407	0.967942	0.967683
2120	0.971516	0.998423	0.998417	0.893550	0.967615	0.967332
2130	0.971709	0.998497	0.998492	0.893752	0.967779	0.967501
2140	0.971895	0.998552	0.998548	0.893864	0.967615	0.967338
2150	0.972046	0.998571	0.998566	0.894020	0.967615	0.967338
2160	0.972208	0.998608	0.998603	0.894125	0.967615	0.967338
2170	0.972374	0.998627	0.998622	0.894190	0.967615	0.967338
2180	0.972576	0.998627	0.998622	0.894476	0.967779	0.967501
2190	0.972767	0.998627	0.998622	0.894610	0.967779	0.967497
2200	0.972931	0.998645	0.998640	0.894722	0.967779	0.967497
2210	0.973094	0.998664	0.998659	0.894867	0.967615	0.967334
2220	0.973323	0.998701	0.998694	0.895042	0.967615	0.967334
2230	0.973521	0.998720	0.998713	0.895309	0.967615	0.967334
2240	0.973743	0.998757	0.998751	0.895565	0.967615	0.967336
2250	0.973925	0.998794	0.998788	0.895713	0.967942	0.967662
2260	0.974124	0.998812	0.998807	0.895811	0.967942	0.967671
2270	0.974297	0.998831	0.998827	0.895932	0.968270	0.968007
2280	0.974434	0.998831	0.998827	0.896015	0.968270	0.968002
2290	0.974570	0.998868	0.998865	0.896112	0.968106	0.967827
2300	0.974715	0.998868	0.998866	0.896199	0.968106	0.967827
2310	0.974847	0.998887	0.998885	0.896356	0.968433	0.968170
2320	0.974998	0.998905	0.998905	0.896464	0.968433	0.968169
2330	0.975113	0.998905	0.998905	0.896526	0.968760	0.968490
2340	0.975248	0.998942	0.998940	0.896626	0.968433	0.968162
2350	0.975347	0.998961	0.998958	0.896707	0.968270	0.967979
2360	0.975480	0.998961	0.998959	0.896803	0.968270	0.967979
2370	0.975582	0.998998	0.998995	0.896898	0.968433	0.968143
2380	0.975712	0.998998	0.998995	0.897014	0.968433	0.968143
2390	0.975844	0.998998	0.998996	0.897099	0.968433	0.968143
2400	0.975990	0.998998	0.998997	0.897213	0.968433	0.968138
2410	0.976114	0.998998	0.998997	0.897330	0.968270	0.967978
2420	0.976218	0.998998	0.998998	0.897417	0.968433	0.968150
2430	0.976349	0.999035	0.999035	0.897508	0.968597	0.968314
2440	0.976474	0.999054	0.999054	0.897585	0.968433	0.968138
2450	0.976616	0.999054	0.999054	0.897661	0.968760	0.968474
2460	0.976743	0.999072	0.999073	0.897814	0.968760	0.968477
2470	0.976929	0.999109	0.999111	0.897929	0.968597	0.968317
2480	0.977079	0.999109	0.999111	0.898050	0.968433	0.968165
2490	0.977231	0.999128	0.999130	0.898123	0.968597	0.968321
2500	0.977341	0.999128	0.999130	0.898239	0.968597	0.968321
2510	0.977457	0.999128	0.999130	0.898398	0.968760	0.968481
2520	0.977564	0.999128	0.999130	0.898442	0.968760	0.968481
2530	0.977683	0.999128	0.999130	0.898429	0.968760	0.968481
2540	0.977803	0.999128	0.999130	0.898528	0.968760	0.968481
2550	0.977916	0.999146	0.999150	0.898609	0.968760	0.968477
2560	0.978030	0.999146	0.999150	0.898736	0.968924	0.968640
2570	0.978136	0.999128	0.999131	0.898811	0.969087	0.968781
2580	0.978241	0.999146	0.999149	0.898908	0.969251	0.968937
2590	0.978330	0.999146	0.999149	0.898931	0.969087	0.968781
2600	0.978425	0.999146	0.999149	0.899029	0.969087	0.968781
2610	0.978514	0.999165	0.999167	0.899075	0.968924	0.968625
2620	0.978604	0.999183	0.999187	0.899098	0.968924	0.968625
2630	0.978707	0.999183	0.999187	0.899187	0.969087	0.968788
2640	0.978831	0.999183	0.999187	0.899240	0.969087	0.968788
2650	0.978935	0.999183	0.999187	0.899313	0.969087	0.968788
2660	0.979033	0.999202	0.999206	0.899370	0.969251	0.968950
2670	0.979133	0.999221	0.999224	0.899414	0.969578	0.969277
2680	0.979229	0.999239	0.999243	0.899466	0.969414	0.969115
2690	0.979321	0.999258	0.999261	0.899537	0.969251	0.968950
2700	0.979436	0.999258	0.999261	0.899629	0.969414	0.969112
2710	0.979565	0.999258	0.999261	0.899715	0.969578	0.969277
2720	0.979672	0.999258	0.999260	0.899761	0.969578	0.969281
2730	0.979775	0.999258	0.999260	0.899836	0.969414	0.969111
2740	0.979865	0.999276	0.999279	0.899910	0.969414	0.969111
2750	0.979984	0.999295	0.999298	0.900018	0.969578	0.969281
2760	0.980114	0.999313	0.999317	0.900113	0.969905	0.969602
2770	0.980241	0.999313	0.999317	0.900222	0.969742	0.969440
2780	0.980339	0.999332	0.999336	0.900307	0.969578	0.969281
2790	0.980420	0.999332	0.999336	0.900377	0.969742	0.969440
2800	0.980503	0.999332	0.999336	0.900455	0.969578	0.969270
2810	0.980599	0.999332	0.999336	0.900545	0.969578	0.969270
2820	0.980683	0.999332	0.999336	0.900607	0.969414	0.969110
2830	0.980804	0.999332	0.999336	0.900700	0.969742	0.969440
2840	0.980891	0.999332	0.999336	0.900695	0.969578	0.969270
2850	0.980990	0.999350	0.999354	0.900810	0.969414	0.969110
2860	0.981076	0.999350	0.999354	0.900877	0.969414	0.969110
2870	0.981175	0.999350	0.999354	0.900988	0.969578	0.969285
2880	0.981263	0.999350	0.999354	0.901048	0.969578	0.969285
2890	0.981327	0.999369	0.999372	0.901111	0.969742	0.969455
2900	0.981401	0.999369	0.999372	0.901200	0.969742	0.969444
2910	0.981472	0.999388	0.999391	0.901164	0.969905	0.969604
2920	0.981541	0.999425	0.999427	0.901198	0.970069	0.969787
2930	0.981623	0.999425	0.999427	0.901278	0.970069	0.969766
2940	0.981725	0.999406	0.999409	0.901391	0.970069	0.969766
2950	0.981811	0.999443	0.999445	0.901453	0.970396	0.970092
2960	0.981880	0.999462	0.999463	0.901460	0.970232	0.969936
2970	0.981966	0.999517	0.999520	0.901534	0.970559	0.970262
2980	0.982053	0.999536	0.999539	0.901514	0.970723	0.970412
2990	0.982129	0.999536	0.999539	0.901553	0.970723	0.970412
3000	0.982214	0.999536	0.999540	0.901594	0.970723	0.970412
3010	0.982284	0.999536	0.999540	0.901653	0.970723	0.970412
3020	0.982373	0.999573	0.999578	0.901688	0.970232	0.969930
3030	0.982477	0.999610	0.999613	0.901782	0.970396	0.970080
3040	0.982547	0.999610	0.999613	0.901823	0.970232	0.969921
3050	0.982616	0.999610	0.999613	0.901911	0.970069	0.969751
3060	0.982687	0.999629	0.999631	0.901908	0.970069	0.969751
3070	0.982753	0.999629	0.999631	0.901938	0.970069	0.969751
3080	0.982825	0.999647	0.999650	0.901987	0.970069	0.969751
3090	0.982925	0.999666	0.999669	0.902065	0.970069	0.969751
3100	0.983005	0.999666	0.999669	0.902152	0.970069	0.969770
3110	0.983066	0.999666	0.999669	0.902296	0.970069	0.969770
3120	0.983132	0.999685	0.999687	0.902389	0.970232	0.969946
3130	0.983205	0.999685	0.999687	0.902445	0.970396	0.970113
3140	0.983279	0.999685	0.999687	0.902519	0.970559	0.970283
3150	0.983336	0.999685	0.999687	0.902597	0.970232	0.969957
3160	0.983401	0.999703	0.999706	0.902740	0.970396	0.970118
3170	0.983454	0.999703	0.999706	0.902809	0.970232	0.969951
3180	0.983525	0.999722	0.999725	0.902829	0.970396	0.970123
3190	0.983617	0.999740	0.999742	0.902914	0.970232	0.969951
3200	0.983689	0.999740	0.999742	0.903005	0.970232	0.969951
3210	0.983758	0.999740	0.999742	0.903063	0.970396	0.970107
3220	0.983826	0.999740	0.999742	0.903115	0.970559	0.970273
3230	0.983909	0.999740	0.999742	0.903180	0.970559	0.970273
3240	0.983970	0.999740	0.999742	0.903230	0.970723	0.970436
3250	0.984026	0.999740	0.999742	0.903305	0.970886	0.970603
3260	0.984093	0.999759	0.999761	0.903372	0.971377	0.971106
3270	0.984150	0.999759	0.999761	0.903408	0.971377	0.971095
3280	0.984210	0.999759	0.999761	0.903467	0.971541	0.971268
3290	0.984266	0.999759	0.999761	0.903501	0.971704	0.971460
3300	0.984337	0.999759	0.999761	0.903579	0.971541	0.971284
3310	0.984391	0.999759	0.999761	0.903576	0.971377	0.971125
3320	0.984454	0.999759	0.999761	0.903616	0.971541	0.971284
3330	0.984520	0.999759	0.999761	0.903632	0.971541	0.971275
3340	0.984580	0.999759	0.999761	0.903665	0.971868	0.971611
3350	0.984645	0.999759	0.999761	0.903714	0.971868	0.971611
3360	0.984700	0.999759	0.999761	0.903732	0.971868	0.971611
3370	0.984758	0.999759	0.999761	0.903808	0.971704	0.971431
3380	0.984814	0.999759	0.999761	0.903902	0.971704	0.971431
3390	0.984854	0.999759	0.999761	0.903920	0.971541	0.971265
3400	0.984903	0.999759	0.999761	0.903939	0.971541	0.971265
3410	0.984964	0.999759	0.999761	0.903986	0.971541	0.971265
3420	0.985021	0.999759	0.999761	0.904061	0.971541	0.971265
3430	0.985087	0.999759	0.999761	0.904107	0.971541	0.971265
3440	0.985172	0.999759	0.999761	0.904178	0.971704	0.971431
3450	0.985234	0.999777	0.999780	0.904209	0.971704	0.971431
3460	0.985293	0.999777	0.999780	0.904251	0.971704	0.971431
3470	0.985348	0.999777	0.999780	0.904302	0.971704	0.971431
3480	0.985406	0.999777	0.999780	0.904366	0.971704	0.971431
3490	0.985459	0.999777	0.999780	0.904382	0.971704	0.971431
3500	0.985508	0.999814	0.999817	0.904440	0.971704	0.971431
3510	0.985563	0.999814	0.999817	0.904461	0.971704	0.971431
3520	0.985621	0.999833	0.999836	0.904503	0.971704	0.971431
3530	0.985693	0.999833	0.999836	0.904583	0.971868	0.971590
3540	0.985760	0.999833	0.999836	0.904654	0.971868	0.971590
3550	0.985823	0.999833	0.999836	0.904671	0.971868	0.971590
3560	0.985875	0.999833	0.999836	0.904755	0.971868	0.971590
3570	0.985918	0.999833	0.999836	0.904796	0.971868	0.971610
3580	0.985955	0.999833	0.999836	0.904803	0.971868	0.971610
3590	0.986000	0.999852	0.999854	0.904832	0.971868	0.971611
3600	0.986056	0.999852	0.999854	0.904887	0.972031	0.971776
3610	0.986102	0.999852	0.999854	0.904913	0.972031	0.971776
3620	0.986140	0.999852	0.999854	0.904936	0.971868	0.971611
3630	0.986184	0.999852	0.999854	0.904984	0.971868	0.971611
3640	0.986231	0.999852	0.999854	0.905074	0.971868	0.971604
3650	0.986279	0.999852	0.999854	0.905089	0.971868	0.971604
3660	0.986323	0.999852	0.999854	0.905114	0.972031	0.971756
3670	0.986372	0.999852	0.999854	0.905143	0.971868	0.971584
3680	0.986421	0.999852	0.999854	0.905207	0.972031	0.971749
3690	0.986462	0.999852	0.999854	0.905248	0.972031	0.971756
3700	0.986502	0.999852	0.999854	0.905279	0.972195	0.971921
3710	0.986551	0.999852	0.999854	0.905323	0.972195	0.971921
3720	0.986594	0.999852	0.999854	0.905369	0.972031	0.971776
3730	0.986636	0.999852	0.999854	0.905417	0.972195	0.971941
3740	0.986691	0.999852	0.999854	0.905470	0.972031	0.971769
3750	0.986749	0.999870	0.999873	0.905594	0.971868	0.971614
3760	0.986804	0.999870	0.999873	0.905663	0.971704	0.971440
3770	0.986854	0.999870	0.999873	0.905725	0.971704	0.971420
3780	0.986900	0.999870	0.999873	0.905768	0.971704	0.971420
3790	0.986951	0.999870	0.999873	0.905844	0.971704	0.971420
3800	0.987007	0.999870	0.999873	0.905945	0.972031	0.971760
3810	0.987054	0.999870	0.999873	0.905986	0.971868	0.971590
3820	0.987102	0.999870	0.999873	0.906037	0.972031	0.971760
3830	0.987156	0.999870	0.999873	0.906085	0.972031	0.971760
3840	0.987209	0.999870	0.999873	0.906135	0.972359	0.972097
3850	0.987254	0.999870	0.999873	0.906168	0.972522	0.972262
3860	0.987297	0.999870	0.999873	0.906229	0.972359	0.972090
3870	0.987340	0.999870	0.999873	0.906273	0.972686	0.972440
3880	0.987391	0.999870	0.999873	0.906317	0.972522	0.972262
3890	0.987432	0.999870	0.999873	0.906374	0.972686	0.972440
3900	0.987486	0.999870	0.999873	0.906463	0.972522	0.972262
3910	0.987529	0.999870	0.999873	0.906500	0.972849	0.972605
3920	0.987566	0.999870	0.999873	0.906549	0.972686	0.972435
3930	0.987606	0.999870	0.999873	0.906564	0.972522	0.972266
3940	0.987635	0.999870	0.999873	0.906553	0.972359	0.972088
3950	0.987678	0.999870	0.999873	0.906603	0.972359	0.972092
3960	0.987705	0.999870	0.999873	0.906647	0.972522	0.972266
3970	0.987744	0.999870	0.999873	0.906664	0.972522	0.972266
3980	0.987779	0.999870	0.999873	0.906726	0.972522	0.972266
3990	0.987823	0.999870	0.999873	0.906751	0.972522	0.972266
4000	0.987863	0.999870	0.999873	0.906782	0.972522	0.972266
