10	0.395226	0.739085	0.704048	0.381711	0.725787	0.694139
20	0.478024	0.790651	0.751170	0.456987	0.773617	0.737815
30	0.524013	0.811122	0.769764	0.500854	0.793702	0.755831
40	0.551203	0.822393	0.779586	0.525654	0.804255	0.764826
50	0.568773	0.829598	0.785944	0.541402	0.810894	0.770575
60	0.584363	0.836268	0.792098	0.556560	0.818043	0.777307
70	0.595676	0.840684	0.796067	0.566168	0.823660	0.782466
80	0.610899	0.846503	0.853463	0.580114	0.828766	0.786876
90	0.620549	0.849441	0.856226	0.589000	0.830128	0.788355
100	0.630315	0.852915	0.859359	0.597574	0.834723	0.844854
110	0.645377	0.862614	0.868129	0.611877	0.843745	0.852866
120	0.655390	0.872813	0.877264	0.621006	0.854979	0.862709
130	0.665956	0.887002	0.890621	0.630551	0.865191	0.871733
140	0.680269	0.903058	0.905358	0.643986	0.884426	0.888454
150	0.689600	0.910818	0.912604	0.652801	0.894468	0.897531
160	0.701744	0.919667	0.920974	0.663897	0.902809	0.905152
170	0.708924	0.923233	0.924332	0.670461	0.906043	0.908002
180	0.717634	0.927852	0.928770	0.678560	0.909617	0.911457
190	0.726524	0.931954	0.932702	0.686531	0.912000	0.913552
200	0.733474	0.934430	0.935094	0.693267	0.916255	0.917702
210	0.741020	0.938014	0.938550	0.700169	0.918809	0.920011
220	0.747877	0.940139	0.940609	0.706393	0.922553	0.923600
230	0.754731	0.942891	0.943255	0.712799	0.924596	0.925456
240	0.759890	0.945035	0.945355	0.717190	0.926128	0.926931
250	0.764585	0.946328	0.946604	0.721166	0.926298	0.927030
260	0.771857	0.948767	0.948977	0.727788	0.927830	0.928519
270	0.776572	0.949912	0.950095	0.732006	0.929702	0.930344
280	0.780485	0.951279	0.951458	0.735312	0.931234	0.931865
290	0.784886	0.952850	0.953003	0.739329	0.932255	0.932790
300	0.788721	0.953885	0.954073	0.742676	0.933106	0.933666
310	0.793747	0.954661	0.954773	0.747767	0.934979	0.935382
320	0.797407	0.955843	0.955958	0.750653	0.936681	0.937085
330	0.801268	0.957543	0.957621	0.754140	0.937702	0.938037
340	0.805729	0.959095	0.959146	0.757963	0.938213	0.938483
350	0.810517	0.960074	0.960107	0.762230	0.938894	0.939076
360	0.815120	0.961478	0.961493	0.766228	0.939745	0.939907
370	0.818521	0.962550	0.962574	0.769061	0.940596	0.940717
380	0.821832	0.963326	0.963333	0.771994	0.941787	0.941902
390	0.824686	0.964083	0.964078	0.773983	0.941787	0.941917
400	0.828030	0.964767	0.964771	0.776822	0.941957	0.942081
410	0.829979	0.965524	0.965523	0.778282	0.942979	0.943086
420	0.833016	0.966393	0.966399	0.780367	0.942979	0.943033
430	0.836680	0.967390	0.967348	0.783017	0.943319	0.943345
440	0.839175	0.968425	0.968383	0.784689	0.944000	0.944005
450	0.842124	0.968905	0.968856	0.787045	0.944851	0.944888
460	0.844497	0.969589	0.969540	0.789227	0.944681	0.944696
470	0.847450	0.970217	0.970158	0.791856	0.946043	0.946010
480	0.850489	0.970679	0.970626	0.794242	0.947064	0.947016
490	0.852070	0.971141	0.971099	0.795034	0.947064	0.947119
500	0.854346	0.971658	0.971606	0.796892	0.947234	0.947225
510	0.857314	0.972360	0.972318	0.799114	0.947574	0.947602
520	0.859075	0.972693	0.972641	0.800777	0.947234	0.947254
530	0.860402	0.973025	0.972979	0.801809	0.947574	0.947633
540	0.861942	0.973654	0.973605	0.803073	0.948596	0.948632
550	0.864014	0.974152	0.974096	0.804610	0.948426	0.948389
560	0.866120	0.974614	0.974554	0.806248	0.948596	0.948647
570	0.868333	0.975316	0.975256	0.808022	0.949787	0.949837
580	0.870350	0.975815	0.975743	0.809728	0.950128	0.950177
590	0.873150	0.976240	0.976171	0.812023	0.950468	0.950519
600	0.875419	0.976591	0.976508	0.813825	0.950468	0.950498
610	0.876951	0.976924	0.976846	0.814522	0.950298	0.950331
620	0.878317	0.977256	0.977181	0.815875	0.951149	0.951155
630	0.879681	0.977755	0.977688	0.816648	0.950979	0.950972
640	0.881331	0.978032	0.977963	0.818204	0.951319	0.951301
650	0.882773	0.978513	0.978453	0.819335	0.951830	0.951792
660	0.884010	0.978642	0.978578	0.820153	0.951830	0.951798
670	0.886217	0.979178	0.979111	0.821893	0.952000	0.951974
680	0.887616	0.979455	0.979387	0.822993	0.952000	0.951979
690	0.889029	0.979843	0.979765	0.823923	0.952170	0.952128
700	0.890658	0.980212	0.980133	0.825227	0.953362	0.953285
710	0.892955	0.980859	0.980782	0.826838	0.953872	0.953823
720	0.894076	0.981118	0.981043	0.827770	0.954383	0.954314
730	0.895842	0.981580	0.981495	0.829231	0.954383	0.954294
740	0.896874	0.981801	0.981715	0.829979	0.954723	0.954658
750	0.898065	0.982319	0.982235	0.831018	0.954723	0.954660
760	0.899002	0.982467	0.982386	0.831560	0.954553	0.954469
770	0.900338	0.982725	0.982652	0.832397	0.954723	0.954630
780	0.902014	0.983169	0.983091	0.833933	0.954723	0.954614
790	0.903171	0.983353	0.983273	0.835029	0.955064	0.954959
800	0.904902	0.983612	0.983530	0.836634	0.955745	0.955648
810	0.905727	0.983871	0.983790	0.836830	0.955404	0.955302
820	0.906644	0.984129	0.984043	0.837518	0.955915	0.955815
830	0.907871	0.984591	0.984508	0.838444	0.956085	0.955983
840	0.909120	0.985035	0.984961	0.839455	0.956255	0.956145
850	0.910671	0.985201	0.985132	0.840721	0.956255	0.956113
860	0.911347	0.985367	0.985304	0.841281	0.956426	0.956296
870	0.912244	0.985607	0.985542	0.841887	0.956596	0.956442
880	0.913051	0.985995	0.985931	0.842418	0.956766	0.956663
890	0.914353	0.986309	0.986244	0.843433	0.957106	0.956950
900	0.915536	0.986568	0.986502	0.844624	0.956936	0.956771
910	0.916620	0.986919	0.986853	0.845652	0.957447	0.957331
920	0.917655	0.987178	0.987105	0.846584	0.957277	0.957111
930	0.918722	0.987436	0.987367	0.847485	0.957447	0.957251
940	0.919853	0.987677	0.987612	0.848401	0.957447	0.957260
950	0.920696	0.987935	0.987871	0.848965	0.957447	0.957248
960	0.921654	0.988102	0.988041	0.849797	0.957787	0.957590
970	0.922284	0.988212	0.988149	0.850280	0.957447	0.957252
980	0.923192	0.988453	0.988397	0.850903	0.957787	0.957584
990	0.923895	0.988545	0.988489	0.851440	0.957787	0.957573
1000	0.924877	0.988785	0.988727	0.852288	0.958298	0.958093
1010	0.925642	0.989007	0.988945	0.852748	0.957957	0.957740
1020	0.926464	0.989210	0.989150	0.853407	0.958298	0.958085
1030	0.927323	0.989487	0.989431	0.854005	0.958809	0.958603
1040	0.928406	0.989617	0.989557	0.854992	0.958638	0.958427
1050	0.929041	0.989857	0.989797	0.855492	0.958809	0.958601
1060	0.929613	0.990097	0.990041	0.856035	0.959319	0.959124
1070	0.930607	0.990226	0.990173	0.856838	0.959660	0.959466
1080	0.931170	0.990356	0.990306	0.857360	0.959489	0.959295
1090	0.931937	0.990448	0.990395	0.857965	0.959319	0.959115
1100	0.932703	0.990577	0.990529	0.858625	0.959489	0.959291
1110	0.933536	0.990762	0.990715	0.859286	0.960511	0.960317
1120	0.934269	0.990928	0.990882	0.859979	0.960511	0.960322
1130	0.934909	0.991058	0.991013	0.860500	0.960851	0.960658
1140	0.935595	0.991113	0.991070	0.861091	0.960681	0.960492
1150	0.936212	0.991261	0.991220	0.861673	0.960681	0.960485
1160	0.936969	0.991483	0.991444	0.862360	0.961191	0.960985
1170	0.937568	0.991667	0.991634	0.862820	0.961362	0.961159
1180	0.938363	0.991834	0.991803	0.863557	0.961872	0.961674
1190	0.938972	0.991889	0.991856	0.863972	0.961872	0.961667
1200	0.939560	0.992129	0.992098	0.864342	0.962043	0.961840
1210	0.940236	0.992425	0.992396	0.865032	0.962383	0.962179
1220	0.940824	0.992573	0.992542	0.865528	0.962383	0.962174
1230	0.941431	0.992573	0.992541	0.865967	0.963064	0.962845
1240	0.942145	0.992684	0.992650	0.866634	0.963064	0.962846
1250	0.942667	0.992850	0.992820	0.867130	0.963404	0.963192
1260	0.943329	0.992998	0.992972	0.867690	0.963574	0.963349
1270	0.943765	0.993072	0.993044	0.867940	0.963404	0.963174
1280	0.944249	0.993145	0.993116	0.868179	0.963574	0.963354
1290	0.944674	0.993293	0.993268	0.868353	0.963574	0.963345
1300	0.945352	0.993478	0.993451	0.868880	0.963574	0.963346
1310	0.945908	0.993533	0.993506	0.869422	0.963745	0.963506
1320	0.946674	0.993644	0.993620	0.870292	0.963745	0.963512
1330	0.947166	0.993681	0.993658	0.870642	0.963915	0.963682
1340	0.947791	0.993737	0.993715	0.871226	0.963574	0.963332
1350	0.948432	0.993940	0.993915	0.871793	0.963745	0.963507
1360	0.948847	0.994088	0.994066	0.872117	0.963745	0.963507
1370	0.949362	0.994162	0.994140	0.872527	0.963404	0.963171
1380	0.949831	0.994217	0.994196	0.872979	0.963574	0.963334
1390	0.950226	0.994309	0.994288	0.873393	0.963915	0.963685
1400	0.950705	0.994383	0.994363	0.873929	0.963574	0.963352
1410	0.951181	0.994476	0.994455	0.874457	0.963745	0.963493
1420	0.951510	0.994439	0.994423	0.874878	0.963404	0.963144
1430	0.951817	0.994568	0.994549	0.875128	0.963404	0.963156
1440	0.952306	0.994661	0.994641	0.875460	0.963574	0.963329
1450	0.952747	0.994734	0.994716	0.875671	0.963574	0.963335
1460	0.953368	0.994956	0.994936	0.876314	0.963745	0.963511
1470	0.953664	0.995030	0.995011	0.876531	0.963915	0.963682
1480	0.954104	0.995178	0.995160	0.876681	0.963574	0.963336
1490	0.954425	0.995141	0.995124	0.876898	0.963745	0.963509
1500	0.954827	0.995178	0.995157	0.877246	0.964426	0.964181
1510	0.955273	0.995270	0.995251	0.877688	0.964426	0.964177
1520	0.955708	0.995344	0.995327	0.878067	0.964426	0.964183
1530	0.956083	0.995418	0.995401	0.878286	0.964255	0.964016
1540	0.956467	0.995510	0.995496	0.878530	0.964766	0.964531
1550	0.956866	0.995566	0.995552	0.878907	0.964255	0.964016
1560	0.957155	0.995640	0.995621	0.879046	0.964936	0.964714
1570	0.957573	0.995695	0.995677	0.879468	0.964596	0.964363
1580	0.957984	0.995714	0.995692	0.879836	0.964426	0.964188
1590	0.958344	0.995880	0.995856	0.880076	0.964255	0.964014
1600	0.958615	0.995861	0.995838	0.880346	0.964426	0.964183
1610	0.958862	0.995991	0.995970	0.880440	0.964596	0.964353
1620	0.959119	0.996083	0.996066	0.880667	0.965277	0.965035
1630	0.959443	0.996212	0.996198	0.880873	0.964936	0.964695
1640	0.959751	0.996212	0.996198	0.881145	0.965106	0.964877
1650	0.960052	0.996231	0.996217	0.881407	0.964936	0.964706
1660	0.960404	0.996323	0.996312	0.881716	0.965106	0.964876
1670	0.960797	0.996379	0.996368	0.882107	0.964936	0.964702
1680	0.961175	0.996564	0.996556	0.882542	0.964936	0.964709
1690	0.961625	0.996619	0.996610	0.882946	0.965447	0.965216
1700	0.961888	0.996693	0.996684	0.883282	0.965617	0.965381
1710	0.962168	0.996693	0.996684	0.883433	0.965277	0.965037
1720	0.962471	0.996748	0.996738	0.883672	0.965617	0.965381
1730	0.962688	0.996804	0.996793	0.883816	0.965277	0.965035
1740	0.962995	0.996822	0.996812	0.884124	0.965447	0.965208
1750	0.963256	0.996933	0.996925	0.884350	0.965617	0.965387
1760	0.963543	0.996988	0.996982	0.884621	0.965447	0.965216
1770	0.963817	0.997025	0.997018	0.884817	0.965277	0.965044
1780	0.964190	0.997136	0.997130	0.885182	0.965106	0.964867
1790	0.964478	0.997192	0.997185	0.885471	0.965277	0.965045
1800	0.964803	0.997266	0.997257	0.885701	0.965106	0.964873
1810	0.965100	0.997284	0.997275	0.885916	0.965277	0.965053
1820	0.965292	0.997321	0.997315	0.886074	0.965277	0.965053
1830	0.965519	0.997395	0.997388	0.886218	0.965106	0.964890
1840	0.965761	0.997413	0.997407	0.886340	0.965106	0.964890
1850	0.966046	0.997450	0.997445	0.886595	0.965447	0.965237
1860	0.966289	0.997487	0.997483	0.886819	0.965787	0.965583
1870	0.966516	0.997506	0.997501	0.887017	0.965447	0.965231
1880	0.966782	0.997543	0.997539	0.887235	0.965617	0.965396
1890	0.967004	0.997617	0.997614	0.887440	0.965957	0.965742
1900	0.967275	0.997654	0.997652	0.887554	0.965617	0.965393
1910	0.967518	0.997617	0.997614	0.887818	0.965447	0.965228
1920	0.967801	0.997709	0.997705	0.888066	0.965957	0.965749
1930	0.967992	0.997727	0.997724	0.888145	0.966128	0.965914
1940	0.968223	0.997801	0.997799	0.888381	0.966128	0.965929
1950	0.968472	0.997875	0.997874	0.888622	0.965957	0.965756
1960	0.968640	0.997875	0.997873	0.888812	0.966638	0.966448
1970	0.968841	0.997931	0.997928	0.888956	0.966468	0.966279
1980	0.969065	0.997968	0.997964	0.889044	0.966638	0.966442
1990	0.969221	0.997986	0.997984	0.889155	0.966638	0.966442
2000	0.969413	0.998023	0.998023	0.889321	0.966468	0.966275
2010	0.969614	0.998023	0.998022	0.889492	0.966638	0.966433
2020	0.969850	0.998042	0.998041	0.889685	0.966468	0.966266
2030	0.970069	0.998097	0.998096	0.889874	0.966468	0.966260
2040	0.970272	0.998097	0.998097	0.890063	0.966468	0.966261
2050	0.970499	0.998115	0.998115	0.890328	0.966468	0.966261
2060	0.970647	0.998134	0.998134	0.890458	0.966638	0.966438
2070	0.970858	0.998152	0.998152	0.890652	0.966809	0.966610
2080	0.971048	0.998189	0.998189	0.890856	0.967149	0.966956
2090	0.971235	0.998189	0.998189	0.891048	0.967149	0.966956
2100	0.971400	0.998319	0.998315	0.891216	0.967319	0.967135
2110	0.971577	0.998337	0.998334	0.891434	0.967149	0.966956
2120	0.971741	0.998393	0.998390	0.891558	0.967149	0.966956
2130	0.971893	0.998393	0.998389	0.891676	0.966979	0.966770
2140	0.972091	0.998448	0.998444	0.891951	0.967149	0.966949
2150	0.972287	0.998467	0.998462	0.892093	0.966979	0.966783
2160	0.972432	0.998485	0.998480	0.892232	0.966809	0.966598
2170	0.972591	0.998522	0.998516	0.892383	0.966979	0.966782
2180	0.972747	0.998503	0.998498	0.892524	0.967660	0.967459
2190	0.972930	0.998540	0.998534	0.892749	0.967660	0.967459
2200	0.973165	0.998559	0.998554	0.892994	0.967830	0.967634
2210	0.973386	0.998577	0.998573	0.893185	0.967830	0.967636
2220	0.973598	0.998651	0.998648	0.893386	0.967830	0.967636
2230	0.973761	0.998633	0.998630	0.893525	0.967830	0.967636
2240	0.973933	0.998651	0.998649	0.893673	0.967830	0.967636
2250	0.974064	0.998670	0.998668	0.893746	0.968000	0.967816
2260	0.974194	0.998688	0.998687	0.893790	0.968000	0.967816
2270	0.974327	0.998688	0.998685	0.893919	0.968000	0.967816
2280	0.974472	0.998725	0.998722	0.894006	0.968170	0.967981
2290	0.974648	0.998725	0.998722	0.894202	0.968170	0.967981
2300	0.974788	0.998744	0.998741	0.894314	0.968170	0.967981
2310	0.974915	0.998744	0.998741	0.894486	0.968340	0.968156
2320	0.975054	0.998799	0.998796	0.894645	0.968340	0.968156
2330	0.975181	0.998818	0.998814	0.894799	0.968340	0.968156
2340	0.975317	0.998836	0.998833	0.894974	0.968340	0.968161
2350	0.975482	0.998855	0.998850	0.895058	0.968340	0.968161
2360	0.975608	0.998873	0.998869	0.895197	0.968340	0.968161
2370	0.975743	0.998910	0.998906	0.895373	0.968340	0.968161
2380	0.975855	0.998910	0.998906	0.895443	0.968340	0.968161
2390	0.975980	0.998947	0.998944	0.895573	0.968170	0.967990
2400	0.976102	0.998947	0.998944	0.895647	0.968170	0.967990
2410	0.976247	0.998965	0.998962	0.895762	0.967660	0.967479
2420	0.976369	0.998984	0.998981	0.895858	0.967830	0.967654
2430	0.976485	0.999002	0.998999	0.895995	0.967830	0.967654
2440	0.976605	0.999021	0.999017	0.896141	0.967830	0.967654
2450	0.976744	0.999058	0.999055	0.896228	0.967830	0.967654
2460	0.976909	0.999058	0.999055	0.896375	0.967660	0.967487
2470	0.977056	0.999058	0.999055	0.896474	0.967830	0.967657
2480	0.977160	0.999076	0.999073	0.896564	0.968000	0.967837
2490	0.977300	0.999132	0.999129	0.896708	0.968340	0.968184
2500	0.977395	0.999132	0.999129	0.896758	0.968170	0.968017
2510	0.977497	0.999132	0.999129	0.896865	0.968170	0.968017
2520	0.977611	0.999150	0.999149	0.896936	0.968170	0.968017
2530	0.977738	0.999169	0.999167	0.897079	0.968170	0.968017
2540	0.977851	0.999187	0.999186	0.897166	0.968170	0.968017
2550	0.977990	0.999206	0.999206	0.897270	0.968170	0.968017
2560	0.978097	0.999187	0.999186	0.897320	0.968170	0.968017
2570	0.978225	0.999261	0.999264	0.897418	0.968340	0.968191
2580	0.978375	0.999242	0.999244	0.897567	0.968340	0.968191
2590	0.978490	0.999242	0.999244	0.897688	0.968340	0.968191
2600	0.978578	0.999261	0.999263	0.897756	0.968170	0.968016
2610	0.978687	0.999261	0.999263	0.897852	0.968170	0.968016
2620	0.978807	0.999261	0.999263	0.897948	0.968170	0.968026
2630	0.978902	0.999261	0.999263	0.898070	0.968340	0.968193
2640	0.979023	0.999279	0.999282	0.898201	0.968340	0.968193
2650	0.979121	0.999279	0.999282	0.898279	0.968340	0.968193
2660	0.979206	0.999279	0.999282	0.898409	0.968340	0.968193
2670	0.979313	0.999335	0.999337	0.898454	0.968340	0.968193
2680	0.979446	0.999335	0.999337	0.898603	0.968340	0.968192
2690	0.979553	0.999316	0.999318	0.898723	0.968340	0.968192
2700	0.979642	0.999316	0.999318	0.898812	0.968511	0.968364
2710	0.979732	0.999316	0.999318	0.898880	0.968340	0.968192
2720	0.979816	0.999335	0.999337	0.899019	0.968170	0.968011
2730	0.979917	0.999335	0.999337	0.899112	0.968340	0.968191
2740	0.980023	0.999353	0.999357	0.899214	0.968681	0.968544
2750	0.980130	0.999372	0.999375	0.899319	0.968340	0.968197
2760	0.980207	0.999372	0.999375	0.899481	0.968681	0.968553
2770	0.980294	0.999353	0.999356	0.899554	0.968681	0.968559
2780	0.980375	0.999372	0.999375	0.899624	0.968681	0.968559
2790	0.980469	0.999390	0.999393	0.899642	0.968681	0.968545
2800	0.980575	0.999427	0.999430	0.899800	0.968511	0.968379
2810	0.980668	0.999409	0.999412	0.899889	0.968681	0.968559
2820	0.980747	0.999427	0.999430	0.899934	0.968851	0.968725
2830	0.980838	0.999409	0.999410	0.900066	0.968851	0.968725
2840	0.980924	0.999427	0.999428	0.900153	0.968851	0.968725
2850	0.981006	0.999446	0.999448	0.900241	0.968851	0.968725
2860	0.981125	0.999464	0.999466	0.900360	0.969021	0.968896
2870	0.981235	0.999483	0.999485	0.900521	0.969362	0.969240
2880	0.981352	0.999483	0.999485	0.900652	0.969532	0.969401
2890	0.981459	0.999501	0.999504	0.900771	0.969702	0.969573
2900	0.981550	0.999501	0.999504	0.900880	0.969872	0.969754
2910	0.981656	0.999538	0.999539	0.900985	0.969872	0.969754
2920	0.981741	0.999538	0.999539	0.901024	0.969872	0.969754
2930	0.981821	0.999538	0.999539	0.901084	0.969872	0.969754
2940	0.981915	0.999538	0.999539	0.901161	0.969872	0.969752
2950	0.982001	0.999538	0.999539	0.901222	0.969362	0.969228
2960	0.982098	0.999557	0.999558	0.901282	0.969362	0.969228
2970	0.982184	0.999557	0.999558	0.901338	0.969362	0.969228
2980	0.982278	0.999575	0.999577	0.901397	0.969362	0.969218
2990	0.982382	0.999594	0.999594	0.901457	0.969362	0.969218
3000	0.982443	0.999594	0.999594	0.901517	0.969362	0.969218
3010	0.982509	0.999594	0.999594	0.901604	0.969532	0.969399
3020	0.982597	0.999612	0.999613	0.901668	0.969702	0.969568
3030	0.982680	0.999612	0.999613	0.901773	0.969702	0.969568
3040	0.982740	0.999612	0.999613	0.901855	0.969362	0.969217
3050	0.982808	0.999612	0.999613	0.901938	0.969532	0.969398
3060	0.982897	0.999612	0.999613	0.902038	0.969362	0.969231
3070	0.982964	0.999612	0.999613	0.902137	0.969532	0.969401
3080	0.983038	0.999612	0.999613	0.902191	0.969872	0.969752
3090	0.983121	0.999630	0.999631	0.902282	0.969872	0.969752
3100	0.983206	0.999612	0.999613	0.902388	0.969872	0.969752
3110	0.983277	0.999630	0.999631	0.902462	0.969702	0.969582
3120	0.983345	0.999649	0.999650	0.902568	0.969702	0.969582
3130	0.983416	0.999649	0.999650	0.902622	0.969872	0.969752
3140	0.983480	0.999649	0.999650	0.902669	0.969532	0.969416
3150	0.983543	0.999667	0.999669	0.902743	0.969872	0.969756
3160	0.983607	0.999686	0.999688	0.902774	0.969532	0.969416
3170	0.983692	0.999686	0.999688	0.902816	0.969532	0.969405
3180	0.983774	0.999704	0.999705	0.902886	0.969532	0.969405
3190	0.983829	0.999704	0.999705	0.902945	0.969532	0.969405
3200	0.983903	0.999704	0.999705	0.903023	0.969702	0.969586
3210	0.983956	0.999704	0.999705	0.903045	0.969532	0.969405
3220	0.984024	0.999723	0.999724	0.903077	0.969362	0.969233
3230	0.984083	0.999723	0.999724	0.903104	0.969532	0.969403
3240	0.984142	0.999723	0.999724	0.903156	0.969702	0.969573
3250	0.984209	0.999723	0.999724	0.903231	0.969702	0.969573
3260	0.984279	0.999723	0.999724	0.903299	0.969702	0.969573
3270	0.984340	0.999723	0.999724	0.903363	0.969702	0.969573
3280	0.984398	0.999723	0.999724	0.903399	0.969702	0.969573
3290	0.984449	0.999723	0.999724	0.903431	0.969702	0.969573
3300	0.984511	0.999723	0.999724	0.903498	0.969872	0.969748
3310	0.984568	0.999723	0.999724	0.903532	0.969872	0.969748
3320	0.984651	0.999741	0.999743	0.903584	0.969702	0.969581
3330	0.984720	0.999741	0.999743	0.903651	0.969702	0.969581
3340	0.984804	0.999741	0.999743	0.903775	0.969702	0.969587
3350	0.984871	0.999741	0.999743	0.903879	0.970043	0.969920
3360	0.984948	0.999741	0.999743	0.903979	0.970043	0.969920
3370	0.985016	0.999741	0.999743	0.904038	0.970043	0.969920
3380	0.985074	0.999741	0.999743	0.904088	0.970043	0.969911
3390	0.985138	0.999741	0.999743	0.904161	0.970043	0.969911
3400	0.985195	0.999741	0.999743	0.904241	0.970043	0.969911
3410	0.985250	0.999760	0.999762	0.904300	0.970043	0.969911
3420	0.985303	0.999760	0.999762	0.904359	0.970043	0.969920
3430	0.985356	0.999760	0.999762	0.904447	0.970043	0.969911
3440	0.985410	0.999760	0.999762	0.904507	0.970043	0.969920
3450	0.985457	0.999778	0.999780	0.904580	0.970043	0.969920
3460	0.985519	0.999778	0.999780	0.904651	0.970043	0.969920
3470	0.985563	0.999797	0.999798	0.904708	0.970043	0.969920
3480	0.985609	0.999797	0.999798	0.904785	0.969872	0.969754
3490	0.985655	0.999797	0.999798	0.904838	0.969872	0.969754
3500	0.985708	0.999797	0.999798	0.904945	0.969872	0.969754
3510	0.985753	0.999797	0.999798	0.904981	0.969872	0.969754
3520	0.985796	0.999797	0.999798	0.905027	0.969872	0.969754
3530	0.985841	0.999797	0.999798	0.905083	0.969872	0.969754
3540	0.985884	0.999797	0.999798	0.905123	0.970043	0.969929
3550	0.985927	0.999797	0.999798	0.905150	0.969702	0.969583
3560	0.985971	0.999815	0.999817	0.905203	0.969702	0.969573
3570	0.986015	0.999815	0.999817	0.905243	0.969872	0.969749
3580	0.986061	0.999815	0.999817	0.905266	0.969872	0.969749
3590	0.986110	0.999815	0.999817	0.905277	0.969872	0.969749
3600	0.986165	0.999815	0.999817	0.905282	0.969872	0.969759
3610	0.986223	0.999815	0.999817	0.905324	0.969872	0.969759
3620	0.986268	0.999815	0.999817	0.905388	0.969872	0.969749
3630	0.986310	0.999815	0.999817	0.905415	0.969872	0.969749
3640	0.986352	0.999815	0.999817	0.905461	0.969702	0.969582
3650	0.986399	0.999834	0.999836	0.905500	0.969872	0.969749
3660	0.986439	0.999834	0.999836	0.905553	0.970043	0.969924
3670	0.986484	0.999852	0.999853	0.905584	0.970043	0.969924
3680	0.986533	0.999852	0.999853	0.905638	0.970043	0.969924
3690	0.986582	0.999852	0.999853	0.905694	0.969872	0.969749
3700	0.986624	0.999852	0.999853	0.905762	0.970043	0.969922
3710	0.986667	0.999852	0.999853	0.905793	0.970043	0.969922
3720	0.986712	0.999852	0.999853	0.905853	0.970213	0.970097
3730	0.986752	0.999852	0.999853	0.905905	0.970213	0.970097
3740	0.986793	0.999852	0.999853	0.905931	0.970043	0.969922
3750	0.986837	0.999852	0.999853	0.905969	0.970043	0.969922
3760	0.986876	0.999852	0.999853	0.906050	0.970043	0.969931
3770	0.986922	0.999852	0.999853	0.906099	0.970043	0.969943
3780	0.986964	0.999871	0.999872	0.906147	0.969872	0.969770
3790	0.987008	0.999889	0.999890	0.906192	0.969872	0.969761
3800	0.987051	0.999889	0.999890	0.906230	0.969872	0.969761
3810	0.987092	0.999889	0.999890	0.906262	0.969872	0.969761
3820	0.987131	0.999889	0.999890	0.906304	0.969872	0.969761
3830	0.987175	0.999889	0.999890	0.906328	0.969872	0.969761
3840	0.987209	0.999889	0.999890	0.906353	0.969872	0.969761
3850	0.987248	0.999889	0.999890	0.906402	0.970043	0.969934
3860	0.987286	0.999889	0.999890	0.906465	0.970043	0.969934
3870	0.987316	0.999889	0.999890	0.906481	0.970043	0.969934
3880	0.987352	0.999908	0.999908	0.906526	0.969872	0.969761
3890	0.987391	0.999908	0.999908	0.906576	0.969702	0.969597
3900	0.987436	0.999908	0.999908	0.906605	0.969872	0.969777
3910	0.987478	0.999908	0.999908	0.906628	0.969702	0.969597
3920	0.987518	0.999908	0.999908	0.906638	0.969702	0.969597
3930	0.987559	0.999908	0.999908	0.906697	0.969702	0.969597
3940	0.987596	0.999908	0.999908	0.906723	0.969702	0.969597
3950	0.987635	0.999908	0.999908	0.906761	0.969702	0.969597
3960	0.987667	0.999908	0.999908	0.906803	0.969702	0.969597
3970	0.987706	0.999908	0.999908	0.906850	0.969702	0.969597
3980	0.987744	0.999908	0.999908	0.906897	0.969872	0.969777
3990	0.987785	0.999908	0.999908	0.906936	0.969872	0.969777
4000	0.987822	0.999908	0.999908	0.906986	0.970043	0.969950
