10	0.386914	0.734110	0.702379	0.385738	0.735996	0.699987
20	0.465428	0.782641	0.746095	0.462610	0.783891	0.742959
30	0.504337	0.802820	0.763112	0.500497	0.806430	0.762655
40	0.536195	0.816459	0.774542	0.531051	0.820683	0.775361
50	0.560828	0.826650	0.835315	0.552928	0.825986	0.779399
60	0.576252	0.832839	0.789150	0.567417	0.830958	0.784209
70	0.592093	0.838750	0.794774	0.581968	0.836758	0.789340
80	0.605415	0.843791	0.799191	0.593335	0.843719	0.795529
90	0.617500	0.848238	0.855498	0.604626	0.847531	0.851093
100	0.628319	0.851740	0.858916	0.615383	0.852668	0.856012
110	0.637377	0.855446	0.862382	0.624042	0.855983	0.859252
120	0.650480	0.866712	0.872652	0.635281	0.866092	0.868803
130	0.659587	0.878368	0.883130	0.643544	0.874710	0.876406
140	0.672147	0.894304	0.897719	0.655129	0.891780	0.892784
150	0.684043	0.906219	0.908722	0.665183	0.903381	0.903955
160	0.698296	0.916707	0.918456	0.677466	0.911833	0.912130
170	0.709310	0.923822	0.925101	0.687693	0.917302	0.917306
180	0.718585	0.928566	0.929676	0.696148	0.919954	0.919940
190	0.726560	0.932698	0.933552	0.702873	0.923434	0.923284
200	0.732722	0.935367	0.936137	0.707385	0.924428	0.924340
210	0.739570	0.938721	0.939326	0.713495	0.927411	0.927137
220	0.745211	0.940889	0.941446	0.718095	0.929566	0.929278
230	0.754200	0.943779	0.944280	0.725913	0.932880	0.932563
240	0.761654	0.945873	0.946322	0.732040	0.933875	0.933382
250	0.766335	0.947263	0.947659	0.736196	0.934372	0.933984
260	0.771744	0.948764	0.949139	0.740853	0.935035	0.934562
270	0.776338	0.950617	0.950946	0.744704	0.936858	0.936362
280	0.782063	0.951747	0.952062	0.749374	0.937189	0.936634
290	0.785950	0.953304	0.953584	0.752756	0.938018	0.937446
300	0.789481	0.954082	0.954355	0.755255	0.937686	0.937114
310	0.793336	0.955250	0.955516	0.758335	0.938515	0.937974
320	0.797483	0.956269	0.956528	0.761729	0.938681	0.938031
330	0.802286	0.957510	0.957735	0.765585	0.940007	0.939384
340	0.806005	0.958567	0.958798	0.768497	0.939344	0.938692
350	0.809614	0.959808	0.959993	0.771095	0.940504	0.939825
360	0.813205	0.960586	0.960766	0.774030	0.941001	0.940372
370	0.816924	0.961439	0.961603	0.776816	0.942161	0.941534
380	0.820356	0.962291	0.962454	0.779815	0.942161	0.941498
390	0.822824	0.963069	0.963220	0.781536	0.942327	0.941688
400	0.827020	0.963996	0.964119	0.784573	0.944316	0.943686
410	0.828983	0.965071	0.965198	0.786156	0.945641	0.945005
420	0.831521	0.965627	0.965741	0.788069	0.945310	0.944669
430	0.835171	0.966609	0.966705	0.790765	0.946139	0.945476
440	0.837110	0.967294	0.967395	0.792401	0.946470	0.945800
450	0.839473	0.968054	0.968142	0.794435	0.947630	0.947003
460	0.842209	0.968906	0.968993	0.796825	0.948459	0.947844
470	0.845153	0.969796	0.969852	0.799275	0.949287	0.948640
480	0.847035	0.970259	0.970313	0.800715	0.949619	0.948993
490	0.849495	0.971056	0.971102	0.802400	0.950447	0.949865
500	0.852036	0.971538	0.971585	0.804396	0.950945	0.950330
510	0.854407	0.971982	0.972027	0.806039	0.951110	0.950541
520	0.856760	0.972520	0.972552	0.807763	0.951608	0.951019
530	0.858815	0.973187	0.973220	0.809163	0.951939	0.951335
540	0.860660	0.973706	0.973739	0.810393	0.952436	0.951846
550	0.862428	0.974336	0.974361	0.811570	0.952933	0.952333
560	0.863913	0.974632	0.974652	0.812582	0.952933	0.952351
570	0.866818	0.975355	0.975375	0.814782	0.953265	0.952637
580	0.868862	0.976003	0.976016	0.816318	0.953596	0.952957
590	0.870510	0.976430	0.976450	0.817449	0.954425	0.953790
600	0.872615	0.976948	0.976963	0.819013	0.954756	0.954065
610	0.874900	0.977597	0.977598	0.820788	0.955088	0.954405
620	0.876470	0.977856	0.977854	0.821794	0.954591	0.953893
630	0.878343	0.978190	0.978186	0.823482	0.954591	0.953885
640	0.880184	0.978616	0.978611	0.824994	0.955088	0.954372
650	0.881981	0.979098	0.979097	0.826448	0.955419	0.954703
660	0.883610	0.979431	0.979429	0.827632	0.955254	0.954524
670	0.885339	0.979876	0.979869	0.828988	0.955916	0.955191
680	0.886554	0.980043	0.980047	0.829763	0.956911	0.956242
690	0.888075	0.980395	0.980388	0.830987	0.957077	0.956368
700	0.889865	0.980784	0.980779	0.832350	0.957077	0.956359
710	0.891197	0.981044	0.981033	0.833373	0.957077	0.956369
720	0.892566	0.981581	0.981565	0.834368	0.957242	0.956523
730	0.894689	0.981952	0.981937	0.835908	0.957574	0.956882
740	0.895690	0.982026	0.982002	0.836839	0.958402	0.957736
750	0.897175	0.982433	0.982418	0.838118	0.958568	0.957882
760	0.898085	0.982600	0.982586	0.838711	0.959231	0.958554
770	0.899027	0.982897	0.982879	0.839370	0.959397	0.958728
780	0.900249	0.983193	0.983178	0.840290	0.959894	0.959200
790	0.901379	0.983490	0.983479	0.841331	0.959728	0.959034
800	0.902663	0.983823	0.983809	0.842201	0.959894	0.959215
810	0.904016	0.984157	0.984138	0.843162	0.959728	0.959026
820	0.906136	0.984453	0.984437	0.844748	0.959728	0.959042
830	0.907107	0.984546	0.984532	0.845647	0.960060	0.959364
840	0.907968	0.984713	0.984699	0.846236	0.959728	0.959009
850	0.908881	0.985065	0.985053	0.846508	0.960225	0.959535
860	0.909839	0.985306	0.985289	0.847096	0.960225	0.959562
870	0.910769	0.985546	0.985536	0.847763	0.960060	0.959374
880	0.912053	0.985824	0.985809	0.848636	0.960225	0.959508
890	0.913000	0.985991	0.985977	0.849359	0.960557	0.959852
900	0.914035	0.986306	0.986290	0.850125	0.960888	0.960187
910	0.915193	0.986491	0.986474	0.851102	0.961385	0.960710
920	0.916082	0.986677	0.986663	0.851697	0.960888	0.960193
930	0.917096	0.986769	0.986752	0.852561	0.961054	0.960388
940	0.918086	0.986973	0.986956	0.853262	0.961385	0.960747
950	0.919047	0.987066	0.987049	0.853999	0.961220	0.960565
960	0.919952	0.987362	0.987351	0.854619	0.961883	0.961255
970	0.921018	0.987585	0.987574	0.855552	0.962048	0.961417
980	0.922125	0.987863	0.987855	0.856401	0.962048	0.961413
990	0.923047	0.988104	0.988098	0.857334	0.962048	0.961418
1000	0.923881	0.988270	0.988259	0.858000	0.962546	0.961919
1010	0.924711	0.988437	0.988428	0.858870	0.963043	0.962439
1020	0.925573	0.988604	0.988592	0.859568	0.963374	0.962775
1030	0.926451	0.988863	0.988855	0.860278	0.962711	0.962090
1040	0.927293	0.989123	0.989110	0.860765	0.963043	0.962440
1050	0.927968	0.989382	0.989371	0.861196	0.962711	0.962099
1060	0.928722	0.989530	0.989522	0.861998	0.963043	0.962433
1070	0.929599	0.989753	0.989743	0.862420	0.963208	0.962566
1080	0.930371	0.989957	0.989944	0.863078	0.963706	0.963091
1090	0.931166	0.989994	0.989984	0.863663	0.963871	0.963250
1100	0.931901	0.990198	0.990190	0.864162	0.963706	0.963082
1110	0.932730	0.990457	0.990454	0.864540	0.963374	0.962736
1120	0.933562	0.990661	0.990658	0.865212	0.963706	0.963110
1130	0.934045	0.990735	0.990735	0.865572	0.963871	0.963285
1140	0.934643	0.990883	0.990879	0.866026	0.963871	0.963274
1150	0.935366	0.991050	0.991046	0.866460	0.963871	0.963274
1160	0.936246	0.991217	0.991212	0.867105	0.964534	0.963954
1170	0.937074	0.991476	0.991471	0.867596	0.964203	0.963616
1180	0.937711	0.991606	0.991597	0.868129	0.964037	0.963446
1190	0.938346	0.991773	0.991768	0.868634	0.964203	0.963602
1200	0.939029	0.991865	0.991859	0.869216	0.964369	0.963764
1210	0.939781	0.991958	0.991953	0.869833	0.964700	0.964117
1220	0.940323	0.992106	0.992102	0.870392	0.964369	0.963808
1230	0.941030	0.992254	0.992247	0.870791	0.964700	0.964146
1240	0.941462	0.992310	0.992302	0.871061	0.964700	0.964128
1250	0.941922	0.992458	0.992454	0.871476	0.964700	0.964128
1260	0.942699	0.992551	0.992546	0.872068	0.964534	0.963949
1270	0.943242	0.992699	0.992698	0.872510	0.964866	0.964278
1280	0.943811	0.992755	0.992749	0.872906	0.965031	0.964463
1290	0.944323	0.992773	0.992768	0.873304	0.965197	0.964624
1300	0.944966	0.992959	0.992952	0.873867	0.965363	0.964787
1310	0.945599	0.993107	0.993102	0.874325	0.965529	0.964941
1320	0.946255	0.993366	0.993360	0.874660	0.965529	0.964941
1330	0.946828	0.993459	0.993453	0.875261	0.965529	0.964943
1340	0.947200	0.993533	0.993527	0.875585	0.965529	0.964945
1350	0.947682	0.993570	0.993567	0.875994	0.965529	0.964948
1360	0.948263	0.993681	0.993677	0.876499	0.965694	0.965125
1370	0.948688	0.993755	0.993749	0.876836	0.965363	0.964785
1380	0.949145	0.993941	0.993937	0.877118	0.965197	0.964624
1390	0.949687	0.994052	0.994050	0.877556	0.965363	0.964785
1400	0.950142	0.994219	0.994214	0.877856	0.965363	0.964785
1410	0.950495	0.994311	0.994306	0.878205	0.965529	0.964955
1420	0.950921	0.994330	0.994323	0.878571	0.965860	0.965307
1430	0.951374	0.994385	0.994382	0.878866	0.966192	0.965660
1440	0.951844	0.994478	0.994472	0.879318	0.965860	0.965329
1450	0.952251	0.994571	0.994563	0.879582	0.966357	0.965809
1460	0.952528	0.994682	0.994676	0.879760	0.966689	0.966157
1470	0.952999	0.994774	0.994769	0.880157	0.966689	0.966146
1480	0.953360	0.994867	0.994863	0.880393	0.967020	0.966491
1490	0.953789	0.994960	0.994953	0.880733	0.966854	0.966330
1500	0.954162	0.994997	0.994992	0.881067	0.967186	0.966662
1510	0.954485	0.995090	0.995086	0.881236	0.967352	0.966832
1520	0.954866	0.995071	0.995068	0.881515	0.967352	0.966832
1530	0.955281	0.995127	0.995122	0.881730	0.967186	0.966662
1540	0.955633	0.995182	0.995179	0.881959	0.967186	0.966662
1550	0.955936	0.995201	0.995200	0.882259	0.967683	0.967163
1560	0.956193	0.995201	0.995198	0.882529	0.967517	0.966993
1570	0.956561	0.995275	0.995270	0.882808	0.967683	0.967165
1580	0.956864	0.995405	0.995399	0.883032	0.967683	0.967158
1590	0.957182	0.995423	0.995417	0.883351	0.968015	0.967497
1600	0.957767	0.995608	0.995604	0.883877	0.968180	0.967653
1610	0.958151	0.995701	0.995699	0.884248	0.968346	0.967822
1620	0.958416	0.995757	0.995753	0.884477	0.968346	0.967822
1630	0.958743	0.995849	0.995849	0.884684	0.968015	0.967492
1640	0.959051	0.995849	0.995848	0.884885	0.968015	0.967487
1650	0.959363	0.995960	0.995960	0.885089	0.968015	0.967463
1660	0.959687	0.995997	0.995995	0.885403	0.968180	0.967630
1670	0.959963	0.996053	0.996053	0.885714	0.968015	0.967454
1680	0.960328	0.996146	0.996147	0.886040	0.968180	0.967630
1690	0.960668	0.996201	0.996203	0.886221	0.968180	0.967635
1700	0.960934	0.996331	0.996328	0.886301	0.968180	0.967635
1710	0.961246	0.996350	0.996346	0.886554	0.968346	0.967811
1720	0.961450	0.996368	0.996365	0.886725	0.968512	0.967979
1730	0.961738	0.996461	0.996457	0.886991	0.968346	0.967805
1740	0.961964	0.996572	0.996568	0.887121	0.968512	0.967976
1750	0.962294	0.996609	0.996604	0.887394	0.968512	0.967976
1760	0.962552	0.996720	0.996716	0.887548	0.968677	0.968158
1770	0.962854	0.996776	0.996772	0.887784	0.968512	0.968002
1780	0.963197	0.996739	0.996735	0.888018	0.968843	0.968322
1790	0.963374	0.996776	0.996772	0.888132	0.969175	0.968648
1800	0.963681	0.996794	0.996791	0.888384	0.968843	0.968316
1810	0.963971	0.996813	0.996809	0.888640	0.969009	0.968477
1820	0.964264	0.996887	0.996885	0.888935	0.969009	0.968496
1830	0.964530	0.996905	0.996904	0.889131	0.969506	0.968980
1840	0.964820	0.997054	0.997054	0.889296	0.968843	0.968328
1850	0.965041	0.997091	0.997091	0.889521	0.969175	0.968659
1860	0.965340	0.997165	0.997165	0.889812	0.969175	0.968659
1870	0.965550	0.997220	0.997222	0.889949	0.969009	0.968519
1880	0.965836	0.997220	0.997221	0.890180	0.969506	0.969018
1890	0.966118	0.997239	0.997241	0.890443	0.969506	0.969014
1900	0.966423	0.997276	0.997277	0.890660	0.969506	0.969014
1910	0.966614	0.997313	0.997316	0.890777	0.969506	0.969014
1920	0.966846	0.997332	0.997333	0.890944	0.969672	0.969166
1930	0.967096	0.997387	0.997390	0.891182	0.970003	0.969504
1940	0.967452	0.997480	0.997482	0.891520	0.969672	0.969182
1950	0.967680	0.997535	0.997535	0.891633	0.969838	0.969342
1960	0.967884	0.997610	0.997611	0.891745	0.970003	0.969517
1970	0.968066	0.997647	0.997648	0.891898	0.970003	0.969513
1980	0.968230	0.997647	0.997648	0.892062	0.969838	0.969336
1990	0.968441	0.997721	0.997721	0.892215	0.969838	0.969336
2000	0.968638	0.997813	0.997815	0.892374	0.970003	0.969504
2010	0.968872	0.997888	0.997890	0.892597	0.970169	0.969671
2020	0.969071	0.997906	0.997909	0.892748	0.970169	0.969671
2030	0.969286	0.997925	0.997927	0.892881	0.970003	0.969491
2040	0.969501	0.997943	0.997947	0.893179	0.969838	0.969329
2050	0.969729	0.997943	0.997948	0.893354	0.970335	0.969837
2060	0.969918	0.997962	0.997964	0.893388	0.970500	0.970010
2070	0.970168	0.997999	0.998000	0.893557	0.970666	0.970174
2080	0.970355	0.997999	0.998000	0.893708	0.970666	0.970174
2090	0.970553	0.998128	0.998132	0.893921	0.970998	0.970505
2100	0.970791	0.998147	0.998150	0.894160	0.970666	0.970162
2110	0.970994	0.998184	0.998188	0.894275	0.971163	0.970686
2120	0.971157	0.998240	0.998243	0.894476	0.971163	0.970680
2130	0.971337	0.998240	0.998243	0.894591	0.970998	0.970506
2140	0.971517	0.998277	0.998281	0.894703	0.970832	0.970340
2150	0.971710	0.998295	0.998300	0.894847	0.970832	0.970340
2160	0.971875	0.998314	0.998319	0.895018	0.970998	0.970506
2170	0.972106	0.998314	0.998319	0.895168	0.971163	0.970680
2180	0.972309	0.998351	0.998355	0.895322	0.970998	0.970514
2190	0.972482	0.998388	0.998391	0.895467	0.971163	0.970680
2200	0.972632	0.998425	0.998430	0.895549	0.971163	0.970680
2210	0.972815	0.998481	0.998485	0.895705	0.971163	0.970680
2220	0.972987	0.998481	0.998485	0.895819	0.970998	0.970514
2230	0.973128	0.998499	0.998504	0.895919	0.971163	0.970680
2240	0.973286	0.998536	0.998541	0.895928	0.971163	0.970680
2250	0.973419	0.998555	0.998560	0.896057	0.971163	0.970686
2260	0.973573	0.998592	0.998596	0.896135	0.971329	0.970863
2270	0.973686	0.998610	0.998613	0.896242	0.971163	0.970690
2280	0.973838	0.998629	0.998632	0.896346	0.971329	0.970851
2290	0.974040	0.998666	0.998670	0.896488	0.971329	0.970851
2300	0.974196	0.998647	0.998652	0.896634	0.971329	0.970851
2310	0.974360	0.998666	0.998671	0.896729	0.971163	0.970692
2320	0.974523	0.998721	0.998727	0.896887	0.971329	0.970846
2330	0.974687	0.998721	0.998727	0.897055	0.971329	0.970846
2340	0.974856	0.998758	0.998764	0.897247	0.971329	0.970846
2350	0.975037	0.998796	0.998801	0.897419	0.971495	0.971028
2360	0.975170	0.998796	0.998801	0.897499	0.971495	0.971028
2370	0.975296	0.998814	0.998818	0.897601	0.971495	0.971028
2380	0.975436	0.998851	0.998854	0.897706	0.971495	0.971028
2390	0.975573	0.998851	0.998854	0.897812	0.971495	0.971028
2400	0.975727	0.998870	0.998874	0.897934	0.971661	0.971191
2410	0.975873	0.998944	0.998948	0.898049	0.971661	0.971191
2420	0.975994	0.998925	0.998931	0.898123	0.971495	0.971023
2430	0.976145	0.998962	0.998967	0.898297	0.971495	0.971023
2440	0.976333	0.998981	0.998985	0.898477	0.971329	0.970847
2450	0.976519	0.998999	0.999004	0.898617	0.971495	0.971025
2460	0.976652	0.999018	0.999022	0.898643	0.971661	0.971200
2470	0.976767	0.999018	0.999022	0.898680	0.971661	0.971200
2480	0.976874	0.999055	0.999059	0.898752	0.971661	0.971200
2490	0.976998	0.999073	0.999078	0.898873	0.971495	0.971027
2500	0.977144	0.999092	0.999096	0.899003	0.971495	0.971026
2510	0.977288	0.999092	0.999096	0.899125	0.971329	0.970863
2520	0.977403	0.999111	0.999115	0.899170	0.971495	0.971035
2530	0.977516	0.999148	0.999153	0.899294	0.971495	0.971031
2540	0.977640	0.999203	0.999208	0.899363	0.971495	0.971032
2550	0.977778	0.999240	0.999246	0.899440	0.971661	0.971190
2560	0.977927	0.999222	0.999227	0.899560	0.971826	0.971371
2570	0.978054	0.999259	0.999264	0.899641	0.971992	0.971544
2580	0.978190	0.999259	0.999264	0.899734	0.972158	0.971710
2590	0.978343	0.999259	0.999264	0.899900	0.972158	0.971710
2600	0.978449	0.999296	0.999301	0.899951	0.972158	0.971710
2610	0.978579	0.999296	0.999301	0.899996	0.971992	0.971544
2620	0.978707	0.999314	0.999319	0.900070	0.972158	0.971710
2630	0.978803	0.999314	0.999319	0.900147	0.972158	0.971710
2640	0.978918	0.999351	0.999355	0.900187	0.972324	0.971874
2650	0.978998	0.999370	0.999374	0.900212	0.972489	0.972035
2660	0.979086	0.999370	0.999374	0.900238	0.972158	0.971727
2670	0.979189	0.999370	0.999374	0.900331	0.972489	0.972041
2680	0.979303	0.999370	0.999374	0.900380	0.972324	0.971883
2690	0.979429	0.999370	0.999374	0.900502	0.971992	0.971550
2700	0.979548	0.999370	0.999374	0.900632	0.971992	0.971556
2710	0.979675	0.999370	0.999374	0.900713	0.972324	0.971899
2720	0.979792	0.999407	0.999412	0.900799	0.972489	0.972067
2730	0.979884	0.999407	0.999412	0.900879	0.972489	0.972073
2740	0.979990	0.999426	0.999430	0.900919	0.972489	0.972073
2750	0.980079	0.999426	0.999430	0.900996	0.972489	0.972073
2760	0.980161	0.999426	0.999430	0.901093	0.972655	0.972234
2770	0.980254	0.999426	0.999430	0.901161	0.972489	0.972062
2780	0.980348	0.999426	0.999430	0.901229	0.972489	0.972062
2790	0.980451	0.999444	0.999449	0.901294	0.972324	0.971896
2800	0.980555	0.999481	0.999488	0.901350	0.972324	0.971901
2810	0.980674	0.999463	0.999469	0.901532	0.972324	0.971901
2820	0.980775	0.999500	0.999506	0.901647	0.972324	0.971901
2830	0.980864	0.999500	0.999506	0.901696	0.972489	0.972062
2840	0.980950	0.999518	0.999524	0.901765	0.972489	0.972062
2850	0.981038	0.999518	0.999524	0.901845	0.972324	0.971896
2860	0.981134	0.999518	0.999524	0.901909	0.972324	0.971896
2870	0.981229	0.999537	0.999543	0.902002	0.971992	0.971559
2880	0.981341	0.999555	0.999561	0.902039	0.971992	0.971559
2890	0.981455	0.999555	0.999561	0.902131	0.972324	0.971901
2900	0.981562	0.999574	0.999579	0.902248	0.972489	0.972077
2910	0.981649	0.999574	0.999579	0.902345	0.972489	0.972077
2920	0.981745	0.999574	0.999579	0.902425	0.972158	0.971735
2930	0.981823	0.999592	0.999598	0.902458	0.972158	0.971735
2940	0.981904	0.999611	0.999615	0.902501	0.972324	0.971896
2950	0.981982	0.999629	0.999633	0.902551	0.972158	0.971735
2960	0.982055	0.999629	0.999633	0.902614	0.972324	0.971901
2970	0.982137	0.999629	0.999633	0.902684	0.972158	0.971751
2980	0.982222	0.999648	0.999652	0.902770	0.972324	0.971917
2990	0.982300	0.999648	0.999652	0.902797	0.972324	0.971898
3000	0.982369	0.999648	0.999652	0.902839	0.972158	0.971729
3010	0.982448	0.999648	0.999652	0.902885	0.972324	0.971905
3020	0.982517	0.999666	0.999671	0.902939	0.972489	0.972081
3030	0.982597	0.999666	0.999671	0.903031	0.972489	0.972081
3040	0.982662	0.999685	0.999689	0.903090	0.972655	0.972247
3050	0.982719	0.999685	0.999689	0.903162	0.972489	0.972087
3060	0.982779	0.999685	0.999689	0.903230	0.972655	0.972247
3070	0.982852	0.999685	0.999689	0.903305	0.972655	0.972247
3080	0.982917	0.999704	0.999708	0.903392	0.972655	0.972247
3090	0.982974	0.999704	0.999708	0.903476	0.972821	0.972420
3100	0.983038	0.999704	0.999708	0.903546	0.972986	0.972588
3110	0.983108	0.999704	0.999708	0.903635	0.972821	0.972415
3120	0.983176	0.999704	0.999708	0.903718	0.972821	0.972415
3130	0.983249	0.999704	0.999708	0.903827	0.972986	0.972576
3140	0.983320	0.999704	0.999708	0.903879	0.972821	0.972416
3150	0.983392	0.999704	0.999708	0.903937	0.972986	0.972588
3160	0.983456	0.999722	0.999726	0.903982	0.972821	0.972416
3170	0.983519	0.999722	0.999726	0.904061	0.972821	0.972416
3180	0.983587	0.999722	0.999726	0.904131	0.972821	0.972416
3190	0.983651	0.999722	0.999726	0.904172	0.972655	0.972248
3200	0.983720	0.999722	0.999726	0.904286	0.972986	0.972581
3210	0.983783	0.999722	0.999726	0.904314	0.972986	0.972582
3220	0.983849	0.999722	0.999726	0.904377	0.972821	0.972414
3230	0.983925	0.999722	0.999726	0.904432	0.972986	0.972586
3240	0.983986	0.999722	0.999726	0.904467	0.972655	0.972248
3250	0.984038	0.999722	0.999726	0.904526	0.973318	0.972921
3260	0.984108	0.999722	0.999726	0.904587	0.972986	0.972577
3270	0.984162	0.999722	0.999726	0.904653	0.973152	0.972750
3280	0.984211	0.999722	0.999726	0.904657	0.973318	0.972918
3290	0.984272	0.999722	0.999726	0.904727	0.973484	0.973090
3300	0.984338	0.999722	0.999726	0.904765	0.973484	0.973090
3310	0.984398	0.999722	0.999726	0.904824	0.973318	0.972927
3320	0.984461	0.999722	0.999726	0.904865	0.973318	0.972928
3330	0.984517	0.999722	0.999726	0.904923	0.973484	0.973094
3340	0.984585	0.999722	0.999726	0.904959	0.973484	0.973094
3350	0.984638	0.999722	0.999726	0.904980	0.973484	0.973095
3360	0.984717	0.999722	0.999726	0.905012	0.973484	0.973096
3370	0.984767	0.999759	0.999764	0.905030	0.973318	0.972929
3380	0.984822	0.999778	0.999781	0.905059	0.973484	0.973108
3390	0.984873	0.999778	0.999781	0.905098	0.973318	0.972941
3400	0.984935	0.999796	0.999799	0.905149	0.972986	0.972590
3410	0.984999	0.999796	0.999799	0.905222	0.972986	0.972590
3420	0.985059	0.999796	0.999799	0.905316	0.973318	0.972929
3430	0.985115	0.999815	0.999818	0.905359	0.973318	0.972929
3440	0.985170	0.999815	0.999818	0.905404	0.973318	0.972929
3450	0.985228	0.999815	0.999818	0.905450	0.973318	0.972929
3460	0.985287	0.999815	0.999818	0.905474	0.973318	0.972929
3470	0.985342	0.999815	0.999817	0.905523	0.973318	0.972929
3480	0.985404	0.999815	0.999817	0.905565	0.973484	0.973096
3490	0.985456	0.999833	0.999836	0.905614	0.973484	0.973096
3500	0.985505	0.999815	0.999817	0.905651	0.973649	0.973263
3510	0.985558	0.999833	0.999836	0.905716	0.973649	0.973263
3520	0.985615	0.999833	0.999836	0.905804	0.973649	0.973263
3530	0.985670	0.999833	0.999836	0.905862	0.973649	0.973263
3540	0.985721	0.999833	0.999836	0.905915	0.973649	0.973263
3550	0.985772	0.999833	0.999836	0.905946	0.973484	0.973101
3560	0.985814	0.999833	0.999836	0.906002	0.973484	0.973101
3570	0.985857	0.999852	0.999854	0.906078	0.973484	0.973101
3580	0.985905	0.999852	0.999854	0.906101	0.973484	0.973101
3590	0.985961	0.999852	0.999854	0.906129	0.973318	0.972941
3600	0.986009	0.999852	0.999854	0.906171	0.973649	0.973247
3610	0.986054	0.999852	0.999854	0.906186	0.973484	0.973087
3620	0.986099	0.999852	0.999854	0.906221	0.973649	0.973247
3630	0.986145	0.999852	0.999854	0.906250	0.973649	0.973247
3640	0.986196	0.999852	0.999854	0.906297	0.973649	0.973247
3650	0.986238	0.999852	0.999854	0.906299	0.973649	0.973254
3660	0.986284	0.999852	0.999854	0.906330	0.973649	0.973254
3670	0.986332	0.999852	0.999854	0.906390	0.973649	0.973254
3680	0.986389	0.999852	0.999854	0.906438	0.973649	0.973254
3690	0.986436	0.999852	0.999854	0.906467	0.973649	0.973254
3700	0.986480	0.999852	0.999854	0.906511	0.973815	0.973415
3710	0.986528	0.999870	0.999872	0.906504	0.973815	0.973415
3720	0.986579	0.999870	0.999872	0.906508	0.973815	0.973415
3730	0.986617	0.999870	0.999872	0.906526	0.973815	0.973415
3740	0.986663	0.999870	0.999872	0.906540	0.973815	0.973410
3750	0.986711	0.999870	0.999872	0.906576	0.973649	0.973264
3760	0.986761	0.999852	0.999854	0.906627	0.973649	0.973264
3770	0.986803	0.999852	0.999854	0.906712	0.973815	0.973431
3780	0.986848	0.999870	0.999872	0.906769	0.973649	0.973264
3790	0.986902	0.999870	0.999872	0.906814	0.973981	0.973603
3800	0.986949	0.999870	0.999872	0.906841	0.973981	0.973603
3810	0.987002	0.999870	0.999872	0.906871	0.974147	0.973776
3820	0.987047	0.999870	0.999872	0.906963	0.974147	0.973776
3830	0.987097	0.999870	0.999872	0.907025	0.973981	0.973604
3840	0.987139	0.999870	0.999872	0.907063	0.973981	0.973609
3850	0.987181	0.999870	0.999872	0.907105	0.973981	0.973609
3860	0.987221	0.999870	0.999872	0.907158	0.973981	0.973609
3870	0.987265	0.999889	0.999891	0.907223	0.973981	0.973604
3880	0.987308	0.999889	0.999891	0.907276	0.973815	0.973442
3890	0.987342	0.999870	0.999872	0.907306	0.973981	0.973604
3900	0.987378	0.999870	0.999872	0.907309	0.973981	0.973604
3910	0.987411	0.999870	0.999872	0.907341	0.973815	0.973431
3920	0.987451	0.999870	0.999872	0.907399	0.973815	0.973431
3930	0.987488	0.999870	0.999872	0.907399	0.973815	0.973431
3940	0.987523	0.999870	0.999872	0.907436	0.973649	0.973269
3950	0.987571	0.999870	0.999872	0.907475	0.973649	0.973269
3960	0.987622	0.999870	0.999872	0.907498	0.973649	0.973269
3970	0.987661	0.999889	0.999891	0.907519	0.973981	0.973614
3980	0.987699	0.999889	0.999891	0.907584	0.973815	0.973442
3990	0.987746	0.999889	0.999891	0.907615	0.973981	0.973588
4000	0.987783	0.999889	0.999891	0.907634	0.974147	0.973760
