10	0.394753	0.748048	0.718756	0.380041	0.732434	0.706848
20	0.461517	0.782783	0.748102	0.441451	0.763535	0.732567
30	0.501959	0.803071	0.764492	0.477838	0.781965	0.747193
40	0.532285	0.816850	0.775431	0.505680	0.798256	0.760620
50	0.556504	0.827383	0.784402	0.527080	0.806648	0.767153
60	0.574757	0.834060	0.790125	0.543627	0.812243	0.772287
70	0.593533	0.841162	0.796464	0.560203	0.818002	0.777359
80	0.605246	0.845613	0.800613	0.571388	0.822610	0.781415
90	0.614979	0.849359	0.803942	0.579586	0.824584	0.783061
100	0.622663	0.852289	0.858767	0.587332	0.828369	0.786703
110	0.634535	0.855906	0.862262	0.598936	0.830344	0.788279
120	0.642478	0.857519	0.863846	0.605951	0.832648	0.843096
130	0.655345	0.868275	0.873445	0.618343	0.846635	0.855091
140	0.668712	0.889676	0.892986	0.630777	0.867862	0.873824
150	0.683845	0.909538	0.911304	0.645429	0.889090	0.892654
160	0.690860	0.913098	0.914703	0.652125	0.892052	0.895383
170	0.702376	0.920906	0.922003	0.663070	0.902090	0.904473
180	0.710364	0.924745	0.925621	0.670487	0.904723	0.906888
190	0.717138	0.928528	0.929326	0.676565	0.907685	0.909785
200	0.725909	0.932200	0.932848	0.684703	0.911140	0.913034
210	0.734048	0.935575	0.936055	0.692436	0.915419	0.916994
220	0.741279	0.938839	0.939256	0.698954	0.917887	0.919246
230	0.749575	0.941138	0.941497	0.706388	0.920191	0.921464
240	0.756493	0.944254	0.944514	0.712710	0.922495	0.923571
250	0.760713	0.945348	0.945586	0.716149	0.923976	0.924973
260	0.766453	0.947462	0.947673	0.721094	0.924963	0.925883
270	0.770993	0.949057	0.949221	0.724896	0.926115	0.926928
280	0.776434	0.950689	0.950824	0.729680	0.927760	0.928465
290	0.781108	0.952135	0.952247	0.734018	0.928254	0.928966
300	0.786180	0.953786	0.953871	0.738456	0.929406	0.930039
310	0.791745	0.954899	0.954987	0.743592	0.930229	0.930860
320	0.795792	0.956123	0.956194	0.746976	0.932039	0.932557
330	0.799470	0.957254	0.957321	0.750243	0.932368	0.932887
340	0.803937	0.958163	0.958222	0.754476	0.934013	0.934427
350	0.808233	0.959461	0.959491	0.758471	0.935165	0.935535
360	0.810340	0.959943	0.959978	0.759947	0.936153	0.936494
370	0.813553	0.960814	0.960813	0.762640	0.936317	0.936646
380	0.817410	0.961983	0.961986	0.766016	0.937140	0.937442
390	0.820513	0.963077	0.963071	0.768663	0.938621	0.938911
400	0.824394	0.963708	0.963707	0.771833	0.939608	0.939973
410	0.827204	0.964672	0.964670	0.773649	0.940102	0.940457
420	0.830871	0.965692	0.965677	0.776942	0.940596	0.940874
430	0.835008	0.967046	0.967010	0.780926	0.941583	0.941781
440	0.837055	0.967268	0.967234	0.782362	0.941912	0.942112
450	0.839078	0.968028	0.967988	0.783954	0.942406	0.942591
460	0.841487	0.968882	0.968851	0.785630	0.943722	0.943885
470	0.845069	0.969660	0.969619	0.788525	0.944545	0.944704
480	0.847539	0.970439	0.970377	0.790487	0.945039	0.945161
490	0.849516	0.970940	0.970867	0.791770	0.945368	0.945464
500	0.853129	0.971737	0.971658	0.795027	0.946026	0.946083
510	0.855249	0.972238	0.972168	0.796678	0.946849	0.946917
520	0.856971	0.972535	0.972451	0.797874	0.947013	0.947057
530	0.859633	0.973332	0.973243	0.800259	0.947507	0.947557
540	0.862322	0.973907	0.973817	0.802680	0.947672	0.947741
550	0.864459	0.974204	0.974119	0.804611	0.948659	0.948681
560	0.866658	0.974649	0.974551	0.806057	0.948988	0.949015
570	0.868074	0.975205	0.975117	0.807028	0.948823	0.948840
580	0.869236	0.975428	0.975354	0.807964	0.948494	0.948525
590	0.871373	0.975854	0.975766	0.809548	0.948988	0.948989
600	0.873024	0.976262	0.976175	0.810920	0.949482	0.949497
610	0.874999	0.977097	0.977015	0.812673	0.950634	0.950595
620	0.876865	0.977542	0.977459	0.814118	0.950634	0.950558
630	0.879056	0.977950	0.977870	0.815977	0.951127	0.951070
640	0.880555	0.978358	0.978288	0.816942	0.950469	0.950400
650	0.882416	0.978729	0.978649	0.818822	0.950963	0.950884
660	0.883555	0.979174	0.979095	0.819562	0.951127	0.951065
670	0.884754	0.979526	0.979449	0.820541	0.951456	0.951391
680	0.886210	0.979953	0.979874	0.821594	0.951621	0.951542
690	0.888069	0.980491	0.980409	0.823292	0.952115	0.952034
700	0.890014	0.980973	0.980899	0.824770	0.952608	0.952539
710	0.891552	0.981121	0.981041	0.825821	0.953266	0.953170
720	0.892845	0.981548	0.981478	0.826787	0.953266	0.953152
730	0.894501	0.982011	0.981935	0.828209	0.953760	0.953619
740	0.895833	0.982215	0.982144	0.829217	0.954747	0.954630
750	0.897048	0.982494	0.982420	0.830199	0.955077	0.954971
760	0.898286	0.982716	0.982630	0.831050	0.955077	0.954948
770	0.899584	0.983143	0.983064	0.832252	0.955077	0.954964
780	0.900775	0.983458	0.983376	0.833060	0.955735	0.955595
790	0.902317	0.983977	0.983895	0.834494	0.955899	0.955730
800	0.903632	0.984200	0.984118	0.835855	0.955570	0.955423
810	0.904998	0.984515	0.984440	0.836996	0.955735	0.955562
820	0.906617	0.984812	0.984733	0.838498	0.956228	0.956077
830	0.907598	0.985164	0.985081	0.839012	0.956228	0.956067
840	0.909385	0.985516	0.985443	0.840809	0.956887	0.956735
850	0.910297	0.985628	0.985556	0.841568	0.957051	0.956906
860	0.911343	0.985832	0.985764	0.842373	0.957709	0.957553
870	0.912031	0.986147	0.986083	0.842969	0.957874	0.957721
880	0.912865	0.986221	0.986152	0.843578	0.957874	0.957716
890	0.913817	0.986518	0.986456	0.844419	0.958203	0.958036
900	0.914674	0.986740	0.986676	0.845044	0.958532	0.958348
910	0.915968	0.987111	0.987046	0.846483	0.958532	0.958326
920	0.916909	0.987241	0.987173	0.847094	0.958532	0.958344
930	0.918009	0.987612	0.987549	0.847790	0.958697	0.958516
940	0.919272	0.987909	0.987844	0.848860	0.959026	0.958833
950	0.920335	0.988113	0.988049	0.849657	0.959190	0.958981
960	0.921363	0.988465	0.988409	0.850443	0.959355	0.959140
970	0.922262	0.988595	0.988540	0.851206	0.959684	0.959487
980	0.923172	0.988799	0.988744	0.851930	0.959684	0.959477
990	0.924104	0.989077	0.989023	0.852767	0.959519	0.959302
1000	0.925232	0.989207	0.989154	0.853665	0.959519	0.959279
1010	0.926488	0.989355	0.989306	0.854908	0.959684	0.959464
1020	0.927462	0.989541	0.989493	0.855718	0.960013	0.959800
1030	0.928003	0.989670	0.989623	0.856277	0.960178	0.959981
1040	0.928985	0.989874	0.989828	0.857226	0.960836	0.960645
1050	0.929703	0.990023	0.989978	0.857708	0.960671	0.960454
1060	0.930238	0.990097	0.990050	0.858154	0.960671	0.960449
1070	0.930927	0.990375	0.990333	0.858722	0.960671	0.960438
1080	0.931700	0.990357	0.990313	0.859472	0.961165	0.960940
1090	0.932264	0.990616	0.990574	0.859891	0.961165	0.960938
1100	0.932848	0.990746	0.990706	0.860310	0.960836	0.960589
1110	0.933939	0.990932	0.990894	0.861246	0.961000	0.960741
1120	0.934502	0.991043	0.991007	0.861747	0.961165	0.960917
1130	0.935183	0.991191	0.991150	0.862240	0.961330	0.961103
1140	0.935958	0.991414	0.991376	0.862820	0.961330	0.961083
1150	0.936645	0.991636	0.991601	0.863372	0.961330	0.961088
1160	0.937313	0.991822	0.991790	0.863960	0.961330	0.961088
1170	0.937947	0.991896	0.991867	0.864506	0.961000	0.960753
1180	0.938608	0.992081	0.992052	0.865034	0.961494	0.961293
1190	0.939277	0.992285	0.992254	0.865499	0.961823	0.961613
1200	0.940092	0.992378	0.992347	0.866292	0.962152	0.961937
1210	0.940675	0.992434	0.992402	0.866810	0.962152	0.961925
1220	0.941127	0.992526	0.992499	0.867129	0.962152	0.961951
1230	0.941769	0.992675	0.992644	0.867586	0.961494	0.961282
1240	0.942456	0.992842	0.992813	0.868120	0.961494	0.961275
1250	0.943026	0.992971	0.992940	0.868652	0.961823	0.961593
1260	0.943820	0.993194	0.993168	0.869335	0.961659	0.961440
1270	0.944238	0.993250	0.993225	0.869675	0.961659	0.961446
1280	0.944706	0.993324	0.993298	0.870072	0.961823	0.961613
1290	0.945232	0.993342	0.993317	0.870589	0.961659	0.961446
1300	0.945774	0.993602	0.993584	0.871042	0.961659	0.961434
1310	0.946311	0.993639	0.993620	0.871566	0.962317	0.962103
1320	0.946917	0.993732	0.993714	0.872157	0.962152	0.961925
1330	0.947623	0.993917	0.993900	0.872764	0.962152	0.961928
1340	0.948049	0.993936	0.993917	0.873145	0.962152	0.961912
1350	0.948513	0.994195	0.994182	0.873300	0.962481	0.962247
1360	0.949037	0.994233	0.994218	0.873754	0.962811	0.962588
1370	0.949429	0.994344	0.994327	0.874183	0.962811	0.962588
1380	0.949931	0.994455	0.994438	0.874620	0.962811	0.962587
1390	0.950435	0.994529	0.994511	0.875043	0.963140	0.962945
1400	0.950880	0.994659	0.994640	0.875219	0.962975	0.962783
1410	0.951323	0.994678	0.994657	0.875505	0.963469	0.963266
1420	0.951833	0.994826	0.994813	0.875899	0.963469	0.963266
1430	0.952257	0.994937	0.994923	0.876372	0.963798	0.963601
1440	0.952674	0.994956	0.994941	0.876732	0.963633	0.963433
1450	0.953163	0.995011	0.994994	0.877119	0.963798	0.963594
1460	0.953521	0.995086	0.995066	0.877325	0.963798	0.963594
1470	0.954085	0.995104	0.995087	0.877785	0.964127	0.963927
1480	0.954493	0.995178	0.995163	0.878170	0.964456	0.964245
1490	0.954847	0.995215	0.995199	0.878623	0.964456	0.964243
1500	0.955228	0.995271	0.995254	0.878854	0.964456	0.964243
1510	0.955576	0.995290	0.995275	0.879166	0.964621	0.964401
1520	0.955888	0.995512	0.995499	0.879370	0.964785	0.964576
1530	0.956238	0.995679	0.995668	0.879629	0.965114	0.964904
1540	0.956577	0.995772	0.995760	0.879850	0.965114	0.964899
1550	0.956831	0.995883	0.995869	0.880009	0.964785	0.964585
1560	0.957123	0.995864	0.995851	0.880229	0.964621	0.964423
1570	0.957441	0.995920	0.995909	0.880514	0.964785	0.964577
1580	0.957757	0.995976	0.995967	0.880806	0.964950	0.964743
1590	0.958112	0.995994	0.995984	0.881143	0.964950	0.964743
1600	0.958448	0.996106	0.996096	0.881418	0.965114	0.964908
1610	0.958759	0.996143	0.996134	0.881714	0.965114	0.964902
1620	0.959102	0.996198	0.996191	0.882138	0.965114	0.964898
1630	0.959398	0.996235	0.996226	0.882386	0.965114	0.964898
1640	0.959696	0.996291	0.996280	0.882711	0.965443	0.965236
1650	0.959962	0.996328	0.996317	0.882867	0.965443	0.965226
1660	0.960229	0.996421	0.996410	0.883041	0.965443	0.965226
1670	0.960579	0.996421	0.996410	0.883306	0.965608	0.965398
1680	0.960892	0.996439	0.996429	0.883572	0.965608	0.965398
1690	0.961251	0.996569	0.996560	0.883808	0.965608	0.965393
1700	0.961568	0.996569	0.996560	0.884121	0.966102	0.965903
1710	0.961888	0.996588	0.996579	0.884365	0.966266	0.966044
1720	0.962196	0.996773	0.996765	0.884395	0.966102	0.965882
1730	0.962578	0.996847	0.996839	0.884737	0.966431	0.966195
1740	0.962845	0.996884	0.996874	0.884891	0.966431	0.966202
1750	0.963100	0.996959	0.996949	0.885126	0.966431	0.966205
1760	0.963404	0.997051	0.997044	0.885385	0.966431	0.966216
1770	0.963662	0.997088	0.997081	0.885608	0.966595	0.966399
1780	0.963914	0.997181	0.997174	0.885853	0.966595	0.966399
1790	0.964172	0.997255	0.997247	0.886035	0.966760	0.966564
1800	0.964547	0.997311	0.997305	0.886342	0.966924	0.966727
1810	0.964797	0.997385	0.997378	0.886514	0.966760	0.966553
1820	0.965036	0.997404	0.997397	0.886672	0.967089	0.966863
1830	0.965266	0.997422	0.997414	0.886815	0.967089	0.966863
1840	0.965508	0.997459	0.997450	0.887051	0.966924	0.966704
1850	0.965716	0.997496	0.997490	0.887227	0.967089	0.966884
1860	0.965960	0.997571	0.997564	0.887458	0.967418	0.967209
1870	0.966201	0.997571	0.997564	0.887677	0.967254	0.967043
1880	0.966413	0.997626	0.997621	0.887854	0.967254	0.967043
1890	0.966628	0.997682	0.997676	0.888043	0.967254	0.967029
1900	0.966820	0.997738	0.997729	0.888200	0.967254	0.967032
1910	0.967003	0.997756	0.997748	0.888339	0.967254	0.967032
1920	0.967224	0.997793	0.997785	0.888508	0.967418	0.967199
1930	0.967489	0.997830	0.997823	0.888824	0.967418	0.967198
1940	0.967772	0.997830	0.997823	0.889166	0.967583	0.967358
1950	0.968024	0.997904	0.997897	0.889410	0.967583	0.967358
1960	0.968213	0.997942	0.997934	0.889646	0.967583	0.967355
1970	0.968494	0.997960	0.997954	0.889851	0.967583	0.967360
1980	0.968675	0.997979	0.997973	0.890063	0.967912	0.967705
1990	0.968839	0.997997	0.997991	0.890264	0.967747	0.967548
2000	0.969015	0.998053	0.998046	0.890388	0.967912	0.967700
2010	0.969299	0.998090	0.998083	0.890826	0.967912	0.967703
2020	0.969509	0.998164	0.998157	0.891004	0.967912	0.967698
2030	0.969705	0.998183	0.998175	0.891116	0.968076	0.967865
2040	0.969879	0.998220	0.998212	0.891301	0.968241	0.968030
2050	0.970060	0.998220	0.998214	0.891437	0.968405	0.968197
2060	0.970250	0.998257	0.998250	0.891589	0.968241	0.968030
2070	0.970503	0.998275	0.998270	0.891770	0.968405	0.968197
2080	0.970708	0.998275	0.998270	0.891871	0.968570	0.968357
2090	0.970916	0.998294	0.998288	0.892042	0.968570	0.968357
2100	0.971139	0.998331	0.998324	0.892265	0.968570	0.968357
2110	0.971357	0.998368	0.998362	0.892439	0.968735	0.968528
2120	0.971592	0.998461	0.998456	0.892672	0.968570	0.968357
2130	0.971817	0.998461	0.998457	0.892972	0.968735	0.968528
2140	0.972003	0.998498	0.998493	0.893198	0.968735	0.968528
2150	0.972167	0.998591	0.998586	0.893304	0.968570	0.968377
2160	0.972361	0.998609	0.998605	0.893553	0.968570	0.968361
2170	0.972529	0.998609	0.998605	0.893663	0.968735	0.968521
2180	0.972688	0.998628	0.998624	0.893811	0.968570	0.968361
2190	0.972829	0.998628	0.998624	0.893930	0.968735	0.968521
2200	0.972989	0.998628	0.998624	0.894025	0.968735	0.968521
2210	0.973159	0.998646	0.998643	0.894157	0.968735	0.968521
2220	0.973332	0.998646	0.998643	0.894321	0.968899	0.968680
2230	0.973467	0.998683	0.998679	0.894417	0.968899	0.968680
2240	0.973641	0.998739	0.998735	0.894582	0.968899	0.968680
2250	0.973811	0.998757	0.998752	0.894693	0.968899	0.968680
2260	0.973942	0.998776	0.998771	0.894818	0.968899	0.968680
2270	0.974080	0.998776	0.998771	0.894899	0.968899	0.968680
2280	0.974221	0.998776	0.998771	0.895027	0.968899	0.968680
2290	0.974377	0.998776	0.998771	0.895209	0.968899	0.968680
2300	0.974555	0.998795	0.998789	0.895443	0.968735	0.968517
2310	0.974686	0.998795	0.998789	0.895516	0.968899	0.968680
2320	0.974819	0.998813	0.998807	0.895624	0.968735	0.968517
2330	0.974963	0.998869	0.998864	0.895748	0.968735	0.968517
2340	0.975106	0.998887	0.998883	0.895891	0.968899	0.968680
2350	0.975262	0.998869	0.998865	0.896107	0.968899	0.968680
2360	0.975407	0.998887	0.998883	0.896241	0.968735	0.968517
2370	0.975554	0.998943	0.998939	0.896363	0.968899	0.968680
2380	0.975678	0.998943	0.998939	0.896484	0.968735	0.968500
2390	0.975828	0.998943	0.998939	0.896618	0.968735	0.968500
2400	0.975951	0.998943	0.998939	0.896731	0.968735	0.968500
2410	0.976124	0.998943	0.998939	0.896953	0.968735	0.968500
2420	0.976258	0.998943	0.998939	0.897042	0.968735	0.968500
2430	0.976399	0.998943	0.998939	0.897262	0.968735	0.968500
2440	0.976514	0.998999	0.998994	0.897381	0.968899	0.968680
2450	0.976644	0.998999	0.998994	0.897453	0.968899	0.968680
2460	0.976782	0.999017	0.999013	0.897664	0.969228	0.969009
2470	0.976910	0.999091	0.999089	0.897751	0.969228	0.969009
2480	0.977013	0.999091	0.999089	0.897900	0.969064	0.968853
2490	0.977144	0.999091	0.999089	0.898087	0.969393	0.969188
2500	0.977294	0.999128	0.999127	0.898242	0.969393	0.969170
2510	0.977435	0.999128	0.999127	0.898462	0.969557	0.969329
2520	0.977570	0.999147	0.999146	0.898565	0.969886	0.969659
2530	0.977685	0.999147	0.999146	0.898661	0.969886	0.969659
2540	0.977793	0.999147	0.999146	0.898794	0.970051	0.969820
2550	0.977922	0.999184	0.999182	0.898933	0.970051	0.969820
2560	0.978046	0.999203	0.999200	0.899005	0.969886	0.969656
2570	0.978173	0.999203	0.999200	0.899065	0.969722	0.969495
2580	0.978284	0.999203	0.999200	0.899169	0.969886	0.969663
2590	0.978385	0.999203	0.999201	0.899309	0.969886	0.969663
2600	0.978491	0.999221	0.999219	0.899409	0.969886	0.969663
2610	0.978619	0.999240	0.999238	0.899529	0.970051	0.969827
2620	0.978702	0.999240	0.999237	0.899558	0.970051	0.969827
2630	0.978808	0.999221	0.999220	0.899682	0.970051	0.969827
2640	0.978906	0.999258	0.999257	0.899811	0.969722	0.969483
2650	0.979017	0.999258	0.999257	0.899866	0.969722	0.969483
2660	0.979115	0.999277	0.999275	0.899934	0.969722	0.969483
2670	0.979204	0.999314	0.999310	0.900012	0.969886	0.969663
2680	0.979307	0.999295	0.999292	0.900105	0.969886	0.969663
2690	0.979423	0.999314	0.999310	0.900223	0.969886	0.969663
2700	0.979521	0.999332	0.999328	0.900308	0.970051	0.969831
2710	0.979622	0.999351	0.999347	0.900411	0.969886	0.969659
2720	0.979728	0.999369	0.999366	0.900499	0.969722	0.969479
2730	0.979840	0.999388	0.999384	0.900605	0.969886	0.969659
2740	0.979942	0.999407	0.999403	0.900736	0.970051	0.969839
2750	0.980020	0.999425	0.999422	0.900815	0.970051	0.969839
2760	0.980105	0.999407	0.999403	0.900917	0.970051	0.969839
2770	0.980204	0.999444	0.999441	0.900998	0.970216	0.970011
2780	0.980313	0.999444	0.999441	0.900979	0.970051	0.969839
2790	0.980438	0.999462	0.999459	0.901123	0.970216	0.970002
2800	0.980530	0.999481	0.999476	0.901197	0.970051	0.969823
2810	0.980632	0.999499	0.999496	0.901293	0.970051	0.969830
2820	0.980721	0.999499	0.999496	0.901408	0.969886	0.969674
2830	0.980801	0.999518	0.999515	0.901466	0.970051	0.969830
2840	0.980882	0.999518	0.999515	0.901517	0.970051	0.969830
2850	0.980962	0.999518	0.999515	0.901584	0.970051	0.969830
2860	0.981037	0.999536	0.999534	0.901630	0.970051	0.969830
2870	0.981123	0.999536	0.999534	0.901709	0.969886	0.969674
2880	0.981210	0.999573	0.999572	0.901818	0.969886	0.969674
2890	0.981295	0.999573	0.999572	0.901908	0.969886	0.969674
2900	0.981365	0.999592	0.999591	0.901962	0.969886	0.969669
2910	0.981455	0.999592	0.999591	0.902015	0.970216	0.970005
2920	0.981557	0.999611	0.999610	0.902170	0.970216	0.970005
2930	0.981665	0.999611	0.999610	0.902304	0.970545	0.970325
2940	0.981767	0.999611	0.999610	0.902382	0.970545	0.970317
2950	0.981852	0.999611	0.999610	0.902477	0.970380	0.970161
2960	0.981924	0.999611	0.999610	0.902518	0.970545	0.970335
2970	0.981992	0.999611	0.999610	0.902612	0.970545	0.970335
2980	0.982080	0.999611	0.999610	0.902727	0.970380	0.970179
2990	0.982169	0.999611	0.999610	0.902786	0.970216	0.970023
3000	0.982262	0.999611	0.999610	0.902951	0.970216	0.970023
3010	0.982345	0.999666	0.999665	0.903001	0.970380	0.970190
3020	0.982426	0.999666	0.999665	0.903103	0.970380	0.970190
3030	0.982508	0.999666	0.999665	0.903154	0.970380	0.970190
3040	0.982586	0.999666	0.999665	0.903203	0.970380	0.970180
3050	0.982668	0.999666	0.999665	0.903338	0.970874	0.970696
3060	0.982748	0.999666	0.999665	0.903437	0.970874	0.970702
3070	0.982835	0.999685	0.999684	0.903529	0.970545	0.970351
3080	0.982923	0.999685	0.999684	0.903616	0.970709	0.970531
3090	0.982998	0.999685	0.999684	0.903755	0.970709	0.970522
3100	0.983081	0.999685	0.999684	0.903851	0.970874	0.970696
3110	0.983151	0.999685	0.999684	0.903954	0.970874	0.970696
3120	0.983219	0.999703	0.999704	0.903982	0.971038	0.970852
3130	0.983295	0.999703	0.999703	0.904085	0.970874	0.970688
3140	0.983367	0.999722	0.999723	0.904169	0.971038	0.970852
3150	0.983438	0.999722	0.999723	0.904202	0.970545	0.970349
3160	0.983516	0.999722	0.999723	0.904303	0.970545	0.970349
3170	0.983579	0.999722	0.999723	0.904397	0.970545	0.970349
3180	0.983641	0.999722	0.999723	0.904464	0.971038	0.970860
3190	0.983713	0.999722	0.999723	0.904493	0.971038	0.970850
3200	0.983788	0.999722	0.999723	0.904559	0.971203	0.971016
3210	0.983857	0.999722	0.999723	0.904594	0.971203	0.971016
3220	0.983929	0.999722	0.999723	0.904684	0.971203	0.971016
3230	0.983998	0.999722	0.999723	0.904729	0.971038	0.970845
3240	0.984056	0.999722	0.999723	0.904832	0.971038	0.970845
3250	0.984126	0.999759	0.999760	0.904908	0.971038	0.970845
3260	0.984188	0.999759	0.999760	0.904929	0.971038	0.970845
3270	0.984252	0.999777	0.999779	0.904998	0.971038	0.970845
3280	0.984314	0.999777	0.999779	0.905029	0.970874	0.970689
3290	0.984374	0.999777	0.999779	0.905103	0.971038	0.970850
3300	0.984443	0.999777	0.999779	0.905159	0.971038	0.970850
3310	0.984513	0.999777	0.999779	0.905195	0.971038	0.970850
3320	0.984585	0.999777	0.999779	0.905230	0.971038	0.970850
3330	0.984640	0.999796	0.999799	0.905287	0.971038	0.970845
3340	0.984695	0.999796	0.999799	0.905359	0.970874	0.970688
3350	0.984748	0.999815	0.999817	0.905425	0.971038	0.970850
3360	0.984813	0.999815	0.999817	0.905511	0.970874	0.970694
3370	0.984875	0.999815	0.999817	0.905548	0.971038	0.970859
3380	0.984931	0.999815	0.999817	0.905577	0.971038	0.970859
3390	0.984997	0.999815	0.999817	0.905640	0.971038	0.970859
3400	0.985050	0.999815	0.999817	0.905703	0.971038	0.970859
3410	0.985101	0.999815	0.999817	0.905760	0.971038	0.970859
3420	0.985158	0.999815	0.999817	0.905821	0.971038	0.970859
3430	0.985211	0.999815	0.999817	0.905876	0.971203	0.971015
3440	0.985256	0.999815	0.999817	0.905968	0.971203	0.971014
3450	0.985310	0.999815	0.999817	0.906042	0.971203	0.971014
3460	0.985364	0.999815	0.999817	0.906123	0.971367	0.971170
3470	0.985412	0.999815	0.999817	0.906198	0.971203	0.971014
3480	0.985477	0.999815	0.999817	0.906210	0.971203	0.971014
3490	0.985525	0.999815	0.999817	0.906229	0.971203	0.971014
3500	0.985583	0.999815	0.999817	0.906314	0.971203	0.971014
3510	0.985627	0.999815	0.999817	0.906363	0.971203	0.971014
3520	0.985677	0.999815	0.999817	0.906492	0.971203	0.971014
3530	0.985727	0.999815	0.999817	0.906536	0.971203	0.971014
3540	0.985766	0.999815	0.999817	0.906566	0.971203	0.971014
3550	0.985818	0.999815	0.999817	0.906654	0.971367	0.971186
3560	0.985867	0.999815	0.999817	0.906690	0.971203	0.971030
3570	0.985920	0.999815	0.999817	0.906764	0.971367	0.971186
3580	0.985963	0.999815	0.999817	0.906844	0.971367	0.971186
3590	0.986012	0.999815	0.999817	0.906892	0.971367	0.971186
3600	0.986064	0.999815	0.999817	0.906979	0.971367	0.971186
3610	0.986111	0.999815	0.999817	0.907030	0.971367	0.971186
3620	0.986165	0.999815	0.999817	0.907094	0.971367	0.971186
3630	0.986214	0.999815	0.999817	0.907161	0.971367	0.971186
3640	0.986270	0.999815	0.999817	0.907248	0.971367	0.971186
3650	0.986325	0.999815	0.999817	0.907296	0.971367	0.971186
3660	0.986366	0.999815	0.999817	0.907359	0.971367	0.971186
3670	0.986411	0.999815	0.999817	0.907404	0.971532	0.971351
3680	0.986463	0.999815	0.999817	0.907458	0.971532	0.971351
3690	0.986515	0.999815	0.999817	0.907478	0.971532	0.971351
3700	0.986564	0.999815	0.999817	0.907527	0.971532	0.971351
3710	0.986616	0.999815	0.999817	0.907576	0.971532	0.971351
3720	0.986666	0.999815	0.999817	0.907638	0.971532	0.971351
3730	0.986718	0.999815	0.999817	0.907719	0.971367	0.971195
3740	0.986761	0.999815	0.999817	0.907765	0.971367	0.971195
3750	0.986812	0.999815	0.999817	0.907811	0.971203	0.971030
3760	0.986857	0.999815	0.999817	0.907828	0.971367	0.971186
3770	0.986889	0.999815	0.999817	0.907877	0.971367	0.971186
3780	0.986938	0.999815	0.999817	0.907936	0.971367	0.971186
3790	0.986987	0.999815	0.999817	0.907998	0.971367	0.971186
3800	0.987031	0.999815	0.999817	0.908042	0.971367	0.971186
3810	0.987087	0.999815	0.999817	0.908094	0.971532	0.971347
3820	0.987139	0.999815	0.999817	0.908136	0.971367	0.971186
3830	0.987185	0.999815	0.999817	0.908196	0.971367	0.971186
3840	0.987226	0.999815	0.999817	0.908237	0.971532	0.971351
3850	0.987273	0.999815	0.999817	0.908279	0.971532	0.971351
3860	0.987313	0.999815	0.999817	0.908332	0.971532	0.971351
3870	0.987348	0.999815	0.999817	0.908382	0.971532	0.971351
3880	0.987387	0.999815	0.999817	0.908450	0.971532	0.971351
3890	0.987424	0.999815	0.999817	0.908500	0.971532	0.971333
3900	0.987473	0.999815	0.999817	0.908544	0.971367	0.971186
3910	0.987517	0.999815	0.999817	0.908580	0.971367	0.971186
3920	0.987558	0.999815	0.999817	0.908663	0.971367	0.971186
3930	0.987602	0.999815	0.999817	0.908691	0.971367	0.971186
3940	0.987639	0.999815	0.999817	0.908720	0.971203	0.971012
3950	0.987669	0.999815	0.999817	0.908755	0.971203	0.971012
3960	0.987703	0.999815	0.999817	0.908805	0.971203	0.971030
3970	0.987740	0.999815	0.999817	0.908858	0.971203	0.971030
3980	0.987771	0.999815	0.999817	0.908908	0.971203	0.971030
3990	0.987804	0.999815	0.999817	0.908937	0.971367	0.971186
4000	0.987839	0.999815	0.999817	0.908947	0.971367	0.971186
