10	0.400758	0.741121	0.706453	0.404069	0.748248	0.709437
20	0.466698	0.782543	0.744432	0.468599	0.787788	0.746574
30	0.510987	0.804262	0.763996	0.511532	0.807307	0.763887
40	0.538678	0.816669	0.774633	0.538257	0.818485	0.773709
50	0.559053	0.826353	0.783060	0.556652	0.825492	0.779833
60	0.575304	0.833815	0.789886	0.571043	0.833000	0.786440
70	0.590750	0.839222	0.847236	0.585393	0.838672	0.791882
80	0.602430	0.843536	0.851137	0.596179	0.842676	0.795532
90	0.614774	0.848202	0.803408	0.607014	0.846513	0.799035
100	0.623897	0.851276	0.858407	0.615484	0.848348	0.800711
110	0.636939	0.854498	0.861626	0.627080	0.851351	0.855211
120	0.646643	0.860515	0.867036	0.634501	0.855355	0.859087
130	0.658584	0.875755	0.880729	0.645886	0.868035	0.870784
140	0.670875	0.894419	0.897748	0.656244	0.881882	0.883615
150	0.680525	0.905585	0.907960	0.664857	0.890057	0.891047
160	0.692460	0.913547	0.915327	0.675189	0.898565	0.899173
170	0.700874	0.918398	0.919903	0.682562	0.901902	0.902357
180	0.709601	0.923638	0.924886	0.689790	0.906406	0.906838
190	0.717854	0.927675	0.928708	0.696910	0.911078	0.911195
200	0.728398	0.931952	0.932744	0.705726	0.914248	0.914260
210	0.738725	0.935803	0.936441	0.714923	0.918585	0.918533
220	0.743308	0.937488	0.938142	0.718914	0.920921	0.920917
230	0.749039	0.939636	0.940178	0.724088	0.922923	0.922840
240	0.755477	0.942043	0.942546	0.729119	0.924424	0.924212
250	0.760689	0.943673	0.944117	0.733637	0.926093	0.925780
260	0.765092	0.944876	0.945313	0.737726	0.928595	0.928349
270	0.771926	0.947339	0.947711	0.743684	0.930430	0.930217
280	0.777630	0.949117	0.949449	0.748752	0.932432	0.932136
290	0.781850	0.950543	0.950850	0.751749	0.933767	0.933483
300	0.785872	0.951765	0.952015	0.755078	0.934768	0.934459
310	0.791295	0.952931	0.953148	0.759563	0.935936	0.935585
320	0.794789	0.953968	0.954162	0.762335	0.936603	0.936248
330	0.799121	0.955209	0.955394	0.765525	0.937771	0.937324
340	0.801949	0.956320	0.956489	0.768140	0.939439	0.939001
350	0.804758	0.957523	0.957694	0.770101	0.939606	0.939202
360	0.808221	0.958764	0.958914	0.772538	0.939940	0.939491
370	0.811857	0.959560	0.959687	0.775747	0.940440	0.940046
380	0.815529	0.960727	0.960842	0.778874	0.941775	0.941382
390	0.818783	0.961634	0.961748	0.781404	0.942776	0.942405
400	0.822275	0.962652	0.962753	0.784113	0.942609	0.942196
410	0.826011	0.963486	0.963557	0.787436	0.943443	0.942968
420	0.829332	0.964578	0.964644	0.790262	0.943777	0.943332
430	0.833123	0.965282	0.965359	0.793746	0.945612	0.945158
440	0.835850	0.965708	0.965772	0.795819	0.945612	0.945101
450	0.838019	0.966559	0.966618	0.797739	0.946446	0.945949
460	0.840804	0.967300	0.967369	0.799749	0.947114	0.946630
470	0.842841	0.968115	0.968172	0.800987	0.947114	0.946607
480	0.845999	0.968818	0.968867	0.803562	0.948448	0.947946
490	0.848304	0.969429	0.969489	0.805432	0.948949	0.948474
500	0.851189	0.970059	0.970113	0.807891	0.949283	0.948803
510	0.853930	0.970707	0.970742	0.809752	0.950117	0.949623
520	0.856338	0.971355	0.971383	0.811655	0.950450	0.949971
530	0.858157	0.972151	0.972172	0.812644	0.950784	0.950331
540	0.861352	0.972744	0.972769	0.815364	0.951451	0.951035
550	0.862765	0.972984	0.973007	0.816383	0.951618	0.951176
560	0.864245	0.973670	0.973699	0.817557	0.951785	0.951355
570	0.865564	0.974114	0.974142	0.818376	0.951952	0.951545
580	0.868566	0.975021	0.975039	0.820520	0.951785	0.951289
590	0.870183	0.975577	0.975589	0.820997	0.952119	0.951632
600	0.872071	0.976077	0.976096	0.822729	0.952786	0.952332
610	0.874130	0.976780	0.976793	0.824253	0.953620	0.953154
620	0.876426	0.977410	0.977423	0.826101	0.953453	0.953012
630	0.878797	0.978021	0.978026	0.827744	0.954121	0.953629
640	0.880637	0.978391	0.978394	0.829091	0.953954	0.953446
650	0.882367	0.978651	0.978645	0.830517	0.954121	0.953617
660	0.884177	0.979243	0.979235	0.832224	0.954121	0.953636
670	0.885389	0.979484	0.979480	0.833412	0.955122	0.954665
680	0.887363	0.980021	0.980020	0.835132	0.955289	0.954812
690	0.888738	0.980373	0.980367	0.836258	0.955622	0.955130
700	0.890139	0.980724	0.980714	0.837259	0.956290	0.955816
710	0.891554	0.981224	0.981216	0.838125	0.956623	0.956136
720	0.892901	0.981484	0.981473	0.838972	0.957124	0.956643
730	0.894126	0.981891	0.981873	0.839923	0.957457	0.956960
740	0.895793	0.982224	0.982215	0.841177	0.957624	0.957139
750	0.897054	0.982409	0.982397	0.842027	0.957791	0.957314
760	0.898731	0.982835	0.982822	0.843523	0.957958	0.957481
770	0.900405	0.983094	0.983085	0.844966	0.958458	0.957980
780	0.901549	0.983391	0.983381	0.845591	0.957958	0.957475
790	0.903004	0.983576	0.983556	0.846753	0.958458	0.957983
800	0.904290	0.983928	0.983911	0.847795	0.959126	0.958636
810	0.905264	0.984242	0.984230	0.848524	0.958625	0.958123
820	0.906173	0.984428	0.984413	0.848977	0.959126	0.958622
830	0.907766	0.984650	0.984632	0.850340	0.959293	0.958777
840	0.908830	0.985002	0.984990	0.851365	0.959459	0.958963
850	0.909764	0.985131	0.985121	0.852068	0.959626	0.959131
860	0.911227	0.985428	0.985423	0.853553	0.959126	0.958605
870	0.911889	0.985668	0.985662	0.853972	0.959459	0.958942
880	0.912735	0.985909	0.985900	0.854657	0.960294	0.959778
890	0.913754	0.986076	0.986064	0.855526	0.960294	0.959769
900	0.914694	0.986446	0.986431	0.856419	0.960460	0.959951
910	0.915654	0.986872	0.986853	0.857212	0.960460	0.959934
920	0.916842	0.986964	0.986943	0.858243	0.960627	0.960124
930	0.918246	0.987316	0.987297	0.859513	0.960794	0.960283
940	0.919399	0.987631	0.987615	0.860349	0.960627	0.960088
950	0.920311	0.987705	0.987693	0.861089	0.960794	0.960263
960	0.921588	0.987853	0.987842	0.862401	0.961128	0.960590
970	0.922235	0.988001	0.987982	0.862750	0.960961	0.960461
980	0.923042	0.988186	0.988167	0.863372	0.961461	0.960970
990	0.923702	0.988279	0.988256	0.863809	0.961628	0.961127
1000	0.924776	0.988594	0.988574	0.864782	0.961962	0.961443
1010	0.925509	0.988686	0.988666	0.865305	0.961962	0.961438
1020	0.926377	0.988927	0.988908	0.865963	0.961795	0.961266
1030	0.927357	0.989094	0.989077	0.866870	0.961795	0.961266
1040	0.928224	0.989260	0.989244	0.867623	0.962129	0.961590
1050	0.929134	0.989575	0.989561	0.868508	0.962129	0.961590
1060	0.929943	0.989686	0.989669	0.869016	0.962462	0.961930
1070	0.930640	0.989946	0.989928	0.869453	0.962629	0.962103
1080	0.931408	0.990131	0.990115	0.870126	0.962462	0.961926
1090	0.931953	0.990205	0.990194	0.870525	0.962462	0.961927
1100	0.932726	0.990390	0.990383	0.871108	0.962629	0.962099
1110	0.933501	0.990557	0.990547	0.871862	0.962296	0.961755
1120	0.934220	0.990686	0.990678	0.872532	0.963130	0.962602
1130	0.934721	0.990871	0.990864	0.872939	0.963297	0.962784
1140	0.935645	0.990982	0.990975	0.873765	0.963964	0.963460
1150	0.936412	0.991149	0.991144	0.874430	0.963964	0.963448
1160	0.936857	0.991297	0.991290	0.874676	0.963964	0.963448
1170	0.937435	0.991464	0.991458	0.875228	0.963797	0.963293
1180	0.938120	0.991668	0.991667	0.875828	0.964131	0.963628
1190	0.938646	0.991705	0.991705	0.875894	0.964131	0.963634
1200	0.939376	0.991742	0.991742	0.876558	0.963630	0.963116
1210	0.939907	0.991964	0.991966	0.876890	0.963630	0.963103
1220	0.940491	0.992001	0.992008	0.877350	0.964131	0.963612
1230	0.940999	0.992131	0.992128	0.877601	0.963797	0.963293
1240	0.941575	0.992260	0.992258	0.878016	0.963964	0.963467
1250	0.942283	0.992371	0.992368	0.878550	0.963630	0.963120
1260	0.942793	0.992501	0.992501	0.878961	0.963130	0.962595
1270	0.943377	0.992612	0.992608	0.879372	0.963463	0.962949
1280	0.943943	0.992742	0.992735	0.879938	0.963630	0.963096
1290	0.944479	0.992871	0.992867	0.880540	0.964131	0.963601
1300	0.945056	0.992908	0.992900	0.880942	0.963964	0.963434
1310	0.945624	0.993038	0.993034	0.881373	0.964131	0.963622
1320	0.946136	0.993075	0.993071	0.881750	0.963797	0.963284
1330	0.946691	0.993297	0.993295	0.882240	0.964298	0.963786
1340	0.947321	0.993371	0.993373	0.882817	0.964464	0.963954
1350	0.947769	0.993464	0.993464	0.883173	0.964464	0.963961
1360	0.948259	0.993667	0.993666	0.883556	0.964464	0.963944
1370	0.948703	0.993834	0.993831	0.883805	0.964631	0.964121
1380	0.949173	0.993908	0.993909	0.884326	0.964798	0.964293
1390	0.949668	0.994001	0.994001	0.884785	0.964798	0.964298
1400	0.950161	0.994241	0.994243	0.885122	0.965132	0.964632
1410	0.950625	0.994241	0.994243	0.885396	0.965299	0.964794
1420	0.951079	0.994297	0.994301	0.885901	0.965465	0.964965
1430	0.951364	0.994408	0.994412	0.885994	0.965299	0.964793
1440	0.951881	0.994575	0.994576	0.886508	0.965465	0.964953
1450	0.952237	0.994667	0.994669	0.886917	0.965632	0.965135
1460	0.952701	0.994778	0.994781	0.887328	0.965799	0.965310
1470	0.953179	0.994964	0.994966	0.887766	0.966133	0.965633
1480	0.953643	0.994982	0.994983	0.888239	0.966300	0.965807
1490	0.953963	0.995075	0.995072	0.888570	0.966300	0.965807
1500	0.954359	0.995241	0.995240	0.888843	0.966466	0.965985
1510	0.954752	0.995278	0.995277	0.889171	0.966633	0.966142
1520	0.955187	0.995426	0.995427	0.889490	0.966967	0.966479
1530	0.955702	0.995463	0.995466	0.889973	0.966633	0.966138
1540	0.956059	0.995426	0.995426	0.890280	0.966967	0.966491
1550	0.956451	0.995500	0.995500	0.890611	0.966633	0.966161
1560	0.956808	0.995556	0.995557	0.890907	0.966633	0.966161
1570	0.957172	0.995612	0.995610	0.891160	0.966800	0.966339
1580	0.957594	0.995686	0.995684	0.891549	0.966800	0.966339
1590	0.957970	0.995778	0.995778	0.891894	0.966967	0.966502
1600	0.958253	0.995871	0.995873	0.892070	0.966967	0.966502
1610	0.958597	0.995982	0.995984	0.892299	0.966967	0.966492
1620	0.958941	0.996149	0.996152	0.892523	0.966967	0.966492
1630	0.959414	0.996260	0.996263	0.892988	0.967134	0.966674
1640	0.959708	0.996278	0.996281	0.893142	0.967634	0.967166
1650	0.959955	0.996352	0.996355	0.893311	0.967467	0.967001
1660	0.960222	0.996389	0.996393	0.893501	0.967467	0.967024
1670	0.960525	0.996371	0.996374	0.893703	0.967467	0.967016
1680	0.960837	0.996389	0.996392	0.894057	0.967634	0.967188
1690	0.961101	0.996482	0.996485	0.894202	0.967968	0.967542
1700	0.961389	0.996574	0.996577	0.894495	0.967968	0.967533
1710	0.961685	0.996630	0.996635	0.894750	0.968302	0.967865
1720	0.961936	0.996611	0.996616	0.894939	0.968135	0.967701
1730	0.962197	0.996593	0.996598	0.895124	0.968302	0.967873
1740	0.962461	0.996649	0.996653	0.895343	0.968468	0.968034
1750	0.962878	0.996723	0.996726	0.895890	0.968969	0.968534
1760	0.963177	0.996834	0.996838	0.896235	0.969136	0.968691
1770	0.963460	0.996852	0.996855	0.896403	0.968969	0.968519
1780	0.963702	0.996871	0.996873	0.896601	0.968969	0.968519
1790	0.963901	0.997000	0.997005	0.896777	0.968802	0.968351
1800	0.964097	0.996926	0.996931	0.896936	0.968969	0.968530
1810	0.964348	0.997019	0.997026	0.897118	0.969303	0.968873
1820	0.964567	0.997093	0.997101	0.897368	0.968969	0.968536
1830	0.964779	0.997111	0.997119	0.897504	0.969136	0.968729
1840	0.964989	0.997167	0.997174	0.897668	0.969469	0.969073
1850	0.965183	0.997241	0.997248	0.897835	0.969469	0.969078
1860	0.965419	0.997260	0.997266	0.898094	0.969636	0.969235
1870	0.965672	0.997260	0.997266	0.898261	0.969803	0.969402
1880	0.965935	0.997315	0.997320	0.898472	0.969803	0.969402
1890	0.966207	0.997352	0.997357	0.898761	0.969970	0.969559
1900	0.966432	0.997334	0.997339	0.899034	0.970304	0.969889
1910	0.966607	0.997352	0.997358	0.899179	0.970470	0.970061
1920	0.966831	0.997389	0.997394	0.899313	0.969803	0.969399
1930	0.967054	0.997426	0.997431	0.899556	0.970304	0.969899
1940	0.967264	0.997445	0.997452	0.899799	0.970304	0.969896
1950	0.967457	0.997482	0.997489	0.899990	0.970304	0.969896
1960	0.967682	0.997500	0.997508	0.900210	0.970470	0.970078
1970	0.967930	0.997611	0.997619	0.900369	0.970804	0.970422
1980	0.968153	0.997648	0.997657	0.900528	0.970804	0.970422
1990	0.968420	0.997741	0.997745	0.900797	0.971305	0.970923
2000	0.968646	0.997815	0.997821	0.900971	0.971471	0.971090
2010	0.968830	0.997834	0.997839	0.901136	0.971305	0.970914
2020	0.969026	0.997908	0.997916	0.901317	0.971305	0.970914
2030	0.969199	0.997945	0.997952	0.901522	0.971305	0.970914
2040	0.969430	0.997963	0.997972	0.901685	0.971305	0.970911
2050	0.969620	0.997982	0.997990	0.901796	0.971305	0.970911
2060	0.969776	0.998000	0.998006	0.901861	0.971138	0.970763
2070	0.969963	0.998056	0.998060	0.901962	0.971305	0.970931
2080	0.970152	0.998019	0.998026	0.902175	0.971471	0.971105
2090	0.970352	0.998074	0.998082	0.902361	0.971805	0.971454
2100	0.970563	0.998148	0.998156	0.902580	0.971972	0.971609
2110	0.970756	0.998204	0.998211	0.902758	0.971972	0.971609
2120	0.970930	0.998204	0.998210	0.902854	0.971972	0.971594
2130	0.971142	0.998259	0.998265	0.903226	0.971638	0.971272
2140	0.971271	0.998241	0.998247	0.903265	0.971638	0.971257
2150	0.971428	0.998278	0.998282	0.903397	0.971305	0.970924
2160	0.971607	0.998334	0.998339	0.903568	0.971638	0.971256
2170	0.971765	0.998334	0.998339	0.903692	0.971805	0.971433
2180	0.971942	0.998389	0.998395	0.903863	0.972139	0.971768
2190	0.972078	0.998426	0.998432	0.903970	0.971972	0.971598
2200	0.972244	0.998445	0.998450	0.904124	0.971972	0.971605
2210	0.972397	0.998463	0.998470	0.904259	0.971972	0.971605
2220	0.972596	0.998519	0.998527	0.904495	0.972139	0.971771
2230	0.972806	0.998519	0.998527	0.904753	0.972139	0.971786
2240	0.972973	0.998519	0.998527	0.904880	0.972306	0.971951
2250	0.973211	0.998519	0.998527	0.905117	0.972306	0.971951
2260	0.973367	0.998556	0.998564	0.905269	0.972472	0.972123
2270	0.973522	0.998630	0.998638	0.905512	0.972306	0.971951
2280	0.973708	0.998630	0.998636	0.905650	0.972306	0.971950
2290	0.973863	0.998630	0.998636	0.905837	0.972306	0.971951
2300	0.974011	0.998630	0.998636	0.905961	0.972639	0.972281
2310	0.974112	0.998685	0.998691	0.906019	0.972639	0.972284
2320	0.974276	0.998704	0.998712	0.906202	0.972472	0.972112
2330	0.974406	0.998741	0.998749	0.906347	0.972639	0.972284
2340	0.974564	0.998741	0.998749	0.906524	0.972472	0.972116
2350	0.974718	0.998741	0.998749	0.906656	0.972472	0.972116
2360	0.974896	0.998759	0.998768	0.906845	0.972472	0.972116
2370	0.975050	0.998759	0.998768	0.907004	0.972306	0.971944
2380	0.975194	0.998759	0.998768	0.907097	0.972472	0.972116
2390	0.975327	0.998759	0.998766	0.907193	0.972472	0.972116
2400	0.975457	0.998778	0.998784	0.907363	0.972472	0.972119
2410	0.975590	0.998778	0.998786	0.907518	0.972472	0.972119
2420	0.975695	0.998815	0.998822	0.907589	0.972472	0.972119
2430	0.975829	0.998815	0.998822	0.907714	0.972472	0.972119
2440	0.975961	0.998852	0.998858	0.907869	0.972472	0.972119
2450	0.976091	0.998870	0.998876	0.907994	0.972472	0.972119
2460	0.976210	0.998889	0.998894	0.908049	0.972639	0.972291
2470	0.976355	0.998889	0.998894	0.908143	0.972639	0.972291
2480	0.976485	0.998926	0.998931	0.908258	0.972472	0.972121
2490	0.976613	0.998945	0.998950	0.908415	0.972806	0.972447
2500	0.976723	0.998945	0.998950	0.908505	0.972806	0.972447
2510	0.976828	0.998945	0.998950	0.908570	0.972639	0.972279
2520	0.976940	0.998963	0.998968	0.908631	0.972306	0.971943
2530	0.977063	0.999000	0.999003	0.908804	0.972139	0.971770
2540	0.977205	0.999019	0.999022	0.908931	0.972306	0.971943
2550	0.977358	0.999037	0.999041	0.909109	0.972472	0.972113
2560	0.977472	0.999037	0.999041	0.909215	0.972472	0.972113
2570	0.977605	0.999074	0.999079	0.909339	0.972306	0.971943
2580	0.977702	0.999074	0.999079	0.909406	0.972306	0.971943
2590	0.977837	0.999074	0.999079	0.909532	0.972472	0.972109
2600	0.977954	0.999111	0.999115	0.909595	0.972306	0.971943
2610	0.978120	0.999148	0.999149	0.909765	0.972472	0.972109
2620	0.978216	0.999148	0.999149	0.909842	0.972472	0.972109
2630	0.978323	0.999148	0.999149	0.909991	0.972306	0.971943
2640	0.978415	0.999185	0.999186	0.910045	0.972306	0.971943
2650	0.978533	0.999222	0.999224	0.910106	0.972306	0.971943
2660	0.978662	0.999278	0.999280	0.910244	0.972306	0.971943
2670	0.978769	0.999278	0.999281	0.910321	0.972306	0.971943
2680	0.978922	0.999278	0.999280	0.910509	0.972306	0.971943
2690	0.979052	0.999296	0.999298	0.910570	0.972472	0.972109
2700	0.979163	0.999315	0.999317	0.910707	0.972306	0.971954
2710	0.979282	0.999315	0.999317	0.910800	0.972306	0.971943
2720	0.979376	0.999315	0.999317	0.910892	0.972306	0.971943
2730	0.979481	0.999333	0.999334	0.911001	0.972306	0.971943
2740	0.979590	0.999352	0.999352	0.911052	0.972306	0.971943
2750	0.979682	0.999352	0.999351	0.911135	0.972306	0.971943
2760	0.979765	0.999370	0.999371	0.911207	0.972306	0.971943
2770	0.979884	0.999389	0.999390	0.911289	0.972306	0.971943
2780	0.979993	0.999407	0.999407	0.911413	0.972306	0.971943
2790	0.980069	0.999407	0.999407	0.911501	0.972472	0.972113
2800	0.980174	0.999407	0.999407	0.911579	0.972639	0.972279
2810	0.980275	0.999445	0.999443	0.911649	0.972973	0.972614
2820	0.980365	0.999445	0.999443	0.911696	0.972639	0.972291
2830	0.980452	0.999445	0.999443	0.911817	0.972806	0.972459
2840	0.980559	0.999463	0.999461	0.911858	0.972639	0.972291
2850	0.980640	0.999463	0.999461	0.911942	0.972639	0.972286
2860	0.980728	0.999463	0.999461	0.911998	0.972472	0.972121
2870	0.980797	0.999463	0.999461	0.912054	0.972639	0.972276
2880	0.980875	0.999500	0.999499	0.912156	0.972973	0.972614
2890	0.981004	0.999519	0.999518	0.912250	0.973140	0.972782
2900	0.981089	0.999519	0.999518	0.912390	0.973140	0.972782
2910	0.981187	0.999537	0.999535	0.912515	0.973307	0.972957
2920	0.981288	0.999537	0.999535	0.912594	0.973140	0.972792
2930	0.981375	0.999537	0.999535	0.912694	0.972973	0.972616
2940	0.981461	0.999611	0.999612	0.912796	0.972973	0.972616
2950	0.981552	0.999611	0.999611	0.912871	0.972973	0.972616
2960	0.981630	0.999593	0.999593	0.912955	0.972806	0.972461
2970	0.981721	0.999611	0.999611	0.913027	0.972806	0.972461
2980	0.981779	0.999611	0.999613	0.913081	0.972806	0.972461
2990	0.981857	0.999611	0.999613	0.913149	0.972973	0.972616
3000	0.981930	0.999630	0.999632	0.913221	0.972973	0.972628
3010	0.982033	0.999648	0.999650	0.913359	0.973307	0.972953
3020	0.982132	0.999648	0.999650	0.913516	0.972973	0.972638
3030	0.982218	0.999648	0.999650	0.913651	0.972973	0.972638
3040	0.982308	0.999648	0.999650	0.913716	0.973140	0.972793
3050	0.982389	0.999648	0.999650	0.913803	0.973140	0.972793
3060	0.982477	0.999648	0.999650	0.913875	0.973140	0.972793
3070	0.982541	0.999648	0.999650	0.913957	0.972973	0.972620
3080	0.982613	0.999648	0.999650	0.914011	0.972973	0.972620
3090	0.982690	0.999667	0.999669	0.914106	0.972973	0.972620
3100	0.982748	0.999685	0.999687	0.914162	0.972806	0.972464
3110	0.982818	0.999667	0.999669	0.914235	0.973140	0.972807
3120	0.982902	0.999667	0.999669	0.914293	0.973140	0.972807
3130	0.982979	0.999667	0.999669	0.914378	0.973473	0.973140
3140	0.983038	0.999685	0.999687	0.914450	0.973640	0.973295
3150	0.983112	0.999704	0.999706	0.914511	0.973640	0.973295
3160	0.983184	0.999704	0.999705	0.914549	0.973640	0.973295
3170	0.983253	0.999685	0.999687	0.914612	0.973640	0.973295
3180	0.983321	0.999685	0.999687	0.914663	0.973640	0.973295
3190	0.983385	0.999685	0.999687	0.914722	0.973807	0.973470
3200	0.983452	0.999685	0.999687	0.914801	0.973807	0.973470
3210	0.983520	0.999685	0.999687	0.914863	0.973807	0.973470
3220	0.983588	0.999685	0.999687	0.914976	0.973807	0.973470
3230	0.983661	0.999685	0.999687	0.915087	0.973640	0.973295
3240	0.983746	0.999685	0.999687	0.915180	0.973974	0.973647
3250	0.983820	0.999685	0.999687	0.915267	0.973807	0.973472
3260	0.983896	0.999685	0.999687	0.915389	0.973974	0.973647
3270	0.983960	0.999685	0.999687	0.915416	0.973974	0.973647
3280	0.984024	0.999685	0.999687	0.915451	0.973974	0.973647
3290	0.984085	0.999685	0.999686	0.915488	0.973807	0.973472
3300	0.984145	0.999704	0.999705	0.915526	0.974141	0.973812
3310	0.984213	0.999704	0.999705	0.915638	0.974141	0.973812
3320	0.984288	0.999704	0.999706	0.915741	0.974141	0.973812
3330	0.984368	0.999704	0.999706	0.915840	0.974141	0.973812
3340	0.984429	0.999704	0.999706	0.915953	0.974141	0.973812
3350	0.984492	0.999722	0.999724	0.915982	0.974141	0.973812
3360	0.984555	0.999722	0.999724	0.916043	0.974141	0.973812
3370	0.984612	0.999741	0.999743	0.916125	0.974141	0.973812
3380	0.984686	0.999741	0.999743	0.916185	0.974141	0.973812
3390	0.984748	0.999778	0.999779	0.916255	0.974141	0.973812
3400	0.984799	0.999759	0.999760	0.916280	0.973974	0.973637
3410	0.984856	0.999778	0.999779	0.916331	0.973974	0.973637
3420	0.984910	0.999778	0.999779	0.916376	0.973974	0.973637
3430	0.984961	0.999796	0.999797	0.916414	0.973974	0.973637
3440	0.985016	0.999796	0.999797	0.916476	0.973974	0.973637
3450	0.985077	0.999796	0.999797	0.916518	0.973974	0.973637
3460	0.985126	0.999796	0.999797	0.916643	0.973974	0.973637
3470	0.985178	0.999796	0.999797	0.916708	0.973974	0.973637
3480	0.985228	0.999796	0.999797	0.916771	0.973974	0.973637
3490	0.985290	0.999815	0.999816	0.916820	0.973974	0.973637
3500	0.985343	0.999815	0.999816	0.916859	0.974141	0.973796
3510	0.985385	0.999796	0.999798	0.916874	0.974141	0.973796
3520	0.985445	0.999833	0.999834	0.916891	0.973974	0.973637
3530	0.985499	0.999833	0.999834	0.916931	0.973974	0.973637
3540	0.985554	0.999815	0.999816	0.916953	0.973974	0.973637
3550	0.985616	0.999833	0.999834	0.916999	0.973974	0.973637
3560	0.985671	0.999815	0.999816	0.917062	0.974141	0.973796
3570	0.985722	0.999815	0.999816	0.917108	0.974141	0.973796
3580	0.985774	0.999815	0.999816	0.917185	0.974141	0.973796
3590	0.985827	0.999815	0.999816	0.917233	0.974141	0.973796
3600	0.985874	0.999815	0.999816	0.917288	0.974141	0.973796
3610	0.985921	0.999815	0.999816	0.917353	0.974141	0.973796
3620	0.985966	0.999833	0.999834	0.917381	0.974308	0.973972
3630	0.986013	0.999833	0.999834	0.917426	0.974141	0.973812
3640	0.986067	0.999833	0.999834	0.917487	0.974141	0.973812
3650	0.986116	0.999833	0.999834	0.917532	0.974141	0.973812
3660	0.986171	0.999815	0.999816	0.917578	0.974141	0.973812
3670	0.986214	0.999815	0.999816	0.917611	0.974141	0.973812
3680	0.986260	0.999833	0.999834	0.917684	0.974308	0.973972
3690	0.986300	0.999833	0.999834	0.917706	0.974308	0.973972
3700	0.986355	0.999852	0.999853	0.917755	0.974141	0.973812
3710	0.986405	0.999852	0.999853	0.917809	0.974308	0.973972
3720	0.986452	0.999852	0.999853	0.917877	0.974308	0.973972
3730	0.986495	0.999852	0.999853	0.917919	0.974308	0.973972
3740	0.986544	0.999852	0.999853	0.917996	0.974308	0.973972
3750	0.986595	0.999852	0.999853	0.918076	0.974308	0.973972
3760	0.986631	0.999852	0.999853	0.918137	0.974474	0.974143
3770	0.986672	0.999852	0.999853	0.918161	0.974474	0.974143
3780	0.986721	0.999852	0.999853	0.918193	0.974641	0.974306
3790	0.986760	0.999852	0.999853	0.918239	0.974808	0.974461
3800	0.986802	0.999852	0.999853	0.918282	0.974808	0.974461
3810	0.986845	0.999852	0.999853	0.918329	0.974808	0.974461
3820	0.986881	0.999852	0.999853	0.918488	0.974808	0.974461
3830	0.986921	0.999852	0.999853	0.918541	0.974808	0.974461
3840	0.986955	0.999852	0.999853	0.918550	0.974808	0.974461
3850	0.986996	0.999852	0.999853	0.918573	0.974975	0.974626
3860	0.987035	0.999852	0.999853	0.918587	0.974975	0.974626
3870	0.987090	0.999889	0.999891	0.918635	0.975142	0.974799
3880	0.987133	0.999889	0.999891	0.918711	0.975142	0.974799
3890	0.987172	0.999889	0.999891	0.918758	0.975142	0.974799
3900	0.987212	0.999889	0.999891	0.918791	0.975142	0.974799
3910	0.987248	0.999889	0.999891	0.918830	0.975142	0.974799
3920	0.987289	0.999907	0.999910	0.918893	0.975142	0.974799
3930	0.987337	0.999907	0.999910	0.918953	0.975142	0.974799
3940	0.987388	0.999907	0.999910	0.919028	0.975142	0.974799
3950	0.987436	0.999907	0.999910	0.919072	0.974975	0.974634
3960	0.987476	0.999907	0.999910	0.919123	0.975309	0.974955
3970	0.987522	0.999907	0.999910	0.919179	0.975642	0.975287
3980	0.987567	0.999926	0.999928	0.919238	0.975642	0.975287
3990	0.987601	0.999926	0.999928	0.919264	0.975642	0.975287
4000	0.987647	0.999926	0.999928	0.919326	0.975642	0.975296
