10	0.382526	0.731662	0.697568	0.379566	0.730698	0.696474
20	0.466952	0.782197	0.744997	0.460992	0.777665	0.740265
30	0.505768	0.801335	0.761987	0.498445	0.799459	0.760064
40	0.540836	0.816017	0.774002	0.530969	0.813313	0.770889
50	0.559507	0.825114	0.782162	0.547854	0.818888	0.775422
60	0.577933	0.832677	0.840696	0.565115	0.825984	0.781606
70	0.590918	0.838076	0.793572	0.576566	0.831221	0.786307
80	0.603855	0.842311	0.797509	0.588321	0.836459	0.791121
90	0.615542	0.846249	0.853343	0.599873	0.839669	0.794119
100	0.627063	0.850243	0.857276	0.609470	0.842372	0.848757
110	0.636250	0.853701	0.860349	0.618013	0.846427	0.852343
120	0.648583	0.862133	0.867855	0.629084	0.854198	0.859445
130	0.660222	0.879939	0.884030	0.639301	0.871093	0.874785
140	0.671878	0.892753	0.895659	0.649738	0.884609	0.887250
150	0.683474	0.902054	0.904385	0.659781	0.895084	0.896973
160	0.693980	0.910338	0.912167	0.669254	0.903531	0.904872
170	0.703175	0.915941	0.917435	0.676747	0.908093	0.909064
180	0.713131	0.921747	0.922912	0.685536	0.913837	0.914461
190	0.719630	0.925575	0.926575	0.691212	0.916709	0.917259
200	0.725766	0.928737	0.929626	0.696471	0.918567	0.919003
210	0.734610	0.932157	0.932856	0.704283	0.920764	0.921135
220	0.740858	0.935486	0.936110	0.709601	0.923298	0.923551
230	0.745246	0.937316	0.937921	0.713451	0.924480	0.924652
240	0.750888	0.939332	0.939903	0.718417	0.927184	0.927397
250	0.756778	0.941329	0.941803	0.723285	0.928535	0.928585
260	0.762096	0.943326	0.943743	0.727523	0.928704	0.928756
270	0.771350	0.946340	0.946707	0.735187	0.930732	0.930725
280	0.775636	0.947671	0.947997	0.739039	0.931238	0.931204
290	0.780035	0.949261	0.949561	0.742376	0.931576	0.931504
300	0.786665	0.951277	0.951513	0.748524	0.932759	0.932657
310	0.790008	0.952479	0.952713	0.750781	0.933097	0.932940
320	0.793712	0.953551	0.953789	0.753896	0.934110	0.933987
330	0.797119	0.954772	0.954996	0.756401	0.934617	0.934480
340	0.801620	0.956177	0.956348	0.759768	0.936814	0.936581
350	0.805898	0.957249	0.957414	0.763465	0.936983	0.936806
360	0.809832	0.958618	0.958746	0.766698	0.937996	0.937821
370	0.813213	0.959357	0.959477	0.769098	0.938165	0.938004
380	0.817076	0.960596	0.960690	0.772304	0.938841	0.938644
390	0.822143	0.961890	0.961985	0.776355	0.940530	0.940314
400	0.825378	0.962630	0.962713	0.778928	0.940530	0.940294
410	0.827165	0.963129	0.963202	0.780164	0.940362	0.940090
420	0.829041	0.963777	0.963845	0.781709	0.940530	0.940291
430	0.831484	0.964572	0.964629	0.783261	0.941882	0.941701
440	0.833508	0.965459	0.965508	0.784625	0.941544	0.941290
450	0.836563	0.966143	0.966182	0.786814	0.942220	0.942010
460	0.839162	0.966957	0.966989	0.788575	0.943065	0.942803
470	0.841429	0.967789	0.967824	0.790481	0.943572	0.943310
480	0.843935	0.968362	0.968378	0.792225	0.944078	0.943811
490	0.846720	0.969194	0.969219	0.794603	0.944247	0.943976
500	0.848546	0.969694	0.969709	0.796366	0.944923	0.944654
510	0.851031	0.970489	0.970502	0.798052	0.945430	0.945143
520	0.854211	0.971432	0.971460	0.800434	0.945092	0.944771
530	0.856775	0.971968	0.971983	0.802698	0.946275	0.945949
540	0.859060	0.972652	0.972660	0.804248	0.946275	0.945956
550	0.861917	0.973170	0.973192	0.806389	0.946613	0.946269
560	0.863276	0.973484	0.973501	0.807180	0.946950	0.946617
570	0.865373	0.973762	0.973774	0.808960	0.947964	0.947629
580	0.867598	0.974409	0.974423	0.810842	0.948640	0.948333
590	0.869204	0.974871	0.974897	0.811886	0.948471	0.948142
600	0.870502	0.975315	0.975325	0.812875	0.948471	0.948147
610	0.873391	0.975888	0.975890	0.815144	0.949316	0.948977
620	0.876433	0.976591	0.976592	0.817663	0.949485	0.949097
630	0.877955	0.976905	0.976904	0.818720	0.950161	0.949752
640	0.878943	0.977275	0.977282	0.819035	0.950667	0.950288
650	0.880145	0.977608	0.977612	0.819868	0.951174	0.950810
660	0.881350	0.977885	0.977894	0.820809	0.950498	0.950097
670	0.883130	0.978384	0.978387	0.822367	0.951005	0.950592
680	0.885210	0.978773	0.978764	0.823877	0.951174	0.950780
690	0.886609	0.979105	0.979099	0.824856	0.951343	0.950968
700	0.887950	0.979568	0.979563	0.825917	0.951343	0.950957
710	0.889720	0.979919	0.979914	0.827187	0.952357	0.951951
720	0.890901	0.980400	0.980400	0.827845	0.951850	0.951452
730	0.892098	0.980807	0.980806	0.828750	0.952526	0.952140
740	0.893549	0.981324	0.981320	0.829694	0.952526	0.952136
750	0.894841	0.981602	0.981600	0.830592	0.952864	0.952466
760	0.896402	0.981787	0.981783	0.831894	0.952864	0.952464
770	0.897701	0.982286	0.982271	0.832855	0.953708	0.953291
780	0.898860	0.982711	0.982696	0.833577	0.953708	0.953293
790	0.900174	0.982988	0.982971	0.834473	0.954046	0.953634
800	0.901552	0.983266	0.983251	0.835579	0.954046	0.953644
810	0.903149	0.983765	0.983743	0.836894	0.954722	0.954328
820	0.904427	0.983932	0.983900	0.837952	0.954891	0.954490
830	0.905964	0.984357	0.984328	0.839433	0.955229	0.954827
840	0.906954	0.984523	0.984493	0.840384	0.955736	0.955354
850	0.908099	0.984782	0.984757	0.841104	0.955398	0.954994
860	0.909193	0.985115	0.985084	0.842149	0.955736	0.955339
870	0.910970	0.985355	0.985318	0.843356	0.955567	0.955170
880	0.911734	0.985596	0.985564	0.843822	0.955905	0.955482
890	0.912656	0.985818	0.985784	0.844308	0.955736	0.955310
900	0.913911	0.986021	0.985980	0.845330	0.956074	0.955643
910	0.914676	0.986243	0.986205	0.845896	0.955905	0.955472
920	0.915874	0.986687	0.986655	0.846861	0.956243	0.955837
930	0.916952	0.986964	0.986930	0.847636	0.956243	0.955837
940	0.917885	0.987297	0.987256	0.848413	0.955736	0.955337
950	0.918720	0.987593	0.987550	0.848937	0.956243	0.955855
960	0.919609	0.987889	0.987844	0.849715	0.956412	0.956034
970	0.920676	0.988147	0.988102	0.850578	0.956918	0.956559
980	0.921893	0.988314	0.988268	0.851579	0.956749	0.956395
990	0.922622	0.988536	0.988498	0.852047	0.956918	0.956559
1000	0.923594	0.988924	0.988884	0.852667	0.957087	0.956718
1010	0.924314	0.989183	0.989142	0.853231	0.957594	0.957220
1020	0.925264	0.989423	0.989381	0.854058	0.957763	0.957403
1030	0.925854	0.989534	0.989494	0.854438	0.957763	0.957403
1040	0.926746	0.989590	0.989545	0.855177	0.957763	0.957403
1050	0.927697	0.989849	0.989797	0.855814	0.957763	0.957403
1060	0.928508	0.990144	0.990090	0.856398	0.957763	0.957416
1070	0.929067	0.990311	0.990258	0.856632	0.957594	0.957245
1080	0.929876	0.990459	0.990407	0.857282	0.957932	0.957577
1090	0.930668	0.990588	0.990536	0.857826	0.958270	0.957917
1100	0.931565	0.990718	0.990668	0.858623	0.958777	0.958422
1110	0.932422	0.990903	0.990853	0.859336	0.958946	0.958598
1120	0.933342	0.991069	0.991019	0.860039	0.959284	0.958951
1130	0.933860	0.991069	0.991020	0.860370	0.959284	0.958926
1140	0.934417	0.991180	0.991129	0.860463	0.959622	0.959272
1150	0.935102	0.991217	0.991169	0.860959	0.959453	0.959114
1160	0.935878	0.991309	0.991254	0.861981	0.959622	0.959279
1170	0.936612	0.991550	0.991499	0.862675	0.959284	0.958933
1180	0.937321	0.991735	0.991684	0.863270	0.959453	0.959106
1190	0.937887	0.991901	0.991854	0.863825	0.959959	0.959603
1200	0.938606	0.991993	0.991945	0.864224	0.960128	0.959771
1210	0.939293	0.992178	0.992126	0.864694	0.959959	0.959587
1220	0.940060	0.992252	0.992204	0.865285	0.960466	0.960120
1230	0.940523	0.992382	0.992335	0.865595	0.960635	0.960295
1240	0.941081	0.992548	0.992502	0.865929	0.960466	0.960119
1250	0.941705	0.992641	0.992594	0.866406	0.960297	0.959957
1260	0.942272	0.992733	0.992687	0.866947	0.960297	0.959953
1270	0.942989	0.992844	0.992801	0.867734	0.960466	0.960115
1280	0.943584	0.992918	0.992876	0.868259	0.960466	0.960115
1290	0.944065	0.993047	0.993006	0.868672	0.960804	0.960461
1300	0.944610	0.993103	0.993064	0.869100	0.960804	0.960457
1310	0.945038	0.993195	0.993156	0.869444	0.960804	0.960461
1320	0.945546	0.993269	0.993227	0.869794	0.960973	0.960639
1330	0.945956	0.993454	0.993413	0.869979	0.960973	0.960640
1340	0.946523	0.993584	0.993547	0.870393	0.961142	0.960837
1350	0.947018	0.993676	0.993641	0.870682	0.961142	0.960831
1360	0.947362	0.993769	0.993736	0.870922	0.961142	0.960833
1370	0.947981	0.993880	0.993850	0.871373	0.961142	0.960822
1380	0.948514	0.994046	0.994015	0.871816	0.961142	0.960822
1390	0.948961	0.994175	0.994147	0.872162	0.961142	0.960822
1400	0.949405	0.994268	0.994242	0.872510	0.961142	0.960822
1410	0.949906	0.994397	0.994372	0.872827	0.961311	0.960989
1420	0.950338	0.994379	0.994355	0.873301	0.961480	0.961154
1430	0.950735	0.994434	0.994409	0.873669	0.961480	0.961154
1440	0.951210	0.994508	0.994484	0.873984	0.961480	0.961154
1450	0.951583	0.994675	0.994651	0.874449	0.961480	0.961154
1460	0.952003	0.994786	0.994765	0.874864	0.961480	0.961154
1470	0.952625	0.994897	0.994878	0.875329	0.961480	0.961159
1480	0.953011	0.995007	0.994987	0.875643	0.961311	0.960993
1490	0.953469	0.995063	0.995045	0.875929	0.961480	0.961166
1500	0.953842	0.995192	0.995178	0.876258	0.961311	0.960990
1510	0.954267	0.995266	0.995252	0.876619	0.961311	0.960988
1520	0.954599	0.995340	0.995326	0.876853	0.961649	0.961331
1530	0.954968	0.995414	0.995400	0.877138	0.961649	0.961329
1540	0.955295	0.995488	0.995475	0.877396	0.961480	0.961174
1550	0.955688	0.995562	0.995549	0.877648	0.961480	0.961174
1560	0.956056	0.995581	0.995568	0.878124	0.961480	0.961174
1570	0.956425	0.995636	0.995623	0.878359	0.961649	0.961347
1580	0.956871	0.995710	0.995697	0.878710	0.961818	0.961519
1590	0.957250	0.995784	0.995771	0.878994	0.961480	0.961175
1600	0.957567	0.995840	0.995826	0.879205	0.962156	0.961849
1610	0.957940	0.995951	0.995937	0.879478	0.962156	0.961849
1620	0.958162	0.995969	0.995957	0.879574	0.962156	0.961852
1630	0.958519	0.996024	0.996013	0.880034	0.961987	0.961680
1640	0.958864	0.996135	0.996127	0.880364	0.962156	0.961849
1650	0.959196	0.996228	0.996219	0.880558	0.962156	0.961836
1660	0.959561	0.996394	0.996389	0.880908	0.961987	0.961659
1670	0.959911	0.996450	0.996445	0.881236	0.962156	0.961828
1680	0.960201	0.996413	0.996408	0.881675	0.962156	0.961843
1690	0.960544	0.996505	0.996500	0.881946	0.962494	0.962189
1700	0.960864	0.996505	0.996499	0.882243	0.962663	0.962341
1710	0.961163	0.996561	0.996556	0.882539	0.962325	0.962014
1720	0.961433	0.996616	0.996612	0.882735	0.962156	0.961848
1730	0.961738	0.996709	0.996705	0.882923	0.962325	0.962020
1740	0.962106	0.996746	0.996740	0.883169	0.962663	0.962338
1750	0.962393	0.996764	0.996759	0.883501	0.962663	0.962353
1760	0.962676	0.996801	0.996796	0.883679	0.962832	0.962525
1770	0.962938	0.996838	0.996831	0.883855	0.962663	0.962353
1780	0.963207	0.996838	0.996831	0.884083	0.963001	0.962685
1790	0.963551	0.997004	0.997001	0.884298	0.963001	0.962684
1800	0.963801	0.997041	0.997039	0.884518	0.962832	0.962513
1810	0.964034	0.997134	0.997132	0.884655	0.963001	0.962687
1820	0.964274	0.997134	0.997133	0.884890	0.963338	0.963038
1830	0.964537	0.997189	0.997187	0.885043	0.963338	0.963021
1840	0.964763	0.997319	0.997316	0.885252	0.963507	0.963178
1850	0.965026	0.997374	0.997371	0.885512	0.963507	0.963186
1860	0.965312	0.997430	0.997429	0.885700	0.963507	0.963186
1870	0.965670	0.997430	0.997429	0.885918	0.963676	0.963366
1880	0.965970	0.997504	0.997501	0.886256	0.963676	0.963368
1890	0.966209	0.997615	0.997611	0.886396	0.963676	0.963368
1900	0.966418	0.997615	0.997611	0.886691	0.963676	0.963368
1910	0.966643	0.997707	0.997707	0.886867	0.963507	0.963189
1920	0.966869	0.997707	0.997704	0.887004	0.963676	0.963364
1930	0.967109	0.997707	0.997704	0.887144	0.963676	0.963364
1940	0.967311	0.997726	0.997723	0.887316	0.964014	0.963713
1950	0.967510	0.997781	0.997779	0.887514	0.964014	0.963722
1960	0.967728	0.997818	0.997817	0.887503	0.964014	0.963713
1970	0.968023	0.997818	0.997819	0.887762	0.964352	0.964053
1980	0.968187	0.997800	0.997799	0.887881	0.964352	0.964053
1990	0.968400	0.997800	0.997799	0.888059	0.964690	0.964401
2000	0.968568	0.997818	0.997817	0.888214	0.964690	0.964401
2010	0.968760	0.997837	0.997835	0.888371	0.964690	0.964401
2020	0.968959	0.997837	0.997836	0.888523	0.964690	0.964391
2030	0.969148	0.997855	0.997855	0.888647	0.964859	0.964563
2040	0.969333	0.997911	0.997911	0.888762	0.964859	0.964563
2050	0.969549	0.997929	0.997929	0.888979	0.965366	0.965079
2060	0.969769	0.997929	0.997929	0.889183	0.965028	0.964736
2070	0.969996	0.997948	0.997947	0.889392	0.965197	0.964908
2080	0.970247	0.997985	0.997985	0.889612	0.965704	0.965407
2090	0.970407	0.997985	0.997985	0.889782	0.965366	0.965072
2100	0.970584	0.998003	0.998004	0.889888	0.965366	0.965069
2110	0.970740	0.998040	0.998041	0.889954	0.965535	0.965242
2120	0.970939	0.998095	0.998096	0.890147	0.965535	0.965242
2130	0.971110	0.998151	0.998152	0.890222	0.965535	0.965242
2140	0.971329	0.998206	0.998206	0.890388	0.965704	0.965426
2150	0.971502	0.998225	0.998225	0.890573	0.965704	0.965426
2160	0.971705	0.998280	0.998279	0.890809	0.965704	0.965426
2170	0.971907	0.998336	0.998336	0.890833	0.965873	0.965600
2180	0.972051	0.998428	0.998429	0.890961	0.965704	0.965426
2190	0.972212	0.998465	0.998465	0.891073	0.965535	0.965247
2200	0.972384	0.998447	0.998447	0.891137	0.965873	0.965600
2210	0.972580	0.998465	0.998465	0.891322	0.965704	0.965430
2220	0.972785	0.998465	0.998465	0.891482	0.965704	0.965420
2230	0.972952	0.998484	0.998482	0.891740	0.965873	0.965582
2240	0.973117	0.998502	0.998501	0.891959	0.966211	0.965935
2250	0.973305	0.998484	0.998482	0.892147	0.966211	0.965936
2260	0.973527	0.998521	0.998521	0.892378	0.966379	0.966106
2270	0.973681	0.998558	0.998557	0.892514	0.966211	0.965935
2280	0.973841	0.998595	0.998595	0.892514	0.966379	0.966106
2290	0.974001	0.998595	0.998595	0.892638	0.966211	0.965935
2300	0.974171	0.998613	0.998613	0.892737	0.966379	0.966106
2310	0.974296	0.998613	0.998613	0.892760	0.966379	0.966103
2320	0.974433	0.998632	0.998632	0.892901	0.966042	0.965774
2330	0.974571	0.998669	0.998669	0.893067	0.966211	0.965963
2340	0.974717	0.998687	0.998687	0.893166	0.966548	0.966303
2350	0.974894	0.998687	0.998687	0.893315	0.966548	0.966305
2360	0.975034	0.998724	0.998723	0.893483	0.966717	0.966476
2370	0.975184	0.998743	0.998740	0.893650	0.966717	0.966476
2380	0.975326	0.998761	0.998760	0.893863	0.966548	0.966305
2390	0.975470	0.998780	0.998778	0.893961	0.966717	0.966479
2400	0.975593	0.998817	0.998817	0.894093	0.966886	0.966650
2410	0.975767	0.998817	0.998817	0.894210	0.966886	0.966651
2420	0.975903	0.998872	0.998870	0.894366	0.967224	0.966981
2430	0.976022	0.998872	0.998871	0.894521	0.967393	0.967152
2440	0.976150	0.998928	0.998928	0.894531	0.967393	0.967144
2450	0.976300	0.998928	0.998928	0.894661	0.967562	0.967317
2460	0.976443	0.998928	0.998928	0.894795	0.967562	0.967317
2470	0.976572	0.998946	0.998947	0.894934	0.967393	0.967154
2480	0.976712	0.998965	0.998964	0.895123	0.967393	0.967154
2490	0.976828	0.998965	0.998965	0.895259	0.967731	0.967493
2500	0.976930	0.998965	0.998965	0.895342	0.967900	0.967664
2510	0.977072	0.999001	0.999000	0.895488	0.967900	0.967657
2520	0.977191	0.999020	0.999020	0.895637	0.967900	0.967657
2530	0.977315	0.999020	0.999020	0.895743	0.967731	0.967487
2540	0.977422	0.999038	0.999039	0.895841	0.967900	0.967657
2550	0.977520	0.999038	0.999039	0.895956	0.967731	0.967484
2560	0.977621	0.999038	0.999039	0.896067	0.968069	0.967819
2570	0.977755	0.999038	0.999039	0.896172	0.967900	0.967649
2580	0.977873	0.999094	0.999096	0.896275	0.968069	0.967819
2590	0.977998	0.999131	0.999134	0.896342	0.968069	0.967819
2600	0.978115	0.999168	0.999172	0.896481	0.968069	0.967819
2610	0.978236	0.999205	0.999209	0.896663	0.968238	0.967998
2620	0.978344	0.999242	0.999245	0.896774	0.968238	0.967998
2630	0.978466	0.999242	0.999245	0.896943	0.968407	0.968176
2640	0.978555	0.999242	0.999245	0.897023	0.968407	0.968176
2650	0.978657	0.999242	0.999245	0.897172	0.968069	0.967822
2660	0.978758	0.999279	0.999281	0.897324	0.968238	0.967998
2670	0.978860	0.999297	0.999300	0.897421	0.968238	0.967998
2680	0.978962	0.999334	0.999337	0.897513	0.968407	0.968176
2690	0.979068	0.999316	0.999319	0.897654	0.968407	0.968176
2700	0.979172	0.999316	0.999319	0.897759	0.968238	0.968000
2710	0.979285	0.999316	0.999319	0.897867	0.968069	0.967822
2720	0.979410	0.999316	0.999319	0.897969	0.968069	0.967822
2730	0.979555	0.999334	0.999337	0.898074	0.968069	0.967822
2740	0.979663	0.999371	0.999374	0.898204	0.968069	0.967829
2750	0.979762	0.999390	0.999393	0.898324	0.968069	0.967829
2760	0.979863	0.999408	0.999411	0.898417	0.968407	0.968172
2770	0.979958	0.999408	0.999411	0.898550	0.968407	0.968172
2780	0.980025	0.999408	0.999411	0.898589	0.968407	0.968172
2790	0.980116	0.999427	0.999429	0.898648	0.968069	0.967819
2800	0.980204	0.999427	0.999429	0.898715	0.968069	0.967819
2810	0.980307	0.999445	0.999447	0.898807	0.968238	0.967994
2820	0.980396	0.999464	0.999465	0.898889	0.968238	0.967989
2830	0.980455	0.999464	0.999465	0.898918	0.968069	0.967817
2840	0.980542	0.999464	0.999466	0.898996	0.968238	0.967990
2850	0.980637	0.999464	0.999466	0.899067	0.968238	0.967990
2860	0.980739	0.999482	0.999485	0.899169	0.968407	0.968157
2870	0.980828	0.999482	0.999485	0.899261	0.968407	0.968157
2880	0.980892	0.999501	0.999504	0.899315	0.968407	0.968157
2890	0.980982	0.999519	0.999522	0.899404	0.968576	0.968335
2900	0.981076	0.999538	0.999540	0.899481	0.968576	0.968335
2910	0.981165	0.999538	0.999540	0.899564	0.968576	0.968335
2920	0.981244	0.999538	0.999540	0.899643	0.968238	0.967980
2930	0.981318	0.999538	0.999540	0.899732	0.968407	0.968157
2940	0.981403	0.999556	0.999558	0.899806	0.968576	0.968325
2950	0.981477	0.999556	0.999558	0.899876	0.968407	0.968148
2960	0.981562	0.999556	0.999558	0.899948	0.968407	0.968148
2970	0.981651	0.999556	0.999558	0.900095	0.968407	0.968148
2980	0.981726	0.999556	0.999558	0.900156	0.968407	0.968148
2990	0.981813	0.999556	0.999558	0.900280	0.968407	0.968148
3000	0.981881	0.999575	0.999577	0.900366	0.968407	0.968148
3010	0.981958	0.999612	0.999614	0.900414	0.968407	0.968148
3020	0.982032	0.999612	0.999614	0.900479	0.968238	0.967976
3030	0.982135	0.999630	0.999632	0.900743	0.968238	0.967976
3040	0.982224	0.999649	0.999651	0.900796	0.968238	0.967976
3050	0.982305	0.999649	0.999651	0.900909	0.968238	0.967975
3060	0.982393	0.999649	0.999651	0.901044	0.968238	0.967975
3070	0.982475	0.999649	0.999651	0.901103	0.968069	0.967808
3080	0.982580	0.999630	0.999632	0.901186	0.968238	0.967975
3090	0.982667	0.999649	0.999651	0.901207	0.968069	0.967804
3100	0.982751	0.999649	0.999651	0.901320	0.968069	0.967804
3110	0.982825	0.999649	0.999651	0.901361	0.967900	0.967637
3120	0.982917	0.999667	0.999669	0.901437	0.967900	0.967637
3130	0.983007	0.999704	0.999705	0.901511	0.968069	0.967812
3140	0.983088	0.999686	0.999688	0.901611	0.968069	0.967812
3150	0.983159	0.999704	0.999706	0.901685	0.968069	0.967814
3160	0.983246	0.999741	0.999743	0.901764	0.967900	0.967649
3170	0.983332	0.999741	0.999743	0.901839	0.967900	0.967649
3180	0.983399	0.999741	0.999743	0.901881	0.967900	0.967649
3190	0.983483	0.999760	0.999762	0.901960	0.968069	0.967814
3200	0.983540	0.999760	0.999762	0.902027	0.968069	0.967814
3210	0.983598	0.999760	0.999762	0.902110	0.968238	0.967994
3220	0.983662	0.999760	0.999762	0.902185	0.968238	0.967997
3230	0.983730	0.999760	0.999762	0.902190	0.968069	0.967829
3240	0.983799	0.999778	0.999781	0.902238	0.968069	0.967829
3250	0.983867	0.999778	0.999781	0.902315	0.968407	0.968161
3260	0.983930	0.999797	0.999800	0.902467	0.968745	0.968509
3270	0.983986	0.999778	0.999781	0.902530	0.968745	0.968509
3280	0.984063	0.999778	0.999781	0.902611	0.968745	0.968509
3290	0.984137	0.999815	0.999818	0.902708	0.968745	0.968509
3300	0.984202	0.999834	0.999836	0.902746	0.968745	0.968509
3310	0.984261	0.999834	0.999836	0.902794	0.968745	0.968509
3320	0.984323	0.999834	0.999836	0.902835	0.968745	0.968509
3330	0.984384	0.999834	0.999836	0.902915	0.968914	0.968685
3340	0.984443	0.999834	0.999836	0.902954	0.968745	0.968518
3350	0.984512	0.999852	0.999855	0.902994	0.968745	0.968518
3360	0.984576	0.999852	0.999855	0.903046	0.968745	0.968518
3370	0.984637	0.999852	0.999855	0.903085	0.968745	0.968518
3380	0.984701	0.999852	0.999855	0.903124	0.968914	0.968695
3390	0.984745	0.999852	0.999855	0.903163	0.968914	0.968695
3400	0.984802	0.999852	0.999855	0.903205	0.968914	0.968695
3410	0.984872	0.999871	0.999873	0.903272	0.968914	0.968695
3420	0.984924	0.999871	0.999873	0.903292	0.968914	0.968695
3430	0.984968	0.999871	0.999873	0.903359	0.968914	0.968695
3440	0.985021	0.999871	0.999873	0.903415	0.969083	0.968857
3450	0.985079	0.999871	0.999873	0.903482	0.969083	0.968857
3460	0.985142	0.999852	0.999855	0.903510	0.969083	0.968857
3470	0.985194	0.999871	0.999873	0.903583	0.969083	0.968857
3480	0.985246	0.999852	0.999855	0.903645	0.969083	0.968857
3490	0.985311	0.999852	0.999855	0.903688	0.969083	0.968857
3500	0.985372	0.999852	0.999855	0.903741	0.969252	0.969025
3510	0.985423	0.999871	0.999873	0.903805	0.969252	0.969025
3520	0.985485	0.999908	0.999909	0.903839	0.969252	0.969025
3530	0.985532	0.999908	0.999909	0.903846	0.969252	0.969025
3540	0.985587	0.999908	0.999909	0.903926	0.969252	0.969025
3550	0.985635	0.999908	0.999909	0.904002	0.969252	0.969025
3560	0.985687	0.999908	0.999909	0.904049	0.969252	0.969025
3570	0.985741	0.999908	0.999909	0.904147	0.969421	0.969189
3580	0.985800	0.999908	0.999909	0.904229	0.969252	0.969025
3590	0.985854	0.999908	0.999909	0.904261	0.969421	0.969192
3600	0.985904	0.999908	0.999909	0.904303	0.969421	0.969192
3610	0.985960	0.999908	0.999909	0.904368	0.969421	0.969192
3620	0.986015	0.999908	0.999909	0.904427	0.969589	0.969356
3630	0.986070	0.999908	0.999909	0.904469	0.969589	0.969356
3640	0.986117	0.999908	0.999909	0.904521	0.969421	0.969188
3650	0.986155	0.999908	0.999909	0.904528	0.969421	0.969202
3660	0.986196	0.999908	0.999909	0.904613	0.969589	0.969366
3670	0.986238	0.999908	0.999909	0.904629	0.969589	0.969366
3680	0.986272	0.999908	0.999909	0.904753	0.969421	0.969188
3690	0.986312	0.999908	0.999909	0.904804	0.969421	0.969188
3700	0.986354	0.999908	0.999909	0.904824	0.969589	0.969366
3710	0.986406	0.999908	0.999909	0.904858	0.969421	0.969202
3720	0.986452	0.999908	0.999909	0.904902	0.969421	0.969202
3730	0.986501	0.999908	0.999909	0.904959	0.969421	0.969202
3740	0.986545	0.999908	0.999909	0.904997	0.969421	0.969202
3750	0.986590	0.999908	0.999909	0.905033	0.969421	0.969202
3760	0.986638	0.999908	0.999909	0.905081	0.969421	0.969202
3770	0.986688	0.999908	0.999909	0.905110	0.969252	0.969025
3780	0.986734	0.999908	0.999909	0.905163	0.969252	0.969025
3790	0.986778	0.999908	0.999909	0.905232	0.969252	0.969025
3800	0.986821	0.999908	0.999909	0.905281	0.969252	0.969025
3810	0.986860	0.999908	0.999909	0.905305	0.969252	0.969025
3820	0.986915	0.999908	0.999909	0.905371	0.969252	0.969025
3830	0.986966	0.999908	0.999909	0.905427	0.969421	0.969202
3840	0.987010	0.999908	0.999909	0.905484	0.969421	0.969202
3850	0.987049	0.999908	0.999909	0.905526	0.969421	0.969202
3860	0.987089	0.999908	0.999909	0.905566	0.969421	0.969202
3870	0.987133	0.999908	0.999909	0.905598	0.969421	0.969202
3880	0.987171	0.999908	0.999909	0.905648	0.969421	0.969202
3890	0.987207	0.999908	0.999909	0.905691	0.969421	0.969202
3900	0.987247	0.999908	0.999909	0.905721	0.969421	0.969202
3910	0.987284	0.999908	0.999909	0.905760	0.969421	0.969202
3920	0.987328	0.999908	0.999909	0.905810	0.969421	0.969202
3930	0.987369	0.999908	0.999909	0.905857	0.969421	0.969202
3940	0.987417	0.999908	0.999909	0.905894	0.969421	0.969202
3950	0.987459	0.999908	0.999909	0.905918	0.969421	0.969202
3960	0.987501	0.999908	0.999909	0.905948	0.969421	0.969202
3970	0.987542	0.999908	0.999909	0.906010	0.969421	0.969202
3980	0.987576	0.999908	0.999909	0.906050	0.969421	0.969202
3990	0.987614	0.999908	0.999909	0.906090	0.969421	0.969202
4000	0.987656	0.999908	0.999909	0.906144	0.969421	0.969202
