10	0.400805	0.747299	0.715563	0.396766	0.743767	0.715132
20	0.478506	0.789953	0.751521	0.469841	0.783693	0.747784
30	0.517799	0.808172	0.767297	0.508116	0.797844	0.759374
40	0.543854	0.819362	0.777144	0.532700	0.810478	0.770685
50	0.563239	0.827482	0.784169	0.549823	0.818059	0.777224
60	0.585466	0.836194	0.792062	0.570831	0.827830	0.786019
70	0.598383	0.841817	0.797244	0.582253	0.831705	0.789360
80	0.611241	0.846108	0.853055	0.594762	0.837770	0.794570
90	0.622321	0.850289	0.857105	0.604456	0.839623	0.796476
100	0.630154	0.853359	0.860052	0.611350	0.841813	0.798551
110	0.641679	0.856688	0.863274	0.621773	0.845856	0.854504
120	0.652749	0.863569	0.869271	0.632102	0.853437	0.861346
130	0.664215	0.880752	0.884985	0.642398	0.868935	0.874926
140	0.674219	0.890870	0.894260	0.652014	0.878875	0.884023
150	0.684297	0.902098	0.904592	0.661541	0.888814	0.892852
160	0.697611	0.914435	0.916025	0.674276	0.902291	0.905048
170	0.708623	0.921482	0.922567	0.685075	0.908187	0.910404
180	0.716025	0.924238	0.925265	0.692029	0.911557	0.913719
190	0.723306	0.927697	0.928597	0.698891	0.913241	0.915259
200	0.732956	0.931988	0.932725	0.708148	0.917621	0.919268
210	0.739111	0.934799	0.935410	0.713716	0.920654	0.922126
220	0.746563	0.937186	0.937739	0.721046	0.924697	0.926013
230	0.752215	0.939498	0.939993	0.726011	0.926044	0.927316
240	0.756807	0.941366	0.941811	0.729845	0.926718	0.927922
250	0.761568	0.942956	0.943356	0.733900	0.927392	0.928537
260	0.767349	0.945287	0.945629	0.739255	0.929751	0.930828
270	0.773331	0.946767	0.947092	0.744951	0.932951	0.933891
280	0.777384	0.948080	0.948342	0.748540	0.934299	0.935193
290	0.781735	0.949301	0.949542	0.751836	0.934468	0.935327
300	0.785904	0.950855	0.951093	0.755331	0.935815	0.936634
310	0.791568	0.952316	0.952521	0.760204	0.936152	0.936943
320	0.796115	0.954091	0.954250	0.764286	0.937163	0.937900
330	0.799710	0.955183	0.955317	0.767155	0.937837	0.938526
340	0.803147	0.956311	0.956409	0.769978	0.938511	0.939208
350	0.806778	0.957273	0.957357	0.773229	0.939690	0.940265
360	0.810104	0.958253	0.958346	0.775948	0.940532	0.941116
370	0.814864	0.959696	0.959747	0.780090	0.940869	0.941438
380	0.816965	0.960195	0.960255	0.781848	0.941543	0.942105
390	0.820709	0.961287	0.961334	0.785177	0.942217	0.942732
400	0.823474	0.961971	0.962020	0.787467	0.942891	0.943377
410	0.827042	0.962859	0.962914	0.790376	0.943396	0.943898
420	0.830055	0.963599	0.963630	0.792782	0.944239	0.944746
430	0.832676	0.964357	0.964386	0.795189	0.945081	0.945521
440	0.835674	0.965356	0.965382	0.797723	0.945755	0.946194
450	0.839095	0.966133	0.966157	0.800882	0.946092	0.946509
460	0.841174	0.966706	0.966734	0.802290	0.947102	0.947518
470	0.843433	0.967686	0.967710	0.804280	0.947439	0.947875
480	0.846152	0.968371	0.968374	0.806637	0.948619	0.949025
490	0.848974	0.969240	0.969233	0.809061	0.949292	0.949670
500	0.851024	0.969721	0.969717	0.810232	0.948450	0.948823
510	0.853119	0.970331	0.970324	0.812054	0.948619	0.949021
520	0.855449	0.970997	0.970983	0.813805	0.949461	0.949827
530	0.857896	0.971497	0.971493	0.815863	0.949798	0.950201
540	0.859973	0.972274	0.972259	0.816819	0.950472	0.950820
550	0.862665	0.972828	0.972808	0.819319	0.951314	0.951629
560	0.864764	0.973235	0.973208	0.821153	0.951314	0.951660
570	0.867364	0.973809	0.973774	0.823210	0.951819	0.952128
580	0.869461	0.974345	0.974314	0.825123	0.952493	0.952770
590	0.870912	0.974937	0.974898	0.826518	0.952493	0.952806
600	0.872860	0.975289	0.975243	0.827759	0.952662	0.952983
610	0.874541	0.975806	0.975773	0.829044	0.952999	0.953261
620	0.875648	0.976065	0.976033	0.829930	0.953167	0.953456
630	0.877570	0.976417	0.976385	0.831739	0.954009	0.954263
640	0.878994	0.976676	0.976640	0.832698	0.954178	0.954440
650	0.880223	0.977286	0.977251	0.833578	0.955189	0.955426
660	0.881520	0.977527	0.977487	0.834578	0.955694	0.955936
670	0.883414	0.978156	0.978113	0.836223	0.956536	0.956740
680	0.885127	0.978729	0.978685	0.837656	0.956536	0.956771
690	0.886890	0.979154	0.979114	0.839273	0.956705	0.956901
700	0.889089	0.979746	0.979697	0.841095	0.957379	0.957585
710	0.890127	0.980024	0.979969	0.841545	0.956873	0.957048
720	0.891323	0.980449	0.980395	0.842452	0.957547	0.957711
730	0.892756	0.980671	0.980610	0.843882	0.957884	0.958055
740	0.894404	0.981022	0.980970	0.845171	0.957716	0.957866
750	0.895895	0.981300	0.981247	0.846404	0.958558	0.958687
760	0.897409	0.981799	0.981735	0.847685	0.959063	0.959182
770	0.898759	0.982003	0.981945	0.848914	0.959232	0.959355
780	0.899992	0.982391	0.982332	0.849804	0.959737	0.959867
790	0.901157	0.982613	0.982554	0.850469	0.960580	0.960698
800	0.902344	0.983057	0.983003	0.851564	0.960411	0.960529
810	0.903747	0.983427	0.983372	0.852790	0.960916	0.961023
820	0.905295	0.983797	0.983739	0.854071	0.961085	0.961180
830	0.906420	0.983963	0.983905	0.854857	0.960748	0.960852
840	0.907476	0.984148	0.984092	0.855590	0.961085	0.961183
850	0.908161	0.984500	0.984440	0.856042	0.960748	0.960844
860	0.909262	0.984722	0.984661	0.857027	0.961590	0.961686
870	0.910670	0.985110	0.985050	0.858306	0.962433	0.962512
880	0.912524	0.985554	0.985498	0.859835	0.963106	0.963190
890	0.913584	0.985813	0.985754	0.860582	0.962770	0.962855
900	0.914297	0.985980	0.985923	0.860988	0.963275	0.963351
910	0.915517	0.986239	0.986182	0.861890	0.963106	0.963201
920	0.916275	0.986405	0.986351	0.862451	0.963275	0.963365
930	0.916918	0.986479	0.986424	0.862797	0.963275	0.963367
940	0.917739	0.986830	0.986779	0.863407	0.963106	0.963201
950	0.918415	0.987108	0.987055	0.864001	0.962938	0.963023
960	0.919273	0.987330	0.987274	0.864736	0.963443	0.963533
970	0.920238	0.987626	0.987568	0.865514	0.963443	0.963528
980	0.921196	0.987922	0.987868	0.866239	0.964117	0.964201
990	0.922514	0.988255	0.988205	0.866841	0.963780	0.963863
1000	0.923373	0.988421	0.988371	0.867569	0.963949	0.964004
1010	0.924283	0.988736	0.988683	0.868372	0.964286	0.964338
1020	0.925207	0.988884	0.988835	0.869119	0.964286	0.964331
1030	0.925715	0.989032	0.988978	0.869579	0.964960	0.965012
1040	0.926529	0.989142	0.989091	0.870266	0.964791	0.964839
1050	0.927195	0.989253	0.989202	0.870776	0.965296	0.965360
1060	0.927987	0.989660	0.989614	0.871495	0.965296	0.965339
1070	0.928849	0.989845	0.989799	0.872267	0.965465	0.965513
1080	0.929512	0.990012	0.989966	0.872843	0.965296	0.965349
1090	0.930500	0.990067	0.990024	0.873705	0.965465	0.965502
1100	0.931118	0.990215	0.990172	0.874013	0.965802	0.965843
1110	0.931779	0.990474	0.990430	0.874594	0.965465	0.965503
1120	0.932423	0.990474	0.990432	0.875053	0.965970	0.966012
1130	0.933363	0.990604	0.990558	0.875690	0.966139	0.966165
1140	0.934102	0.990789	0.990740	0.876244	0.966307	0.966318
1150	0.934872	0.990900	0.990856	0.876811	0.966476	0.966493
1160	0.935549	0.991140	0.991097	0.877304	0.966476	0.966492
1170	0.936125	0.991344	0.991305	0.877744	0.966476	0.966500
1180	0.936966	0.991436	0.991401	0.878487	0.966476	0.966496
1190	0.937756	0.991529	0.991495	0.879221	0.966644	0.966663
1200	0.938198	0.991695	0.991661	0.879489	0.967150	0.967181
1210	0.938914	0.991806	0.991772	0.880124	0.966981	0.967004
1220	0.939596	0.991972	0.991935	0.880721	0.966813	0.966838
1230	0.940109	0.992194	0.992156	0.880954	0.966981	0.967008
1240	0.940655	0.992361	0.992325	0.881376	0.967487	0.967527
1250	0.941053	0.992398	0.992364	0.881632	0.967992	0.968036
1260	0.941482	0.992490	0.992455	0.881990	0.967655	0.967674
1270	0.942031	0.992712	0.992678	0.882564	0.967655	0.967661
1280	0.942496	0.992749	0.992714	0.882937	0.967655	0.967657
1290	0.943136	0.992916	0.992886	0.883384	0.967487	0.967480
1300	0.943719	0.993027	0.993000	0.883755	0.967655	0.967658
1310	0.944386	0.993193	0.993169	0.884194	0.967487	0.967470
1320	0.944960	0.993267	0.993241	0.884712	0.967487	0.967482
1330	0.945584	0.993397	0.993374	0.885290	0.967655	0.967644
1340	0.946240	0.993508	0.993485	0.885803	0.967992	0.967977
1350	0.946731	0.993637	0.993614	0.886183	0.967992	0.967981
1360	0.947147	0.993841	0.993818	0.886617	0.968160	0.968155
1370	0.947602	0.993970	0.993949	0.886932	0.968160	0.968155
1380	0.947965	0.994081	0.994066	0.887190	0.968160	0.968151
1390	0.948386	0.994118	0.994103	0.887416	0.968329	0.968321
1400	0.948918	0.994174	0.994157	0.887846	0.968497	0.968493
1410	0.949442	0.994322	0.994305	0.888319	0.968329	0.968322
1420	0.949899	0.994285	0.994270	0.888675	0.968329	0.968311
1430	0.950326	0.994414	0.994399	0.888923	0.968497	0.968486
1440	0.950983	0.994580	0.994563	0.889432	0.968666	0.968660
1450	0.951435	0.994580	0.994560	0.889736	0.968666	0.968681
1460	0.951789	0.994654	0.994635	0.890020	0.969003	0.969019
1470	0.952086	0.994784	0.994765	0.890197	0.969003	0.969011
1480	0.952578	0.994839	0.994821	0.890550	0.969171	0.969172
1490	0.952972	0.994932	0.994914	0.890825	0.969340	0.969343
1500	0.953445	0.994950	0.994932	0.891147	0.969508	0.969501
1510	0.953860	0.995080	0.995062	0.891437	0.969845	0.969833
1520	0.954209	0.995154	0.995137	0.891742	0.969677	0.969683
1530	0.954539	0.995302	0.995286	0.891992	0.970013	0.970011
1540	0.954883	0.995413	0.995399	0.892226	0.969677	0.969658
1550	0.955255	0.995431	0.995418	0.892601	0.969845	0.969832
1560	0.955665	0.995487	0.995469	0.892949	0.970013	0.970003
1570	0.956014	0.995616	0.995597	0.893248	0.970013	0.970003
1580	0.956427	0.995579	0.995562	0.893630	0.970182	0.970178
1590	0.956660	0.995635	0.995617	0.893807	0.970182	0.970173
1600	0.956966	0.995690	0.995672	0.893997	0.970350	0.970348
1610	0.957255	0.995727	0.995711	0.894153	0.970519	0.970520
1620	0.957596	0.995727	0.995712	0.894409	0.970519	0.970523
1630	0.957861	0.995820	0.995806	0.894572	0.970519	0.970516
1640	0.958233	0.995894	0.995876	0.894927	0.970350	0.970341
1650	0.958519	0.995986	0.995972	0.895181	0.970519	0.970518
1660	0.958839	0.996005	0.995991	0.895329	0.970519	0.970519
1670	0.959146	0.996060	0.996047	0.895466	0.970856	0.970864
1680	0.959461	0.996060	0.996047	0.895821	0.970856	0.970869
1690	0.959796	0.996134	0.996120	0.896166	0.970687	0.970688
1700	0.960030	0.996282	0.996269	0.896343	0.970687	0.970692
1710	0.960305	0.996319	0.996308	0.896604	0.971024	0.971036
1720	0.960664	0.996375	0.996361	0.896818	0.971193	0.971211
1730	0.960961	0.996393	0.996379	0.896997	0.971024	0.971037
1740	0.961265	0.996430	0.996416	0.897227	0.971024	0.971037
1750	0.961576	0.996504	0.996489	0.897420	0.971024	0.971043
1760	0.961915	0.996560	0.996546	0.897698	0.971024	0.971043
1770	0.962167	0.996578	0.996566	0.897945	0.970856	0.970871
1780	0.962498	0.996689	0.996677	0.898264	0.971193	0.971213
1790	0.962832	0.996708	0.996695	0.898497	0.971024	0.971058
1800	0.963084	0.996745	0.996733	0.898686	0.970687	0.970703
1810	0.963324	0.996819	0.996805	0.898791	0.970519	0.970536
1820	0.963614	0.996874	0.996862	0.899080	0.970856	0.970878
1830	0.963949	0.996856	0.996842	0.899404	0.971024	0.971045
1840	0.964295	0.996856	0.996841	0.899659	0.971024	0.971045
1850	0.964513	0.996893	0.996880	0.899883	0.971024	0.971042
1860	0.964801	0.996948	0.996938	0.900346	0.971193	0.971216
1870	0.965005	0.996948	0.996937	0.900374	0.971361	0.971383
1880	0.965200	0.996985	0.996975	0.900509	0.971193	0.971207
1890	0.965399	0.996985	0.996976	0.900658	0.971530	0.971545
1900	0.965679	0.997041	0.997032	0.900858	0.971530	0.971542
1910	0.965903	0.997078	0.997070	0.901046	0.972035	0.972051
1920	0.966133	0.997115	0.997107	0.901207	0.972035	0.972051
1930	0.966378	0.997189	0.997182	0.901335	0.972035	0.972051
1940	0.966620	0.997226	0.997220	0.901493	0.971698	0.971712
1950	0.966875	0.997281	0.997274	0.901709	0.972035	0.972049
1960	0.967085	0.997318	0.997311	0.901988	0.971698	0.971708
1970	0.967323	0.997429	0.997422	0.902139	0.971698	0.971701
1980	0.967525	0.997447	0.997438	0.902273	0.971698	0.971701
1990	0.967749	0.997521	0.997513	0.902420	0.971698	0.971701
2000	0.968071	0.997614	0.997604	0.902648	0.971530	0.971536
2010	0.968376	0.997706	0.997696	0.902920	0.971867	0.971872
2020	0.968560	0.997706	0.997696	0.903067	0.971867	0.971872
2030	0.968760	0.997762	0.997753	0.903202	0.972204	0.972207
2040	0.968940	0.997799	0.997789	0.903320	0.972035	0.972039
2050	0.969164	0.997817	0.997807	0.903466	0.972372	0.972382
2060	0.969358	0.997817	0.997807	0.903680	0.972204	0.972204
2070	0.969544	0.997854	0.997844	0.903931	0.972035	0.972043
2080	0.969697	0.997891	0.997881	0.903986	0.971867	0.971875
2090	0.969871	0.998002	0.997993	0.904073	0.971867	0.971880
2100	0.970008	0.998039	0.998032	0.904202	0.971867	0.971880
2110	0.970214	0.998058	0.998051	0.904364	0.971867	0.971878
2120	0.970380	0.998058	0.998051	0.904532	0.972035	0.972040
2130	0.970579	0.998113	0.998106	0.904705	0.972204	0.972223
2140	0.970766	0.998169	0.998162	0.904814	0.972372	0.972398
2150	0.970945	0.998206	0.998200	0.904946	0.972540	0.972565
2160	0.971205	0.998224	0.998219	0.905127	0.972540	0.972565
2170	0.971402	0.998243	0.998236	0.905293	0.972540	0.972565
2180	0.971546	0.998317	0.998310	0.905384	0.972540	0.972565
2190	0.971712	0.998335	0.998329	0.905524	0.972540	0.972565
2200	0.971887	0.998335	0.998330	0.905644	0.972540	0.972565
2210	0.972047	0.998372	0.998367	0.905698	0.972540	0.972565
2220	0.972199	0.998354	0.998348	0.905880	0.972540	0.972565
2230	0.972359	0.998428	0.998424	0.906028	0.972540	0.972565
2240	0.972520	0.998446	0.998443	0.906235	0.972709	0.972739
2250	0.972718	0.998446	0.998443	0.906383	0.972540	0.972565
2260	0.972872	0.998465	0.998462	0.906498	0.972540	0.972565
2270	0.973077	0.998483	0.998480	0.906654	0.972372	0.972392
2280	0.973243	0.998520	0.998518	0.906704	0.972709	0.972737
2290	0.973392	0.998539	0.998535	0.906847	0.972877	0.972907
2300	0.973519	0.998557	0.998554	0.906978	0.973383	0.973403
2310	0.973683	0.998576	0.998573	0.907227	0.973551	0.973574
2320	0.973861	0.998576	0.998573	0.907337	0.973214	0.973239
2330	0.974035	0.998650	0.998648	0.907603	0.973383	0.973416
2340	0.974198	0.998650	0.998648	0.907748	0.973383	0.973413
2350	0.974404	0.998650	0.998648	0.907876	0.973383	0.973407
2360	0.974569	0.998631	0.998629	0.907974	0.973214	0.973238
2370	0.974732	0.998668	0.998668	0.908182	0.973214	0.973238
2380	0.974914	0.998668	0.998668	0.908405	0.973383	0.973411
2390	0.975111	0.998687	0.998687	0.908535	0.973046	0.973079
2400	0.975257	0.998742	0.998743	0.908729	0.972877	0.972917
2410	0.975415	0.998761	0.998762	0.908809	0.973046	0.973089
2420	0.975583	0.998779	0.998780	0.908946	0.973046	0.973089
2430	0.975735	0.998779	0.998780	0.909084	0.973383	0.973424
2440	0.975901	0.998779	0.998780	0.909207	0.973383	0.973424
2450	0.976033	0.998798	0.998799	0.909327	0.973383	0.973424
2460	0.976172	0.998798	0.998799	0.909464	0.973383	0.973424
2470	0.976282	0.998816	0.998817	0.909561	0.973720	0.973756
2480	0.976382	0.998835	0.998836	0.909595	0.973551	0.973600
2490	0.976520	0.998853	0.998854	0.909702	0.973720	0.973761
2500	0.976649	0.998853	0.998853	0.909803	0.973720	0.973761
2510	0.976758	0.998853	0.998853	0.909871	0.973551	0.973604
2520	0.976898	0.998890	0.998890	0.909839	0.973551	0.973604
2530	0.977027	0.998890	0.998890	0.909917	0.973383	0.973433
2540	0.977136	0.998909	0.998909	0.909975	0.973551	0.973601
2550	0.977272	0.998927	0.998927	0.910054	0.973720	0.973772
2560	0.977386	0.998927	0.998928	0.910129	0.973383	0.973442
2570	0.977494	0.998927	0.998928	0.910235	0.973383	0.973442
2580	0.977605	0.998964	0.998965	0.910326	0.973551	0.973626
2590	0.977717	0.998983	0.998983	0.910451	0.973383	0.973448
2600	0.977825	0.998983	0.998983	0.910568	0.973214	0.973287
2610	0.977936	0.999001	0.999000	0.910631	0.973214	0.973287
2620	0.978061	0.999001	0.999000	0.910776	0.973383	0.973465
2630	0.978163	0.999020	0.999019	0.910891	0.973383	0.973465
2640	0.978285	0.999038	0.999037	0.911008	0.973383	0.973467
2650	0.978380	0.999075	0.999074	0.911078	0.973551	0.973628
2660	0.978490	0.999075	0.999074	0.911171	0.973551	0.973640
2670	0.978586	0.999112	0.999112	0.911234	0.973720	0.973801
2680	0.978698	0.999112	0.999112	0.911323	0.973720	0.973807
2690	0.978813	0.999112	0.999112	0.911379	0.973720	0.973801
2700	0.978904	0.999112	0.999112	0.911450	0.973720	0.973801
2710	0.979022	0.999112	0.999111	0.911558	0.973720	0.973801
2720	0.979104	0.999112	0.999111	0.911652	0.974057	0.974124
2730	0.979174	0.999131	0.999129	0.911710	0.974057	0.974130
2740	0.979267	0.999131	0.999129	0.911788	0.973888	0.973950
2750	0.979352	0.999149	0.999147	0.911863	0.973888	0.973944
2760	0.979468	0.999149	0.999147	0.911993	0.973888	0.973944
2770	0.979589	0.999149	0.999147	0.912097	0.973888	0.973944
2780	0.979716	0.999168	0.999165	0.912144	0.973888	0.973944
2790	0.979821	0.999223	0.999221	0.912241	0.973888	0.973950
2800	0.979914	0.999223	0.999220	0.912364	0.973888	0.973950
2810	0.980013	0.999260	0.999258	0.912444	0.973888	0.973950
2820	0.980106	0.999260	0.999258	0.912538	0.974057	0.974113
2830	0.980190	0.999297	0.999296	0.912575	0.974057	0.974113
2840	0.980273	0.999316	0.999315	0.912647	0.974057	0.974113
2850	0.980366	0.999334	0.999333	0.912779	0.974057	0.974113
2860	0.980467	0.999371	0.999372	0.912847	0.973888	0.973937
2870	0.980581	0.999408	0.999408	0.912922	0.973888	0.973943
2880	0.980668	0.999408	0.999408	0.913034	0.973888	0.973938
2890	0.980784	0.999408	0.999408	0.913137	0.973888	0.973932
2900	0.980880	0.999408	0.999408	0.913217	0.973888	0.973932
2910	0.980993	0.999427	0.999427	0.913284	0.973888	0.973932
2920	0.981058	0.999427	0.999427	0.913318	0.974057	0.974108
2930	0.981141	0.999427	0.999427	0.913386	0.974057	0.974102
2940	0.981232	0.999427	0.999427	0.913460	0.974057	0.974102
2950	0.981323	0.999445	0.999446	0.913541	0.974057	0.974102
2960	0.981418	0.999482	0.999484	0.913640	0.974057	0.974102
2970	0.981494	0.999482	0.999484	0.913761	0.974057	0.974102
2980	0.981613	0.999482	0.999484	0.913841	0.974057	0.974102
2990	0.981685	0.999482	0.999484	0.913872	0.974057	0.974099
3000	0.981765	0.999501	0.999503	0.913966	0.974394	0.974444
3010	0.981852	0.999519	0.999521	0.914037	0.974394	0.974444
3020	0.981934	0.999538	0.999540	0.914095	0.974394	0.974438
3030	0.982009	0.999538	0.999540	0.914168	0.974394	0.974450
3040	0.982068	0.999538	0.999540	0.914204	0.974394	0.974450
3050	0.982155	0.999538	0.999540	0.914268	0.974394	0.974450
3060	0.982221	0.999538	0.999540	0.914336	0.974394	0.974450
3070	0.982297	0.999538	0.999540	0.914426	0.974394	0.974450
3080	0.982371	0.999538	0.999540	0.914607	0.974394	0.974450
3090	0.982448	0.999538	0.999540	0.914665	0.974394	0.974450
3100	0.982539	0.999556	0.999558	0.914749	0.974394	0.974450
3110	0.982618	0.999556	0.999558	0.914815	0.974394	0.974448
3120	0.982685	0.999556	0.999558	0.914893	0.974225	0.974273
3130	0.982751	0.999575	0.999577	0.914956	0.974057	0.974100
3140	0.982829	0.999575	0.999577	0.915056	0.974057	0.974102
3150	0.982904	0.999575	0.999577	0.915177	0.974225	0.974277
3160	0.982978	0.999575	0.999577	0.915258	0.974225	0.974277
3170	0.983053	0.999575	0.999577	0.915301	0.974394	0.974450
3180	0.983118	0.999593	0.999596	0.915377	0.974394	0.974450
3190	0.983182	0.999593	0.999596	0.915412	0.974562	0.974612
3200	0.983256	0.999612	0.999616	0.915515	0.974562	0.974612
3210	0.983313	0.999612	0.999616	0.915558	0.974562	0.974612
3220	0.983384	0.999612	0.999616	0.915580	0.974562	0.974619
3230	0.983470	0.999630	0.999635	0.915648	0.974394	0.974452
3240	0.983548	0.999612	0.999616	0.915735	0.974225	0.974299
3250	0.983614	0.999630	0.999635	0.915777	0.974394	0.974459
3260	0.983667	0.999630	0.999635	0.915824	0.974057	0.974127
3270	0.983732	0.999630	0.999635	0.915909	0.974225	0.974287
3280	0.983801	0.999630	0.999635	0.915996	0.974225	0.974270
3290	0.983853	0.999630	0.999635	0.916039	0.974057	0.974128
3300	0.983923	0.999630	0.999635	0.916105	0.974057	0.974120
3310	0.983986	0.999630	0.999635	0.916152	0.974225	0.974280
3320	0.984047	0.999649	0.999654	0.916224	0.974394	0.974447
3330	0.984115	0.999649	0.999654	0.916301	0.974057	0.974100
3340	0.984174	0.999649	0.999654	0.916411	0.974394	0.974442
3350	0.984241	0.999667	0.999673	0.916450	0.974394	0.974442
3360	0.984302	0.999667	0.999673	0.916512	0.974225	0.974282
3370	0.984364	0.999686	0.999690	0.916569	0.974225	0.974282
3380	0.984459	0.999704	0.999709	0.916654	0.974225	0.974282
3390	0.984510	0.999704	0.999709	0.916710	0.974394	0.974442
3400	0.984584	0.999723	0.999727	0.916751	0.974225	0.974282
3410	0.984635	0.999723	0.999727	0.916820	0.974225	0.974282
3420	0.984693	0.999723	0.999727	0.916890	0.974057	0.974122
3430	0.984759	0.999723	0.999727	0.916945	0.974057	0.974122
3440	0.984819	0.999723	0.999727	0.917012	0.974225	0.974289
3450	0.984870	0.999723	0.999727	0.917056	0.974394	0.974450
3460	0.984924	0.999723	0.999727	0.917106	0.974394	0.974442
3470	0.984991	0.999723	0.999726	0.917202	0.974394	0.974435
3480	0.985049	0.999741	0.999745	0.917293	0.974899	0.974947
3490	0.985114	0.999741	0.999745	0.917338	0.975067	0.975119
3500	0.985166	0.999760	0.999762	0.917411	0.974899	0.974945
3510	0.985216	0.999760	0.999762	0.917414	0.974394	0.974459
3520	0.985267	0.999760	0.999762	0.917458	0.974225	0.974288
3530	0.985322	0.999760	0.999762	0.917510	0.974562	0.974626
3540	0.985380	0.999760	0.999762	0.917566	0.974730	0.974786
3550	0.985423	0.999760	0.999762	0.917612	0.974730	0.974786
3560	0.985481	0.999760	0.999762	0.917665	0.974899	0.974957
3570	0.985534	0.999778	0.999780	0.917715	0.974899	0.974957
3580	0.985579	0.999797	0.999799	0.917806	0.974899	0.974951
3590	0.985631	0.999797	0.999799	0.917846	0.974899	0.974951
3600	0.985687	0.999797	0.999799	0.917883	0.975067	0.975123
3610	0.985739	0.999797	0.999799	0.917921	0.974899	0.974960
3620	0.985794	0.999797	0.999799	0.917985	0.974899	0.974960
3630	0.985838	0.999797	0.999799	0.918025	0.975067	0.975124
3640	0.985882	0.999815	0.999817	0.918048	0.975067	0.975124
3650	0.985935	0.999815	0.999817	0.918098	0.975236	0.975287
3660	0.985990	0.999815	0.999817	0.918162	0.975236	0.975287
3670	0.986034	0.999815	0.999817	0.918184	0.975236	0.975287
3680	0.986087	0.999815	0.999817	0.918232	0.975067	0.975126
3690	0.986136	0.999815	0.999817	0.918282	0.974899	0.974964
3700	0.986186	0.999815	0.999817	0.918352	0.974899	0.974964
3710	0.986232	0.999815	0.999817	0.918416	0.974730	0.974804
3720	0.986275	0.999815	0.999817	0.918452	0.974899	0.974964
3730	0.986316	0.999834	0.999835	0.918492	0.974899	0.974964
3740	0.986362	0.999834	0.999835	0.918536	0.975067	0.975124
3750	0.986410	0.999834	0.999835	0.918589	0.975067	0.975124
3760	0.986456	0.999852	0.999854	0.918625	0.975236	0.975287
3770	0.986516	0.999852	0.999854	0.918684	0.975236	0.975287
3780	0.986566	0.999852	0.999854	0.918765	0.975236	0.975287
3790	0.986610	0.999852	0.999854	0.918799	0.975236	0.975287
3800	0.986651	0.999852	0.999854	0.918818	0.975067	0.975124
3810	0.986691	0.999852	0.999854	0.918873	0.974899	0.974951
3820	0.986733	0.999852	0.999854	0.918915	0.974899	0.974951
3830	0.986772	0.999852	0.999854	0.918938	0.974899	0.974953
3840	0.986812	0.999852	0.999854	0.918974	0.974899	0.974953
3850	0.986851	0.999852	0.999854	0.919001	0.974899	0.974953
3860	0.986893	0.999852	0.999854	0.919042	0.974899	0.974953
3870	0.986937	0.999852	0.999854	0.919096	0.974730	0.974776
3880	0.986994	0.999852	0.999854	0.919165	0.974899	0.974953
3890	0.987034	0.999852	0.999854	0.919272	0.974730	0.974776
3900	0.987076	0.999871	0.999871	0.919293	0.974899	0.974952
3910	0.987120	0.999871	0.999871	0.919351	0.975067	0.975125
3920	0.987158	0.999871	0.999871	0.919384	0.975067	0.975125
3930	0.987206	0.999871	0.999871	0.919489	0.975067	0.975125
3940	0.987248	0.999871	0.999871	0.919534	0.975236	0.975296
3950	0.987294	0.999871	0.999871	0.919551	0.975236	0.975296
3960	0.987334	0.999871	0.999871	0.919616	0.975236	0.975296
3970	0.987373	0.999871	0.999871	0.919667	0.975236	0.975296
3980	0.987414	0.999871	0.999871	0.919696	0.975236	0.975296
3990	0.987456	0.999871	0.999871	0.919731	0.975236	0.975296
4000	0.987499	0.999889	0.999889	0.919716	0.975067	0.975123
