10	0.390156	0.737437	0.699676	0.386105	0.732733	0.698024
20	0.458373	0.781228	0.743540	0.450409	0.777110	0.742327
30	0.509003	0.803503	0.763499	0.498238	0.795796	0.758626
40	0.536433	0.816669	0.774934	0.522834	0.808308	0.769619
50	0.556307	0.823297	0.780292	0.540775	0.815315	0.775592
60	0.573181	0.829926	0.786143	0.556141	0.821655	0.781327
70	0.587825	0.835722	0.791621	0.569480	0.827661	0.786829
80	0.600900	0.840721	0.796211	0.580494	0.830831	0.789736
90	0.611384	0.844332	0.799448	0.589835	0.832833	0.791610
100	0.622111	0.849035	0.855654	0.599723	0.838005	0.795941
110	0.631489	0.852757	0.859186	0.607537	0.839840	0.849957
120	0.640772	0.856090	0.862596	0.615704	0.842009	0.852080
130	0.652805	0.867459	0.872854	0.627178	0.852853	0.861662
140	0.662233	0.881606	0.885455	0.635726	0.867034	0.873612
150	0.673498	0.891642	0.894635	0.646262	0.876210	0.881678
160	0.684180	0.904288	0.906395	0.656314	0.887888	0.892042
170	0.693931	0.911825	0.913492	0.664486	0.893060	0.896697
180	0.699530	0.914898	0.916417	0.669529	0.896897	0.900305
190	0.708354	0.921416	0.922573	0.677849	0.904404	0.907187
200	0.718280	0.925675	0.926626	0.687627	0.906073	0.908507
210	0.723715	0.928378	0.929214	0.692545	0.910410	0.912635
220	0.730362	0.931822	0.932537	0.698255	0.914081	0.916137
230	0.741306	0.935618	0.936149	0.708411	0.918252	0.919968
240	0.748218	0.938062	0.938546	0.714167	0.920587	0.922204
250	0.752400	0.940729	0.941147	0.717477	0.922756	0.924243
260	0.757533	0.942636	0.943021	0.721970	0.924591	0.925969
270	0.762532	0.944451	0.944785	0.726407	0.926760	0.928007
280	0.767945	0.945895	0.946208	0.731220	0.927594	0.928749
290	0.775067	0.948209	0.948446	0.737701	0.928929	0.930055
300	0.778564	0.948821	0.949072	0.740429	0.929096	0.930191
310	0.783121	0.950394	0.950615	0.744389	0.931098	0.932120
320	0.788141	0.952413	0.952578	0.748828	0.933600	0.934473
330	0.793578	0.954135	0.954263	0.753583	0.935102	0.935863
340	0.796885	0.955412	0.955523	0.756406	0.936270	0.936987
350	0.801683	0.957023	0.957126	0.760652	0.936770	0.937468
360	0.805275	0.957838	0.957939	0.763781	0.938438	0.939027
370	0.808552	0.958708	0.958797	0.766099	0.940440	0.941026
380	0.811690	0.959616	0.959712	0.768737	0.941275	0.941878
390	0.815319	0.960708	0.960796	0.771438	0.942109	0.942701
400	0.818619	0.961782	0.961853	0.773950	0.943777	0.944298
410	0.822154	0.962874	0.962934	0.777562	0.944278	0.944800
420	0.826068	0.963782	0.963827	0.781274	0.945612	0.946084
430	0.828477	0.964597	0.964634	0.783343	0.945279	0.945741
440	0.831178	0.965263	0.965292	0.785763	0.946780	0.947250
450	0.833620	0.965615	0.965648	0.788022	0.946947	0.947461
460	0.836566	0.966448	0.966498	0.790175	0.948115	0.948564
470	0.839850	0.967281	0.967308	0.793060	0.948949	0.949356
480	0.841791	0.967985	0.968021	0.794434	0.949616	0.950014
490	0.844934	0.968670	0.968687	0.797118	0.950617	0.951005
500	0.847400	0.969337	0.969353	0.798977	0.950284	0.950665
510	0.849783	0.969985	0.970002	0.801125	0.950617	0.950917
520	0.851989	0.970540	0.970559	0.802895	0.950784	0.951108
530	0.854915	0.970911	0.970938	0.805573	0.951451	0.951757
540	0.856162	0.971225	0.971251	0.806358	0.951785	0.952083
550	0.858879	0.971948	0.971965	0.808831	0.952953	0.953173
560	0.861181	0.972503	0.972506	0.810562	0.953287	0.953495
570	0.862862	0.973133	0.973136	0.811433	0.952953	0.953149
580	0.864736	0.973781	0.973780	0.812892	0.952619	0.952829
590	0.866606	0.974244	0.974239	0.814525	0.953287	0.953496
600	0.869142	0.974707	0.974688	0.816838	0.954288	0.954443
610	0.870606	0.975077	0.975062	0.818226	0.954454	0.954657
620	0.872647	0.975466	0.975441	0.819931	0.954454	0.954646
630	0.873744	0.975873	0.975853	0.820622	0.954121	0.954314
640	0.875146	0.976317	0.976304	0.821871	0.954621	0.954829
650	0.878189	0.976966	0.976943	0.824411	0.954955	0.955106
660	0.879538	0.977243	0.977222	0.825381	0.955455	0.955603
670	0.880726	0.977725	0.977701	0.826192	0.955122	0.955271
680	0.881892	0.977965	0.977943	0.826950	0.955622	0.955761
690	0.883180	0.978373	0.978342	0.827867	0.956123	0.956230
700	0.885555	0.979039	0.979007	0.829796	0.956456	0.956531
710	0.887405	0.979613	0.979584	0.831523	0.956623	0.956700
720	0.888755	0.979965	0.979930	0.832717	0.957124	0.957201
730	0.890712	0.980484	0.980447	0.834464	0.957457	0.957525
740	0.891612	0.980761	0.980710	0.834960	0.956957	0.957015
750	0.893291	0.981187	0.981134	0.836537	0.957457	0.957490
760	0.894812	0.981502	0.981448	0.837522	0.957457	0.957498
770	0.895872	0.981983	0.981932	0.838143	0.957457	0.957475
780	0.897063	0.982298	0.982239	0.839018	0.958125	0.958160
790	0.898325	0.982372	0.982313	0.839912	0.957624	0.957621
800	0.899856	0.982669	0.982610	0.841137	0.958959	0.958968
810	0.901234	0.982891	0.982833	0.842218	0.958792	0.958815
820	0.902391	0.983039	0.982986	0.843168	0.958792	0.958818
830	0.903523	0.983502	0.983447	0.844165	0.958625	0.958646
840	0.904403	0.983798	0.983740	0.844753	0.958125	0.958132
850	0.906071	0.984205	0.984163	0.846202	0.958292	0.958306
860	0.907092	0.984317	0.984269	0.847013	0.958625	0.958621
870	0.908069	0.984409	0.984360	0.847923	0.958959	0.958951
880	0.908996	0.984742	0.984696	0.848567	0.959293	0.959266
890	0.910188	0.985113	0.985064	0.849633	0.959293	0.959262
900	0.911273	0.985391	0.985342	0.850407	0.959793	0.959750
910	0.912277	0.985687	0.985643	0.851234	0.959793	0.959759
920	0.913604	0.985946	0.985900	0.852670	0.960294	0.960264
930	0.914772	0.986446	0.986403	0.853652	0.960794	0.960747
940	0.915791	0.986668	0.986628	0.854319	0.961461	0.961401
950	0.916924	0.986890	0.986850	0.855288	0.961795	0.961738
960	0.917671	0.987187	0.987142	0.855865	0.961795	0.961740
970	0.918674	0.987409	0.987363	0.856641	0.961628	0.961572
980	0.920147	0.987816	0.987768	0.857929	0.962296	0.962230
990	0.920864	0.987946	0.987900	0.858427	0.961962	0.961899
1000	0.922037	0.988205	0.988164	0.859333	0.962462	0.962398
1010	0.922860	0.988353	0.988304	0.859912	0.962629	0.962575
1020	0.923434	0.988612	0.988568	0.860279	0.962462	0.962401
1030	0.924457	0.988872	0.988826	0.861118	0.962296	0.962229
1040	0.925305	0.989131	0.989086	0.861875	0.962629	0.962576
1050	0.925996	0.989205	0.989162	0.862541	0.962796	0.962725
1060	0.926987	0.989446	0.989400	0.863396	0.963463	0.963366
1070	0.927616	0.989575	0.989532	0.864006	0.963463	0.963380
1080	0.928739	0.989723	0.989681	0.864981	0.963797	0.963696
1090	0.929280	0.989890	0.989847	0.865278	0.963964	0.963870
1100	0.930027	0.990038	0.989992	0.866008	0.964298	0.964209
1110	0.930522	0.990242	0.990200	0.866225	0.964464	0.964379
1120	0.931386	0.990427	0.990389	0.866813	0.964464	0.964376
1130	0.932123	0.990649	0.990613	0.867449	0.964464	0.964380
1140	0.933159	0.990816	0.990781	0.868444	0.964631	0.964541
1150	0.933804	0.990871	0.990836	0.868686	0.964464	0.964366
1160	0.934666	0.991057	0.991022	0.869475	0.964464	0.964361
1170	0.935325	0.991297	0.991264	0.869996	0.964798	0.964682
1180	0.936227	0.991482	0.991449	0.870836	0.964798	0.964682
1190	0.936916	0.991594	0.991560	0.871460	0.964464	0.964350
1200	0.937430	0.991686	0.991649	0.871830	0.964798	0.964680
1210	0.937967	0.991816	0.991783	0.872175	0.964965	0.964842
1220	0.938676	0.991945	0.991914	0.872736	0.965132	0.965025
1230	0.939624	0.992112	0.992081	0.873585	0.965299	0.965182
1240	0.940111	0.992242	0.992214	0.873980	0.965132	0.965006
1250	0.940638	0.992260	0.992233	0.874299	0.965299	0.965174
1260	0.941097	0.992427	0.992400	0.874560	0.965299	0.965186
1270	0.941790	0.992556	0.992529	0.875125	0.965632	0.965517
1280	0.942366	0.992742	0.992713	0.875576	0.965632	0.965517
1290	0.942959	0.992834	0.992805	0.876044	0.965465	0.965342
1300	0.943692	0.992908	0.992883	0.876721	0.965299	0.965178
1310	0.944232	0.992908	0.992884	0.877163	0.965132	0.965021
1320	0.944967	0.993001	0.992976	0.877870	0.965465	0.965349
1330	0.945448	0.993075	0.993051	0.878244	0.965632	0.965506
1340	0.946117	0.993149	0.993124	0.878864	0.965799	0.965670
1350	0.946672	0.993334	0.993312	0.879253	0.965799	0.965670
1360	0.947102	0.993501	0.993482	0.879603	0.966466	0.966356
1370	0.947670	0.993612	0.993590	0.880032	0.966466	0.966356
1380	0.948202	0.993816	0.993791	0.880537	0.966466	0.966356
1390	0.948561	0.993908	0.993880	0.880773	0.966466	0.966356
1400	0.949004	0.993964	0.993936	0.881192	0.966800	0.966684
1410	0.949293	0.994130	0.994104	0.881436	0.966633	0.966516
1420	0.949647	0.994149	0.994122	0.881664	0.966800	0.966680
1430	0.950031	0.994278	0.994253	0.882018	0.967134	0.967025
1440	0.950526	0.994334	0.994308	0.882419	0.967134	0.967026
1450	0.950883	0.994464	0.994442	0.882677	0.966967	0.966859
1460	0.951270	0.994630	0.994610	0.882905	0.966967	0.966851
1470	0.951681	0.994686	0.994664	0.883265	0.966967	0.966846
1480	0.952280	0.994741	0.994721	0.883929	0.967134	0.967020
1490	0.952653	0.994834	0.994811	0.884219	0.966633	0.966534
1500	0.953071	0.994926	0.994905	0.884621	0.966633	0.966534
1510	0.953448	0.994964	0.994942	0.884869	0.966800	0.966697
1520	0.953797	0.995019	0.995001	0.885127	0.966967	0.966865
1530	0.954174	0.995186	0.995168	0.885429	0.966633	0.966533
1540	0.954698	0.995260	0.995243	0.885872	0.966633	0.966523
1550	0.954967	0.995334	0.995319	0.886118	0.966800	0.966680
1560	0.955402	0.995389	0.995377	0.886467	0.966800	0.966682
1570	0.955865	0.995445	0.995432	0.886943	0.966967	0.966851
1580	0.956127	0.995482	0.995468	0.887182	0.966800	0.966685
1590	0.956440	0.995538	0.995523	0.887414	0.966800	0.966685
1600	0.956769	0.995556	0.995542	0.887678	0.966800	0.966685
1610	0.957116	0.995612	0.995599	0.888079	0.966967	0.966855
1620	0.957386	0.995686	0.995671	0.888394	0.966967	0.966855
1630	0.957756	0.995704	0.995688	0.888640	0.966800	0.966685
1640	0.958106	0.995871	0.995854	0.888805	0.967134	0.967022
1650	0.958461	0.995908	0.995892	0.889116	0.967134	0.967025
1660	0.958831	0.996019	0.996002	0.889385	0.967301	0.967194
1670	0.959251	0.996093	0.996075	0.889832	0.967634	0.967513
1680	0.959575	0.996204	0.996187	0.890135	0.967801	0.967697
1690	0.959878	0.996260	0.996246	0.890315	0.967968	0.967865
1700	0.960250	0.996260	0.996245	0.890741	0.967801	0.967701
1710	0.960558	0.996371	0.996357	0.890985	0.967801	0.967697
1720	0.960862	0.996389	0.996376	0.891286	0.967634	0.967529
1730	0.961089	0.996445	0.996433	0.891470	0.967801	0.967691
1740	0.961375	0.996593	0.996583	0.891695	0.967634	0.967534
1750	0.961660	0.996611	0.996600	0.891962	0.967801	0.967698
1760	0.961909	0.996649	0.996638	0.892144	0.967801	0.967708
1770	0.962210	0.996704	0.996696	0.892516	0.967968	0.967882
1780	0.962577	0.996667	0.996658	0.892851	0.968302	0.968212
1790	0.962879	0.996741	0.996732	0.893112	0.968302	0.968212
1800	0.963152	0.996741	0.996731	0.893276	0.968302	0.968212
1810	0.963422	0.996797	0.996786	0.893490	0.968302	0.968212
1820	0.963758	0.996797	0.996786	0.893776	0.968302	0.968212
1830	0.964028	0.996889	0.996877	0.894085	0.968302	0.968212
1840	0.964294	0.996982	0.996972	0.894229	0.968302	0.968212
1850	0.964550	0.997074	0.997064	0.894385	0.968302	0.968212
1860	0.964751	0.997223	0.997212	0.894601	0.968302	0.968208
1870	0.965032	0.997260	0.997251	0.894854	0.968302	0.968204
1880	0.965278	0.997297	0.997289	0.894974	0.968302	0.968205
1890	0.965507	0.997371	0.997364	0.895124	0.968468	0.968374
1900	0.965825	0.997389	0.997384	0.895416	0.968302	0.968205
1910	0.966060	0.997408	0.997402	0.895601	0.968302	0.968202
1920	0.966292	0.997389	0.997384	0.895770	0.968468	0.968359
1930	0.966468	0.997408	0.997402	0.895928	0.968635	0.968538
1940	0.966676	0.997482	0.997477	0.896102	0.968302	0.968204
1950	0.966924	0.997482	0.997478	0.896273	0.968635	0.968536
1960	0.967204	0.997574	0.997571	0.896546	0.968635	0.968525
1970	0.967419	0.997574	0.997571	0.896737	0.968635	0.968531
1980	0.967600	0.997574	0.997571	0.896834	0.968635	0.968531
1990	0.967917	0.997593	0.997589	0.897190	0.968635	0.968522
2000	0.968153	0.997630	0.997626	0.897445	0.968802	0.968686
2010	0.968385	0.997630	0.997626	0.897672	0.968802	0.968686
2020	0.968604	0.997685	0.997683	0.897853	0.968802	0.968686
2030	0.968804	0.997741	0.997740	0.898028	0.968802	0.968686
2040	0.969058	0.997834	0.997831	0.898181	0.969136	0.969026
2050	0.969196	0.997871	0.997869	0.898308	0.968969	0.968860
2060	0.969443	0.997945	0.997940	0.898516	0.968969	0.968861
2070	0.969610	0.997982	0.997977	0.898688	0.968969	0.968853
2080	0.969821	0.998019	0.998013	0.898852	0.969136	0.969028
2090	0.969997	0.998000	0.997995	0.899007	0.969136	0.969029
2100	0.970184	0.998000	0.997996	0.899199	0.969136	0.969028
2110	0.970369	0.998056	0.998051	0.899296	0.969136	0.969023
2120	0.970646	0.998019	0.998013	0.899603	0.969136	0.969019
2130	0.970873	0.998056	0.998052	0.899892	0.969303	0.969197
2140	0.971079	0.998111	0.998107	0.900025	0.969303	0.969197
2150	0.971282	0.998167	0.998162	0.900154	0.969303	0.969197
2160	0.971474	0.998167	0.998162	0.900258	0.969303	0.969197
2170	0.971629	0.998204	0.998199	0.900331	0.969303	0.969197
2180	0.971788	0.998241	0.998235	0.900437	0.969469	0.969365
2190	0.971944	0.998278	0.998273	0.900627	0.969469	0.969365
2200	0.972131	0.998315	0.998310	0.900771	0.969469	0.969365
2210	0.972288	0.998315	0.998310	0.900911	0.969469	0.969365
2220	0.972460	0.998371	0.998367	0.901045	0.969303	0.969196
2230	0.972623	0.998352	0.998348	0.901189	0.969303	0.969196
2240	0.972876	0.998371	0.998366	0.901420	0.969136	0.969028
2250	0.973063	0.998463	0.998459	0.901583	0.969136	0.969028
2260	0.973223	0.998482	0.998478	0.901650	0.969136	0.969028
2270	0.973383	0.998482	0.998478	0.901811	0.969303	0.969185
2280	0.973529	0.998537	0.998535	0.901911	0.969469	0.969357
2290	0.973705	0.998537	0.998533	0.902054	0.969469	0.969357
2300	0.973851	0.998556	0.998552	0.902135	0.969469	0.969357
2310	0.973988	0.998537	0.998534	0.902211	0.969636	0.969525
2320	0.974171	0.998556	0.998552	0.902329	0.969636	0.969525
2330	0.974325	0.998574	0.998571	0.902383	0.969803	0.969688
2340	0.974474	0.998593	0.998590	0.902541	0.969636	0.969520
2350	0.974612	0.998630	0.998626	0.902767	0.969803	0.969693
2360	0.974758	0.998704	0.998700	0.902943	0.969803	0.969696
2370	0.974888	0.998704	0.998700	0.903013	0.969636	0.969520
2380	0.975034	0.998759	0.998755	0.903155	0.969636	0.969520
2390	0.975202	0.998796	0.998793	0.903257	0.969636	0.969528
2400	0.975335	0.998815	0.998812	0.903336	0.969636	0.969528
2410	0.975485	0.998815	0.998812	0.903572	0.969803	0.969691
2420	0.975611	0.998833	0.998830	0.903722	0.969803	0.969687
2430	0.975753	0.998833	0.998831	0.903824	0.969803	0.969687
2440	0.975929	0.998870	0.998868	0.903985	0.969803	0.969691
2450	0.976119	0.998889	0.998886	0.904221	0.969803	0.969691
2460	0.976287	0.998908	0.998905	0.904475	0.969803	0.969691
2470	0.976415	0.998926	0.998924	0.904530	0.969803	0.969691
2480	0.976570	0.998963	0.998961	0.904615	0.969636	0.969522
2490	0.976693	0.998963	0.998961	0.904731	0.969803	0.969685
2500	0.976807	0.998963	0.998961	0.904863	0.969803	0.969685
2510	0.976915	0.998982	0.998978	0.905007	0.969803	0.969677
2520	0.977027	0.999000	0.998996	0.905066	0.969803	0.969677
2530	0.977131	0.999056	0.999051	0.905149	0.969803	0.969677
2540	0.977236	0.999093	0.999088	0.905245	0.969803	0.969677
2550	0.977356	0.999093	0.999088	0.905321	0.969803	0.969677
2560	0.977475	0.999111	0.999107	0.905434	0.969803	0.969677
2570	0.977603	0.999130	0.999126	0.905518	0.969970	0.969847
2580	0.977727	0.999130	0.999126	0.905652	0.970304	0.970176
2590	0.977868	0.999130	0.999126	0.905760	0.970470	0.970345
2600	0.977973	0.999111	0.999108	0.905856	0.970637	0.970514
2610	0.978098	0.999111	0.999108	0.905987	0.970304	0.970176
2620	0.978224	0.999111	0.999108	0.905997	0.970470	0.970345
2630	0.978329	0.999148	0.999144	0.906090	0.970304	0.970176
2640	0.978447	0.999148	0.999144	0.906224	0.970470	0.970345
2650	0.978538	0.999185	0.999181	0.906319	0.970304	0.970176
2660	0.978656	0.999185	0.999181	0.906448	0.970137	0.970007
2670	0.978762	0.999185	0.999181	0.906525	0.970470	0.970357
2680	0.978877	0.999185	0.999181	0.906597	0.970470	0.970357
2690	0.978966	0.999204	0.999201	0.906702	0.970470	0.970357
2700	0.979096	0.999204	0.999201	0.906793	0.970637	0.970521
2710	0.979201	0.999204	0.999201	0.906904	0.970637	0.970521
2720	0.979291	0.999222	0.999219	0.906990	0.970637	0.970521
2730	0.979397	0.999241	0.999237	0.907040	0.970637	0.970521
2740	0.979512	0.999241	0.999237	0.907184	0.970637	0.970521
2750	0.979659	0.999259	0.999256	0.907405	0.970804	0.970686
2760	0.979758	0.999259	0.999256	0.907506	0.970804	0.970686
2770	0.979868	0.999315	0.999312	0.907620	0.970804	0.970686
2780	0.979955	0.999315	0.999312	0.907711	0.970804	0.970686
2790	0.980073	0.999315	0.999312	0.907761	0.970804	0.970686
2800	0.980157	0.999333	0.999331	0.907809	0.970804	0.970686
2810	0.980252	0.999333	0.999331	0.907876	0.970804	0.970686
2820	0.980331	0.999370	0.999368	0.907925	0.970804	0.970686
2830	0.980424	0.999370	0.999368	0.908025	0.970804	0.970686
2840	0.980511	0.999389	0.999387	0.908134	0.970804	0.970686
2850	0.980605	0.999407	0.999406	0.908197	0.970804	0.970686
2860	0.980680	0.999407	0.999406	0.908247	0.970637	0.970522
2870	0.980758	0.999407	0.999406	0.908290	0.970637	0.970518
2880	0.980853	0.999389	0.999388	0.908339	0.970637	0.970518
2890	0.980945	0.999407	0.999408	0.908412	0.970637	0.970518
2900	0.981032	0.999407	0.999406	0.908486	0.970637	0.970518
2910	0.981136	0.999482	0.999482	0.908554	0.970971	0.970859
2920	0.981238	0.999463	0.999463	0.908682	0.970971	0.970859
2930	0.981334	0.999463	0.999463	0.908833	0.971138	0.971036
2940	0.981425	0.999463	0.999464	0.908963	0.971138	0.971034
2950	0.981523	0.999482	0.999483	0.909113	0.971305	0.971188
2960	0.981625	0.999500	0.999501	0.909210	0.971305	0.971194
2970	0.981727	0.999500	0.999501	0.909316	0.971305	0.971194
2980	0.981825	0.999500	0.999501	0.909422	0.971305	0.971194
2990	0.981903	0.999500	0.999501	0.909515	0.971471	0.971357
3000	0.981981	0.999519	0.999520	0.909582	0.971471	0.971357
3010	0.982062	0.999519	0.999521	0.909646	0.971305	0.971194
3020	0.982147	0.999556	0.999558	0.909739	0.971471	0.971357
3030	0.982224	0.999556	0.999558	0.909824	0.971471	0.971357
3040	0.982292	0.999556	0.999558	0.909915	0.971471	0.971357
3050	0.982366	0.999556	0.999558	0.909985	0.971638	0.971529
3060	0.982429	0.999556	0.999558	0.910053	0.971471	0.971357
3070	0.982501	0.999574	0.999576	0.910116	0.971471	0.971357
3080	0.982574	0.999574	0.999576	0.910187	0.971638	0.971524
3090	0.982642	0.999574	0.999576	0.910254	0.971805	0.971697
3100	0.982719	0.999574	0.999576	0.910317	0.971805	0.971697
3110	0.982793	0.999611	0.999613	0.910403	0.971805	0.971697
3120	0.982862	0.999630	0.999630	0.910463	0.971805	0.971697
3130	0.982950	0.999611	0.999612	0.910537	0.971805	0.971697
3140	0.983017	0.999611	0.999612	0.910573	0.971638	0.971525
3150	0.983079	0.999611	0.999612	0.910723	0.971805	0.971686
3160	0.983152	0.999630	0.999631	0.910738	0.971805	0.971686
3170	0.983225	0.999648	0.999650	0.910840	0.971972	0.971858
3180	0.983294	0.999667	0.999670	0.910935	0.972139	0.972026
3190	0.983352	0.999685	0.999688	0.910987	0.972139	0.972026
3200	0.983429	0.999685	0.999688	0.911079	0.971972	0.971858
3210	0.983497	0.999685	0.999688	0.911128	0.971972	0.971858
3220	0.983562	0.999685	0.999688	0.911191	0.971972	0.971862
3230	0.983624	0.999685	0.999688	0.911241	0.972306	0.972193
3240	0.983693	0.999685	0.999688	0.911313	0.972139	0.972029
3250	0.983757	0.999685	0.999688	0.911409	0.972306	0.972193
3260	0.983823	0.999685	0.999688	0.911489	0.972306	0.972189
3270	0.983883	0.999685	0.999688	0.911550	0.972306	0.972189
3280	0.983945	0.999685	0.999688	0.911643	0.972306	0.972189
3290	0.984011	0.999685	0.999688	0.911728	0.972306	0.972189
3300	0.984073	0.999685	0.999688	0.911799	0.972139	0.972021
3310	0.984132	0.999685	0.999688	0.911852	0.972139	0.972023
3320	0.984190	0.999685	0.999688	0.911900	0.971972	0.971863
3330	0.984242	0.999685	0.999688	0.911932	0.971972	0.971863
3340	0.984310	0.999685	0.999688	0.911972	0.971972	0.971863
3350	0.984376	0.999685	0.999688	0.912008	0.971972	0.971863
3360	0.984438	0.999722	0.999726	0.912026	0.971972	0.971863
3370	0.984497	0.999722	0.999726	0.912081	0.971972	0.971863
3380	0.984558	0.999722	0.999725	0.912146	0.972139	0.972027
3390	0.984629	0.999722	0.999725	0.912229	0.971972	0.971863
3400	0.984696	0.999722	0.999725	0.912336	0.971972	0.971863
3410	0.984757	0.999722	0.999725	0.912385	0.971972	0.971863
3420	0.984811	0.999722	0.999725	0.912428	0.971972	0.971863
3430	0.984858	0.999722	0.999725	0.912491	0.971972	0.971863
3440	0.984911	0.999722	0.999725	0.912576	0.971972	0.971859
3450	0.984963	0.999722	0.999725	0.912598	0.971972	0.971859
3460	0.985029	0.999741	0.999744	0.912703	0.972139	0.972027
3470	0.985087	0.999741	0.999744	0.912788	0.972139	0.972027
3480	0.985152	0.999759	0.999763	0.912931	0.972139	0.972027
3490	0.985198	0.999759	0.999763	0.912980	0.972139	0.972027
3500	0.985250	0.999759	0.999763	0.913049	0.972139	0.972027
3510	0.985298	0.999759	0.999763	0.913093	0.971972	0.971863
3520	0.985361	0.999759	0.999763	0.913184	0.972139	0.972033
3530	0.985420	0.999759	0.999763	0.913269	0.972306	0.972197
3540	0.985468	0.999796	0.999799	0.913362	0.972306	0.972205
3550	0.985521	0.999796	0.999799	0.913368	0.972306	0.972205
3560	0.985578	0.999852	0.999854	0.913482	0.972472	0.972368
3570	0.985621	0.999852	0.999854	0.913520	0.972472	0.972368
3580	0.985668	0.999870	0.999873	0.913565	0.972472	0.972368
3590	0.985714	0.999870	0.999873	0.913611	0.972472	0.972368
3600	0.985758	0.999870	0.999873	0.913646	0.972472	0.972368
3610	0.985814	0.999870	0.999873	0.913684	0.972472	0.972368
3620	0.985876	0.999870	0.999873	0.913750	0.972472	0.972368
3630	0.985928	0.999870	0.999873	0.913786	0.972472	0.972368
3640	0.985973	0.999870	0.999873	0.913846	0.972472	0.972368
3650	0.986018	0.999870	0.999873	0.913894	0.972472	0.972368
3660	0.986075	0.999870	0.999873	0.913961	0.972472	0.972368
3670	0.986130	0.999870	0.999873	0.914031	0.972472	0.972368
3680	0.986176	0.999870	0.999873	0.914098	0.972806	0.972700
3690	0.986225	0.999870	0.999873	0.914165	0.972472	0.972368
3700	0.986264	0.999870	0.999873	0.914209	0.972639	0.972532
3710	0.986310	0.999870	0.999873	0.914214	0.972639	0.972532
3720	0.986352	0.999870	0.999873	0.914250	0.972472	0.972368
3730	0.986408	0.999870	0.999873	0.914310	0.972806	0.972696
3740	0.986484	0.999870	0.999873	0.914338	0.972806	0.972696
3750	0.986533	0.999870	0.999873	0.914439	0.972806	0.972696
3760	0.986582	0.999870	0.999873	0.914489	0.972806	0.972696
3770	0.986625	0.999870	0.999873	0.914534	0.972806	0.972696
3780	0.986662	0.999870	0.999873	0.914588	0.972806	0.972696
3790	0.986697	0.999870	0.999873	0.914601	0.972639	0.972534
3800	0.986739	0.999870	0.999873	0.914650	0.972806	0.972695
3810	0.986785	0.999870	0.999873	0.914688	0.972472	0.972351
3820	0.986831	0.999870	0.999873	0.914743	0.972472	0.972365
3830	0.986877	0.999870	0.999873	0.914785	0.972472	0.972363
3840	0.986923	0.999870	0.999873	0.914834	0.972639	0.972529
3850	0.986970	0.999870	0.999873	0.914936	0.972806	0.972691
3860	0.987015	0.999870	0.999873	0.914956	0.972806	0.972691
3870	0.987054	0.999870	0.999873	0.914992	0.972639	0.972529
3880	0.987098	0.999870	0.999873	0.915058	0.972639	0.972529
3890	0.987135	0.999870	0.999873	0.915094	0.972806	0.972701
3900	0.987181	0.999870	0.999873	0.915163	0.972806	0.972701
3910	0.987217	0.999870	0.999873	0.915173	0.972639	0.972529
3920	0.987259	0.999870	0.999873	0.915202	0.972639	0.972529
3930	0.987299	0.999870	0.999873	0.915239	0.972806	0.972701
3940	0.987347	0.999870	0.999873	0.915324	0.972973	0.972870
3950	0.987389	0.999870	0.999873	0.915354	0.972973	0.972870
3960	0.987430	0.999870	0.999873	0.915421	0.972973	0.972870
3970	0.987468	0.999870	0.999873	0.915471	0.973140	0.973038
3980	0.987510	0.999870	0.999873	0.915519	0.973140	0.973038
3990	0.987551	0.999870	0.999873	0.915563	0.972973	0.972870
4000	0.987594	0.999870	0.999873	0.915601	0.972973	0.972870
