10	0.382575	0.736568	0.704967	0.376095	0.729914	0.700594
20	0.457192	0.780569	0.744052	0.447952	0.774734	0.739615
30	0.497357	0.800356	0.760394	0.485691	0.792829	0.754564
40	0.523881	0.811286	0.770097	0.510005	0.802623	0.762859
50	0.546654	0.821513	0.778764	0.531828	0.814907	0.773174
60	0.562735	0.827275	0.783802	0.546866	0.818227	0.775907
70	0.576338	0.833593	0.789693	0.559013	0.821879	0.779266
80	0.594274	0.840077	0.795441	0.574729	0.829847	0.786389
90	0.601925	0.843579	0.798837	0.581157	0.832835	0.789474
100	0.611497	0.847358	0.802253	0.590117	0.836321	0.792595
110	0.620479	0.850267	0.805066	0.597994	0.837815	0.794104
120	0.628288	0.852823	0.807565	0.604443	0.840637	0.796952
130	0.640726	0.857437	0.864029	0.616533	0.847278	0.855313
140	0.652547	0.867719	0.873097	0.627172	0.854748	0.861698
150	0.662032	0.880780	0.884946	0.635714	0.866036	0.871273
160	0.670708	0.891007	0.894326	0.643658	0.874668	0.879043
170	0.681664	0.901919	0.904453	0.653509	0.888280	0.891645
180	0.695804	0.913462	0.915203	0.666784	0.898074	0.900499
190	0.703577	0.918223	0.919684	0.673717	0.902058	0.904158
200	0.712077	0.923874	0.925031	0.681506	0.907371	0.909148
210	0.719241	0.926634	0.927658	0.688298	0.911355	0.912759
220	0.729105	0.931377	0.932175	0.697216	0.916833	0.917971
230	0.735376	0.934601	0.935292	0.702774	0.919323	0.920300
240	0.743500	0.937417	0.937979	0.710334	0.921813	0.922603
250	0.747078	0.939214	0.939754	0.713631	0.924635	0.925430
260	0.751050	0.941141	0.941660	0.716736	0.925797	0.926608
270	0.756350	0.942715	0.943208	0.721343	0.927623	0.928457
280	0.761843	0.944031	0.944500	0.726219	0.928619	0.929372
290	0.768059	0.946124	0.946535	0.731600	0.931109	0.931728
300	0.772746	0.947773	0.948115	0.735761	0.932769	0.933308
310	0.776859	0.949440	0.949754	0.739467	0.933599	0.934069
320	0.781922	0.950645	0.950935	0.743888	0.935425	0.935853
330	0.791007	0.953257	0.953501	0.752101	0.938745	0.939101
340	0.793622	0.954257	0.954473	0.754239	0.938745	0.939096
350	0.795942	0.955091	0.955287	0.756110	0.938911	0.939192
360	0.798513	0.955980	0.956175	0.758353	0.940239	0.940504
370	0.802112	0.956555	0.956737	0.761360	0.940239	0.940518
380	0.803960	0.957574	0.957767	0.762526	0.940903	0.941203
390	0.807585	0.958463	0.958641	0.765284	0.941235	0.941525
400	0.810635	0.959612	0.959762	0.767591	0.942231	0.942545
410	0.816675	0.961372	0.961484	0.773228	0.943393	0.943610
420	0.818689	0.961705	0.961824	0.775165	0.943559	0.943785
430	0.821524	0.962761	0.962873	0.777373	0.944389	0.944567
440	0.825347	0.963632	0.963725	0.780806	0.945053	0.945181
450	0.827925	0.964744	0.964829	0.783325	0.945883	0.946027
460	0.832197	0.965985	0.966034	0.787077	0.946713	0.946789
470	0.834618	0.966467	0.966523	0.789127	0.947211	0.947290
480	0.837540	0.967393	0.967424	0.791577	0.947709	0.947811
490	0.840038	0.968208	0.968237	0.793347	0.948373	0.948412
500	0.842538	0.968727	0.968746	0.795604	0.948705	0.948726
510	0.844883	0.969301	0.969316	0.797623	0.949369	0.949393
520	0.847307	0.969838	0.969853	0.799717	0.950033	0.950056
530	0.850761	0.970839	0.970829	0.802684	0.951361	0.951317
540	0.852264	0.971061	0.971044	0.803541	0.951195	0.951192
550	0.854549	0.971895	0.971877	0.805441	0.951859	0.951840
560	0.856041	0.972210	0.972189	0.806358	0.952025	0.952046
570	0.858611	0.972803	0.972800	0.808512	0.951859	0.951907
580	0.860868	0.973173	0.973166	0.810133	0.952689	0.952711
590	0.861969	0.973433	0.973426	0.810749	0.953187	0.953207
600	0.865401	0.974285	0.974260	0.813790	0.952855	0.952864
610	0.867649	0.974989	0.974977	0.816004	0.954681	0.954682
620	0.869513	0.975434	0.975414	0.817247	0.955013	0.954998
630	0.871129	0.976008	0.975965	0.818305	0.955013	0.955024
640	0.873652	0.976304	0.976261	0.820361	0.954847	0.954821
650	0.874494	0.976508	0.976464	0.820715	0.954847	0.954796
660	0.875250	0.976767	0.976723	0.821211	0.955511	0.955496
670	0.877843	0.977305	0.977249	0.823394	0.956175	0.956136
680	0.878606	0.977601	0.977547	0.824183	0.956175	0.956131
690	0.879983	0.978194	0.978145	0.825330	0.956673	0.956604
700	0.882706	0.978787	0.978730	0.827822	0.956839	0.956732
710	0.883574	0.978991	0.978931	0.828426	0.956507	0.956414
720	0.884313	0.979417	0.979362	0.828918	0.956507	0.956422
730	0.885653	0.979565	0.979511	0.829979	0.956839	0.956758
740	0.887820	0.979991	0.979933	0.831838	0.957669	0.957579
750	0.889834	0.980454	0.980388	0.833554	0.958001	0.957895
760	0.891219	0.980862	0.980790	0.834656	0.958167	0.958047
770	0.892985	0.981158	0.981083	0.836179	0.958831	0.958688
780	0.894673	0.981510	0.981435	0.837497	0.959163	0.959009
790	0.895942	0.981825	0.981748	0.838457	0.959163	0.958996
800	0.897196	0.982122	0.982043	0.839449	0.959495	0.959341
810	0.898213	0.982344	0.982261	0.840064	0.959329	0.959154
820	0.899287	0.982603	0.982522	0.840925	0.959495	0.959306
830	0.900325	0.982900	0.982828	0.841476	0.959329	0.959144
840	0.902081	0.983307	0.983239	0.843169	0.959329	0.959165
850	0.903136	0.983307	0.983238	0.844247	0.959827	0.959666
860	0.903674	0.983474	0.983409	0.844583	0.960159	0.959994
870	0.904256	0.983771	0.983708	0.844943	0.959993	0.959832
880	0.904770	0.984030	0.983965	0.845410	0.960159	0.959993
890	0.905999	0.984197	0.984128	0.846379	0.960159	0.959966
900	0.906718	0.984530	0.984455	0.846729	0.960325	0.960151
910	0.907686	0.984678	0.984608	0.847400	0.959993	0.959803
920	0.909507	0.985086	0.985018	0.848856	0.960491	0.960302
930	0.910820	0.985401	0.985336	0.850000	0.960657	0.960481
940	0.911937	0.985753	0.985693	0.850769	0.960657	0.960465
950	0.913409	0.986235	0.986178	0.851795	0.960657	0.960450
960	0.914475	0.986383	0.986334	0.852515	0.960491	0.960272
970	0.915362	0.986605	0.986559	0.853157	0.960823	0.960622
980	0.916410	0.986920	0.986871	0.854044	0.961155	0.960974
990	0.917309	0.987068	0.987014	0.854952	0.961321	0.961103
1000	0.917896	0.987291	0.987233	0.855141	0.961321	0.961124
1010	0.918840	0.987643	0.987596	0.856097	0.961321	0.961119
1020	0.919364	0.987921	0.987883	0.856236	0.961487	0.961291
1030	0.920231	0.988124	0.988086	0.856852	0.961321	0.961156
1040	0.921250	0.988161	0.988120	0.857456	0.961155	0.960956
1050	0.922526	0.988365	0.988327	0.858312	0.960989	0.960783
1060	0.923461	0.988439	0.988398	0.859022	0.961819	0.961616
1070	0.924148	0.988532	0.988490	0.859532	0.961819	0.961610
1080	0.924571	0.988699	0.988660	0.859833	0.961819	0.961605
1090	0.925426	0.988940	0.988901	0.860502	0.961653	0.961432
1100	0.925919	0.989143	0.989100	0.860907	0.961487	0.961254
1110	0.927159	0.989273	0.989232	0.862017	0.962483	0.962273
1120	0.927591	0.989458	0.989421	0.862328	0.962317	0.962118
1130	0.928377	0.989588	0.989551	0.862934	0.962649	0.962434
1140	0.928729	0.989736	0.989700	0.863088	0.962649	0.962444
1150	0.929031	0.989792	0.989758	0.863214	0.962815	0.962630
1160	0.929293	0.989847	0.989816	0.863417	0.962981	0.962771
1170	0.930032	0.989996	0.989969	0.863965	0.963147	0.962920
1180	0.931264	0.990255	0.990224	0.865119	0.963479	0.963266
1190	0.932102	0.990440	0.990406	0.865642	0.963479	0.963244
1200	0.932500	0.990459	0.990428	0.865763	0.963313	0.963074
1210	0.933675	0.990607	0.990578	0.866671	0.963645	0.963407
1220	0.934446	0.990792	0.990766	0.867382	0.963313	0.963071
1230	0.934890	0.990885	0.990857	0.867858	0.963479	0.963224
1240	0.935821	0.991052	0.991025	0.868590	0.963977	0.963706
1250	0.936594	0.991274	0.991248	0.869281	0.964143	0.963910
1260	0.937407	0.991644	0.991617	0.869742	0.964475	0.964221
1270	0.938386	0.991830	0.991802	0.870592	0.964309	0.964052
1280	0.939024	0.991996	0.991968	0.870924	0.964475	0.964214
1290	0.939419	0.992089	0.992058	0.871231	0.964143	0.963863
1300	0.940410	0.992200	0.992167	0.872160	0.964309	0.964018
1310	0.940875	0.992293	0.992262	0.872484	0.964309	0.964029
1320	0.941483	0.992460	0.992431	0.872899	0.964475	0.964198
1330	0.942130	0.992534	0.992502	0.873478	0.964475	0.964212
1340	0.942700	0.992682	0.992657	0.874165	0.964309	0.964061
1350	0.943042	0.992793	0.992768	0.874413	0.964641	0.964418
1360	0.943670	0.992867	0.992840	0.874935	0.964807	0.964599
1370	0.944528	0.993052	0.993028	0.875553	0.964973	0.964775
1380	0.945045	0.993238	0.993216	0.875932	0.965305	0.965093
1390	0.945628	0.993367	0.993346	0.876462	0.965471	0.965220
1400	0.946339	0.993479	0.993460	0.877161	0.965969	0.965723
1410	0.946941	0.993682	0.993660	0.877902	0.966467	0.966180
1420	0.947190	0.993738	0.993714	0.878132	0.965969	0.965688
1430	0.947759	0.993886	0.993863	0.878679	0.966301	0.966037
1440	0.948198	0.994016	0.993994	0.878950	0.966135	0.965834
1450	0.948836	0.994090	0.994069	0.879496	0.966135	0.965833
1460	0.949372	0.994238	0.994219	0.880010	0.967131	0.966852
1470	0.949883	0.994331	0.994312	0.880483	0.967131	0.966835
1480	0.950487	0.994423	0.994409	0.880933	0.967131	0.966842
1490	0.950712	0.994423	0.994410	0.880904	0.966965	0.966687
1500	0.950942	0.994646	0.994632	0.880952	0.966965	0.966687
1510	0.951398	0.994757	0.994745	0.881399	0.967131	0.966843
1520	0.951911	0.994868	0.994858	0.881769	0.967297	0.967012
1530	0.952410	0.994887	0.994877	0.882085	0.967297	0.967012
1540	0.952758	0.994998	0.994988	0.882334	0.967463	0.967171
1550	0.953059	0.995035	0.995025	0.882510	0.967629	0.967330
1560	0.953340	0.995053	0.995042	0.882639	0.967795	0.967510
1570	0.953566	0.995053	0.995042	0.882763	0.967629	0.967339
1580	0.953779	0.995183	0.995174	0.882857	0.967629	0.967328
1590	0.953977	0.995220	0.995214	0.882981	0.967961	0.967666
1600	0.954203	0.995239	0.995233	0.883166	0.968127	0.967832
1610	0.954769	0.995368	0.995366	0.883580	0.968127	0.967837
1620	0.955248	0.995424	0.995418	0.883988	0.968127	0.967839
1630	0.955659	0.995517	0.995514	0.884247	0.967961	0.967654
1640	0.956032	0.995554	0.995550	0.884643	0.967961	0.967675
1650	0.956545	0.995609	0.995607	0.885227	0.967795	0.967519
1660	0.956857	0.995720	0.995719	0.885430	0.967961	0.967675
1670	0.957236	0.995813	0.995814	0.885681	0.968127	0.967852
1680	0.957666	0.995869	0.995869	0.886030	0.968127	0.967852
1690	0.957994	0.995887	0.995886	0.886218	0.968127	0.967841
1700	0.958243	0.995924	0.995921	0.886527	0.968127	0.967850
1710	0.958510	0.995980	0.995978	0.886785	0.968127	0.967840
1720	0.958761	0.995980	0.995978	0.887026	0.968459	0.968160
1730	0.959366	0.996091	0.996093	0.887610	0.968127	0.967820
1740	0.959783	0.996165	0.996166	0.888010	0.967961	0.967635
1750	0.960129	0.996239	0.996241	0.888176	0.967629	0.967305
1760	0.960503	0.996313	0.996315	0.888449	0.967961	0.967661
1770	0.960797	0.996387	0.996387	0.888624	0.967795	0.967517
1780	0.961037	0.996424	0.996425	0.888712	0.967961	0.967683
1790	0.961370	0.996535	0.996537	0.888920	0.968127	0.967852
1800	0.961712	0.996591	0.996591	0.889192	0.968459	0.968187
1810	0.962054	0.996665	0.996666	0.889692	0.968459	0.968192
1820	0.962320	0.996684	0.996686	0.890015	0.968625	0.968362
1830	0.962609	0.996702	0.996704	0.890178	0.968127	0.967845
1840	0.962851	0.996684	0.996684	0.890371	0.968293	0.968015
1850	0.963200	0.996739	0.996740	0.890655	0.968625	0.968347
1860	0.963489	0.996832	0.996833	0.890867	0.968459	0.968170
1870	0.963711	0.996850	0.996853	0.891035	0.968958	0.968657
1880	0.964016	0.996906	0.996909	0.891222	0.968792	0.968486
1890	0.964342	0.996888	0.996890	0.891542	0.969124	0.968827
1900	0.964567	0.996943	0.996945	0.891732	0.969124	0.968827
1910	0.964814	0.996980	0.996982	0.891881	0.968792	0.968488
1920	0.965069	0.997017	0.997019	0.892054	0.968958	0.968661
1930	0.965360	0.997017	0.997019	0.892259	0.969124	0.968830
1940	0.965608	0.997036	0.997036	0.892440	0.968459	0.968161
1950	0.965836	0.997073	0.997071	0.892639	0.968459	0.968169
1960	0.966144	0.997128	0.997129	0.892996	0.968625	0.968330
1970	0.966466	0.997202	0.997204	0.893290	0.968792	0.968503
1980	0.966785	0.997221	0.997222	0.893623	0.968958	0.968674
1990	0.966958	0.997221	0.997221	0.893811	0.968958	0.968674
2000	0.967208	0.997258	0.997258	0.894041	0.969124	0.968845
2010	0.967483	0.997369	0.997363	0.894029	0.969124	0.968845
2020	0.967636	0.997388	0.997382	0.894032	0.969124	0.968845
2030	0.967846	0.997425	0.997419	0.894184	0.969124	0.968845
2040	0.968057	0.997443	0.997438	0.894342	0.969124	0.968845
2050	0.968292	0.997480	0.997474	0.894510	0.969456	0.969182
2060	0.968529	0.997517	0.997512	0.894670	0.969788	0.969539
2070	0.968746	0.997536	0.997531	0.894786	0.969788	0.969517
2080	0.968963	0.997610	0.997607	0.894965	0.969954	0.969670
2090	0.969161	0.997647	0.997642	0.895131	0.969954	0.969670
2100	0.969372	0.997740	0.997737	0.895243	0.969788	0.969502
2110	0.969531	0.997758	0.997756	0.895441	0.969788	0.969502
2120	0.969645	0.997777	0.997775	0.895535	0.969788	0.969502
2130	0.969764	0.997777	0.997775	0.895630	0.969954	0.969659
2140	0.969909	0.997851	0.997847	0.895780	0.969954	0.969659
2150	0.970102	0.997888	0.997885	0.895964	0.969954	0.969644
2160	0.970319	0.997925	0.997923	0.896161	0.969954	0.969644
2170	0.970538	0.997944	0.997942	0.896318	0.969954	0.969644
2180	0.970832	0.997981	0.997979	0.896562	0.969954	0.969644
2190	0.970987	0.998018	0.998016	0.896579	0.969788	0.969468
2200	0.971184	0.998055	0.998053	0.896819	0.969954	0.969636
2210	0.971353	0.998073	0.998072	0.896953	0.969788	0.969475
2220	0.971565	0.998092	0.998092	0.897131	0.969788	0.969475
2230	0.971744	0.998129	0.998129	0.897201	0.969788	0.969475
2240	0.972014	0.998184	0.998185	0.897349	0.969622	0.969313
2250	0.972192	0.998221	0.998222	0.897506	0.969788	0.969485
2260	0.972396	0.998221	0.998222	0.897727	0.969954	0.969647
2270	0.972590	0.998221	0.998222	0.897853	0.969954	0.969647
2280	0.972784	0.998258	0.998258	0.897983	0.969622	0.969321
2290	0.972959	0.998258	0.998259	0.898157	0.969788	0.969497
2300	0.973151	0.998296	0.998295	0.898301	0.969788	0.969497
2310	0.973316	0.998351	0.998353	0.898469	0.969954	0.969682
2320	0.973457	0.998407	0.998408	0.898607	0.969954	0.969678
2330	0.973598	0.998462	0.998463	0.898662	0.969954	0.969678
2340	0.973810	0.998499	0.998500	0.898784	0.969788	0.969499
2350	0.973991	0.998518	0.998520	0.899019	0.969954	0.969678
2360	0.974114	0.998518	0.998520	0.899170	0.969954	0.969689
2370	0.974275	0.998573	0.998572	0.899217	0.969954	0.969689
2380	0.974416	0.998573	0.998572	0.899317	0.969954	0.969690
2390	0.974546	0.998629	0.998628	0.899411	0.969788	0.969515
2400	0.974679	0.998648	0.998646	0.899497	0.969954	0.969685
2410	0.974813	0.998648	0.998646	0.899657	0.969622	0.969344
2420	0.974919	0.998666	0.998664	0.899701	0.969788	0.969515
2430	0.975051	0.998703	0.998702	0.899818	0.969954	0.969694
2440	0.975155	0.998703	0.998702	0.900041	0.970120	0.969857
2450	0.975254	0.998666	0.998666	0.900154	0.970452	0.970190
2460	0.975412	0.998740	0.998741	0.900329	0.970286	0.970018
2470	0.975558	0.998759	0.998760	0.900462	0.970286	0.970018
2480	0.975663	0.998759	0.998760	0.900485	0.970120	0.969845
2490	0.975773	0.998759	0.998760	0.900555	0.970120	0.969848
2500	0.975892	0.998814	0.998817	0.900642	0.970120	0.969848
2510	0.976016	0.998814	0.998816	0.900717	0.970286	0.970029
2520	0.976189	0.998851	0.998850	0.900849	0.970286	0.970029
2530	0.976279	0.998851	0.998850	0.900895	0.970120	0.969872
2540	0.976343	0.998888	0.998889	0.900819	0.970120	0.969872
2550	0.976420	0.998870	0.998870	0.900805	0.970120	0.969872
2560	0.976541	0.998925	0.998926	0.900815	0.970120	0.969872
2570	0.976654	0.998925	0.998926	0.900959	0.970618	0.970388
2580	0.976774	0.998925	0.998927	0.901094	0.970618	0.970384
2590	0.976884	0.998944	0.998945	0.901178	0.970950	0.970716
2600	0.977013	0.999000	0.999000	0.901284	0.970784	0.970549
2610	0.977143	0.999000	0.999000	0.901389	0.970784	0.970549
2620	0.977304	0.999037	0.999037	0.901390	0.970784	0.970549
2630	0.977422	0.999018	0.999019	0.901530	0.970784	0.970540
2640	0.977544	0.998981	0.998982	0.901664	0.970784	0.970540
2650	0.977643	0.999018	0.999019	0.901762	0.970950	0.970718
2660	0.977775	0.999055	0.999056	0.901943	0.970950	0.970718
2670	0.977912	0.999037	0.999038	0.902110	0.970784	0.970548
2680	0.978071	0.999018	0.999019	0.902338	0.970784	0.970548
2690	0.978224	0.999037	0.999038	0.902505	0.970950	0.970711
2700	0.978358	0.999074	0.999075	0.902704	0.970784	0.970536
2710	0.978519	0.999074	0.999075	0.902845	0.970784	0.970543
2720	0.978652	0.999074	0.999075	0.902965	0.971282	0.971041
2730	0.978772	0.999129	0.999131	0.903127	0.971116	0.970880
2740	0.978887	0.999166	0.999167	0.903261	0.971116	0.970896
2750	0.979005	0.999185	0.999185	0.903402	0.971116	0.970896
2760	0.979120	0.999203	0.999204	0.903503	0.971116	0.970880
2770	0.979233	0.999203	0.999204	0.903578	0.971448	0.971223
2780	0.979334	0.999240	0.999241	0.903624	0.971614	0.971398
2790	0.979425	0.999240	0.999241	0.903694	0.971448	0.971223
2800	0.979543	0.999277	0.999278	0.903797	0.971614	0.971398
2810	0.979610	0.999277	0.999278	0.903874	0.971780	0.971558
2820	0.979675	0.999277	0.999278	0.904007	0.971780	0.971558
2830	0.979735	0.999277	0.999278	0.904055	0.971946	0.971720
2840	0.979804	0.999277	0.999278	0.904103	0.971946	0.971720
2850	0.979910	0.999277	0.999279	0.904270	0.971614	0.971394
2860	0.980003	0.999277	0.999279	0.904365	0.971614	0.971394
2870	0.980084	0.999277	0.999279	0.904451	0.971614	0.971394
2880	0.980188	0.999277	0.999279	0.904525	0.971614	0.971387
2890	0.980271	0.999296	0.999298	0.904566	0.971614	0.971397
2900	0.980334	0.999296	0.999298	0.904585	0.971780	0.971552
2910	0.980388	0.999296	0.999298	0.904625	0.971946	0.971727
2920	0.980441	0.999296	0.999298	0.904657	0.972112	0.971884
2930	0.980488	0.999296	0.999298	0.904680	0.972278	0.972051
2940	0.980561	0.999315	0.999316	0.904752	0.972278	0.972051
2950	0.980646	0.999333	0.999335	0.904814	0.971780	0.971542
2960	0.980713	0.999352	0.999354	0.904879	0.971614	0.971377
2970	0.980801	0.999352	0.999354	0.904949	0.971614	0.971377
2980	0.980907	0.999352	0.999354	0.905002	0.971448	0.971228
2990	0.981006	0.999370	0.999371	0.905029	0.971282	0.971058
3000	0.981094	0.999370	0.999372	0.904945	0.971282	0.971063
3010	0.981159	0.999370	0.999372	0.904961	0.971282	0.971063
3020	0.981209	0.999389	0.999389	0.904983	0.971448	0.971234
3030	0.981273	0.999407	0.999409	0.904996	0.971448	0.971234
3040	0.981354	0.999407	0.999409	0.905011	0.971448	0.971234
3050	0.981437	0.999407	0.999409	0.905068	0.971448	0.971226
3060	0.981541	0.999407	0.999409	0.905123	0.971448	0.971226
3070	0.981650	0.999407	0.999408	0.905210	0.971448	0.971226
3080	0.981730	0.999407	0.999409	0.905370	0.971448	0.971226
3090	0.981811	0.999426	0.999428	0.905413	0.971614	0.971383
3100	0.981895	0.999444	0.999446	0.905471	0.971448	0.971220
3110	0.981974	0.999444	0.999446	0.905559	0.971448	0.971231
3120	0.982073	0.999426	0.999428	0.905590	0.971448	0.971231
3130	0.982159	0.999444	0.999446	0.905647	0.971614	0.971413
3140	0.982239	0.999426	0.999428	0.905795	0.971614	0.971413
3150	0.982287	0.999463	0.999465	0.905814	0.971614	0.971413
3160	0.982345	0.999463	0.999465	0.905848	0.971614	0.971413
3170	0.982402	0.999463	0.999465	0.905906	0.971614	0.971413
3180	0.982473	0.999481	0.999483	0.905960	0.971614	0.971413
3190	0.982551	0.999500	0.999502	0.905976	0.971780	0.971576
3200	0.982633	0.999500	0.999502	0.906064	0.971614	0.971394
3210	0.982740	0.999537	0.999539	0.906066	0.971614	0.971394
3220	0.982822	0.999518	0.999521	0.906158	0.971780	0.971570
3230	0.982893	0.999537	0.999539	0.906247	0.971780	0.971570
3240	0.983003	0.999555	0.999558	0.906320	0.971946	0.971725
3250	0.983090	0.999574	0.999577	0.906398	0.972112	0.971894
3260	0.983156	0.999574	0.999577	0.906526	0.972112	0.971881
3270	0.983207	0.999592	0.999595	0.906564	0.972278	0.972063
3280	0.983287	0.999592	0.999595	0.906646	0.972444	0.972229
3290	0.983366	0.999611	0.999614	0.906705	0.972278	0.972063
3300	0.983447	0.999611	0.999614	0.906819	0.972444	0.972245
3310	0.983553	0.999611	0.999614	0.906825	0.972444	0.972245
3320	0.983628	0.999611	0.999614	0.906893	0.972444	0.972247
3330	0.983692	0.999611	0.999614	0.906961	0.972444	0.972247
3340	0.983766	0.999629	0.999632	0.906996	0.972444	0.972247
3350	0.983829	0.999629	0.999632	0.907009	0.972444	0.972247
3360	0.983888	0.999648	0.999649	0.907061	0.972610	0.972408
3370	0.983937	0.999648	0.999649	0.907074	0.972610	0.972408
3380	0.983972	0.999648	0.999649	0.907094	0.972610	0.972408
3390	0.984013	0.999648	0.999649	0.907117	0.972610	0.972410
3400	0.984060	0.999648	0.999649	0.907118	0.972444	0.972247
3410	0.984105	0.999667	0.999668	0.907178	0.972444	0.972247
3420	0.984161	0.999667	0.999668	0.907216	0.972610	0.972434
3430	0.984218	0.999667	0.999668	0.907266	0.972444	0.972269
3440	0.984272	0.999667	0.999668	0.907327	0.972444	0.972269
3450	0.984322	0.999667	0.999668	0.907363	0.972444	0.972269
3460	0.984379	0.999667	0.999668	0.907469	0.972278	0.972094
3470	0.984433	0.999648	0.999650	0.907549	0.972278	0.972091
3480	0.984488	0.999667	0.999669	0.907691	0.972444	0.972255
3490	0.984530	0.999667	0.999669	0.907752	0.972444	0.972255
3500	0.984573	0.999667	0.999669	0.907807	0.972444	0.972255
3510	0.984658	0.999667	0.999669	0.907967	0.972444	0.972245
3520	0.984770	0.999685	0.999687	0.908100	0.972610	0.972408
3530	0.984852	0.999704	0.999706	0.908197	0.972610	0.972408
3540	0.984927	0.999722	0.999723	0.908320	0.972610	0.972408
3550	0.984987	0.999741	0.999743	0.908372	0.972610	0.972408
3560	0.985048	0.999741	0.999743	0.908426	0.972610	0.972408
3570	0.985130	0.999741	0.999743	0.908458	0.972776	0.972583
3580	0.985208	0.999741	0.999743	0.908512	0.972610	0.972428
3590	0.985259	0.999741	0.999743	0.908544	0.972610	0.972428
3600	0.985316	0.999741	0.999743	0.908592	0.972610	0.972428
3610	0.985385	0.999741	0.999743	0.908707	0.972610	0.972428
3620	0.985441	0.999741	0.999743	0.908783	0.972610	0.972428
3630	0.985488	0.999759	0.999762	0.908817	0.972610	0.972428
3640	0.985535	0.999759	0.999762	0.908897	0.972610	0.972428
3650	0.985587	0.999759	0.999762	0.908930	0.972610	0.972428
3660	0.985632	0.999759	0.999762	0.908964	0.972610	0.972428
3670	0.985681	0.999759	0.999762	0.909006	0.972444	0.972256
3680	0.985728	0.999759	0.999762	0.909050	0.972610	0.972428
3690	0.985771	0.999759	0.999762	0.909088	0.972610	0.972428
3700	0.985809	0.999759	0.999762	0.909130	0.972444	0.972246
3710	0.985856	0.999778	0.999781	0.909161	0.972610	0.972428
3720	0.985925	0.999778	0.999781	0.909269	0.972610	0.972428
3730	0.985979	0.999759	0.999762	0.909375	0.972776	0.972594
3740	0.986023	0.999759	0.999762	0.909440	0.972776	0.972594
3750	0.986070	0.999759	0.999762	0.909481	0.972776	0.972594
3760	0.986120	0.999759	0.999762	0.909531	0.972776	0.972594
3770	0.986176	0.999759	0.999762	0.909617	0.972776	0.972594
3780	0.986228	0.999759	0.999762	0.909703	0.972610	0.972439
3790	0.986278	0.999759	0.999762	0.909765	0.972776	0.972609
3800	0.986320	0.999778	0.999781	0.909796	0.972776	0.972609
3810	0.986363	0.999778	0.999781	0.909831	0.972776	0.972609
3820	0.986408	0.999778	0.999781	0.909881	0.972776	0.972609
3830	0.986457	0.999796	0.999798	0.909947	0.972942	0.972764
3840	0.986491	0.999796	0.999798	0.910020	0.972942	0.972764
3850	0.986526	0.999796	0.999798	0.910054	0.972942	0.972764
3860	0.986562	0.999796	0.999798	0.910114	0.973108	0.972926
3870	0.986598	0.999796	0.999798	0.910149	0.973274	0.973078
3880	0.986629	0.999815	0.999816	0.910177	0.973274	0.973078
3890	0.986673	0.999796	0.999799	0.910232	0.973108	0.972892
3900	0.986710	0.999815	0.999816	0.910251	0.973108	0.972892
3910	0.986768	0.999815	0.999816	0.910311	0.973274	0.973063
3920	0.986827	0.999815	0.999816	0.910369	0.973108	0.972892
3930	0.986883	0.999815	0.999816	0.910418	0.973108	0.972892
3940	0.986942	0.999815	0.999816	0.910521	0.973108	0.972892
3950	0.987002	0.999815	0.999816	0.910603	0.973108	0.972892
3960	0.987061	0.999815	0.999816	0.910645	0.973108	0.972892
3970	0.987115	0.999815	0.999816	0.910613	0.973108	0.972892
3980	0.987156	0.999815	0.999816	0.910612	0.973108	0.972892
3990	0.987197	0.999815	0.999816	0.910646	0.973108	0.972892
4000	0.987236	0.999815	0.999816	0.910624	0.973108	0.972892
