10	0.388174	0.740140	0.706728	0.391298	0.745579	0.710067
20	0.459044	0.783061	0.744912	0.461720	0.787287	0.747013
30	0.494146	0.799948	0.760335	0.496091	0.804471	0.762544
40	0.518945	0.811669	0.770007	0.519283	0.813814	0.769869
50	0.545218	0.822279	0.779626	0.545610	0.824157	0.779103
60	0.563488	0.829593	0.785965	0.563296	0.828161	0.782090
70	0.578342	0.835500	0.791660	0.576259	0.833500	0.787295
80	0.591361	0.841110	0.796665	0.587878	0.837337	0.790625
90	0.600259	0.844480	0.799805	0.596366	0.841675	0.794620
100	0.610999	0.849054	0.804060	0.606126	0.845679	0.798368
110	0.620253	0.852368	0.807099	0.614116	0.847848	0.800124
120	0.631480	0.855220	0.862179	0.624098	0.851018	0.854908
130	0.642740	0.860849	0.867290	0.633658	0.856857	0.860422
140	0.651590	0.867478	0.873585	0.641361	0.859359	0.862851
150	0.664372	0.887679	0.891472	0.652409	0.876710	0.878572
160	0.674300	0.899363	0.902269	0.660939	0.887387	0.888620
170	0.685244	0.909084	0.911170	0.670266	0.896730	0.897620
180	0.691032	0.912732	0.914655	0.674942	0.899233	0.899969
190	0.707501	0.923823	0.924981	0.689756	0.907741	0.908140
200	0.715242	0.927527	0.928564	0.696759	0.911078	0.911413
210	0.721667	0.930600	0.931549	0.701807	0.913247	0.913540
220	0.727654	0.933378	0.934225	0.706506	0.914581	0.914764
230	0.733485	0.935711	0.936454	0.711177	0.916416	0.916535
240	0.740423	0.938062	0.938738	0.717608	0.921755	0.921779
250	0.745573	0.939747	0.940370	0.721754	0.924091	0.924112
260	0.751160	0.942136	0.942680	0.726077	0.925259	0.925200
270	0.756090	0.943543	0.944033	0.730201	0.927594	0.927486
280	0.763168	0.945710	0.946106	0.736087	0.928595	0.928396
290	0.768441	0.947358	0.947733	0.740473	0.927928	0.927741
300	0.772252	0.948580	0.948960	0.743318	0.929930	0.929797
310	0.774632	0.949580	0.949933	0.745187	0.931265	0.931058
320	0.779508	0.950894	0.951244	0.749864	0.933433	0.933210
330	0.784554	0.952542	0.952861	0.754052	0.934268	0.934095
340	0.789607	0.953635	0.953933	0.758050	0.935769	0.935554
350	0.793392	0.954820	0.955119	0.761070	0.938272	0.938017
360	0.797030	0.955727	0.956008	0.764279	0.938438	0.938131
370	0.800103	0.956764	0.957014	0.766554	0.938272	0.937967
380	0.802836	0.957671	0.957920	0.768421	0.938438	0.938173
390	0.806665	0.958764	0.958985	0.771683	0.938605	0.938286
400	0.812074	0.960190	0.960392	0.776189	0.940274	0.939966
410	0.814730	0.960967	0.961153	0.778091	0.940774	0.940450
420	0.817089	0.961726	0.961902	0.780015	0.941108	0.940797
430	0.820942	0.962523	0.962675	0.783127	0.941441	0.941050
440	0.823233	0.963300	0.963435	0.784948	0.943110	0.942686
450	0.825348	0.963948	0.964087	0.786409	0.943110	0.942639
460	0.828195	0.964485	0.964621	0.788579	0.942943	0.942376
470	0.831070	0.964985	0.965112	0.791646	0.944444	0.943905
480	0.833565	0.965800	0.965926	0.793584	0.944611	0.944084
490	0.836243	0.966559	0.966673	0.795008	0.945946	0.945400
500	0.838294	0.967152	0.967252	0.796524	0.946280	0.945777
510	0.839527	0.967411	0.967510	0.797315	0.946280	0.945740
520	0.843473	0.968429	0.968503	0.800586	0.947114	0.946552
530	0.846332	0.969096	0.969154	0.802776	0.948115	0.947504
540	0.847882	0.969503	0.969544	0.803742	0.948448	0.947815
550	0.851170	0.970392	0.970434	0.806584	0.949116	0.948511
560	0.852279	0.970577	0.970621	0.807367	0.949116	0.948522
570	0.853063	0.970929	0.970980	0.807567	0.949116	0.948522
580	0.853843	0.971188	0.971239	0.807989	0.949283	0.948695
590	0.855543	0.971744	0.971787	0.809354	0.949449	0.948855
600	0.857641	0.972133	0.972169	0.811382	0.950117	0.949578
610	0.860843	0.972910	0.972944	0.814196	0.951118	0.950533
620	0.863743	0.973299	0.973331	0.816764	0.952119	0.951577
630	0.865009	0.973688	0.973728	0.817594	0.952286	0.951716
640	0.867693	0.974410	0.974446	0.819691	0.952619	0.951980
650	0.869201	0.975040	0.975065	0.820968	0.953120	0.952462
660	0.871099	0.975373	0.975394	0.822555	0.954121	0.953525
670	0.873540	0.976021	0.976036	0.824393	0.954788	0.954186
680	0.874793	0.976317	0.976331	0.825127	0.954955	0.954376
690	0.877196	0.976873	0.976894	0.827268	0.954621	0.954020
700	0.878176	0.977225	0.977253	0.828301	0.954621	0.953986
710	0.880042	0.977428	0.977459	0.830009	0.954955	0.954316
720	0.881038	0.977965	0.977997	0.830861	0.955622	0.955008
730	0.883197	0.978354	0.978374	0.832271	0.955622	0.954992
740	0.884764	0.978891	0.978901	0.833474	0.956123	0.955484
750	0.886873	0.979169	0.979189	0.835306	0.956290	0.955657
760	0.887518	0.979317	0.979337	0.835731	0.956123	0.955481
770	0.888285	0.979558	0.979572	0.836117	0.955956	0.955320
780	0.889493	0.980095	0.980101	0.836947	0.955289	0.954643
790	0.890548	0.980187	0.980195	0.837758	0.955789	0.955174
800	0.893018	0.980947	0.980950	0.839835	0.956290	0.955603
810	0.895122	0.981280	0.981275	0.841754	0.956456	0.955787
820	0.895805	0.981409	0.981406	0.842113	0.957457	0.956775
830	0.896522	0.981706	0.981700	0.842515	0.957791	0.957120
840	0.898385	0.982169	0.982162	0.843923	0.958125	0.957435
850	0.899995	0.982446	0.982444	0.845304	0.958458	0.957790
860	0.901518	0.982798	0.982788	0.846573	0.958959	0.958341
870	0.902152	0.982965	0.982955	0.846955	0.958625	0.957984
880	0.902679	0.983057	0.983052	0.847357	0.958625	0.957980
890	0.903973	0.983576	0.983563	0.848299	0.959126	0.958471
900	0.905653	0.983891	0.983878	0.849680	0.958959	0.958292
910	0.906675	0.984150	0.984139	0.850630	0.959793	0.959140
920	0.907292	0.984224	0.984212	0.850973	0.959793	0.959134
930	0.909081	0.984613	0.984605	0.852316	0.960127	0.959495
940	0.910215	0.984891	0.984882	0.853282	0.959793	0.959158
950	0.911423	0.985187	0.985170	0.853996	0.959793	0.959140
960	0.912498	0.985372	0.985356	0.854790	0.960794	0.960161
970	0.913410	0.985705	0.985691	0.855318	0.960460	0.959796
980	0.914556	0.985816	0.985796	0.856302	0.960794	0.960132
990	0.915799	0.986057	0.986041	0.857432	0.960961	0.960308
1000	0.916255	0.986131	0.986113	0.857826	0.960794	0.960138
1010	0.916773	0.986427	0.986410	0.857979	0.960794	0.960136
1020	0.917846	0.986650	0.986633	0.858959	0.960627	0.959967
1030	0.918938	0.987001	0.986991	0.859606	0.960627	0.959966
1040	0.920604	0.987279	0.987266	0.861329	0.961295	0.960659
1050	0.921021	0.987427	0.987418	0.861652	0.961295	0.960661
1060	0.921429	0.987483	0.987473	0.861841	0.961461	0.960829
1070	0.921851	0.987575	0.987568	0.862095	0.960794	0.960138
1080	0.923110	0.987927	0.987918	0.863098	0.961295	0.960663
1090	0.924037	0.988335	0.988324	0.863655	0.961295	0.960656
1100	0.925009	0.988649	0.988630	0.864240	0.961461	0.960832
1110	0.925539	0.988816	0.988806	0.864500	0.961795	0.961171
1120	0.926278	0.989057	0.989050	0.864943	0.961628	0.961003
1130	0.927174	0.989205	0.989199	0.865841	0.962629	0.962032
1140	0.927868	0.989501	0.989494	0.866385	0.962629	0.962039
1150	0.929091	0.989612	0.989608	0.867679	0.963130	0.962546
1160	0.929592	0.989686	0.989682	0.868067	0.963797	0.963246
1170	0.930548	0.989871	0.989870	0.868910	0.963630	0.963059
1180	0.931306	0.990075	0.990069	0.869434	0.963964	0.963402
1190	0.931933	0.990242	0.990231	0.869872	0.964131	0.963572
1200	0.932664	0.990297	0.990290	0.870512	0.963964	0.963385
1210	0.933286	0.990483	0.990473	0.871238	0.963797	0.963232
1220	0.933645	0.990520	0.990514	0.871430	0.964131	0.963570
1230	0.934017	0.990686	0.990681	0.871806	0.964131	0.963586
1240	0.934280	0.990705	0.990703	0.871868	0.963964	0.963421
1250	0.934897	0.990871	0.990872	0.872327	0.964464	0.963938
1260	0.935687	0.990908	0.990909	0.873092	0.964798	0.964267
1270	0.936539	0.991186	0.991190	0.873576	0.964965	0.964416
1280	0.937462	0.991371	0.991377	0.874421	0.965132	0.964594
1290	0.937897	0.991427	0.991435	0.874787	0.965299	0.964786
1300	0.938842	0.991594	0.991600	0.875499	0.964965	0.964430
1310	0.939389	0.991612	0.991617	0.875808	0.966133	0.965631
1320	0.939685	0.991705	0.991710	0.875931	0.966133	0.965625
1330	0.940404	0.991834	0.991841	0.876539	0.965799	0.965253
1340	0.940832	0.991982	0.991987	0.876841	0.966300	0.965772
1350	0.941696	0.992223	0.992222	0.877912	0.966633	0.966118
1360	0.942148	0.992205	0.992199	0.878155	0.966633	0.966120
1370	0.942724	0.992427	0.992424	0.878559	0.966466	0.965954
1380	0.943331	0.992612	0.992610	0.879034	0.966466	0.965954
1390	0.944147	0.992742	0.992738	0.879875	0.966466	0.965949
1400	0.944755	0.992797	0.992797	0.880533	0.966466	0.965936
1410	0.945130	0.992945	0.992952	0.880943	0.966800	0.966275
1420	0.945517	0.993130	0.993136	0.881115	0.966300	0.965758
1430	0.946262	0.993223	0.993228	0.881916	0.966633	0.966107
1440	0.946637	0.993297	0.993304	0.882127	0.966967	0.966451
1450	0.947204	0.993390	0.993396	0.882684	0.967134	0.966609
1460	0.947670	0.993501	0.993506	0.883133	0.967134	0.966598
1470	0.948139	0.993649	0.993651	0.883468	0.967301	0.966761
1480	0.949019	0.993834	0.993837	0.884541	0.967634	0.967099
1490	0.949457	0.993945	0.993946	0.884636	0.967968	0.967445
1500	0.950127	0.994130	0.994134	0.885209	0.967968	0.967423
1510	0.950583	0.994186	0.994190	0.885697	0.967968	0.967423
1520	0.951049	0.994260	0.994264	0.886019	0.968135	0.967603
1530	0.951467	0.994445	0.994449	0.886288	0.968135	0.967605
1540	0.952022	0.994501	0.994505	0.886731	0.968468	0.967931
1550	0.952387	0.994556	0.994560	0.886814	0.968468	0.967935
1560	0.952600	0.994593	0.994598	0.886843	0.968468	0.967939
1570	0.952937	0.994686	0.994692	0.887111	0.968635	0.968113
1580	0.953282	0.994815	0.994821	0.887269	0.968802	0.968285
1590	0.953685	0.994871	0.994876	0.887480	0.968302	0.967786
1600	0.954024	0.994964	0.994965	0.887757	0.968635	0.968116
1610	0.954462	0.995112	0.995114	0.888185	0.968302	0.967789
1620	0.954717	0.995093	0.995097	0.888331	0.968302	0.967798
1630	0.955069	0.995223	0.995227	0.888585	0.968468	0.967971
1640	0.955653	0.995297	0.995303	0.889336	0.968468	0.967966
1650	0.956186	0.995445	0.995451	0.889887	0.967968	0.967450
1660	0.956555	0.995426	0.995434	0.890420	0.968969	0.968474
1670	0.956824	0.995500	0.995508	0.890705	0.968802	0.968296
1680	0.957010	0.995612	0.995621	0.890871	0.968302	0.967796
1690	0.957261	0.995612	0.995622	0.891020	0.968302	0.967796
1700	0.957623	0.995649	0.995661	0.891208	0.968302	0.967799
1710	0.958019	0.995704	0.995715	0.891548	0.968468	0.967972
1720	0.958592	0.995852	0.995866	0.892030	0.968635	0.968134
1730	0.958949	0.995926	0.995942	0.892395	0.968635	0.968122
1740	0.959340	0.996019	0.996034	0.892744	0.968802	0.968306
1750	0.959780	0.996149	0.996160	0.893386	0.968969	0.968458
1760	0.960109	0.996241	0.996246	0.893468	0.968969	0.968458
1770	0.960335	0.996334	0.996334	0.893584	0.968802	0.968295
1780	0.960609	0.996482	0.996484	0.893807	0.968969	0.968460
1790	0.960886	0.996482	0.996483	0.893991	0.968635	0.968135
1800	0.961216	0.996556	0.996558	0.894255	0.968802	0.968304
1810	0.961503	0.996630	0.996632	0.894508	0.968468	0.967961
1820	0.961820	0.996686	0.996686	0.894749	0.968802	0.968297
1830	0.962072	0.996704	0.996704	0.894930	0.968969	0.968467
1840	0.962346	0.996760	0.996761	0.895090	0.969303	0.968811
1850	0.962546	0.996834	0.996835	0.895183	0.968969	0.968475
1860	0.963005	0.996908	0.996910	0.895814	0.969636	0.969155
1870	0.963447	0.996852	0.996854	0.896438	0.969803	0.969325
1880	0.963790	0.996908	0.996908	0.896301	0.969636	0.969145
1890	0.963960	0.996908	0.996909	0.896324	0.969803	0.969315
1900	0.964109	0.996963	0.996966	0.896431	0.969970	0.969492
1910	0.964398	0.997056	0.997059	0.896665	0.970137	0.969664
1920	0.964651	0.997093	0.997094	0.896792	0.969970	0.969504
1930	0.964902	0.997167	0.997170	0.896963	0.969970	0.969508
1940	0.965189	0.997223	0.997225	0.897257	0.969970	0.969477
1950	0.965463	0.997278	0.997282	0.897491	0.970304	0.969813
1960	0.965620	0.997315	0.997320	0.897601	0.970637	0.970154
1970	0.965771	0.997315	0.997319	0.897747	0.970470	0.969990
1980	0.966075	0.997408	0.997415	0.897880	0.970304	0.969844
1990	0.966331	0.997445	0.997452	0.898064	0.970637	0.970187
2000	0.966575	0.997426	0.997433	0.898280	0.970637	0.970196
2010	0.966844	0.997574	0.997582	0.898483	0.970971	0.970527
2020	0.967049	0.997611	0.997619	0.898586	0.970971	0.970530
2030	0.967247	0.997648	0.997657	0.898710	0.970804	0.970374
2040	0.967471	0.997685	0.997694	0.898849	0.970804	0.970373
2050	0.967721	0.997704	0.997712	0.899170	0.971138	0.970670
2060	0.967946	0.997797	0.997804	0.899401	0.971138	0.970667
2070	0.968223	0.997778	0.997785	0.899774	0.970804	0.970334
2080	0.968531	0.997834	0.997842	0.900066	0.971138	0.970687
2090	0.968795	0.997945	0.997951	0.900348	0.971138	0.970687
2100	0.969039	0.997945	0.997949	0.900390	0.970971	0.970524
2110	0.969190	0.997982	0.997986	0.900382	0.970971	0.970524
2120	0.969379	0.998019	0.998025	0.900445	0.970971	0.970513
2130	0.969599	0.997982	0.997986	0.900604	0.971138	0.970692
2140	0.969749	0.998019	0.998022	0.900727	0.971305	0.970858
2150	0.969879	0.998037	0.998042	0.900823	0.971471	0.971033
2160	0.970057	0.998093	0.998098	0.900930	0.971471	0.971033
2170	0.970232	0.998130	0.998135	0.901054	0.971471	0.971033
2180	0.970408	0.998167	0.998172	0.901154	0.971638	0.971200
2190	0.970556	0.998185	0.998188	0.901228	0.971805	0.971363
2200	0.970739	0.998167	0.998169	0.901353	0.971638	0.971194
2210	0.970929	0.998185	0.998187	0.901500	0.971471	0.971035
2220	0.971121	0.998222	0.998224	0.901643	0.971638	0.971208
2230	0.971328	0.998204	0.998205	0.901837	0.971471	0.971039
2240	0.971503	0.998259	0.998260	0.902077	0.971638	0.971208
2250	0.971648	0.998278	0.998279	0.902314	0.971638	0.971208
2260	0.971811	0.998296	0.998298	0.902468	0.971471	0.971033
2270	0.971993	0.998334	0.998335	0.902665	0.971138	0.970692
2280	0.972127	0.998334	0.998335	0.902754	0.971305	0.970861
2290	0.972252	0.998352	0.998353	0.902812	0.971471	0.971036
2300	0.972407	0.998315	0.998316	0.902838	0.971471	0.971039
2310	0.972537	0.998352	0.998353	0.902912	0.971471	0.971039
2320	0.972683	0.998389	0.998390	0.903015	0.971805	0.971385
2330	0.972905	0.998426	0.998427	0.903345	0.971471	0.971035
2340	0.973155	0.998463	0.998465	0.903889	0.971805	0.971366
2350	0.973384	0.998482	0.998483	0.904265	0.972139	0.971698
2360	0.973588	0.998500	0.998502	0.904489	0.971972	0.971526
2370	0.973760	0.998500	0.998502	0.904758	0.971972	0.971532
2380	0.973948	0.998519	0.998521	0.905011	0.971972	0.971532
2390	0.974095	0.998519	0.998521	0.905126	0.971972	0.971532
2400	0.974209	0.998537	0.998540	0.905236	0.972139	0.971706
2410	0.974323	0.998519	0.998521	0.905355	0.972139	0.971706
2420	0.974482	0.998537	0.998540	0.905495	0.972306	0.971884
2430	0.974631	0.998537	0.998540	0.905628	0.972306	0.971884
2440	0.974856	0.998593	0.998596	0.905811	0.972306	0.971884
2450	0.974984	0.998611	0.998614	0.905865	0.972139	0.971705
2460	0.975137	0.998648	0.998652	0.905968	0.972306	0.971884
2470	0.975290	0.998667	0.998671	0.906056	0.972306	0.971888
2480	0.975430	0.998685	0.998690	0.906153	0.972306	0.971888
2490	0.975644	0.998685	0.998691	0.906341	0.972306	0.971888
2500	0.975798	0.998685	0.998691	0.906505	0.972306	0.971888
2510	0.975934	0.998704	0.998709	0.906571	0.972306	0.971888
2520	0.976077	0.998704	0.998709	0.906657	0.972306	0.971888
2530	0.976237	0.998722	0.998727	0.906729	0.971972	0.971545
2540	0.976319	0.998722	0.998727	0.906787	0.971972	0.971545
2550	0.976415	0.998722	0.998727	0.906843	0.971972	0.971545
2560	0.976516	0.998722	0.998726	0.906925	0.971972	0.971545
2570	0.976631	0.998759	0.998763	0.906955	0.971972	0.971545
2580	0.976781	0.998778	0.998782	0.907184	0.972139	0.971704
2590	0.976927	0.998852	0.998858	0.907366	0.972973	0.972585
2600	0.977068	0.998889	0.998894	0.907460	0.973140	0.972743
2610	0.977207	0.998889	0.998894	0.907570	0.973140	0.972745
2620	0.977323	0.998889	0.998894	0.907647	0.972973	0.972565
2630	0.977441	0.998889	0.998894	0.907733	0.973140	0.972738
2640	0.977558	0.998908	0.998912	0.907845	0.973473	0.973083
2650	0.977685	0.998926	0.998931	0.908002	0.973473	0.973083
2660	0.977817	0.998945	0.998950	0.908026	0.973473	0.973091
2670	0.977917	0.998945	0.998950	0.908065	0.973307	0.972920
2680	0.978002	0.998982	0.998987	0.908103	0.973307	0.972920
2690	0.978098	0.999000	0.999006	0.908146	0.973140	0.972748
2700	0.978184	0.999000	0.999005	0.908145	0.973140	0.972748
2710	0.978299	0.999019	0.999023	0.908260	0.973140	0.972756
2720	0.978380	0.999000	0.999005	0.908261	0.973473	0.973101
2730	0.978447	0.999000	0.999005	0.908235	0.973473	0.973101
2740	0.978534	0.999000	0.999005	0.908298	0.973473	0.973101
2750	0.978623	0.999037	0.999041	0.908368	0.973473	0.973099
2760	0.978697	0.999056	0.999059	0.908438	0.973473	0.973099
2770	0.978831	0.999074	0.999077	0.908542	0.973307	0.972932
2780	0.978949	0.999056	0.999059	0.908625	0.973307	0.972932
2790	0.979063	0.999074	0.999079	0.908744	0.973140	0.972774
2800	0.979159	0.999093	0.999097	0.908816	0.973140	0.972767
2810	0.979279	0.999111	0.999116	0.908975	0.973140	0.972767
2820	0.979386	0.999130	0.999134	0.909113	0.973473	0.973103
2830	0.979479	0.999130	0.999134	0.909222	0.973473	0.973103
2840	0.979554	0.999130	0.999134	0.909304	0.973473	0.973103
2850	0.979663	0.999130	0.999135	0.909410	0.973473	0.973103
2860	0.979790	0.999148	0.999153	0.909673	0.973640	0.973264
2870	0.979905	0.999185	0.999190	0.909875	0.973473	0.973098
2880	0.980011	0.999222	0.999225	0.910068	0.973307	0.972927
2890	0.980114	0.999222	0.999226	0.910261	0.973640	0.973271
2900	0.980256	0.999241	0.999243	0.910488	0.973807	0.973434
2910	0.980360	0.999296	0.999299	0.910579	0.973807	0.973434
2920	0.980456	0.999333	0.999335	0.910532	0.973807	0.973434
2930	0.980536	0.999352	0.999354	0.910621	0.973640	0.973263
2940	0.980618	0.999370	0.999373	0.910674	0.973807	0.973434
2950	0.980722	0.999352	0.999355	0.910845	0.973974	0.973605
2960	0.980817	0.999370	0.999374	0.910961	0.973640	0.973265
2970	0.980902	0.999370	0.999374	0.911045	0.973640	0.973265
2980	0.981001	0.999389	0.999393	0.911154	0.973974	0.973601
2990	0.981082	0.999407	0.999413	0.911266	0.973807	0.973430
3000	0.981159	0.999426	0.999431	0.911353	0.973974	0.973601
3010	0.981236	0.999407	0.999413	0.911409	0.973974	0.973601
3020	0.981312	0.999407	0.999413	0.911443	0.973974	0.973601
3030	0.981395	0.999463	0.999468	0.911505	0.974141	0.973773
3040	0.981487	0.999482	0.999485	0.911529	0.973974	0.973601
3050	0.981557	0.999482	0.999485	0.911550	0.973974	0.973601
3060	0.981623	0.999482	0.999485	0.911598	0.973974	0.973601
3070	0.981685	0.999482	0.999486	0.911641	0.974141	0.973773
3080	0.981751	0.999463	0.999468	0.911667	0.974308	0.973944
3090	0.981828	0.999482	0.999486	0.911723	0.974141	0.973765
3100	0.981909	0.999482	0.999486	0.911787	0.973974	0.973597
3110	0.981980	0.999482	0.999486	0.911788	0.973974	0.973597
3120	0.982045	0.999482	0.999486	0.911827	0.973974	0.973597
3130	0.982103	0.999482	0.999486	0.911840	0.973974	0.973602
3140	0.982165	0.999482	0.999486	0.911882	0.973974	0.973602
3150	0.982248	0.999482	0.999486	0.911936	0.973974	0.973602
3160	0.982357	0.999482	0.999486	0.911971	0.973974	0.973602
3170	0.982432	0.999519	0.999523	0.912054	0.974141	0.973770
3180	0.982501	0.999537	0.999541	0.912117	0.974141	0.973770
3190	0.982579	0.999537	0.999541	0.912194	0.974141	0.973770
3200	0.982666	0.999537	0.999541	0.912297	0.973974	0.973597
3210	0.982738	0.999556	0.999560	0.912379	0.973974	0.973597
3220	0.982816	0.999556	0.999560	0.912461	0.974141	0.973770
3230	0.982906	0.999574	0.999579	0.912495	0.974141	0.973764
3240	0.982972	0.999611	0.999616	0.912586	0.974141	0.973764
3250	0.983025	0.999611	0.999616	0.912636	0.974308	0.973938
3260	0.983094	0.999611	0.999616	0.912699	0.974308	0.973938
3270	0.983162	0.999611	0.999616	0.912764	0.974474	0.974110
3280	0.983236	0.999611	0.999616	0.912830	0.974641	0.974270
3290	0.983334	0.999593	0.999597	0.913015	0.974474	0.974111
3300	0.983401	0.999593	0.999597	0.913168	0.974641	0.974278
3310	0.983462	0.999611	0.999616	0.913276	0.974808	0.974442
3320	0.983518	0.999630	0.999634	0.913384	0.974808	0.974452
3330	0.983591	0.999630	0.999634	0.913470	0.974641	0.974280
3340	0.983665	0.999630	0.999634	0.913595	0.974808	0.974447
3350	0.983742	0.999648	0.999652	0.913695	0.974808	0.974447
3360	0.983828	0.999648	0.999652	0.913822	0.974975	0.974615
3370	0.983903	0.999648	0.999651	0.913887	0.974808	0.974448
3380	0.983980	0.999667	0.999669	0.913957	0.974808	0.974448
3390	0.984062	0.999667	0.999669	0.914200	0.974641	0.974280
3400	0.984121	0.999685	0.999688	0.914292	0.974641	0.974280
3410	0.984165	0.999667	0.999671	0.914341	0.974808	0.974454
3420	0.984209	0.999667	0.999671	0.914412	0.974808	0.974448
3430	0.984274	0.999630	0.999634	0.914458	0.974808	0.974448
3440	0.984345	0.999630	0.999634	0.914514	0.974808	0.974448
3450	0.984410	0.999704	0.999707	0.914578	0.974808	0.974448
3460	0.984474	0.999685	0.999690	0.914603	0.974975	0.974619
3470	0.984538	0.999685	0.999690	0.914655	0.974975	0.974619
3480	0.984597	0.999685	0.999690	0.914712	0.974975	0.974619
3490	0.984661	0.999704	0.999707	0.914750	0.974975	0.974619
3500	0.984714	0.999704	0.999707	0.914778	0.974975	0.974619
3510	0.984764	0.999722	0.999726	0.914822	0.974975	0.974619
3520	0.984855	0.999741	0.999744	0.914941	0.974975	0.974619
3530	0.984927	0.999741	0.999744	0.915028	0.974975	0.974619
3540	0.984978	0.999741	0.999744	0.915121	0.974975	0.974619
3550	0.985023	0.999741	0.999744	0.915195	0.975142	0.974781
3560	0.985076	0.999741	0.999744	0.915241	0.975142	0.974781
3570	0.985126	0.999741	0.999744	0.915245	0.975142	0.974781
3580	0.985196	0.999741	0.999744	0.915291	0.975142	0.974776
3590	0.985242	0.999759	0.999764	0.915371	0.975142	0.974776
3600	0.985290	0.999759	0.999764	0.915456	0.975142	0.974776
3610	0.985335	0.999759	0.999764	0.915564	0.975142	0.974776
3620	0.985363	0.999759	0.999764	0.915626	0.975309	0.974938
3630	0.985395	0.999759	0.999764	0.915652	0.975309	0.974938
3640	0.985429	0.999759	0.999764	0.915717	0.975309	0.974938
3650	0.985474	0.999778	0.999783	0.915774	0.975309	0.974944
3660	0.985521	0.999778	0.999783	0.915851	0.975475	0.975119
3670	0.985583	0.999778	0.999783	0.915952	0.975309	0.974951
3680	0.985651	0.999778	0.999783	0.916085	0.975142	0.974776
3690	0.985701	0.999778	0.999783	0.916146	0.975142	0.974776
3700	0.985754	0.999778	0.999783	0.916200	0.975142	0.974776
3710	0.985812	0.999778	0.999783	0.916328	0.975142	0.974776
3720	0.985860	0.999778	0.999783	0.916434	0.975309	0.974941
3730	0.985897	0.999778	0.999783	0.916500	0.975309	0.974941
3740	0.985934	0.999778	0.999783	0.916500	0.975475	0.975110
3750	0.985967	0.999778	0.999783	0.916555	0.975309	0.974941
3760	0.985993	0.999778	0.999783	0.916605	0.975309	0.974941
3770	0.986034	0.999778	0.999783	0.916653	0.975309	0.974941
3780	0.986060	0.999778	0.999783	0.916686	0.975309	0.974941
3790	0.986092	0.999778	0.999783	0.916722	0.975309	0.974941
3800	0.986135	0.999778	0.999783	0.916735	0.975309	0.974934
3810	0.986171	0.999778	0.999783	0.916740	0.975309	0.974934
3820	0.986240	0.999796	0.999802	0.916819	0.975309	0.974934
3830	0.986288	0.999796	0.999802	0.916850	0.975142	0.974773
3840	0.986327	0.999796	0.999802	0.916874	0.975142	0.974773
3850	0.986364	0.999796	0.999802	0.916896	0.975142	0.974773
3860	0.986402	0.999815	0.999820	0.916910	0.975142	0.974773
3870	0.986443	0.999815	0.999820	0.916952	0.975142	0.974773
3880	0.986484	0.999815	0.999820	0.916985	0.975309	0.974945
3890	0.986528	0.999815	0.999820	0.916998	0.975142	0.974773
3900	0.986566	0.999815	0.999820	0.917030	0.975309	0.974945
3910	0.986610	0.999815	0.999820	0.917054	0.975309	0.974945
3920	0.986654	0.999815	0.999820	0.917042	0.975309	0.974945
3930	0.986690	0.999815	0.999820	0.917069	0.975309	0.974945
3940	0.986716	0.999815	0.999820	0.917080	0.975309	0.974945
3950	0.986743	0.999815	0.999820	0.917096	0.975309	0.974945
3960	0.986780	0.999815	0.999819	0.917119	0.975309	0.974945
3970	0.986815	0.999815	0.999819	0.917124	0.975309	0.974945
3980	0.986872	0.999815	0.999819	0.917202	0.975309	0.974945
3990	0.986932	0.999815	0.999819	0.917223	0.975309	0.974945
4000	0.986993	0.999815	0.999819	0.917237	0.975642	0.975279
