10	0.405469	0.746486	0.706952	0.402035	0.742251	0.704202
20	0.466311	0.783183	0.742459	0.460988	0.777123	0.738173
30	0.506976	0.803659	0.761878	0.499267	0.795822	0.756081
40	0.530636	0.815219	0.772659	0.522308	0.806098	0.765630
50	0.551402	0.823838	0.780305	0.540265	0.813679	0.771983
60	0.568392	0.830978	0.786722	0.555574	0.821934	0.779370
70	0.582377	0.835454	0.790930	0.568517	0.825472	0.782673
80	0.592960	0.840689	0.795864	0.577949	0.830357	0.787114
90	0.605370	0.845368	0.800068	0.588932	0.833558	0.789987
100	0.614319	0.848642	0.803284	0.597104	0.835411	0.791862
110	0.626350	0.852915	0.807239	0.607906	0.839791	0.795782
120	0.641318	0.857262	0.863658	0.621872	0.843666	0.851755
130	0.650538	0.862478	0.868400	0.630564	0.848720	0.856441
140	0.666195	0.887633	0.891163	0.645236	0.875505	0.880301
150	0.673652	0.893515	0.896528	0.652122	0.883086	0.887503
160	0.687955	0.911494	0.913195	0.665645	0.900101	0.902688
170	0.697493	0.917246	0.918676	0.674457	0.904313	0.906710
180	0.711915	0.925052	0.925982	0.688233	0.912230	0.913932
190	0.716997	0.927882	0.928676	0.692243	0.915094	0.916667
200	0.725929	0.931119	0.931829	0.700477	0.918801	0.920165
210	0.732526	0.934781	0.935329	0.706139	0.922844	0.923980
220	0.739563	0.937408	0.937863	0.712592	0.926381	0.927380
230	0.745085	0.938924	0.939393	0.717384	0.927055	0.928121
240	0.750353	0.940644	0.941059	0.722017	0.928403	0.929416
250	0.755189	0.942550	0.942945	0.725952	0.930088	0.931001
260	0.760645	0.944159	0.944517	0.731147	0.933288	0.934184
270	0.767619	0.946397	0.946626	0.737642	0.934131	0.934910
280	0.773266	0.948653	0.948877	0.742657	0.935647	0.936389
290	0.777235	0.949985	0.950202	0.746188	0.936489	0.937239
300	0.780983	0.951631	0.951839	0.749467	0.938342	0.939039
310	0.784931	0.952834	0.952993	0.753327	0.939522	0.940158
320	0.793098	0.954924	0.955025	0.760906	0.942217	0.942756
330	0.795331	0.955627	0.955715	0.762524	0.942217	0.942755
340	0.797066	0.956126	0.956219	0.763469	0.942722	0.943267
350	0.799666	0.957051	0.957136	0.765114	0.942891	0.943423
360	0.805517	0.958401	0.958455	0.770768	0.944744	0.945184
370	0.809661	0.958938	0.959038	0.774493	0.944912	0.945370
380	0.813176	0.959714	0.959798	0.777496	0.946765	0.947185
390	0.815671	0.960306	0.960395	0.779307	0.945755	0.946199
400	0.819517	0.961657	0.961715	0.782694	0.948113	0.948444
410	0.823058	0.962600	0.962639	0.785842	0.948282	0.948594
420	0.827057	0.963710	0.963725	0.789951	0.948956	0.949266
430	0.829665	0.964912	0.964928	0.792285	0.949292	0.949586
440	0.832376	0.965337	0.965340	0.795094	0.950640	0.950918
450	0.834876	0.965707	0.965703	0.797127	0.950303	0.950599
460	0.837103	0.966429	0.966437	0.798538	0.950135	0.950407
470	0.839358	0.967150	0.967164	0.799931	0.950135	0.950400
480	0.841665	0.967964	0.967980	0.801795	0.950809	0.951076
490	0.843775	0.968556	0.968562	0.804207	0.952156	0.952399
500	0.845841	0.969000	0.969004	0.805586	0.951819	0.952061
510	0.848015	0.969573	0.969580	0.807249	0.952493	0.952730
520	0.850290	0.970331	0.970327	0.809276	0.952830	0.953022
530	0.852346	0.970960	0.970947	0.810884	0.953167	0.953356
540	0.854710	0.971645	0.971618	0.813008	0.953673	0.953831
550	0.857688	0.972477	0.972435	0.815441	0.954009	0.954181
560	0.861636	0.973254	0.973209	0.818982	0.955189	0.955333
570	0.863971	0.973735	0.973698	0.820936	0.955526	0.955667
580	0.864902	0.974012	0.973977	0.821540	0.955694	0.955828
590	0.865833	0.974567	0.974529	0.822156	0.956031	0.956168
600	0.867927	0.975067	0.975020	0.823879	0.956536	0.956654
610	0.869096	0.975344	0.975314	0.824659	0.956705	0.956844
620	0.869851	0.975621	0.975602	0.825026	0.956873	0.957016
630	0.872671	0.976065	0.976051	0.827256	0.956199	0.956338
640	0.873482	0.976398	0.976377	0.827869	0.956873	0.956998
650	0.874862	0.976842	0.976828	0.828980	0.956873	0.957000
660	0.876073	0.977379	0.977349	0.829706	0.957547	0.957668
670	0.878969	0.977915	0.977883	0.832149	0.957379	0.957488
680	0.880707	0.978174	0.978143	0.833695	0.957884	0.957971
690	0.882893	0.978655	0.978612	0.835498	0.957884	0.957974
700	0.884425	0.978636	0.978590	0.836728	0.958221	0.958313
710	0.886524	0.979228	0.979181	0.838583	0.958221	0.958307
720	0.887336	0.979561	0.979516	0.838950	0.958221	0.958308
730	0.889005	0.979950	0.979902	0.840387	0.958895	0.958948
740	0.890884	0.980357	0.980311	0.841933	0.958389	0.958492
750	0.891805	0.980653	0.980611	0.842542	0.958558	0.958672
760	0.892706	0.980967	0.980933	0.843059	0.958895	0.959003
770	0.894128	0.981448	0.981404	0.844161	0.959232	0.959358
780	0.895540	0.981855	0.981814	0.845448	0.959906	0.960021
790	0.897748	0.982243	0.982208	0.847451	0.960411	0.960505
800	0.898510	0.982447	0.982412	0.847999	0.960411	0.960493
810	0.899470	0.982706	0.982670	0.848780	0.960748	0.960832
820	0.901380	0.982891	0.982843	0.850529	0.960748	0.960832
830	0.902686	0.983316	0.983273	0.851499	0.960748	0.960846
840	0.904217	0.983612	0.983559	0.852775	0.962096	0.962140
850	0.905721	0.983852	0.983798	0.854118	0.961927	0.961962
860	0.906630	0.983963	0.983915	0.854697	0.961759	0.961800
870	0.907200	0.984241	0.984196	0.854952	0.962264	0.962315
880	0.908211	0.984463	0.984423	0.855707	0.961422	0.961464
890	0.909307	0.984907	0.984867	0.856659	0.962096	0.962109
900	0.910449	0.985369	0.985334	0.857347	0.962433	0.962442
910	0.911045	0.985591	0.985561	0.857618	0.962096	0.962084
920	0.912477	0.985758	0.985727	0.858823	0.962601	0.962588
930	0.913619	0.986035	0.985996	0.859777	0.962770	0.962736
940	0.915038	0.986294	0.986256	0.861080	0.963106	0.963082
950	0.916304	0.986534	0.986497	0.862297	0.963275	0.963254
960	0.916789	0.986682	0.986645	0.862664	0.963612	0.963599
970	0.917203	0.986719	0.986674	0.862935	0.963780	0.963765
980	0.918345	0.987126	0.987087	0.864026	0.964117	0.964112
990	0.919463	0.987478	0.987444	0.864876	0.963949	0.963952
1000	0.920152	0.987644	0.987610	0.865261	0.964117	0.964106
1010	0.920537	0.987792	0.987752	0.865487	0.964117	0.964112
1020	0.921565	0.987996	0.987953	0.866313	0.964791	0.964807
1030	0.922343	0.988236	0.988190	0.866997	0.964623	0.964621
1040	0.922869	0.988477	0.988436	0.867398	0.964791	0.964798
1050	0.923696	0.988588	0.988548	0.867937	0.964791	0.964800
1060	0.924369	0.988643	0.988607	0.868475	0.964960	0.964985
1070	0.925346	0.988791	0.988751	0.869223	0.964791	0.964810
1080	0.926243	0.988995	0.988960	0.870005	0.964791	0.964804
1090	0.927355	0.989124	0.989088	0.871013	0.964960	0.964980
1100	0.927784	0.989401	0.989366	0.871343	0.965128	0.965137
1110	0.928177	0.989475	0.989440	0.871621	0.964960	0.964965
1120	0.928696	0.989808	0.989781	0.871983	0.964960	0.964953
1130	0.929722	0.990030	0.990002	0.872719	0.964960	0.964968
1140	0.930635	0.990308	0.990279	0.873446	0.964791	0.964807
1150	0.931554	0.990548	0.990520	0.874127	0.964960	0.964969
1160	0.932605	0.990733	0.990703	0.874989	0.964623	0.964622
1170	0.933192	0.990863	0.990834	0.875594	0.965465	0.965469
1180	0.933558	0.990937	0.990908	0.875912	0.965802	0.965814
1190	0.933924	0.991011	0.990987	0.876073	0.965633	0.965655
1200	0.934776	0.991122	0.991097	0.876640	0.965802	0.965809
1210	0.935300	0.991233	0.991210	0.877001	0.965802	0.965809
1220	0.936030	0.991362	0.991336	0.877721	0.966813	0.966820
1230	0.936967	0.991529	0.991500	0.878644	0.966981	0.966997
1240	0.937628	0.991677	0.991647	0.879187	0.966644	0.966665
1250	0.938445	0.991917	0.991894	0.879883	0.966813	0.966844
1260	0.938971	0.992176	0.992155	0.880127	0.967318	0.967354
1270	0.939741	0.992305	0.992286	0.880744	0.967150	0.967181
1280	0.940615	0.992601	0.992581	0.881455	0.967655	0.967694
1290	0.941225	0.992786	0.992768	0.881914	0.967823	0.967874
1300	0.941550	0.992842	0.992821	0.881964	0.968160	0.968200
1310	0.942089	0.992897	0.992878	0.882407	0.967992	0.968029
1320	0.942597	0.993082	0.993060	0.882791	0.968160	0.968209
1330	0.943100	0.993138	0.993114	0.883046	0.968160	0.968209
1340	0.943789	0.993378	0.993357	0.883486	0.968160	0.968213
1350	0.944222	0.993415	0.993396	0.883667	0.967823	0.967868
1360	0.944502	0.993526	0.993507	0.883834	0.967655	0.967707
1370	0.945260	0.993656	0.993638	0.884424	0.967823	0.967865
1380	0.945659	0.993804	0.993785	0.884762	0.968497	0.968546
1390	0.945987	0.993970	0.993955	0.885000	0.969003	0.969052
1400	0.946613	0.994044	0.994028	0.885490	0.968834	0.968882
1410	0.947135	0.994100	0.994084	0.885853	0.968834	0.968883
1420	0.947462	0.994155	0.994142	0.885996	0.969003	0.969059
1430	0.947781	0.994192	0.994180	0.886326	0.969003	0.969059
1440	0.948612	0.994248	0.994234	0.887006	0.968329	0.968386
1450	0.949055	0.994322	0.994311	0.887308	0.968497	0.968569
1460	0.949599	0.994433	0.994422	0.887664	0.968329	0.968404
1470	0.949938	0.994507	0.994498	0.887803	0.968497	0.968574
1480	0.950512	0.994654	0.994636	0.888224	0.968666	0.968736
1490	0.950787	0.994728	0.994710	0.888605	0.968497	0.968574
1500	0.951259	0.994747	0.994728	0.888885	0.968160	0.968246
1510	0.951797	0.994876	0.994858	0.889368	0.968160	0.968234
1520	0.952130	0.994839	0.994823	0.889731	0.968329	0.968408
1530	0.952676	0.994987	0.994973	0.890342	0.967992	0.968071
1540	0.953051	0.995006	0.994990	0.890613	0.968160	0.968224
1550	0.953351	0.995080	0.995065	0.891033	0.968160	0.968224
1560	0.953621	0.995117	0.995101	0.891155	0.967823	0.967888
1570	0.953962	0.995117	0.995101	0.891535	0.968329	0.968398
1580	0.954309	0.995135	0.995121	0.891846	0.969003	0.969082
1590	0.954551	0.995191	0.995175	0.891977	0.969003	0.969077
1600	0.955234	0.995265	0.995250	0.892445	0.969171	0.969250
1610	0.955660	0.995413	0.995398	0.892757	0.969003	0.969089
1620	0.956025	0.995505	0.995493	0.892982	0.969171	0.969245
1630	0.956354	0.995524	0.995511	0.893222	0.969003	0.969084
1640	0.956776	0.995598	0.995587	0.893594	0.969508	0.969582
1650	0.957171	0.995727	0.995718	0.893832	0.969171	0.969239
1660	0.957771	0.995801	0.995793	0.894478	0.969340	0.969404
1670	0.958224	0.995875	0.995867	0.894765	0.969508	0.969572
1680	0.958516	0.995894	0.995884	0.895038	0.969677	0.969747
1690	0.958907	0.996005	0.995999	0.895427	0.969340	0.969414
1700	0.959237	0.996079	0.996072	0.895875	0.969677	0.969751
1710	0.959603	0.996190	0.996180	0.896201	0.969508	0.969576
1720	0.959782	0.996208	0.996198	0.896354	0.969677	0.969738
1730	0.959964	0.996208	0.996197	0.896438	0.969677	0.969738
1740	0.960261	0.996375	0.996363	0.896608	0.969845	0.969906
1750	0.960583	0.996449	0.996436	0.896846	0.969845	0.969906
1760	0.960822	0.996449	0.996435	0.896973	0.970013	0.970077
1770	0.961145	0.996449	0.996435	0.897180	0.970182	0.970253
1780	0.961422	0.996504	0.996494	0.897600	0.970013	0.970070
1790	0.961677	0.996597	0.996587	0.897790	0.970182	0.970239
1800	0.961927	0.996615	0.996605	0.897992	0.970519	0.970574
1810	0.962318	0.996652	0.996642	0.898262	0.970350	0.970410
1820	0.962701	0.996689	0.996680	0.898625	0.970687	0.970740
1830	0.963115	0.996745	0.996737	0.898935	0.970856	0.970925
1840	0.963460	0.996800	0.996790	0.899333	0.971024	0.971105
1850	0.963707	0.996874	0.996864	0.899496	0.971193	0.971280
1860	0.963882	0.996930	0.996919	0.899628	0.971361	0.971442
1870	0.964056	0.996930	0.996918	0.899696	0.971193	0.971272
1880	0.964205	0.996930	0.996917	0.899737	0.971193	0.971271
1890	0.964358	0.996967	0.996955	0.899860	0.971530	0.971615
1900	0.964481	0.996967	0.996955	0.899940	0.971530	0.971618
1910	0.964655	0.997152	0.997142	0.900017	0.971698	0.971787
1920	0.964847	0.997152	0.997141	0.900096	0.972035	0.972129
1930	0.965058	0.997207	0.997198	0.900447	0.972372	0.972466
1940	0.965333	0.997207	0.997199	0.900614	0.971698	0.971789
1950	0.965580	0.997244	0.997234	0.900770	0.971698	0.971790
1960	0.965770	0.997336	0.997326	0.900900	0.971698	0.971785
1970	0.965939	0.997336	0.997327	0.901007	0.971698	0.971784
1980	0.966185	0.997336	0.997327	0.901226	0.971867	0.971948
1990	0.966508	0.997355	0.997348	0.901526	0.971867	0.971948
2000	0.966893	0.997447	0.997442	0.901893	0.972204	0.972285
2010	0.967143	0.997503	0.997498	0.902030	0.972035	0.972125
2020	0.967408	0.997595	0.997593	0.902350	0.972035	0.972118
2030	0.967737	0.997651	0.997647	0.902729	0.972035	0.972116
2040	0.968058	0.997688	0.997684	0.902901	0.972204	0.972287
2050	0.968329	0.997725	0.997722	0.903122	0.972540	0.972630
2060	0.968613	0.997725	0.997721	0.903359	0.972709	0.972804
2070	0.968823	0.997780	0.997777	0.903553	0.972709	0.972799
2080	0.969001	0.997873	0.997872	0.903624	0.972540	0.972632
2090	0.969161	0.997873	0.997871	0.903749	0.972540	0.972631
2100	0.969351	0.997910	0.997909	0.903839	0.972540	0.972632
2110	0.969541	0.997891	0.997890	0.903927	0.972709	0.972823
2120	0.969731	0.997891	0.997889	0.904034	0.973046	0.973153
2130	0.969863	0.997928	0.997927	0.904128	0.973214	0.973322
2140	0.970056	0.997984	0.997984	0.904213	0.972877	0.972978
2150	0.970279	0.997984	0.997984	0.904369	0.973046	0.973150
2160	0.970434	0.998039	0.998039	0.904470	0.972877	0.972967
2170	0.970603	0.998058	0.998056	0.904558	0.972709	0.972805
2180	0.970789	0.998095	0.998093	0.904679	0.972709	0.972826
2190	0.970959	0.998113	0.998112	0.904762	0.972540	0.972648
2200	0.971144	0.998095	0.998093	0.904853	0.972204	0.972323
2210	0.971343	0.998150	0.998147	0.904938	0.972372	0.972488
2220	0.971524	0.998150	0.998147	0.905041	0.972372	0.972488
2230	0.971697	0.998187	0.998184	0.905151	0.972540	0.972657
2240	0.971889	0.998224	0.998223	0.905323	0.972540	0.972657
2250	0.972101	0.998224	0.998223	0.905566	0.972372	0.972496
2260	0.972217	0.998243	0.998241	0.905705	0.972540	0.972661
2270	0.972327	0.998243	0.998240	0.905903	0.972540	0.972661
2280	0.972475	0.998280	0.998278	0.906054	0.972709	0.972827
2290	0.972644	0.998280	0.998278	0.906182	0.972540	0.972660
2300	0.972860	0.998280	0.998278	0.906370	0.972540	0.972660
2310	0.973009	0.998280	0.998278	0.906526	0.972540	0.972653
2320	0.973145	0.998317	0.998315	0.906671	0.972540	0.972653
2330	0.973305	0.998354	0.998352	0.906790	0.972709	0.972823
2340	0.973462	0.998409	0.998409	0.906926	0.972877	0.972983
2350	0.973619	0.998391	0.998388	0.906975	0.972709	0.972826
2360	0.973778	0.998446	0.998445	0.907200	0.972877	0.972992
2370	0.973927	0.998446	0.998447	0.907369	0.973046	0.973163
2380	0.974052	0.998483	0.998484	0.907557	0.973214	0.973325
2390	0.974193	0.998483	0.998482	0.907740	0.973046	0.973161
2400	0.974364	0.998483	0.998482	0.907850	0.973383	0.973491
2410	0.974556	0.998539	0.998539	0.907996	0.973214	0.973333
2420	0.974755	0.998557	0.998557	0.908224	0.973551	0.973670
2430	0.974878	0.998557	0.998558	0.908324	0.973383	0.973488
2440	0.974995	0.998576	0.998576	0.908364	0.973214	0.973318
2450	0.975155	0.998594	0.998595	0.908493	0.973214	0.973325
2460	0.975279	0.998631	0.998630	0.908602	0.973214	0.973344
2470	0.975412	0.998668	0.998667	0.908668	0.972709	0.972826
2480	0.975558	0.998724	0.998722	0.908787	0.972709	0.972828
2490	0.975705	0.998705	0.998704	0.908876	0.972709	0.972828
2500	0.975869	0.998705	0.998704	0.908987	0.972709	0.972824
2510	0.976030	0.998742	0.998741	0.909028	0.972877	0.972991
2520	0.976156	0.998761	0.998760	0.909187	0.973214	0.973317
2530	0.976255	0.998761	0.998760	0.909295	0.973046	0.973148
2540	0.976402	0.998742	0.998741	0.909384	0.973214	0.973317
2550	0.976544	0.998742	0.998741	0.909457	0.972877	0.972975
2560	0.976693	0.998761	0.998760	0.909451	0.973046	0.973144
2570	0.976835	0.998761	0.998760	0.909630	0.973214	0.973332
2580	0.976945	0.998779	0.998779	0.909796	0.973214	0.973330
2590	0.977031	0.998816	0.998815	0.909812	0.973214	0.973328
2600	0.977125	0.998816	0.998816	0.909832	0.973046	0.973155
2610	0.977258	0.998798	0.998797	0.909926	0.973046	0.973155
2620	0.977375	0.998816	0.998815	0.909980	0.973383	0.973501
2630	0.977506	0.998872	0.998872	0.910003	0.973214	0.973328
2640	0.977635	0.998853	0.998854	0.910328	0.973551	0.973678
2650	0.977743	0.998872	0.998872	0.910377	0.973720	0.973845
2660	0.977876	0.998927	0.998929	0.910424	0.973888	0.974016
2670	0.978023	0.998964	0.998966	0.910550	0.973888	0.974014
2680	0.978168	0.998964	0.998966	0.910673	0.973888	0.974006
2690	0.978299	0.998983	0.998984	0.910770	0.974225	0.974352
2700	0.978429	0.998983	0.998984	0.910873	0.974225	0.974352
2710	0.978576	0.999001	0.999003	0.910978	0.974562	0.974699
2720	0.978687	0.999038	0.999040	0.911124	0.974225	0.974372
2730	0.978813	0.999038	0.999038	0.911254	0.973888	0.974026
2740	0.978940	0.999038	0.999038	0.911460	0.974057	0.974189
2750	0.979063	0.999038	0.999038	0.911659	0.974057	0.974194
2760	0.979182	0.999057	0.999058	0.911728	0.974394	0.974530
2770	0.979273	0.999075	0.999076	0.911834	0.974225	0.974355
2780	0.979356	0.999094	0.999093	0.911895	0.974057	0.974200
2790	0.979443	0.999112	0.999112	0.911924	0.973888	0.974023
2800	0.979527	0.999131	0.999131	0.911946	0.974225	0.974357
2810	0.979632	0.999149	0.999150	0.912010	0.974225	0.974356
2820	0.979733	0.999186	0.999187	0.912067	0.974225	0.974369
2830	0.979839	0.999205	0.999206	0.912167	0.974057	0.974205
2840	0.979972	0.999223	0.999224	0.912267	0.973720	0.973853
2850	0.980054	0.999242	0.999243	0.912331	0.973888	0.974023
2860	0.980151	0.999223	0.999224	0.912432	0.973888	0.974023
2870	0.980246	0.999260	0.999263	0.912585	0.973888	0.974033
2880	0.980336	0.999297	0.999300	0.912645	0.974057	0.974211
2890	0.980411	0.999297	0.999300	0.912703	0.974225	0.974383
2900	0.980520	0.999316	0.999319	0.912754	0.973720	0.973870
2910	0.980588	0.999316	0.999319	0.912756	0.973214	0.973355
2920	0.980670	0.999297	0.999300	0.912834	0.973383	0.973504
2930	0.980749	0.999316	0.999317	0.912910	0.972877	0.972986
2940	0.980850	0.999353	0.999354	0.913078	0.973383	0.973487
2950	0.980936	0.999334	0.999335	0.913193	0.973551	0.973672
2960	0.981030	0.999371	0.999371	0.913296	0.973720	0.973844
2970	0.981111	0.999445	0.999446	0.913394	0.974057	0.974191
2980	0.981193	0.999482	0.999484	0.913424	0.974225	0.974369
2990	0.981292	0.999464	0.999465	0.913542	0.974562	0.974709
3000	0.981373	0.999482	0.999484	0.913658	0.974730	0.974879
3010	0.981419	0.999482	0.999484	0.913677	0.975236	0.975393
3020	0.981467	0.999482	0.999484	0.913681	0.975236	0.975393
3030	0.981548	0.999482	0.999484	0.913782	0.975067	0.975234
3040	0.981653	0.999519	0.999520	0.913871	0.975236	0.975393
3050	0.981752	0.999519	0.999520	0.913954	0.975236	0.975393
3060	0.981823	0.999501	0.999503	0.914013	0.975067	0.975223
3070	0.981885	0.999501	0.999503	0.914100	0.974899	0.975050
3080	0.981947	0.999519	0.999522	0.914161	0.975067	0.975205
3090	0.982002	0.999519	0.999522	0.914188	0.975067	0.975203
3100	0.982079	0.999519	0.999522	0.914168	0.975236	0.975368
3110	0.982151	0.999519	0.999522	0.914201	0.975404	0.975538
3120	0.982234	0.999538	0.999540	0.914230	0.975404	0.975540
3130	0.982308	0.999556	0.999559	0.914290	0.975236	0.975369
3140	0.982379	0.999538	0.999540	0.914363	0.975236	0.975374
3150	0.982455	0.999538	0.999540	0.914387	0.975067	0.975202
3160	0.982528	0.999538	0.999540	0.914470	0.975067	0.975202
3170	0.982605	0.999556	0.999559	0.914538	0.975067	0.975202
3180	0.982683	0.999575	0.999578	0.914622	0.975236	0.975379
3190	0.982768	0.999575	0.999578	0.914783	0.975236	0.975379
3200	0.982845	0.999575	0.999578	0.914989	0.975067	0.975208
3210	0.982933	0.999575	0.999578	0.915164	0.975067	0.975208
3220	0.983025	0.999575	0.999576	0.915335	0.975236	0.975379
3230	0.983116	0.999575	0.999576	0.915475	0.975573	0.975722
3240	0.983196	0.999575	0.999576	0.915540	0.975573	0.975722
3250	0.983257	0.999575	0.999576	0.915589	0.975741	0.975883
3260	0.983326	0.999575	0.999576	0.915690	0.975910	0.976060
3270	0.983412	0.999575	0.999576	0.915853	0.975573	0.975712
3280	0.983509	0.999575	0.999576	0.915987	0.975741	0.975900
3290	0.983606	0.999575	0.999576	0.916097	0.975741	0.975883
3300	0.983678	0.999593	0.999595	0.916143	0.975910	0.976060
3310	0.983728	0.999575	0.999576	0.916180	0.976078	0.976243
3320	0.983787	0.999593	0.999595	0.916216	0.975910	0.976073
3330	0.983849	0.999593	0.999595	0.916237	0.975910	0.976073
3340	0.983919	0.999593	0.999595	0.916310	0.975910	0.976078
3350	0.984008	0.999593	0.999595	0.916474	0.975910	0.976078
3360	0.984087	0.999612	0.999613	0.916603	0.975910	0.976078
3370	0.984158	0.999649	0.999651	0.916732	0.976247	0.976409
3380	0.984210	0.999667	0.999669	0.916802	0.976247	0.976409
3390	0.984263	0.999686	0.999687	0.916856	0.976247	0.976409
3400	0.984333	0.999686	0.999687	0.916925	0.976247	0.976409
3410	0.984393	0.999686	0.999687	0.916972	0.976415	0.976579
3420	0.984450	0.999704	0.999706	0.916983	0.976584	0.976751
3430	0.984512	0.999723	0.999724	0.917053	0.976752	0.976932
3440	0.984577	0.999723	0.999724	0.917068	0.976584	0.976772
3450	0.984631	0.999741	0.999742	0.917091	0.976584	0.976765
3460	0.984667	0.999741	0.999742	0.917140	0.976584	0.976765
3470	0.984710	0.999723	0.999724	0.917212	0.976584	0.976765
3480	0.984746	0.999741	0.999742	0.917278	0.976752	0.976932
3490	0.984787	0.999760	0.999761	0.917321	0.976752	0.976932
3500	0.984828	0.999741	0.999743	0.917332	0.976752	0.976932
3510	0.984880	0.999760	0.999761	0.917385	0.976752	0.976932
3520	0.984931	0.999778	0.999781	0.917418	0.976584	0.976762
3530	0.985025	0.999778	0.999781	0.917438	0.976584	0.976762
3540	0.985104	0.999778	0.999781	0.917545	0.976752	0.976922
3550	0.985149	0.999778	0.999781	0.917581	0.976752	0.976922
3560	0.985201	0.999778	0.999781	0.917591	0.976752	0.976922
3570	0.985246	0.999778	0.999781	0.917633	0.976584	0.976745
3580	0.985297	0.999778	0.999781	0.917677	0.976584	0.976745
3590	0.985351	0.999778	0.999781	0.917730	0.976584	0.976745
3600	0.985402	0.999778	0.999781	0.917779	0.976584	0.976745
3610	0.985451	0.999797	0.999799	0.917857	0.976584	0.976753
3620	0.985500	0.999797	0.999799	0.917923	0.976415	0.976586
3630	0.985546	0.999797	0.999799	0.917988	0.976415	0.976586
3640	0.985581	0.999797	0.999799	0.918016	0.976247	0.976422
3650	0.985622	0.999797	0.999799	0.918035	0.976247	0.976422
3660	0.985660	0.999797	0.999799	0.918063	0.976247	0.976422
3670	0.985720	0.999797	0.999799	0.918108	0.976247	0.976422
3680	0.985792	0.999797	0.999799	0.918184	0.976078	0.976275
3690	0.985855	0.999815	0.999818	0.918243	0.976078	0.976275
3700	0.985914	0.999797	0.999799	0.918297	0.976078	0.976275
3710	0.985982	0.999797	0.999799	0.918348	0.975910	0.976120
3720	0.986034	0.999815	0.999818	0.918451	0.975910	0.976120
3730	0.986080	0.999852	0.999853	0.918552	0.976078	0.976275
3740	0.986118	0.999852	0.999853	0.918584	0.975910	0.976113
3750	0.986162	0.999852	0.999853	0.918619	0.976078	0.976277
3760	0.986220	0.999852	0.999853	0.918733	0.976078	0.976264
3770	0.986257	0.999852	0.999853	0.918762	0.976078	0.976264
3780	0.986304	0.999852	0.999853	0.918843	0.976078	0.976264
3790	0.986347	0.999852	0.999853	0.918919	0.976078	0.976264
3800	0.986393	0.999852	0.999853	0.919010	0.976247	0.976434
3810	0.986429	0.999852	0.999853	0.919095	0.976078	0.976272
3820	0.986468	0.999852	0.999853	0.919174	0.976078	0.976272
3830	0.986514	0.999852	0.999853	0.919234	0.976078	0.976272
3840	0.986574	0.999852	0.999853	0.919277	0.976078	0.976272
3850	0.986645	0.999852	0.999853	0.919348	0.976247	0.976449
3860	0.986695	0.999852	0.999853	0.919388	0.976078	0.976277
3870	0.986738	0.999852	0.999853	0.919426	0.976247	0.976449
3880	0.986773	0.999852	0.999853	0.919455	0.976247	0.976449
3890	0.986806	0.999852	0.999853	0.919480	0.976247	0.976449
3900	0.986838	0.999852	0.999853	0.919509	0.976078	0.976268
3910	0.986871	0.999852	0.999853	0.919535	0.976247	0.976449
3920	0.986904	0.999852	0.999853	0.919565	0.976247	0.976449
3930	0.986946	0.999852	0.999853	0.919607	0.976247	0.976449
3940	0.986989	0.999852	0.999853	0.919619	0.976078	0.976268
3950	0.987035	0.999852	0.999853	0.919696	0.976078	0.976268
3960	0.987080	0.999852	0.999853	0.919706	0.975910	0.976098
3970	0.987102	0.999871	0.999872	0.919706	0.975910	0.976098
3980	0.987136	0.999871	0.999872	0.919724	0.976078	0.976254
3990	0.987172	0.999871	0.999872	0.919756	0.976078	0.976254
4000	0.987226	0.999889	0.999891	0.919811	0.976078	0.976254
