10	0.382835	0.739910	0.706976	0.380400	0.736990	0.699458
20	0.452142	0.780677	0.743615	0.448617	0.781074	0.740730
30	0.492675	0.800078	0.760628	0.488272	0.798641	0.755810
40	0.519908	0.812011	0.771119	0.514435	0.807590	0.763607
50	0.544007	0.821239	0.778977	0.536543	0.816374	0.771243
60	0.564086	0.829244	0.785849	0.555725	0.826318	0.779717
70	0.578390	0.835081	0.791197	0.568601	0.829301	0.782607
80	0.587309	0.838546	0.794450	0.576572	0.832615	0.785724
90	0.599537	0.842920	0.798449	0.588305	0.836427	0.840986
100	0.610335	0.847070	0.802328	0.597556	0.839907	0.792473
110	0.619170	0.850202	0.805312	0.605331	0.842725	0.795096
120	0.629787	0.853241	0.860461	0.615081	0.843222	0.847452
130	0.638852	0.856002	0.863021	0.622523	0.846205	0.850300
140	0.649650	0.862673	0.868972	0.632425	0.852502	0.856127
150	0.658264	0.872939	0.878123	0.639827	0.861452	0.863702
160	0.675838	0.897825	0.900775	0.656023	0.886311	0.887331
170	0.683150	0.904217	0.906684	0.662255	0.892277	0.893017
180	0.695560	0.916169	0.917814	0.673409	0.902221	0.902515
190	0.705006	0.920153	0.921640	0.681998	0.905701	0.906078
200	0.710887	0.923841	0.925073	0.687008	0.909181	0.909447
210	0.720551	0.928251	0.929285	0.696184	0.913987	0.914114
220	0.728794	0.932550	0.933316	0.702659	0.919622	0.919563
230	0.740610	0.937405	0.937997	0.712841	0.921942	0.921762
240	0.744382	0.938721	0.939289	0.715327	0.923102	0.922904
250	0.749190	0.940203	0.940725	0.719426	0.923765	0.923420
260	0.754452	0.941982	0.942491	0.723997	0.925257	0.925033
270	0.761562	0.944372	0.944856	0.730094	0.926914	0.926678
280	0.764491	0.945855	0.946293	0.732628	0.929897	0.929648
290	0.768584	0.947337	0.947747	0.736116	0.930560	0.930366
300	0.773327	0.948579	0.948984	0.740419	0.931555	0.931352
310	0.778654	0.950580	0.950902	0.745227	0.933875	0.933559
320	0.783518	0.951673	0.951952	0.749226	0.933875	0.933505
330	0.789210	0.953137	0.953398	0.754192	0.935201	0.934886
340	0.793345	0.954360	0.954598	0.757596	0.935201	0.934811
350	0.798485	0.955750	0.955954	0.761825	0.937521	0.937118
360	0.800066	0.956232	0.956443	0.762726	0.938184	0.937857
370	0.803501	0.956825	0.957009	0.765358	0.939344	0.938990
380	0.806775	0.958029	0.958254	0.768245	0.939012	0.938656
390	0.813195	0.959771	0.959935	0.773505	0.940670	0.940212
400	0.816932	0.960735	0.960877	0.776677	0.940835	0.940299
410	0.819226	0.961179	0.961322	0.778670	0.940835	0.940271
420	0.822005	0.962087	0.962215	0.780714	0.941001	0.940433
430	0.825472	0.963125	0.963215	0.783266	0.941995	0.941429
440	0.828671	0.963699	0.963790	0.786143	0.943155	0.942558
450	0.830994	0.964533	0.964638	0.787861	0.943984	0.943496
460	0.832934	0.964904	0.965011	0.789421	0.944481	0.943990
470	0.835663	0.965867	0.965958	0.791553	0.945641	0.945118
480	0.838509	0.966534	0.966632	0.793661	0.944813	0.944212
490	0.840742	0.966924	0.967030	0.795215	0.945476	0.944931
500	0.842362	0.967313	0.967415	0.796265	0.946470	0.945966
510	0.843491	0.967813	0.967904	0.797039	0.946801	0.946319
520	0.846308	0.968573	0.968648	0.799267	0.947133	0.946749
530	0.848036	0.969258	0.969317	0.800364	0.946636	0.946155
540	0.850248	0.969944	0.970001	0.801959	0.946801	0.946348
550	0.852086	0.970333	0.970378	0.803167	0.946801	0.946382
560	0.854380	0.971093	0.971151	0.804695	0.947133	0.946761
570	0.855289	0.971408	0.971456	0.805051	0.947299	0.946955
580	0.858196	0.972260	0.972312	0.807233	0.947796	0.947443
590	0.861497	0.973150	0.973191	0.809782	0.949122	0.948673
600	0.863235	0.973391	0.973425	0.811077	0.948956	0.948514
610	0.864648	0.973928	0.973961	0.812070	0.948790	0.948301
620	0.866662	0.974540	0.974571	0.813507	0.949619	0.949130
630	0.867589	0.974892	0.974942	0.813995	0.948624	0.948129
640	0.869771	0.975503	0.975552	0.815749	0.949287	0.948802
650	0.871802	0.976003	0.976039	0.817034	0.950282	0.949790
660	0.873793	0.976318	0.976354	0.818266	0.949950	0.949471
670	0.874757	0.976708	0.976744	0.818704	0.949619	0.949142
680	0.877232	0.977282	0.977315	0.820692	0.950613	0.950151
690	0.879723	0.977856	0.977875	0.822801	0.951442	0.950935
700	0.881225	0.978283	0.978287	0.823901	0.951608	0.951090
710	0.882770	0.978542	0.978551	0.825173	0.951608	0.951080
720	0.884639	0.979135	0.979155	0.827063	0.952602	0.952138
730	0.885420	0.979339	0.979364	0.827725	0.952933	0.952489
740	0.886709	0.979617	0.979624	0.828879	0.953762	0.953280
750	0.888767	0.980080	0.980090	0.830426	0.955254	0.954795
760	0.889553	0.980136	0.980140	0.831060	0.955585	0.955093
770	0.891356	0.980562	0.980561	0.832715	0.955585	0.955115
780	0.892240	0.980895	0.980891	0.833370	0.955916	0.955468
790	0.893016	0.981099	0.981099	0.833763	0.956911	0.956452
800	0.895506	0.981655	0.981645	0.835724	0.956911	0.956441
810	0.897134	0.982192	0.982181	0.837109	0.956414	0.955919
820	0.898474	0.982396	0.982381	0.838135	0.956745	0.956275
830	0.899781	0.982730	0.982718	0.839072	0.955916	0.955406
840	0.900474	0.982971	0.982952	0.839359	0.956248	0.955736
850	0.902007	0.983378	0.983361	0.840435	0.956579	0.956061
860	0.903185	0.983730	0.983716	0.841416	0.956579	0.956037
870	0.904897	0.983897	0.983893	0.842868	0.957739	0.957247
880	0.905457	0.984231	0.984226	0.843299	0.957574	0.957109
890	0.905958	0.984398	0.984393	0.843609	0.956911	0.956445
900	0.906508	0.984564	0.984557	0.843945	0.956911	0.956413
910	0.908323	0.984805	0.984797	0.845380	0.957077	0.956568
920	0.909873	0.985102	0.985086	0.846647	0.957739	0.957255
930	0.911373	0.985324	0.985306	0.847674	0.957077	0.956550
940	0.912090	0.985621	0.985600	0.848247	0.957408	0.956894
950	0.912650	0.985880	0.985866	0.848485	0.957574	0.957052
960	0.913513	0.986195	0.986187	0.849165	0.957739	0.957201
970	0.915053	0.986566	0.986552	0.850419	0.958402	0.957836
980	0.916543	0.986862	0.986843	0.851500	0.959065	0.958494
990	0.917633	0.987047	0.987031	0.851990	0.958900	0.958325
1000	0.918717	0.987233	0.987208	0.853076	0.959397	0.958816
1010	0.919538	0.987344	0.987322	0.853619	0.959562	0.958984
1020	0.920006	0.987455	0.987432	0.853842	0.959894	0.959308
1030	0.921060	0.987548	0.987523	0.854536	0.959728	0.959144
1040	0.922064	0.987807	0.987788	0.855333	0.960557	0.959982
1050	0.922636	0.987992	0.987967	0.855848	0.960557	0.959985
1060	0.923540	0.988141	0.988119	0.856709	0.960557	0.959997
1070	0.924536	0.988289	0.988267	0.857593	0.961220	0.960670
1080	0.925569	0.988493	0.988469	0.858113	0.961054	0.960482
1090	0.926261	0.988641	0.988619	0.858534	0.961054	0.960482
1100	0.927243	0.989030	0.989010	0.859379	0.961220	0.960674
1110	0.927921	0.989215	0.989183	0.859783	0.961385	0.960834
1120	0.928656	0.989549	0.989521	0.860341	0.961551	0.961010
1130	0.929459	0.989808	0.989786	0.861097	0.961717	0.961187
1140	0.930335	0.990012	0.989987	0.861762	0.961717	0.961177
1150	0.931131	0.990105	0.990082	0.862387	0.962380	0.961882
1160	0.931927	0.990179	0.990154	0.862922	0.962546	0.962046
1170	0.932670	0.990550	0.990530	0.863524	0.962546	0.962049
1180	0.933309	0.990679	0.990661	0.863928	0.962380	0.961884
1190	0.934109	0.990902	0.990885	0.864625	0.962711	0.962225
1200	0.934421	0.991031	0.991020	0.864773	0.962711	0.962224
1210	0.935196	0.991180	0.991167	0.865275	0.962877	0.962411
1220	0.935641	0.991272	0.991265	0.865449	0.962877	0.962411
1230	0.936003	0.991476	0.991470	0.865809	0.962711	0.962245
1240	0.936577	0.991513	0.991506	0.866351	0.963043	0.962597
1250	0.937167	0.991736	0.991733	0.866633	0.962711	0.962258
1260	0.938156	0.991939	0.991933	0.867435	0.963043	0.962600
1270	0.938627	0.992051	0.992047	0.867822	0.963043	0.962600
1280	0.938997	0.992125	0.992122	0.868047	0.963043	0.962590
1290	0.939753	0.992273	0.992272	0.868637	0.963208	0.962775
1300	0.940710	0.992421	0.992418	0.869267	0.964037	0.963586
1310	0.941570	0.992606	0.992605	0.869751	0.964369	0.963903
1320	0.941944	0.992644	0.992641	0.869980	0.963871	0.963419
1330	0.942381	0.992736	0.992732	0.870298	0.963540	0.963068
1340	0.943193	0.992921	0.992918	0.870924	0.963706	0.963244
1350	0.943781	0.993051	0.993051	0.871322	0.964037	0.963578
1360	0.944283	0.993144	0.993145	0.871758	0.964203	0.963732
1370	0.944732	0.993218	0.993219	0.872192	0.963706	0.963241
1380	0.945309	0.993385	0.993391	0.872769	0.963871	0.963417
1390	0.946038	0.993477	0.993482	0.873323	0.963208	0.962721
1400	0.946398	0.993570	0.993574	0.873502	0.963871	0.963386
1410	0.946717	0.993626	0.993629	0.873686	0.963871	0.963410
1420	0.947213	0.993644	0.993647	0.874020	0.963871	0.963402
1430	0.947668	0.993737	0.993739	0.874375	0.964203	0.963753
1440	0.948069	0.993885	0.993890	0.874665	0.964203	0.963766
1450	0.948477	0.993904	0.993908	0.874950	0.964203	0.963751
1460	0.948802	0.993996	0.994000	0.875335	0.964037	0.963604
1470	0.949259	0.994033	0.994037	0.875734	0.964700	0.964281
1480	0.949690	0.994200	0.994202	0.875860	0.964700	0.964272
1490	0.949964	0.994274	0.994275	0.875904	0.964700	0.964272
1500	0.950225	0.994330	0.994331	0.876067	0.965197	0.964776
1510	0.950892	0.994515	0.994512	0.876829	0.965197	0.964789
1520	0.951371	0.994626	0.994625	0.877172	0.965031	0.964605
1530	0.952039	0.994756	0.994756	0.877902	0.964700	0.964258
1540	0.952612	0.994904	0.994906	0.878454	0.964700	0.964272
1550	0.953126	0.995015	0.995017	0.878766	0.964534	0.964103
1560	0.953494	0.995090	0.995092	0.878968	0.964700	0.964288
1570	0.953932	0.995164	0.995164	0.879265	0.965031	0.964619
1580	0.954359	0.995256	0.995257	0.879555	0.965031	0.964607
1590	0.954612	0.995349	0.995349	0.879727	0.965197	0.964761
1600	0.954874	0.995460	0.995463	0.879827	0.965031	0.964611
1610	0.955250	0.995534	0.995537	0.880145	0.965529	0.965120
1620	0.955487	0.995627	0.995625	0.880293	0.965363	0.964952
1630	0.956021	0.995664	0.995662	0.880764	0.965529	0.965116
1640	0.956409	0.995682	0.995681	0.881127	0.965860	0.965442
1650	0.956757	0.995775	0.995775	0.881281	0.965694	0.965278
1660	0.957115	0.995794	0.995795	0.881505	0.965694	0.965280
1670	0.957487	0.995831	0.995830	0.881792	0.965860	0.965456
1680	0.957891	0.995886	0.995887	0.882283	0.966192	0.965791
1690	0.958356	0.996035	0.996037	0.882586	0.966192	0.965789
1700	0.958861	0.996090	0.996094	0.883238	0.966689	0.966292
1710	0.959162	0.996090	0.996093	0.883553	0.966689	0.966301
1720	0.959395	0.996164	0.996167	0.883847	0.966689	0.966301
1730	0.959700	0.996164	0.996168	0.884068	0.966523	0.966124
1740	0.960069	0.996201	0.996203	0.884320	0.966854	0.966474
1750	0.960514	0.996238	0.996240	0.884675	0.966854	0.966472
1760	0.960760	0.996331	0.996331	0.884815	0.966854	0.966469
1770	0.961016	0.996387	0.996387	0.885016	0.966689	0.966297
1780	0.961245	0.996424	0.996424	0.885182	0.966523	0.966124
1790	0.961580	0.996442	0.996446	0.885395	0.966357	0.965957
1800	0.961839	0.996572	0.996573	0.885540	0.966357	0.965957
1810	0.962090	0.996590	0.996590	0.885683	0.966357	0.965962
1820	0.962358	0.996683	0.996683	0.885702	0.966192	0.965791
1830	0.962597	0.996757	0.996759	0.885828	0.966357	0.965967
1840	0.962901	0.996831	0.996834	0.886102	0.966357	0.965986
1850	0.963237	0.996831	0.996834	0.886467	0.966523	0.966143
1860	0.963697	0.996850	0.996854	0.886995	0.966523	0.966143
1870	0.963958	0.996831	0.996836	0.887128	0.966689	0.966317
1880	0.964179	0.996905	0.996906	0.887397	0.966854	0.966488
1890	0.964393	0.996924	0.996924	0.887610	0.967020	0.966651
1900	0.964542	0.996943	0.996943	0.887767	0.967020	0.966651
1910	0.964740	0.997017	0.997018	0.887872	0.967186	0.966832
1920	0.964875	0.997035	0.997036	0.887923	0.966854	0.966477
1930	0.965090	0.997054	0.997054	0.888093	0.967186	0.966832
1940	0.965302	0.997072	0.997075	0.888171	0.967020	0.966675
1950	0.965546	0.997109	0.997112	0.888387	0.966854	0.966493
1960	0.965817	0.997128	0.997131	0.888604	0.966854	0.966493
1970	0.966043	0.997202	0.997205	0.888862	0.966854	0.966493
1980	0.966304	0.997220	0.997223	0.889159	0.966854	0.966493
1990	0.966470	0.997239	0.997242	0.889197	0.967020	0.966662
2000	0.966631	0.997350	0.997351	0.889336	0.966854	0.966493
2010	0.966794	0.997350	0.997351	0.889369	0.966854	0.966493
2020	0.967004	0.997480	0.997481	0.889471	0.967186	0.966835
2030	0.967258	0.997535	0.997537	0.889765	0.966854	0.966488
2040	0.967504	0.997554	0.997557	0.890068	0.967186	0.966835
2050	0.967845	0.997647	0.997650	0.890403	0.967517	0.967164
2060	0.968110	0.997610	0.997614	0.890659	0.967186	0.966817
2070	0.968365	0.997647	0.997651	0.890793	0.967352	0.966987
2080	0.968564	0.997665	0.997668	0.890950	0.967352	0.966987
2090	0.968716	0.997665	0.997668	0.890959	0.967186	0.966822
2100	0.968838	0.997684	0.997689	0.891039	0.967683	0.967318
2110	0.968981	0.997684	0.997690	0.891109	0.967683	0.967312
2120	0.969314	0.997721	0.997728	0.891500	0.967683	0.967317
2130	0.969598	0.997776	0.997784	0.891684	0.967517	0.967148
2140	0.969831	0.997850	0.997858	0.891820	0.967849	0.967479
2150	0.970062	0.997888	0.997896	0.892011	0.967849	0.967479
2160	0.970287	0.997980	0.997988	0.892320	0.967849	0.967474
2170	0.970459	0.997980	0.997988	0.892607	0.968180	0.967811
2180	0.970643	0.998054	0.998060	0.892836	0.968346	0.967974
2190	0.970829	0.998091	0.998097	0.893181	0.968346	0.967986
2200	0.970979	0.998110	0.998115	0.893303	0.968180	0.967820
2210	0.971167	0.998128	0.998133	0.893504	0.968180	0.967820
2220	0.971384	0.998203	0.998208	0.893654	0.968180	0.967820
2230	0.971580	0.998258	0.998261	0.893765	0.968346	0.967972
2240	0.971699	0.998258	0.998261	0.893830	0.968346	0.967972
2250	0.971970	0.998277	0.998281	0.894089	0.968512	0.968137
2260	0.972115	0.998314	0.998319	0.894159	0.968677	0.968307
2270	0.972244	0.998295	0.998301	0.894213	0.968512	0.968137
2280	0.972412	0.998369	0.998375	0.894285	0.968346	0.967984
2290	0.972566	0.998406	0.998413	0.894400	0.968346	0.967984
2300	0.972766	0.998425	0.998432	0.894560	0.968677	0.968329
2310	0.972942	0.998425	0.998432	0.894771	0.968843	0.968495
2320	0.973105	0.998462	0.998470	0.894942	0.968512	0.968156
2330	0.973304	0.998443	0.998452	0.895125	0.969009	0.968653
2340	0.973468	0.998462	0.998470	0.895213	0.968677	0.968321
2350	0.973647	0.998499	0.998507	0.895322	0.969175	0.968823
2360	0.973759	0.998499	0.998507	0.895419	0.969175	0.968823
2370	0.973889	0.998536	0.998543	0.895590	0.969175	0.968823
2380	0.974051	0.998536	0.998542	0.895693	0.969175	0.968839
2390	0.974195	0.998555	0.998561	0.895767	0.969340	0.968994
2400	0.974310	0.998592	0.998599	0.895782	0.969340	0.968994
2410	0.974469	0.998610	0.998618	0.895867	0.969506	0.969171
2420	0.974620	0.998610	0.998618	0.895953	0.969672	0.969343
2430	0.974733	0.998610	0.998618	0.895996	0.969340	0.969003
2440	0.974866	0.998629	0.998636	0.896174	0.969672	0.969340
2450	0.974987	0.998629	0.998636	0.896286	0.969672	0.969340
2460	0.975118	0.998629	0.998635	0.896400	0.970003	0.969663
2470	0.975254	0.998647	0.998653	0.896396	0.969340	0.968979
2480	0.975387	0.998721	0.998728	0.896455	0.969340	0.968979
2490	0.975534	0.998703	0.998709	0.896574	0.969340	0.968979
2500	0.975687	0.998740	0.998746	0.896716	0.969340	0.968979
2510	0.975780	0.998721	0.998727	0.896800	0.969340	0.968979
2520	0.975874	0.998740	0.998746	0.896861	0.969340	0.968979
2530	0.975980	0.998777	0.998783	0.896955	0.969506	0.969150
2540	0.976114	0.998796	0.998801	0.897058	0.969506	0.969150
2550	0.976222	0.998814	0.998820	0.897162	0.969506	0.969150
2560	0.976328	0.998814	0.998820	0.897200	0.969506	0.969150
2570	0.976426	0.998833	0.998838	0.897333	0.969506	0.969150
2580	0.976613	0.998888	0.998894	0.897345	0.969506	0.969150
2590	0.976757	0.998907	0.998912	0.897427	0.969838	0.969500
2600	0.976934	0.998944	0.998950	0.897568	0.969672	0.969314
2610	0.977060	0.998925	0.998933	0.897769	0.969838	0.969487
2620	0.977197	0.998962	0.998969	0.897864	0.969672	0.969314
2630	0.977313	0.999018	0.999024	0.897965	0.969506	0.969145
2640	0.977426	0.998981	0.998986	0.898065	0.969506	0.969145
2650	0.977548	0.999036	0.999042	0.898194	0.969672	0.969315
2660	0.977697	0.999055	0.999059	0.898363	0.969838	0.969485
2670	0.977837	0.999055	0.999059	0.898529	0.970169	0.969815
2680	0.977975	0.999055	0.999059	0.898701	0.970003	0.969643
2690	0.978107	0.999073	0.999076	0.898821	0.970169	0.969814
2700	0.978229	0.999129	0.999132	0.898886	0.970169	0.969806
2710	0.978332	0.999129	0.999132	0.898948	0.970169	0.969806
2720	0.978437	0.999129	0.999132	0.899056	0.970169	0.969806
2730	0.978540	0.999148	0.999151	0.899117	0.969838	0.969483
2740	0.978719	0.999148	0.999151	0.899252	0.970169	0.969840
2750	0.978814	0.999148	0.999151	0.899315	0.970169	0.969832
2760	0.978899	0.999203	0.999208	0.899342	0.970335	0.970012
2770	0.978971	0.999222	0.999226	0.899401	0.970335	0.970008
2780	0.979037	0.999203	0.999207	0.899464	0.970335	0.970008
2790	0.979092	0.999222	0.999226	0.899490	0.970500	0.970178
2800	0.979162	0.999240	0.999246	0.899524	0.970500	0.970178
2810	0.979264	0.999259	0.999265	0.899630	0.970666	0.970353
2820	0.979354	0.999259	0.999265	0.899651	0.970500	0.970175
2830	0.979452	0.999259	0.999265	0.899732	0.970500	0.970175
2840	0.979583	0.999333	0.999340	0.899928	0.970500	0.970180
2850	0.979677	0.999333	0.999340	0.900049	0.970500	0.970180
2860	0.979775	0.999333	0.999340	0.900244	0.970666	0.970349
2870	0.979857	0.999351	0.999359	0.900325	0.970666	0.970349
2880	0.979936	0.999370	0.999377	0.900401	0.970832	0.970518
2890	0.980042	0.999370	0.999377	0.900422	0.970666	0.970356
2900	0.980140	0.999389	0.999396	0.900676	0.970832	0.970529
2910	0.980238	0.999426	0.999433	0.900750	0.970832	0.970529
2920	0.980319	0.999444	0.999451	0.900813	0.971163	0.970874
2930	0.980382	0.999481	0.999486	0.900875	0.971163	0.970874
2940	0.980441	0.999500	0.999505	0.900954	0.971329	0.971046
2950	0.980521	0.999500	0.999505	0.901035	0.971163	0.970873
2960	0.980606	0.999500	0.999505	0.901084	0.971329	0.971037
2970	0.980710	0.999518	0.999522	0.901198	0.971329	0.971037
2980	0.980816	0.999518	0.999522	0.901268	0.971163	0.970874
2990	0.980909	0.999500	0.999505	0.901370	0.971163	0.970874
3000	0.980998	0.999500	0.999505	0.901487	0.970998	0.970709
3010	0.981084	0.999537	0.999541	0.901529	0.970998	0.970709
3020	0.981183	0.999537	0.999541	0.901611	0.970998	0.970709
3030	0.981286	0.999518	0.999523	0.901769	0.970998	0.970698
3040	0.981341	0.999555	0.999558	0.901818	0.970998	0.970698
3050	0.981393	0.999555	0.999558	0.901852	0.971163	0.970867
3060	0.981461	0.999555	0.999558	0.901903	0.970998	0.970691
3070	0.981548	0.999611	0.999614	0.902031	0.970998	0.970691
3080	0.981627	0.999611	0.999614	0.902085	0.971163	0.970867
3090	0.981716	0.999629	0.999632	0.902137	0.971495	0.971223
3100	0.981778	0.999611	0.999613	0.902145	0.971661	0.971386
3110	0.981828	0.999611	0.999613	0.902080	0.971495	0.971210
3120	0.981913	0.999611	0.999613	0.902067	0.971495	0.971210
3130	0.982004	0.999611	0.999613	0.902139	0.971495	0.971210
3140	0.982119	0.999629	0.999632	0.902230	0.971661	0.971383
3150	0.982208	0.999629	0.999632	0.902252	0.971661	0.971383
3160	0.982274	0.999629	0.999632	0.902276	0.971826	0.971559
3170	0.982377	0.999629	0.999632	0.902317	0.971826	0.971559
3180	0.982443	0.999648	0.999650	0.902364	0.971826	0.971559
3190	0.982540	0.999648	0.999650	0.902436	0.971661	0.971390
3200	0.982600	0.999666	0.999669	0.902494	0.971661	0.971390
3210	0.982680	0.999666	0.999669	0.902644	0.971661	0.971390
3220	0.982748	0.999666	0.999669	0.902779	0.971661	0.971390
3230	0.982811	0.999666	0.999669	0.902914	0.971826	0.971559
3240	0.982869	0.999666	0.999669	0.902964	0.971826	0.971559
3250	0.982933	0.999666	0.999669	0.902993	0.971826	0.971559
3260	0.983022	0.999685	0.999687	0.903038	0.971661	0.971383
3270	0.983093	0.999666	0.999669	0.903038	0.971826	0.971559
3280	0.983189	0.999685	0.999687	0.903100	0.971826	0.971559
3290	0.983306	0.999685	0.999687	0.903313	0.971826	0.971555
3300	0.983367	0.999704	0.999706	0.903373	0.971826	0.971555
3310	0.983425	0.999722	0.999724	0.903444	0.971661	0.971378
3320	0.983499	0.999722	0.999724	0.903523	0.971661	0.971378
3330	0.983574	0.999722	0.999724	0.903610	0.971661	0.971378
3340	0.983666	0.999722	0.999724	0.903756	0.971826	0.971531
3350	0.983733	0.999722	0.999724	0.903840	0.971826	0.971531
3360	0.983820	0.999722	0.999724	0.903970	0.971826	0.971531
3370	0.983890	0.999722	0.999724	0.904063	0.971826	0.971531
3380	0.983956	0.999722	0.999724	0.904093	0.971826	0.971531
3390	0.984033	0.999722	0.999724	0.904120	0.971826	0.971541
3400	0.984086	0.999722	0.999724	0.904188	0.971826	0.971541
3410	0.984129	0.999722	0.999724	0.904232	0.971826	0.971541
3420	0.984170	0.999722	0.999724	0.904232	0.971826	0.971541
3430	0.984230	0.999759	0.999761	0.904284	0.971826	0.971541
3440	0.984293	0.999759	0.999761	0.904339	0.971826	0.971541
3450	0.984349	0.999759	0.999761	0.904345	0.971992	0.971716
3460	0.984417	0.999759	0.999761	0.904361	0.971992	0.971716
3470	0.984485	0.999759	0.999761	0.904404	0.971992	0.971716
3480	0.984559	0.999759	0.999761	0.904463	0.971992	0.971716
3490	0.984618	0.999759	0.999761	0.904515	0.971992	0.971716
3500	0.984662	0.999759	0.999761	0.904550	0.971992	0.971716
3510	0.984712	0.999759	0.999761	0.904601	0.971826	0.971541
3520	0.984774	0.999759	0.999761	0.904642	0.971826	0.971541
3530	0.984822	0.999759	0.999761	0.904666	0.971826	0.971541
3540	0.984868	0.999741	0.999743	0.904663	0.971826	0.971541
3550	0.984918	0.999759	0.999761	0.904713	0.971826	0.971541
3560	0.984971	0.999759	0.999761	0.904776	0.971992	0.971704
3570	0.985012	0.999759	0.999761	0.904793	0.971992	0.971704
3580	0.985049	0.999759	0.999761	0.904795	0.971992	0.971704
3590	0.985092	0.999759	0.999761	0.904832	0.972324	0.972057
3600	0.985145	0.999759	0.999761	0.904889	0.972324	0.972057
3610	0.985197	0.999759	0.999761	0.904905	0.972324	0.972057
3620	0.985247	0.999778	0.999780	0.904915	0.972324	0.972057
3630	0.985293	0.999778	0.999780	0.904959	0.972324	0.972057
3640	0.985361	0.999796	0.999798	0.905048	0.972324	0.972057
3650	0.985421	0.999796	0.999798	0.905081	0.972324	0.972057
3660	0.985479	0.999815	0.999816	0.905162	0.972324	0.972057
3670	0.985515	0.999815	0.999816	0.905185	0.972324	0.972057
3680	0.985546	0.999815	0.999816	0.905203	0.972324	0.972057
3690	0.985582	0.999815	0.999816	0.905261	0.972324	0.972057
3700	0.985664	0.999815	0.999816	0.905304	0.972324	0.972057
3710	0.985728	0.999815	0.999816	0.905380	0.972324	0.972057
3720	0.985773	0.999815	0.999816	0.905381	0.972324	0.972057
3730	0.985805	0.999815	0.999816	0.905410	0.972324	0.972057
3740	0.985831	0.999815	0.999816	0.905409	0.972324	0.972057
3750	0.985864	0.999815	0.999816	0.905403	0.972324	0.972057
3760	0.985898	0.999815	0.999816	0.905422	0.972324	0.972057
3770	0.985926	0.999796	0.999798	0.905431	0.972324	0.972057
3780	0.985963	0.999796	0.999798	0.905452	0.972324	0.972057
3790	0.986010	0.999796	0.999798	0.905473	0.972324	0.972057
3800	0.986062	0.999796	0.999798	0.905548	0.972324	0.972057
3810	0.986103	0.999796	0.999798	0.905553	0.972324	0.972057
3820	0.986150	0.999833	0.999834	0.905608	0.972324	0.972057
3830	0.986189	0.999815	0.999816	0.905608	0.972324	0.972057
3840	0.986233	0.999815	0.999816	0.905621	0.972324	0.972057
3850	0.986280	0.999833	0.999835	0.905643	0.972324	0.972057
3860	0.986323	0.999833	0.999835	0.905675	0.972324	0.972057
3870	0.986378	0.999833	0.999835	0.905786	0.972324	0.972057
3880	0.986419	0.999852	0.999853	0.905878	0.972324	0.972057
3890	0.986456	0.999852	0.999853	0.905944	0.972158	0.971877
3900	0.986495	0.999852	0.999853	0.906040	0.972158	0.971877
3910	0.986529	0.999852	0.999853	0.906107	0.972158	0.971877
3920	0.986562	0.999852	0.999853	0.906175	0.972158	0.971877
3930	0.986600	0.999852	0.999853	0.906206	0.972324	0.972049
3940	0.986638	0.999870	0.999871	0.906236	0.972158	0.971874
3950	0.986690	0.999870	0.999871	0.906305	0.972158	0.971874
3960	0.986738	0.999870	0.999871	0.906316	0.972158	0.971874
3970	0.986793	0.999870	0.999871	0.906366	0.972158	0.971874
3980	0.986849	0.999870	0.999871	0.906447	0.972158	0.971874
3990	0.986902	0.999870	0.999871	0.906550	0.972158	0.971874
4000	0.986945	0.999870	0.999871	0.906591	0.971992	0.971720
