10	0.389291	0.733233	0.699778	0.380304	0.725559	0.695110
20	0.455807	0.779487	0.743695	0.443508	0.772940	0.739737
30	0.499925	0.800485	0.760440	0.485190	0.788956	0.752064
40	0.530103	0.813354	0.771192	0.513090	0.802636	0.763722
50	0.551528	0.822872	0.779412	0.533010	0.810811	0.770579
60	0.567659	0.829537	0.785483	0.547822	0.818652	0.777670
70	0.582518	0.834685	0.790215	0.560582	0.822823	0.781441
80	0.595455	0.840407	0.795543	0.572256	0.828161	0.786492
90	0.605022	0.843554	0.798479	0.579999	0.831331	0.789537
100	0.616275	0.848480	0.803022	0.589800	0.835335	0.793246
110	0.624586	0.851554	0.805959	0.596985	0.838172	0.795981
120	0.633172	0.853794	0.860306	0.604309	0.839506	0.797381
130	0.646244	0.857997	0.864137	0.616303	0.842509	0.852357
140	0.656625	0.867830	0.873216	0.625964	0.853020	0.861786
150	0.667503	0.883680	0.887448	0.636309	0.866200	0.873057
160	0.676267	0.894641	0.897463	0.644209	0.879213	0.884746
170	0.687648	0.908640	0.910573	0.655000	0.892059	0.896075
180	0.696364	0.915546	0.917012	0.663528	0.899399	0.902663
190	0.706273	0.921583	0.922799	0.672862	0.904238	0.907046
200	0.715176	0.926008	0.927036	0.680876	0.909076	0.911506
210	0.725856	0.931100	0.931869	0.690912	0.913247	0.915383
220	0.731804	0.933767	0.934454	0.696058	0.915249	0.917137
230	0.738953	0.936507	0.937115	0.702588	0.918085	0.919748
240	0.746014	0.939396	0.939874	0.709205	0.920587	0.922093
250	0.752021	0.941821	0.942276	0.714873	0.923090	0.924466
260	0.757354	0.943821	0.944190	0.719365	0.925259	0.926532
270	0.764249	0.946321	0.946618	0.725299	0.926927	0.928076
280	0.768258	0.947802	0.948103	0.728532	0.927928	0.928985
290	0.772916	0.949506	0.949765	0.732633	0.930764	0.931720
300	0.776857	0.950561	0.950811	0.735877	0.931098	0.932093
310	0.781750	0.952042	0.952237	0.740063	0.932266	0.933239
320	0.785592	0.953079	0.953264	0.743656	0.933433	0.934372
330	0.789280	0.954116	0.954288	0.746839	0.934601	0.935475
340	0.794152	0.955635	0.955792	0.751155	0.936603	0.937356
350	0.798321	0.957005	0.957134	0.754961	0.937104	0.937845
360	0.803073	0.958375	0.958507	0.759364	0.938772	0.939441
370	0.805911	0.959042	0.959146	0.761533	0.937604	0.938260
380	0.809625	0.959875	0.959986	0.764634	0.937938	0.938570
390	0.811510	0.960430	0.960531	0.766216	0.938438	0.939072
400	0.814647	0.961708	0.961800	0.768819	0.940107	0.940635
410	0.818272	0.962597	0.962659	0.771382	0.940774	0.941334
420	0.820891	0.963411	0.963467	0.773359	0.942109	0.942575
430	0.825467	0.964578	0.964597	0.777244	0.942276	0.942645
440	0.826826	0.964819	0.964849	0.778263	0.942776	0.943160
450	0.829085	0.965670	0.965698	0.780081	0.943944	0.944300
460	0.833413	0.966596	0.966596	0.783771	0.943777	0.944090
470	0.836909	0.967318	0.967299	0.787217	0.944945	0.945183
480	0.839500	0.967818	0.967801	0.789463	0.945445	0.945715
490	0.841045	0.968355	0.968343	0.790772	0.946113	0.946376
500	0.842754	0.969022	0.969027	0.791728	0.946446	0.946700
510	0.843991	0.969485	0.969498	0.792620	0.946947	0.947211
520	0.847843	0.970281	0.970299	0.796285	0.947614	0.947880
530	0.849539	0.970911	0.970916	0.797426	0.947447	0.947748
540	0.853696	0.971799	0.971777	0.801060	0.949116	0.949333
550	0.856630	0.972651	0.972636	0.803709	0.949950	0.950128
560	0.857605	0.973040	0.973031	0.804315	0.949950	0.950146
570	0.858623	0.973373	0.973366	0.804922	0.950284	0.950461
580	0.861029	0.974151	0.974134	0.807048	0.950784	0.950953
590	0.863316	0.974540	0.974505	0.809179	0.951118	0.951270
600	0.864252	0.974836	0.974796	0.809685	0.951618	0.951765
610	0.866057	0.975206	0.975162	0.810898	0.951451	0.951601
620	0.868609	0.975706	0.975661	0.813159	0.951785	0.951902
630	0.869889	0.976354	0.976312	0.814115	0.952286	0.952429
640	0.872137	0.976762	0.976719	0.816222	0.952286	0.952403
650	0.873323	0.977077	0.977032	0.816986	0.952619	0.952699
660	0.877133	0.977447	0.977403	0.820539	0.953954	0.954007
670	0.878217	0.977725	0.977688	0.821548	0.953620	0.953675
680	0.880537	0.978391	0.978339	0.823663	0.954121	0.954160
690	0.882094	0.978521	0.978463	0.824848	0.954288	0.954331
700	0.883806	0.978817	0.978762	0.826383	0.954454	0.954486
710	0.884672	0.979336	0.979282	0.826766	0.954121	0.954150
720	0.885276	0.979465	0.979409	0.827042	0.954788	0.954837
730	0.885847	0.979576	0.979525	0.827402	0.954788	0.954840
740	0.887398	0.979743	0.979682	0.828714	0.955122	0.955168
750	0.888934	0.980058	0.979996	0.829879	0.955122	0.955158
760	0.889823	0.980465	0.980409	0.830223	0.955122	0.955162
770	0.890734	0.980835	0.980779	0.830536	0.954788	0.954847
780	0.892320	0.981169	0.981122	0.831753	0.954955	0.955009
790	0.895370	0.981632	0.981577	0.834726	0.956290	0.956324
800	0.896460	0.982169	0.982112	0.835724	0.956790	0.956805
810	0.898107	0.982465	0.982411	0.837345	0.957291	0.957337
820	0.899269	0.982761	0.982704	0.838382	0.957457	0.957473
830	0.900518	0.983076	0.983012	0.839435	0.957457	0.957481
840	0.901711	0.983206	0.983138	0.840471	0.957958	0.957949
850	0.902907	0.983409	0.983340	0.841544	0.958458	0.958466
860	0.903983	0.983650	0.983587	0.842420	0.958959	0.958950
870	0.904816	0.983946	0.983872	0.843147	0.959126	0.959115
880	0.905393	0.984113	0.984041	0.843451	0.959459	0.959461
890	0.906670	0.984372	0.984302	0.844616	0.959793	0.959789
900	0.907748	0.984687	0.984616	0.845562	0.960294	0.960277
910	0.909254	0.984965	0.984893	0.846791	0.960961	0.960949
920	0.909924	0.985150	0.985082	0.847151	0.960460	0.960452
930	0.911298	0.985391	0.985314	0.848493	0.960127	0.960100
940	0.912020	0.985576	0.985501	0.849088	0.960127	0.960120
950	0.912508	0.985705	0.985634	0.849484	0.960127	0.960129
960	0.912962	0.985946	0.985880	0.849730	0.959793	0.959798
970	0.913917	0.986094	0.986022	0.850490	0.960460	0.960452
980	0.915315	0.986483	0.986406	0.851633	0.960627	0.960616
990	0.916530	0.986650	0.986575	0.852913	0.960794	0.960755
1000	0.917079	0.986816	0.986746	0.853502	0.960961	0.960920
1010	0.917557	0.986964	0.986899	0.853949	0.960961	0.960936
1020	0.918945	0.987557	0.987499	0.855178	0.960961	0.960935
1030	0.920148	0.987798	0.987740	0.856245	0.961461	0.961429
1040	0.920629	0.987853	0.987796	0.856452	0.961295	0.961269
1050	0.921738	0.987927	0.987865	0.857264	0.961295	0.961253
1060	0.922494	0.988261	0.988195	0.857868	0.961461	0.961413
1070	0.923104	0.988427	0.988354	0.858445	0.961795	0.961760
1080	0.923846	0.988761	0.988693	0.858992	0.961962	0.961925
1090	0.924724	0.988890	0.988819	0.859800	0.961628	0.961577
1100	0.925202	0.988946	0.988875	0.860193	0.961628	0.961579
1110	0.925696	0.989057	0.988985	0.860372	0.961295	0.961262
1120	0.927065	0.989520	0.989451	0.861579	0.962129	0.962082
1130	0.928086	0.989501	0.989432	0.862555	0.962129	0.962086
1140	0.929032	0.989668	0.989601	0.863186	0.962296	0.962247
1150	0.930173	0.989797	0.989734	0.864270	0.961795	0.961741
1160	0.930702	0.990057	0.989992	0.864570	0.962129	0.962070
1170	0.931511	0.990205	0.990143	0.865221	0.962296	0.962249
1180	0.932119	0.990557	0.990494	0.865640	0.962462	0.962418
1190	0.933181	0.990705	0.990646	0.866510	0.962296	0.962228
1200	0.934043	0.990890	0.990836	0.867119	0.962629	0.962563
1210	0.934587	0.991075	0.991021	0.867480	0.962296	0.962245
1220	0.935270	0.991260	0.991208	0.868183	0.962462	0.962395
1230	0.935769	0.991501	0.991447	0.868717	0.962462	0.962401
1240	0.936109	0.991538	0.991484	0.868809	0.961962	0.961875
1250	0.936363	0.991668	0.991614	0.869010	0.962129	0.962046
1260	0.936690	0.991890	0.991841	0.869095	0.962296	0.962222
1270	0.937762	0.991927	0.991878	0.870207	0.962462	0.962370
1280	0.938506	0.992168	0.992115	0.870814	0.962296	0.962207
1290	0.938917	0.992131	0.992075	0.871091	0.962629	0.962537
1300	0.939648	0.992279	0.992220	0.871764	0.961795	0.961716
1310	0.940037	0.992501	0.992444	0.871981	0.961962	0.961897
1320	0.940751	0.992538	0.992486	0.872653	0.962629	0.962547
1330	0.941318	0.992593	0.992539	0.873065	0.962963	0.962871
1340	0.941776	0.992649	0.992597	0.873307	0.963463	0.963369
1350	0.942036	0.992686	0.992634	0.873333	0.963297	0.963213
1360	0.942263	0.992742	0.992690	0.873465	0.962796	0.962707
1370	0.942914	0.992982	0.992937	0.873960	0.963297	0.963215
1380	0.943462	0.993075	0.993031	0.874346	0.963297	0.963198
1390	0.944101	0.993204	0.993163	0.874889	0.963297	0.963198
1400	0.944646	0.993297	0.993253	0.875329	0.963630	0.963546
1410	0.945101	0.993445	0.993404	0.875785	0.964131	0.964045
1420	0.945571	0.993464	0.993424	0.876169	0.964298	0.964218
1430	0.945850	0.993556	0.993516	0.876307	0.964464	0.964383
1440	0.946501	0.993667	0.993632	0.877009	0.964965	0.964877
1450	0.947073	0.993797	0.993761	0.877378	0.964965	0.964868
1460	0.947860	0.994019	0.993989	0.878139	0.965632	0.965543
1470	0.948355	0.994075	0.994046	0.878509	0.965465	0.965376
1480	0.948819	0.994186	0.994159	0.878926	0.965299	0.965221
1490	0.949359	0.994297	0.994270	0.879514	0.965132	0.965054
1500	0.949682	0.994352	0.994325	0.879820	0.964798	0.964717
1510	0.949941	0.994371	0.994344	0.879976	0.964631	0.964549
1520	0.950176	0.994408	0.994381	0.880219	0.964631	0.964553
1530	0.950482	0.994538	0.994512	0.880369	0.965132	0.965053
1540	0.950935	0.994686	0.994658	0.880773	0.965465	0.965387
1550	0.951561	0.994852	0.994829	0.881365	0.965465	0.965385
1560	0.952166	0.994871	0.994846	0.881914	0.966466	0.966357
1570	0.952517	0.994852	0.994830	0.882176	0.966466	0.966363
1580	0.952971	0.994908	0.994885	0.882519	0.966466	0.966364
1590	0.953423	0.995056	0.995037	0.882845	0.966300	0.966207
1600	0.953851	0.995167	0.995150	0.883195	0.966466	0.966360
1610	0.954240	0.995297	0.995279	0.883363	0.966633	0.966539
1620	0.954571	0.995334	0.995317	0.883623	0.966633	0.966539
1630	0.955011	0.995408	0.995386	0.883863	0.966633	0.966537
1640	0.955308	0.995371	0.995346	0.884212	0.966466	0.966376
1650	0.955551	0.995371	0.995345	0.884425	0.966633	0.966537
1660	0.955766	0.995463	0.995437	0.884587	0.966800	0.966702
1670	0.955937	0.995500	0.995473	0.884666	0.966800	0.966702
1680	0.956224	0.995575	0.995549	0.884867	0.966800	0.966702
1690	0.956588	0.995686	0.995660	0.885151	0.966800	0.966688
1700	0.956902	0.995686	0.995658	0.885270	0.966967	0.966863
1710	0.957385	0.995741	0.995714	0.885743	0.966967	0.966857
1720	0.957913	0.995908	0.995886	0.886239	0.967134	0.967017
1730	0.958211	0.996075	0.996054	0.886539	0.967134	0.967017
1740	0.958534	0.996186	0.996166	0.886811	0.967134	0.967023
1750	0.958876	0.996149	0.996130	0.887029	0.967134	0.967027
1760	0.959223	0.996334	0.996320	0.887409	0.967301	0.967196
1770	0.959602	0.996352	0.996338	0.887914	0.967467	0.967362
1780	0.960055	0.996371	0.996359	0.888472	0.967968	0.967861
1790	0.960439	0.996389	0.996377	0.888772	0.967801	0.967698
1800	0.960745	0.996426	0.996414	0.888940	0.968135	0.968054
1810	0.961151	0.996389	0.996378	0.889225	0.968302	0.968215
1820	0.961423	0.996482	0.996469	0.889617	0.968468	0.968387
1830	0.961687	0.996556	0.996544	0.889861	0.968468	0.968387
1840	0.961985	0.996593	0.996582	0.889951	0.968635	0.968539
1850	0.962247	0.996649	0.996639	0.890114	0.968468	0.968375
1860	0.962548	0.996686	0.996677	0.890355	0.968468	0.968388
1870	0.962828	0.996741	0.996733	0.890609	0.968468	0.968378
1880	0.963029	0.996834	0.996824	0.890773	0.969136	0.969043
1890	0.963210	0.996852	0.996843	0.890886	0.968969	0.968875
1900	0.963378	0.996852	0.996842	0.890990	0.968635	0.968531
1910	0.963836	0.996926	0.996915	0.891584	0.968635	0.968525
1920	0.964177	0.996852	0.996839	0.892001	0.968635	0.968524
1930	0.964442	0.996926	0.996918	0.892170	0.968802	0.968694
1940	0.964673	0.996982	0.996975	0.892368	0.968802	0.968697
1950	0.964898	0.997000	0.996994	0.892694	0.969303	0.969212
1960	0.965124	0.997074	0.997067	0.892844	0.969636	0.969540
1970	0.965313	0.997111	0.997108	0.893007	0.969636	0.969540
1980	0.965549	0.997185	0.997179	0.893241	0.969970	0.969874
1990	0.965793	0.997260	0.997254	0.893387	0.969970	0.969874
2000	0.966134	0.997241	0.997235	0.893588	0.969803	0.969714
2010	0.966513	0.997260	0.997254	0.894208	0.969970	0.969879
2020	0.966796	0.997260	0.997251	0.894563	0.969970	0.969879
2030	0.967027	0.997334	0.997328	0.894754	0.969803	0.969714
2040	0.967241	0.997371	0.997367	0.894954	0.969803	0.969714
2050	0.967425	0.997500	0.997496	0.895136	0.969970	0.969874
2060	0.967624	0.997519	0.997516	0.895164	0.969970	0.969874
2070	0.967934	0.997630	0.997631	0.895292	0.969803	0.969694
2080	0.968151	0.997611	0.997612	0.895541	0.970137	0.970017
2090	0.968364	0.997667	0.997665	0.895716	0.970304	0.970192
2100	0.968581	0.997741	0.997740	0.895943	0.970470	0.970355
2110	0.968775	0.997815	0.997814	0.896110	0.970304	0.970191
2120	0.968984	0.997834	0.997832	0.896318	0.970137	0.970031
2130	0.969208	0.997852	0.997850	0.896510	0.970137	0.970021
2140	0.969394	0.997908	0.997905	0.896713	0.970304	0.970188
2150	0.969544	0.997908	0.997906	0.896852	0.970304	0.970188
2160	0.969757	0.997963	0.997961	0.897150	0.970304	0.970178
2170	0.969983	0.997963	0.997961	0.897493	0.970470	0.970340
2180	0.970201	0.998019	0.998018	0.897668	0.970470	0.970340
2190	0.970352	0.998056	0.998054	0.897787	0.970804	0.970691
2200	0.970499	0.998074	0.998072	0.897881	0.970804	0.970700
2210	0.970617	0.998056	0.998053	0.897992	0.970804	0.970700
2220	0.970721	0.998037	0.998035	0.898016	0.970637	0.970536
2230	0.970906	0.998074	0.998072	0.898130	0.970470	0.970370
2240	0.971087	0.998130	0.998129	0.898211	0.970804	0.970717
2250	0.971317	0.998167	0.998165	0.898362	0.970637	0.970541
2260	0.971476	0.998222	0.998218	0.898532	0.970637	0.970541
2270	0.971609	0.998278	0.998273	0.898683	0.970637	0.970541
2280	0.971732	0.998296	0.998293	0.898796	0.970637	0.970541
2290	0.971917	0.998371	0.998366	0.898973	0.971138	0.971051
2300	0.972083	0.998371	0.998367	0.899159	0.970804	0.970706
2310	0.972240	0.998389	0.998386	0.899300	0.970971	0.970875
2320	0.972380	0.998389	0.998386	0.899484	0.971138	0.971048
2330	0.972622	0.998463	0.998461	0.899795	0.971471	0.971379
2340	0.972850	0.998389	0.998386	0.900066	0.971471	0.971379
2350	0.973033	0.998426	0.998424	0.900281	0.971471	0.971379
2360	0.973207	0.998463	0.998462	0.900489	0.971471	0.971367
2370	0.973377	0.998519	0.998518	0.900618	0.971138	0.971034
2380	0.973529	0.998519	0.998518	0.900698	0.971138	0.971034
2390	0.973673	0.998593	0.998592	0.900862	0.971138	0.971034
2400	0.973772	0.998574	0.998574	0.900925	0.971138	0.971034
2410	0.973951	0.998593	0.998592	0.901057	0.971138	0.971034
2420	0.974123	0.998593	0.998592	0.901190	0.971138	0.971035
2430	0.974256	0.998593	0.998592	0.901186	0.971138	0.971035
2440	0.974478	0.998630	0.998629	0.901487	0.970971	0.970865
2450	0.974630	0.998611	0.998610	0.901633	0.970804	0.970691
2460	0.974799	0.998611	0.998610	0.901786	0.970971	0.970844
2470	0.974955	0.998667	0.998666	0.901907	0.971138	0.971021
2480	0.975112	0.998704	0.998703	0.902047	0.971138	0.971021
2490	0.975247	0.998722	0.998722	0.902178	0.971305	0.971184
2500	0.975395	0.998704	0.998703	0.902291	0.971471	0.971351
2510	0.975525	0.998741	0.998742	0.902416	0.971138	0.971010
2520	0.975634	0.998796	0.998795	0.902525	0.971471	0.971353
2530	0.975730	0.998815	0.998814	0.902595	0.971471	0.971353
2540	0.975834	0.998815	0.998814	0.902700	0.971471	0.971353
2550	0.975950	0.998833	0.998833	0.902804	0.971305	0.971193
2560	0.976088	0.998889	0.998890	0.902881	0.971138	0.971024
2570	0.976235	0.998889	0.998890	0.903023	0.971305	0.971193
2580	0.976326	0.998852	0.998852	0.903002	0.971305	0.971193
2590	0.976483	0.998908	0.998908	0.903225	0.971471	0.971351
2600	0.976642	0.998926	0.998926	0.903372	0.971471	0.971355
2610	0.976792	0.998963	0.998962	0.903461	0.971305	0.971187
2620	0.976902	0.999037	0.999036	0.903585	0.971138	0.971021
2630	0.976976	0.999037	0.999036	0.903623	0.971138	0.971021
2640	0.977066	0.999037	0.999036	0.903709	0.971305	0.971188
2650	0.977205	0.999056	0.999055	0.903881	0.971471	0.971356
2660	0.977386	0.999056	0.999055	0.903991	0.971471	0.971364
2670	0.977500	0.999074	0.999074	0.904057	0.971638	0.971533
2680	0.977643	0.999093	0.999093	0.904153	0.971805	0.971700
2690	0.977754	0.999074	0.999074	0.904269	0.971471	0.971362
2700	0.977868	0.999093	0.999093	0.904377	0.971138	0.971024
2710	0.977999	0.999130	0.999130	0.904527	0.971305	0.971188
2720	0.978133	0.999130	0.999130	0.904739	0.971471	0.971352
2730	0.978251	0.999130	0.999130	0.904927	0.971471	0.971352
2740	0.978380	0.999148	0.999148	0.905088	0.971805	0.971685
2750	0.978524	0.999148	0.999148	0.905217	0.971972	0.971859
2760	0.978645	0.999167	0.999167	0.905284	0.972306	0.972207
2770	0.978754	0.999167	0.999167	0.905331	0.972139	0.972038
2780	0.978830	0.999167	0.999167	0.905396	0.972139	0.972038
2790	0.978930	0.999204	0.999203	0.905418	0.972139	0.972022
2800	0.979013	0.999204	0.999203	0.905460	0.972139	0.972025
2810	0.979094	0.999204	0.999203	0.905526	0.971972	0.971854
2820	0.979192	0.999241	0.999241	0.905600	0.971972	0.971853
2830	0.979288	0.999241	0.999241	0.905696	0.971972	0.971860
2840	0.979386	0.999241	0.999241	0.905756	0.971972	0.971860
2850	0.979494	0.999278	0.999278	0.905896	0.972806	0.972710
2860	0.979590	0.999278	0.999278	0.905977	0.972806	0.972710
2870	0.979670	0.999296	0.999297	0.906083	0.972973	0.972876
2880	0.979754	0.999315	0.999316	0.906155	0.972973	0.972876
2890	0.979872	0.999315	0.999316	0.906204	0.972973	0.972876
2900	0.979958	0.999333	0.999336	0.906312	0.973140	0.973042
2910	0.980044	0.999352	0.999353	0.906414	0.973140	0.973042
2920	0.980130	0.999352	0.999353	0.906517	0.972806	0.972705
2930	0.980214	0.999352	0.999353	0.906585	0.972806	0.972705
2940	0.980300	0.999352	0.999353	0.906631	0.972806	0.972705
2950	0.980393	0.999352	0.999354	0.906723	0.972806	0.972705
2960	0.980461	0.999352	0.999354	0.906777	0.972973	0.972865
2970	0.980516	0.999352	0.999354	0.906812	0.972973	0.972865
2980	0.980572	0.999389	0.999390	0.906855	0.972973	0.972865
2990	0.980639	0.999389	0.999390	0.906871	0.972973	0.972865
3000	0.980697	0.999389	0.999390	0.906884	0.973140	0.973035
3010	0.980799	0.999389	0.999390	0.907019	0.973140	0.973041
3020	0.980873	0.999389	0.999390	0.907070	0.973140	0.973041
3030	0.980980	0.999389	0.999390	0.907221	0.973307	0.973208
3040	0.981074	0.999389	0.999390	0.907351	0.973307	0.973208
3050	0.981153	0.999407	0.999409	0.907436	0.973473	0.973376
3060	0.981281	0.999407	0.999409	0.907575	0.973640	0.973545
3070	0.981370	0.999426	0.999428	0.907679	0.973473	0.973381
3080	0.981458	0.999426	0.999428	0.907767	0.973473	0.973381
3090	0.981535	0.999426	0.999428	0.907824	0.973473	0.973381
3100	0.981635	0.999426	0.999428	0.907856	0.973140	0.973037
3110	0.981709	0.999426	0.999428	0.907850	0.973307	0.973215
3120	0.981787	0.999445	0.999445	0.907881	0.973307	0.973215
3130	0.981868	0.999463	0.999464	0.907932	0.973307	0.973215
3140	0.981924	0.999463	0.999464	0.908002	0.973307	0.973215
3150	0.981972	0.999463	0.999464	0.908040	0.973307	0.973215
3160	0.982027	0.999482	0.999483	0.908050	0.973473	0.973379
3170	0.982119	0.999482	0.999483	0.908090	0.973473	0.973379
3180	0.982252	0.999482	0.999483	0.908308	0.973473	0.973379
3190	0.982336	0.999482	0.999483	0.908460	0.973807	0.973708
3200	0.982410	0.999482	0.999483	0.908596	0.973807	0.973704
3210	0.982492	0.999482	0.999483	0.908714	0.973807	0.973704
3220	0.982580	0.999482	0.999483	0.908807	0.973807	0.973704
3230	0.982657	0.999519	0.999520	0.908941	0.973974	0.973872
3240	0.982746	0.999519	0.999520	0.909025	0.973640	0.973552
3250	0.982840	0.999556	0.999557	0.909122	0.973974	0.973872
3260	0.982920	0.999574	0.999576	0.909218	0.973974	0.973872
3270	0.983006	0.999574	0.999576	0.909319	0.973974	0.973891
3280	0.983088	0.999574	0.999576	0.909439	0.974141	0.974068
3290	0.983163	0.999611	0.999612	0.909528	0.973974	0.973897
3300	0.983233	0.999593	0.999593	0.909623	0.974308	0.974240
3310	0.983299	0.999611	0.999612	0.909671	0.974308	0.974240
3320	0.983375	0.999611	0.999612	0.909760	0.974141	0.974072
3330	0.983444	0.999630	0.999631	0.909819	0.973974	0.973912
3340	0.983517	0.999667	0.999668	0.909878	0.974141	0.974076
3350	0.983606	0.999648	0.999649	0.910026	0.974308	0.974245
3360	0.983669	0.999648	0.999649	0.910141	0.974308	0.974245
3370	0.983740	0.999667	0.999668	0.910224	0.974308	0.974246
3380	0.983793	0.999667	0.999668	0.910315	0.974308	0.974246
3390	0.983853	0.999667	0.999668	0.910417	0.974141	0.974076
3400	0.983914	0.999685	0.999686	0.910484	0.974308	0.974237
3410	0.983974	0.999685	0.999686	0.910552	0.974141	0.974073
3420	0.984049	0.999704	0.999704	0.910626	0.973974	0.973900
3430	0.984125	0.999722	0.999723	0.910715	0.973974	0.973920
3440	0.984183	0.999722	0.999723	0.910719	0.974141	0.974079
3450	0.984231	0.999722	0.999723	0.910787	0.974141	0.974079
3460	0.984287	0.999704	0.999705	0.910801	0.974474	0.974405
3470	0.984331	0.999704	0.999705	0.910837	0.974474	0.974405
3480	0.984378	0.999741	0.999742	0.910878	0.974474	0.974405
3490	0.984486	0.999759	0.999761	0.910940	0.974641	0.974574
3500	0.984557	0.999741	0.999742	0.911021	0.974641	0.974574
3510	0.984605	0.999759	0.999761	0.911061	0.974474	0.974415
3520	0.984646	0.999759	0.999761	0.911104	0.974308	0.974247
3530	0.984676	0.999759	0.999761	0.911151	0.974308	0.974247
3540	0.984713	0.999759	0.999761	0.911182	0.974308	0.974247
3550	0.984754	0.999759	0.999761	0.911220	0.974308	0.974247
3560	0.984801	0.999759	0.999761	0.911263	0.974308	0.974247
3570	0.984845	0.999759	0.999762	0.911287	0.974474	0.974415
3580	0.984890	0.999759	0.999762	0.911320	0.974474	0.974407
3590	0.984954	0.999759	0.999761	0.911391	0.974308	0.974247
3600	0.985040	0.999759	0.999761	0.911537	0.974308	0.974247
3610	0.985102	0.999759	0.999761	0.911670	0.974308	0.974247
3620	0.985155	0.999759	0.999761	0.911797	0.974308	0.974247
3630	0.985210	0.999759	0.999761	0.911915	0.974141	0.974078
3640	0.985254	0.999759	0.999761	0.911974	0.974141	0.974078
3650	0.985299	0.999778	0.999779	0.912047	0.974308	0.974247
3660	0.985340	0.999796	0.999798	0.912081	0.974641	0.974575
3670	0.985387	0.999796	0.999798	0.912096	0.974641	0.974575
3680	0.985431	0.999796	0.999798	0.912128	0.974808	0.974734
3690	0.985483	0.999796	0.999798	0.912181	0.974975	0.974903
3700	0.985529	0.999796	0.999798	0.912220	0.974975	0.974903
3710	0.985576	0.999796	0.999798	0.912238	0.974808	0.974743
3720	0.985628	0.999796	0.999798	0.912252	0.974641	0.974575
3730	0.985672	0.999796	0.999798	0.912253	0.974641	0.974575
3740	0.985713	0.999796	0.999798	0.912269	0.974641	0.974575
3750	0.985769	0.999796	0.999798	0.912298	0.974641	0.974575
3760	0.985824	0.999796	0.999798	0.912339	0.974474	0.974412
3770	0.985882	0.999796	0.999798	0.912353	0.974308	0.974234
3780	0.985942	0.999796	0.999798	0.912367	0.974308	0.974227
3790	0.986003	0.999796	0.999798	0.912419	0.974308	0.974222
3800	0.986057	0.999796	0.999798	0.912448	0.974141	0.974053
3810	0.986096	0.999796	0.999798	0.912461	0.974308	0.974230
3820	0.986126	0.999796	0.999798	0.912443	0.974474	0.974399
3830	0.986151	0.999815	0.999817	0.912459	0.974308	0.974222
3840	0.986175	0.999815	0.999817	0.912455	0.974641	0.974563
3850	0.986204	0.999815	0.999817	0.912474	0.974641	0.974576
3860	0.986234	0.999815	0.999817	0.912481	0.974641	0.974576
3870	0.986266	0.999815	0.999817	0.912491	0.974474	0.974402
3880	0.986297	0.999815	0.999817	0.912501	0.974308	0.974234
3890	0.986337	0.999815	0.999817	0.912514	0.974641	0.974571
3900	0.986381	0.999833	0.999836	0.912530	0.974474	0.974403
3910	0.986444	0.999833	0.999836	0.912598	0.974641	0.974563
3920	0.986490	0.999852	0.999855	0.912664	0.974641	0.974563
3930	0.986542	0.999870	0.999874	0.912732	0.974641	0.974563
3940	0.986592	0.999870	0.999874	0.912769	0.974641	0.974563
3950	0.986640	0.999870	0.999874	0.912837	0.974641	0.974563
3960	0.986687	0.999870	0.999874	0.912875	0.974474	0.974395
3970	0.986737	0.999870	0.999874	0.912938	0.974474	0.974395
3980	0.986779	0.999870	0.999874	0.912976	0.974474	0.974395
3990	0.986814	0.999870	0.999874	0.913037	0.974474	0.974395
4000	0.986850	0.999870	0.999874	0.913123	0.974641	0.974561
