10	0.388936	0.734171	0.698720	0.385510	0.733300	0.695011
20	0.451022	0.775381	0.737441	0.445782	0.774076	0.733664
30	0.496548	0.798636	0.759408	0.488157	0.794795	0.753581
40	0.525017	0.811199	0.770307	0.512909	0.803746	0.760935
50	0.548450	0.821743	0.779306	0.532382	0.813028	0.768743
60	0.564868	0.828562	0.785303	0.548352	0.819990	0.774963
70	0.580091	0.834844	0.791002	0.561603	0.827118	0.781385
80	0.592544	0.839735	0.795574	0.573023	0.831427	0.785199
90	0.603080	0.844572	0.799818	0.581800	0.835240	0.788396
100	0.615379	0.849556	0.804456	0.592891	0.840544	0.793647
110	0.624515	0.852225	0.807126	0.600199	0.841870	0.795076
120	0.634551	0.854893	0.861955	0.608798	0.844356	0.797666
130	0.644558	0.859581	0.866219	0.617407	0.848831	0.853630
140	0.658357	0.877888	0.882604	0.629894	0.867562	0.870539
150	0.669793	0.894398	0.897590	0.639615	0.880988	0.883070
160	0.678742	0.901088	0.903769	0.647527	0.887121	0.888797
170	0.692224	0.914355	0.916058	0.659539	0.899387	0.900221
180	0.701601	0.918950	0.920416	0.668052	0.903033	0.903709
190	0.710621	0.923842	0.925069	0.675863	0.906348	0.906715
200	0.715076	0.925566	0.926709	0.679111	0.908172	0.908470
210	0.721918	0.929438	0.930456	0.685167	0.911487	0.911568
220	0.728143	0.932866	0.933771	0.690427	0.913973	0.913924
230	0.735725	0.935590	0.936355	0.697031	0.914305	0.914284
240	0.741030	0.937406	0.938113	0.701692	0.916128	0.916224
250	0.747364	0.939834	0.940449	0.707247	0.920935	0.920812
260	0.753178	0.941464	0.942052	0.712213	0.922427	0.922108
270	0.758097	0.943206	0.943733	0.716820	0.922592	0.922283
280	0.763569	0.945207	0.945686	0.722050	0.923255	0.922877
290	0.768631	0.946430	0.946870	0.726057	0.924913	0.924483
300	0.772246	0.947412	0.947842	0.728746	0.925742	0.925320
310	0.778756	0.949877	0.950224	0.734540	0.928725	0.928234
320	0.783324	0.951341	0.951650	0.738486	0.929057	0.928412
330	0.788026	0.952230	0.952533	0.742462	0.931543	0.931017
340	0.791694	0.953638	0.953916	0.745452	0.932372	0.931837
350	0.796248	0.955232	0.955483	0.749221	0.933864	0.933417
360	0.799597	0.955880	0.956104	0.752094	0.934858	0.934440
370	0.802575	0.956788	0.957010	0.754714	0.934693	0.934381
380	0.805686	0.957530	0.957751	0.756975	0.936184	0.935815
390	0.810339	0.959068	0.959254	0.760395	0.937013	0.936694
400	0.812328	0.959772	0.959943	0.761949	0.938008	0.937666
410	0.814441	0.960346	0.960518	0.763642	0.938173	0.937815
420	0.818357	0.961458	0.961583	0.766957	0.939334	0.938971
430	0.821112	0.962366	0.962482	0.768821	0.939499	0.939085
440	0.822890	0.963292	0.963427	0.770003	0.939997	0.939567
450	0.825310	0.963607	0.963741	0.772098	0.941157	0.940752
460	0.828107	0.964274	0.964401	0.774398	0.941820	0.941434
470	0.832318	0.965553	0.965642	0.777940	0.941986	0.941402
480	0.834460	0.966090	0.966184	0.779633	0.943146	0.942636
490	0.838030	0.967276	0.967355	0.782682	0.943478	0.942880
500	0.839539	0.967888	0.967967	0.783432	0.943643	0.942990
510	0.841652	0.968388	0.968467	0.785183	0.944472	0.943852
520	0.844361	0.968944	0.969002	0.787132	0.944306	0.943650
530	0.846747	0.969611	0.969651	0.789094	0.944306	0.943733
540	0.848727	0.970315	0.970368	0.790547	0.944472	0.943915
550	0.850967	0.970871	0.970931	0.792115	0.944969	0.944407
560	0.853580	0.971446	0.971514	0.794137	0.945798	0.945145
570	0.855062	0.971872	0.971934	0.794867	0.945964	0.945315
580	0.856973	0.972409	0.972458	0.796200	0.946793	0.946088
590	0.859449	0.973113	0.973163	0.798000	0.947124	0.946410
600	0.861849	0.973706	0.973767	0.800094	0.947456	0.946730
610	0.864989	0.974429	0.974471	0.803142	0.947953	0.947235
620	0.867291	0.974762	0.974788	0.805080	0.947953	0.947181
630	0.868125	0.975133	0.975161	0.805385	0.947953	0.947170
640	0.870601	0.975596	0.975618	0.807403	0.948616	0.947853
650	0.871416	0.975781	0.975804	0.807788	0.948947	0.948213
660	0.873142	0.976208	0.976216	0.809184	0.949776	0.949042
670	0.874135	0.976412	0.976418	0.810138	0.949279	0.948560
680	0.874877	0.976578	0.976583	0.810488	0.949113	0.948336
690	0.875567	0.976745	0.976759	0.810827	0.949445	0.948694
700	0.877530	0.977097	0.977127	0.812415	0.949279	0.948556
710	0.879973	0.977653	0.977669	0.814445	0.950108	0.949393
720	0.882452	0.978116	0.978127	0.816537	0.950439	0.949710
730	0.884828	0.978617	0.978630	0.818048	0.950937	0.950193
740	0.886412	0.979172	0.979196	0.819419	0.951434	0.950718
750	0.888015	0.979339	0.979352	0.820122	0.951931	0.951204
760	0.889511	0.979562	0.979581	0.821238	0.952097	0.951402
770	0.890240	0.979765	0.979785	0.821569	0.952760	0.952046
780	0.891515	0.980099	0.980114	0.822692	0.952263	0.951542
790	0.893151	0.980432	0.980444	0.824040	0.952594	0.951866
800	0.893713	0.980599	0.980614	0.824417	0.952428	0.951705
810	0.894362	0.980692	0.980707	0.824724	0.952263	0.951528
820	0.896135	0.981063	0.981081	0.826012	0.952926	0.952186
830	0.897957	0.981618	0.981641	0.827472	0.952428	0.951684
840	0.898627	0.981804	0.981828	0.827938	0.953091	0.952353
850	0.900028	0.981970	0.981988	0.829016	0.954252	0.953533
860	0.900958	0.982137	0.982152	0.829584	0.954252	0.953565
870	0.901940	0.982545	0.982556	0.830207	0.954086	0.953387
880	0.903498	0.983045	0.983052	0.831517	0.955412	0.954754
890	0.904072	0.983249	0.983256	0.831708	0.955080	0.954449
900	0.905518	0.983434	0.983444	0.832735	0.955412	0.954780
910	0.906914	0.983731	0.983736	0.833791	0.955578	0.954916
920	0.908790	0.984231	0.984232	0.835324	0.955743	0.955098
930	0.909412	0.984416	0.984417	0.835873	0.955909	0.955281
940	0.909924	0.984620	0.984621	0.836403	0.955412	0.954721
950	0.911238	0.984935	0.984939	0.837688	0.956075	0.955434
960	0.911815	0.985176	0.985179	0.838083	0.956406	0.955785
970	0.912872	0.985510	0.985505	0.838865	0.956572	0.955918
980	0.914021	0.985788	0.985784	0.839846	0.956904	0.956277
990	0.914955	0.986066	0.986060	0.840454	0.956738	0.956102
1000	0.915856	0.986195	0.986190	0.840959	0.956738	0.956061
1010	0.916967	0.986529	0.986525	0.841716	0.957069	0.956385
1020	0.917870	0.986603	0.986606	0.842516	0.957898	0.957274
1030	0.918362	0.986621	0.986624	0.842722	0.957732	0.957107
1040	0.919238	0.986844	0.986845	0.843407	0.957732	0.957124
1050	0.920571	0.987344	0.987341	0.844896	0.957898	0.957283
1060	0.921202	0.987659	0.987658	0.845360	0.958064	0.957465
1070	0.921662	0.987752	0.987749	0.845608	0.958064	0.957465
1080	0.922828	0.987993	0.987994	0.846727	0.957898	0.957323
1090	0.923764	0.988196	0.988196	0.847525	0.957898	0.957330
1100	0.924092	0.988363	0.988358	0.847800	0.958064	0.957503
1110	0.924745	0.988474	0.988473	0.848211	0.957898	0.957322
1120	0.925879	0.988697	0.988693	0.849175	0.958395	0.957798
1130	0.926608	0.988864	0.988853	0.849670	0.958230	0.957614
1140	0.927530	0.989197	0.989185	0.850233	0.958230	0.957634
1150	0.928492	0.989364	0.989352	0.851023	0.958395	0.957834
1160	0.928927	0.989475	0.989463	0.851285	0.958561	0.958001
1170	0.929340	0.989494	0.989480	0.851521	0.958230	0.957632
1180	0.930225	0.989697	0.989683	0.852080	0.958561	0.957975
1190	0.931056	0.989920	0.989904	0.852777	0.959390	0.958810
1200	0.932031	0.990124	0.990108	0.853586	0.959390	0.958817
1210	0.932986	0.990327	0.990310	0.854273	0.959887	0.959335
1220	0.933879	0.990476	0.990456	0.855036	0.960053	0.959511
1230	0.934282	0.990642	0.990622	0.855106	0.959722	0.959151
1240	0.934901	0.990735	0.990716	0.855544	0.959887	0.959301
1250	0.935490	0.990957	0.990940	0.855902	0.959887	0.959308
1260	0.936366	0.991198	0.991187	0.856639	0.960219	0.959664
1270	0.937169	0.991235	0.991227	0.857458	0.960550	0.959979
1280	0.937561	0.991384	0.991379	0.857576	0.960550	0.959979
1290	0.937938	0.991569	0.991568	0.857807	0.960550	0.959967
1300	0.938500	0.991791	0.991793	0.858267	0.960550	0.959979
1310	0.939353	0.991940	0.991939	0.859087	0.960550	0.959965
1320	0.940088	0.992143	0.992142	0.859607	0.960716	0.960197
1330	0.940495	0.992292	0.992292	0.859859	0.960716	0.960196
1340	0.941171	0.992421	0.992421	0.860416	0.961379	0.960869
1350	0.941545	0.992588	0.992583	0.860546	0.961379	0.960811
1360	0.941873	0.992662	0.992657	0.860625	0.961379	0.960841
1370	0.942159	0.992736	0.992731	0.860844	0.961876	0.961318
1380	0.942378	0.992866	0.992866	0.861106	0.961545	0.960998
1390	0.942632	0.992866	0.992866	0.861154	0.961379	0.960859
1400	0.943689	0.992959	0.992960	0.862149	0.961876	0.961339
1410	0.944192	0.993125	0.993129	0.862433	0.962208	0.961665
1420	0.944746	0.993292	0.993297	0.863136	0.962705	0.962172
1430	0.945422	0.993459	0.993463	0.863683	0.962705	0.962172
1440	0.946063	0.993496	0.993499	0.864196	0.963037	0.962494
1450	0.946642	0.993570	0.993574	0.864767	0.962539	0.961978
1460	0.947143	0.993644	0.993647	0.865058	0.962705	0.962147
1470	0.947583	0.993867	0.993870	0.865460	0.962539	0.962000
1480	0.948124	0.993904	0.993906	0.866119	0.962871	0.962338
1490	0.948644	0.993959	0.993964	0.866470	0.963202	0.962690
1500	0.949177	0.993996	0.994001	0.866899	0.963202	0.962675
1510	0.949709	0.994089	0.994094	0.867296	0.963534	0.962998
1520	0.950186	0.994274	0.994284	0.867641	0.963368	0.962821
1530	0.950791	0.994256	0.994264	0.868431	0.964363	0.963825
1540	0.951161	0.994256	0.994265	0.868808	0.964528	0.963980
1550	0.951449	0.994367	0.994374	0.869065	0.964031	0.963481
1560	0.951784	0.994330	0.994336	0.869402	0.964528	0.963988
1570	0.952142	0.994404	0.994409	0.869526	0.964197	0.963649
1580	0.952403	0.994478	0.994486	0.869668	0.963865	0.963320
1590	0.953020	0.994571	0.994576	0.870241	0.963865	0.963332
1600	0.953451	0.994645	0.994649	0.870556	0.964031	0.963496
1610	0.953855	0.994793	0.994796	0.870787	0.964031	0.963496
1620	0.954348	0.994941	0.994941	0.871346	0.964694	0.964178
1630	0.954662	0.994960	0.994959	0.871574	0.964363	0.963847
1640	0.955007	0.995034	0.995028	0.871876	0.964528	0.964016
1650	0.955465	0.995071	0.995066	0.872225	0.964860	0.964347
1660	0.955827	0.995164	0.995160	0.872569	0.964694	0.964211
1670	0.956166	0.995330	0.995328	0.872776	0.964860	0.964358
1680	0.956591	0.995330	0.995328	0.873143	0.964860	0.964358
1690	0.956878	0.995442	0.995442	0.873282	0.965357	0.964870
1700	0.957283	0.995479	0.995481	0.873684	0.965357	0.964880
1710	0.957760	0.995590	0.995594	0.874255	0.965357	0.964875
1720	0.958114	0.995683	0.995683	0.874423	0.965357	0.964875
1730	0.958374	0.995738	0.995738	0.874477	0.965357	0.964875
1740	0.958568	0.995738	0.995737	0.874708	0.965357	0.964896
1750	0.958734	0.995757	0.995754	0.874886	0.965689	0.965217
1760	0.958905	0.995812	0.995811	0.874983	0.965689	0.965216
1770	0.959119	0.995868	0.995867	0.875059	0.965523	0.965071
1780	0.959514	0.995905	0.995904	0.875431	0.965357	0.964912
1790	0.959876	0.996035	0.996035	0.875676	0.965357	0.964895
1800	0.960135	0.996053	0.996054	0.875851	0.965191	0.964712
1810	0.960553	0.996090	0.996093	0.876251	0.965357	0.964884
1820	0.960971	0.996090	0.996092	0.876573	0.965357	0.964884
1830	0.961317	0.996183	0.996187	0.876723	0.965689	0.965217
1840	0.961647	0.996257	0.996261	0.877017	0.965689	0.965232
1850	0.962006	0.996313	0.996317	0.877253	0.965523	0.965051
1860	0.962340	0.996368	0.996373	0.877492	0.965523	0.965048
1870	0.962798	0.996405	0.996412	0.877825	0.966020	0.965523
1880	0.963074	0.996516	0.996523	0.878036	0.966186	0.965694
1890	0.963486	0.996572	0.996578	0.878499	0.965854	0.965351
1900	0.963770	0.996572	0.996578	0.878643	0.966020	0.965523
1910	0.964038	0.996628	0.996634	0.878743	0.966186	0.965723
1920	0.964249	0.996683	0.996690	0.878874	0.966683	0.966204
1930	0.964427	0.996665	0.996671	0.879019	0.967015	0.966551
1940	0.964617	0.996720	0.996726	0.879237	0.967181	0.966729
1950	0.964848	0.996794	0.996798	0.879390	0.967346	0.966918
1960	0.965107	0.996868	0.996871	0.879587	0.967181	0.966754
1970	0.965321	0.996906	0.996909	0.879724	0.967015	0.966577
1980	0.965635	0.996998	0.997000	0.879991	0.967181	0.966754
1990	0.965940	0.997054	0.997057	0.880276	0.967346	0.966908
2000	0.966219	0.997072	0.997076	0.880483	0.967512	0.967097
2010	0.966446	0.997109	0.997114	0.880603	0.967512	0.967097
2020	0.966733	0.997239	0.997242	0.880846	0.967512	0.967102
2030	0.966977	0.997295	0.997299	0.881142	0.967181	0.966718
2040	0.967240	0.997332	0.997336	0.881445	0.967346	0.966908
2050	0.967550	0.997350	0.997354	0.881834	0.967678	0.967238
2060	0.967821	0.997424	0.997429	0.882063	0.967678	0.967238
2070	0.968031	0.997498	0.997499	0.882170	0.967512	0.967081
2080	0.968277	0.997517	0.997517	0.882408	0.967512	0.967052
2090	0.968472	0.997536	0.997536	0.882494	0.967678	0.967209
2100	0.968724	0.997573	0.997571	0.882687	0.967678	0.967214
2110	0.968961	0.997665	0.997662	0.883104	0.967346	0.966887
2120	0.969150	0.997684	0.997682	0.883197	0.967181	0.966725
2130	0.969364	0.997721	0.997720	0.883333	0.967181	0.966719
2140	0.969572	0.997739	0.997739	0.883452	0.967015	0.966543
2150	0.969752	0.997795	0.997796	0.883546	0.967346	0.966887
2160	0.969899	0.997813	0.997815	0.883659	0.967346	0.966887
2170	0.970024	0.997832	0.997834	0.883739	0.967512	0.967076
2180	0.970150	0.997906	0.997905	0.883767	0.967346	0.966895
2190	0.970253	0.997925	0.997924	0.883894	0.967512	0.967076
2200	0.970367	0.997962	0.997961	0.884006	0.967512	0.967076
2210	0.970481	0.997980	0.997979	0.884044	0.967512	0.967076
2220	0.970700	0.998073	0.998070	0.884151	0.967512	0.967079
2230	0.970872	0.998091	0.998089	0.884310	0.967678	0.967241
2240	0.971069	0.998091	0.998089	0.884484	0.967346	0.966886
2250	0.971260	0.998166	0.998164	0.884563	0.967346	0.966886
2260	0.971456	0.998203	0.998202	0.884751	0.967346	0.966896
2270	0.971697	0.998258	0.998258	0.884979	0.967512	0.967078
2280	0.971906	0.998295	0.998295	0.885207	0.967512	0.967057
2290	0.972099	0.998295	0.998296	0.885494	0.967678	0.967227
2300	0.972284	0.998277	0.998277	0.885705	0.967844	0.967393
2310	0.972513	0.998351	0.998352	0.885956	0.967678	0.967227
2320	0.972739	0.998369	0.998371	0.886222	0.967844	0.967423
2330	0.972950	0.998369	0.998371	0.886385	0.967844	0.967423
2340	0.973123	0.998369	0.998371	0.886495	0.967844	0.967421
2350	0.973298	0.998388	0.998389	0.886604	0.968009	0.967602
2360	0.973482	0.998388	0.998389	0.886756	0.968175	0.967779
2370	0.973630	0.998406	0.998407	0.886866	0.968175	0.967775
2380	0.973777	0.998406	0.998407	0.886973	0.968175	0.967775
2390	0.973966	0.998481	0.998479	0.886981	0.968009	0.967597
2400	0.974082	0.998481	0.998479	0.887068	0.968009	0.967594
2410	0.974193	0.998499	0.998497	0.887122	0.968507	0.968103
2420	0.974326	0.998555	0.998553	0.887232	0.968009	0.967582
2430	0.974517	0.998555	0.998553	0.887424	0.968175	0.967755
2440	0.974640	0.998592	0.998590	0.887455	0.968175	0.967754
2450	0.974765	0.998592	0.998589	0.887562	0.968175	0.967766
2460	0.974918	0.998629	0.998627	0.887675	0.968175	0.967766
2470	0.975058	0.998666	0.998665	0.887693	0.968009	0.967595
2480	0.975174	0.998684	0.998683	0.887776	0.968175	0.967768
2490	0.975300	0.998703	0.998701	0.887856	0.968175	0.967768
2500	0.975417	0.998721	0.998721	0.887960	0.968175	0.967768
2510	0.975524	0.998740	0.998740	0.888011	0.968175	0.967768
2520	0.975639	0.998759	0.998759	0.888207	0.968838	0.968475
2530	0.975774	0.998777	0.998778	0.888359	0.968507	0.968137
2540	0.975919	0.998796	0.998797	0.888492	0.968507	0.968111
2550	0.976055	0.998833	0.998833	0.888602	0.968672	0.968293
2560	0.976206	0.998833	0.998833	0.888723	0.968672	0.968306
2570	0.976344	0.998833	0.998833	0.888933	0.968672	0.968322
2580	0.976503	0.998814	0.998814	0.889115	0.968838	0.968478
2590	0.976666	0.998796	0.998796	0.889263	0.968672	0.968288
2600	0.976837	0.998814	0.998814	0.889401	0.968672	0.968278
2610	0.977001	0.998814	0.998814	0.889565	0.969004	0.968631
2620	0.977158	0.998870	0.998870	0.889752	0.969170	0.968820
2630	0.977297	0.998870	0.998870	0.889943	0.969170	0.968825
2640	0.977423	0.998925	0.998926	0.890033	0.969170	0.968825
2650	0.977563	0.998925	0.998925	0.890119	0.969004	0.968668
2660	0.977738	0.998962	0.998962	0.890248	0.968838	0.968489
2670	0.977871	0.998962	0.998962	0.890391	0.969004	0.968658
2680	0.977982	0.999036	0.999037	0.890502	0.968838	0.968498
2690	0.978106	0.999036	0.999037	0.890602	0.968838	0.968498
2700	0.978211	0.999018	0.999019	0.890695	0.968838	0.968492
2710	0.978358	0.999036	0.999037	0.890738	0.968672	0.968308
2720	0.978464	0.999055	0.999055	0.890834	0.968507	0.968169
2730	0.978526	0.999092	0.999091	0.890865	0.968672	0.968335
2740	0.978602	0.999129	0.999129	0.890844	0.968507	0.968175
2750	0.978698	0.999166	0.999167	0.890912	0.968838	0.968519
2760	0.978798	0.999148	0.999148	0.890943	0.968507	0.968167
2770	0.978897	0.999185	0.999186	0.891011	0.968672	0.968341
2780	0.979005	0.999185	0.999186	0.891123	0.968838	0.968525
2790	0.979153	0.999203	0.999205	0.891197	0.968672	0.968351
2800	0.979249	0.999203	0.999205	0.891279	0.968672	0.968351
2810	0.979360	0.999222	0.999223	0.891324	0.968672	0.968351
2820	0.979444	0.999222	0.999223	0.891272	0.968507	0.968177
2830	0.979516	0.999203	0.999205	0.891299	0.968341	0.968011
2840	0.979576	0.999222	0.999223	0.891326	0.968672	0.968352
2850	0.979649	0.999222	0.999223	0.891384	0.968507	0.968186
2860	0.979719	0.999222	0.999223	0.891428	0.968175	0.967841
2870	0.979785	0.999222	0.999223	0.891461	0.968175	0.967841
2880	0.979861	0.999259	0.999260	0.891501	0.968341	0.968020
2890	0.979982	0.999277	0.999279	0.891580	0.968341	0.968020
2900	0.980081	0.999277	0.999279	0.891619	0.968009	0.967663
2910	0.980169	0.999277	0.999279	0.891731	0.968175	0.967822
2920	0.980242	0.999277	0.999279	0.891849	0.967844	0.967480
2930	0.980295	0.999296	0.999297	0.891895	0.967678	0.967296
2940	0.980359	0.999314	0.999316	0.891940	0.968009	0.967648
2950	0.980438	0.999333	0.999334	0.891991	0.968009	0.967651
2960	0.980507	0.999351	0.999353	0.892162	0.968175	0.967812
2970	0.980582	0.999351	0.999353	0.892251	0.968507	0.968159
2980	0.980662	0.999351	0.999353	0.892353	0.968341	0.967990
2990	0.980764	0.999351	0.999353	0.892440	0.968341	0.967990
3000	0.980878	0.999351	0.999353	0.892510	0.968672	0.968326
3010	0.980953	0.999370	0.999370	0.892539	0.968672	0.968311
3020	0.981048	0.999389	0.999390	0.892585	0.968672	0.968312
3030	0.981167	0.999426	0.999426	0.892689	0.968507	0.968158
3040	0.981269	0.999426	0.999426	0.892842	0.968672	0.968316
3050	0.981366	0.999444	0.999443	0.892926	0.968838	0.968484
3060	0.981415	0.999444	0.999443	0.892954	0.969004	0.968667
3070	0.981469	0.999444	0.999443	0.892996	0.968672	0.968328
3080	0.981543	0.999463	0.999462	0.893069	0.968672	0.968341
3090	0.981646	0.999500	0.999499	0.893167	0.968507	0.968164
3100	0.981737	0.999518	0.999518	0.893233	0.968672	0.968335
3110	0.981805	0.999537	0.999537	0.893224	0.968672	0.968327
3120	0.981876	0.999574	0.999575	0.893322	0.968672	0.968327
3130	0.981968	0.999592	0.999592	0.893438	0.968672	0.968333
3140	0.982052	0.999629	0.999631	0.893505	0.968507	0.968151
3150	0.982132	0.999648	0.999649	0.893559	0.968507	0.968151
3160	0.982231	0.999629	0.999631	0.893741	0.968507	0.968151
3170	0.982312	0.999629	0.999631	0.893829	0.968507	0.968151
3180	0.982390	0.999629	0.999631	0.893962	0.968507	0.968151
3190	0.982467	0.999629	0.999631	0.894073	0.968838	0.968488
3200	0.982542	0.999648	0.999650	0.894175	0.969004	0.968661
3210	0.982650	0.999648	0.999650	0.894273	0.969004	0.968661
3220	0.982735	0.999648	0.999651	0.894368	0.969170	0.968822
3230	0.982836	0.999666	0.999669	0.894476	0.969170	0.968822
3240	0.982929	0.999666	0.999669	0.894614	0.969335	0.968989
3250	0.983000	0.999648	0.999651	0.894703	0.969667	0.969315
3260	0.983078	0.999685	0.999688	0.894750	0.969833	0.969498
3270	0.983155	0.999685	0.999688	0.894825	0.969833	0.969498
3280	0.983230	0.999685	0.999688	0.895032	0.970164	0.969813
3290	0.983296	0.999685	0.999688	0.895084	0.970164	0.969813
3300	0.983387	0.999685	0.999688	0.895170	0.970164	0.969813
3310	0.983483	0.999685	0.999688	0.895310	0.969833	0.969463
3320	0.983565	0.999685	0.999688	0.895405	0.970164	0.969816
3330	0.983641	0.999685	0.999688	0.895471	0.970164	0.969816
3340	0.983711	0.999685	0.999688	0.895514	0.970330	0.969983
3350	0.983790	0.999685	0.999688	0.895592	0.970330	0.969983
3360	0.983874	0.999666	0.999669	0.895690	0.970164	0.969816
3370	0.983928	0.999685	0.999688	0.895756	0.970164	0.969816
3380	0.983987	0.999685	0.999688	0.895804	0.970330	0.969983
3390	0.984050	0.999685	0.999688	0.895855	0.970330	0.969983
3400	0.984124	0.999685	0.999688	0.895945	0.970164	0.969829
3410	0.984179	0.999685	0.999688	0.896008	0.970164	0.969829
3420	0.984235	0.999685	0.999688	0.896069	0.969998	0.969669
3430	0.984282	0.999685	0.999688	0.896130	0.969998	0.969669
3440	0.984333	0.999685	0.999688	0.896166	0.969998	0.969669
3450	0.984394	0.999704	0.999707	0.896222	0.969998	0.969669
3460	0.984450	0.999704	0.999707	0.896258	0.969998	0.969669
3470	0.984512	0.999704	0.999707	0.896306	0.969998	0.969669
3480	0.984569	0.999722	0.999725	0.896322	0.969998	0.969667
3490	0.984621	0.999741	0.999744	0.896345	0.969998	0.969667
3500	0.984705	0.999759	0.999762	0.896292	0.969833	0.969504
3510	0.984767	0.999759	0.999762	0.896394	0.969998	0.969655
3520	0.984831	0.999759	0.999762	0.896468	0.970164	0.969824
3530	0.984872	0.999759	0.999762	0.896528	0.970164	0.969824
3540	0.984917	0.999759	0.999762	0.896542	0.970164	0.969824
3550	0.984954	0.999759	0.999762	0.896559	0.969998	0.969655
3560	0.984993	0.999759	0.999762	0.896574	0.970164	0.969824
3570	0.985053	0.999759	0.999762	0.896619	0.970164	0.969823
3580	0.985113	0.999759	0.999762	0.896649	0.970164	0.969829
3590	0.985163	0.999778	0.999781	0.896674	0.970330	0.969983
3600	0.985212	0.999778	0.999781	0.896724	0.970164	0.969829
3610	0.985248	0.999778	0.999781	0.896722	0.969667	0.969318
3620	0.985286	0.999778	0.999781	0.896746	0.969667	0.969322
3630	0.985321	0.999778	0.999781	0.896776	0.969501	0.969154
3640	0.985358	0.999778	0.999781	0.896822	0.969667	0.969309
3650	0.985401	0.999778	0.999781	0.896882	0.969998	0.969628
3660	0.985453	0.999778	0.999781	0.896986	0.969998	0.969643
3670	0.985505	0.999796	0.999799	0.897143	0.970164	0.969821
3680	0.985550	0.999796	0.999799	0.897179	0.970330	0.969975
3690	0.985596	0.999796	0.999799	0.897208	0.969998	0.969660
3700	0.985639	0.999796	0.999799	0.897213	0.969998	0.969660
3710	0.985680	0.999796	0.999799	0.897231	0.970164	0.969821
3720	0.985729	0.999796	0.999799	0.897250	0.970330	0.970004
3730	0.985780	0.999796	0.999799	0.897259	0.970330	0.970004
3740	0.985824	0.999796	0.999799	0.897324	0.970164	0.969843
3750	0.985875	0.999815	0.999818	0.897334	0.970164	0.969843
3760	0.985942	0.999815	0.999818	0.897313	0.970164	0.969843
3770	0.985997	0.999815	0.999818	0.897350	0.970330	0.969997
3780	0.986059	0.999815	0.999818	0.897439	0.970496	0.970158
3790	0.986101	0.999815	0.999818	0.897473	0.970496	0.970158
3800	0.986135	0.999815	0.999818	0.897519	0.970164	0.969837
3810	0.986180	0.999815	0.999818	0.897570	0.970164	0.969837
3820	0.986228	0.999815	0.999818	0.897621	0.970164	0.969837
3830	0.986278	0.999833	0.999836	0.897714	0.969998	0.969655
3840	0.986317	0.999833	0.999836	0.897824	0.970164	0.969816
3850	0.986361	0.999833	0.999836	0.897874	0.970164	0.969816
3860	0.986400	0.999833	0.999836	0.897908	0.970164	0.969816
3870	0.986447	0.999852	0.999854	0.897940	0.970330	0.969984
3880	0.986490	0.999852	0.999854	0.897965	0.970164	0.969823
3890	0.986530	0.999852	0.999854	0.897993	0.969998	0.969655
3900	0.986581	0.999852	0.999854	0.898070	0.970164	0.969833
3910	0.986631	0.999870	0.999872	0.898103	0.970330	0.970005
3920	0.986697	0.999870	0.999872	0.898177	0.970661	0.970349
3930	0.986759	0.999870	0.999872	0.898226	0.970827	0.970533
3940	0.986804	0.999870	0.999872	0.898273	0.970661	0.970355
3950	0.986842	0.999870	0.999872	0.898288	0.970827	0.970533
3960	0.986879	0.999870	0.999872	0.898317	0.970661	0.970349
3970	0.986917	0.999870	0.999872	0.898333	0.970827	0.970503
3980	0.986954	0.999870	0.999872	0.898387	0.970993	0.970677
3990	0.987001	0.999870	0.999872	0.898454	0.970993	0.970677
4000	0.987055	0.999870	0.999872	0.898519	0.970993	0.970666
