10	0.382287	0.736796	0.698615	0.380904	0.733072	0.694051
20	0.455196	0.781242	0.741422	0.452889	0.781649	0.740613
30	0.495613	0.802620	0.761800	0.491235	0.798005	0.755900
40	0.523699	0.813105	0.770709	0.517363	0.811744	0.768727
50	0.541799	0.819805	0.776825	0.533380	0.817959	0.774224
60	0.561289	0.827580	0.783866	0.550794	0.823356	0.779003
70	0.578003	0.835338	0.790983	0.565289	0.830389	0.785358
80	0.590992	0.839884	0.795226	0.576721	0.834642	0.789461
90	0.601838	0.844765	0.799805	0.585540	0.836768	0.791438
100	0.611464	0.848161	0.803074	0.593869	0.839712	0.794241
110	0.622027	0.851687	0.806481	0.603556	0.843147	0.797532
120	0.633933	0.854396	0.861088	0.613490	0.846745	0.852965
130	0.649166	0.863100	0.869033	0.627014	0.854923	0.860527
140	0.662351	0.881453	0.885514	0.639274	0.871606	0.875704
150	0.674761	0.892662	0.895946	0.650268	0.882074	0.885214
160	0.688652	0.907731	0.909715	0.662551	0.896304	0.898357
170	0.695107	0.911702	0.913444	0.667496	0.899575	0.901478
180	0.703019	0.917474	0.918932	0.674213	0.902846	0.904582
190	0.710988	0.922317	0.923494	0.681136	0.908407	0.909865
200	0.718459	0.926400	0.927389	0.687287	0.911515	0.912688
210	0.726174	0.928887	0.929812	0.693863	0.912823	0.913820
220	0.731444	0.931522	0.932331	0.697596	0.915276	0.916184
230	0.737395	0.934399	0.935111	0.702577	0.918057	0.918789
240	0.744672	0.936941	0.937570	0.708932	0.919202	0.919689
250	0.751516	0.939725	0.940244	0.715034	0.922309	0.922699
260	0.757794	0.941933	0.942394	0.719992	0.925090	0.925456
270	0.765783	0.944160	0.944573	0.727069	0.927053	0.927341
280	0.772955	0.946238	0.946530	0.733091	0.928361	0.928541
290	0.777664	0.947779	0.948046	0.737180	0.929506	0.929659
300	0.781811	0.949041	0.949321	0.740811	0.931469	0.931577
310	0.784151	0.949876	0.950157	0.742201	0.932450	0.932524
320	0.789026	0.951583	0.951847	0.745813	0.934740	0.934783
330	0.791369	0.952529	0.952804	0.747627	0.935721	0.935813
340	0.796167	0.953420	0.953641	0.751773	0.936376	0.936332
350	0.799701	0.954886	0.955112	0.754608	0.936703	0.936578
360	0.805421	0.956538	0.956708	0.759557	0.937684	0.937449
370	0.808409	0.957521	0.957685	0.762054	0.939810	0.939577
380	0.810423	0.958041	0.958214	0.763039	0.938829	0.938647
390	0.814552	0.958987	0.959128	0.766269	0.939647	0.939452
400	0.816112	0.959693	0.959809	0.767207	0.940465	0.940265
410	0.818725	0.960602	0.960694	0.769373	0.940465	0.940221
420	0.822757	0.961864	0.961985	0.772615	0.942427	0.942239
430	0.825420	0.962495	0.962601	0.774667	0.942591	0.942471
440	0.827940	0.963163	0.963260	0.776442	0.943736	0.943529
450	0.830492	0.964276	0.964356	0.778222	0.944226	0.944031
460	0.833512	0.965446	0.965484	0.780815	0.944226	0.944036
470	0.837949	0.966077	0.966088	0.784714	0.945044	0.944842
480	0.840074	0.966875	0.966898	0.786478	0.944881	0.944706
490	0.843441	0.967765	0.967774	0.789047	0.946516	0.946364
500	0.845618	0.968192	0.968200	0.790721	0.946353	0.946209
510	0.846651	0.968619	0.968622	0.791098	0.946843	0.946677
520	0.847761	0.968972	0.968978	0.791917	0.946843	0.946674
530	0.851628	0.970141	0.970139	0.795360	0.947825	0.947691
540	0.852964	0.970549	0.970553	0.796476	0.948479	0.948377
550	0.854151	0.970809	0.970808	0.797305	0.948642	0.948538
560	0.856043	0.971607	0.971605	0.798709	0.949460	0.949304
570	0.858949	0.972126	0.972116	0.800822	0.949624	0.949469
580	0.862233	0.972739	0.972712	0.803222	0.950278	0.950108
590	0.863225	0.973017	0.972995	0.803736	0.950605	0.950446
600	0.865120	0.973778	0.973750	0.805103	0.950605	0.950447
610	0.867068	0.974112	0.974093	0.806744	0.951259	0.951077
620	0.868957	0.974687	0.974671	0.808524	0.951914	0.951693
630	0.870245	0.975021	0.975022	0.809509	0.951750	0.951529
640	0.871160	0.975244	0.975236	0.810094	0.951750	0.951526
650	0.872963	0.975560	0.975538	0.811247	0.951914	0.951660
660	0.875375	0.976172	0.976140	0.813420	0.951914	0.951645
670	0.877882	0.976933	0.976896	0.815440	0.952731	0.952430
680	0.879661	0.977267	0.977234	0.816884	0.953549	0.953249
690	0.881392	0.977675	0.977637	0.818472	0.954040	0.953761
700	0.883057	0.978120	0.978080	0.819928	0.953713	0.953445
710	0.884328	0.978603	0.978557	0.821183	0.954367	0.954059
720	0.885719	0.979030	0.978985	0.822137	0.954694	0.954378
730	0.887746	0.979345	0.979292	0.823175	0.955839	0.955554
740	0.889604	0.979605	0.979559	0.824539	0.956657	0.956368
750	0.890790	0.980032	0.979983	0.825558	0.956330	0.956058
760	0.891365	0.980255	0.980209	0.825855	0.956820	0.956530
770	0.892779	0.980533	0.980485	0.827075	0.957475	0.957229
780	0.893970	0.980793	0.980741	0.828236	0.957638	0.957381
790	0.895743	0.981182	0.981138	0.829606	0.958129	0.957908
800	0.896984	0.981554	0.981510	0.830570	0.958292	0.958068
810	0.898487	0.982036	0.981973	0.831889	0.958947	0.958697
820	0.900709	0.982519	0.982458	0.833665	0.958947	0.958697
830	0.901580	0.982704	0.982647	0.834199	0.958947	0.958689
840	0.902217	0.982983	0.982926	0.834627	0.959110	0.958825
850	0.902793	0.983242	0.983191	0.835023	0.958947	0.958685
860	0.903635	0.983651	0.983603	0.835793	0.959437	0.959203
870	0.906109	0.983836	0.983787	0.837933	0.959601	0.959408
880	0.906836	0.983929	0.983884	0.838631	0.959437	0.959208
890	0.908151	0.984393	0.984348	0.839715	0.959110	0.958906
900	0.909216	0.984541	0.984495	0.840695	0.959110	0.958907
910	0.910291	0.984913	0.984873	0.841482	0.959928	0.959754
920	0.911784	0.985247	0.985206	0.842651	0.959928	0.959728
930	0.912889	0.985618	0.985573	0.843414	0.959928	0.959736
940	0.914215	0.985896	0.985852	0.844573	0.960746	0.960603
950	0.915067	0.986100	0.986054	0.845290	0.960909	0.960760
960	0.915972	0.986286	0.986236	0.846202	0.960909	0.960771
970	0.917000	0.986657	0.986615	0.846832	0.961073	0.960920
980	0.917827	0.986768	0.986731	0.847422	0.960909	0.960751
990	0.919192	0.986954	0.986915	0.848591	0.960909	0.960706
1000	0.919761	0.987158	0.987120	0.848853	0.960746	0.960562
1010	0.920283	0.987325	0.987282	0.849061	0.960909	0.960724
1020	0.921183	0.987603	0.987565	0.849731	0.961400	0.961218
1030	0.921951	0.987826	0.987789	0.850191	0.961400	0.961221
1040	0.923137	0.987919	0.987876	0.851031	0.961237	0.961054
1050	0.923635	0.988123	0.988082	0.851342	0.961073	0.960876
1060	0.924026	0.988179	0.988136	0.851631	0.960582	0.960410
1070	0.924400	0.988253	0.988210	0.851777	0.960746	0.960570
1080	0.924774	0.988290	0.988250	0.852025	0.961400	0.961235
1090	0.925307	0.988383	0.988342	0.852361	0.961400	0.961250
1100	0.926448	0.988698	0.988662	0.853260	0.960909	0.960747
1110	0.926868	0.988902	0.988872	0.853504	0.960746	0.960574
1120	0.927398	0.988995	0.988965	0.853758	0.961237	0.961075
1130	0.928543	0.989181	0.989149	0.854754	0.961891	0.961708
1140	0.929446	0.989441	0.989411	0.855355	0.961727	0.961544
1150	0.930382	0.989515	0.989483	0.856176	0.962218	0.962039
1160	0.931121	0.989663	0.989636	0.856730	0.962054	0.961871
1170	0.931596	0.989775	0.989748	0.857294	0.962545	0.962344
1180	0.932565	0.990127	0.990101	0.857948	0.962872	0.962661
1190	0.933459	0.990369	0.990340	0.858823	0.962381	0.962169
1200	0.934004	0.990480	0.990453	0.859246	0.962218	0.961993
1210	0.934985	0.990573	0.990552	0.860068	0.962709	0.962512
1220	0.935536	0.990758	0.990734	0.860420	0.963036	0.962858
1230	0.936129	0.990925	0.990901	0.860899	0.963363	0.963197
1240	0.936980	0.991018	0.990996	0.861692	0.963363	0.963190
1250	0.937722	0.991204	0.991184	0.862275	0.963526	0.963345
1260	0.938445	0.991408	0.991393	0.862646	0.963526	0.963331
1270	0.938800	0.991519	0.991501	0.862806	0.963363	0.963186
1280	0.939729	0.991705	0.991690	0.863792	0.964017	0.963852
1290	0.940427	0.991760	0.991741	0.864441	0.964344	0.964180
1300	0.940941	0.992002	0.991987	0.864883	0.964344	0.964180
1310	0.941791	0.992206	0.992193	0.865587	0.964344	0.964180
1320	0.942390	0.992428	0.992417	0.866116	0.964344	0.964172
1330	0.942964	0.992503	0.992492	0.866546	0.964344	0.964172
1340	0.943482	0.992707	0.992688	0.866888	0.964181	0.964019
1350	0.943935	0.992781	0.992762	0.867030	0.964181	0.964023
1360	0.944790	0.992967	0.992949	0.867799	0.964835	0.964676
1370	0.945344	0.993059	0.993044	0.868151	0.964835	0.964676
1380	0.946200	0.993115	0.993100	0.868904	0.964181	0.964017
1390	0.946706	0.993412	0.993398	0.869275	0.964671	0.964527
1400	0.947036	0.993560	0.993550	0.869433	0.965162	0.965035
1410	0.947330	0.993616	0.993607	0.869624	0.964998	0.964869
1420	0.947606	0.993746	0.993737	0.869755	0.965325	0.965199
1430	0.948039	0.993876	0.993869	0.870095	0.965162	0.965007
1440	0.948584	0.993987	0.993980	0.870613	0.964835	0.964690
1450	0.949177	0.994006	0.993997	0.871080	0.964671	0.964530
1460	0.949790	0.994173	0.994161	0.871532	0.964998	0.964848
1470	0.950150	0.994191	0.994179	0.871707	0.964835	0.964683
1480	0.950553	0.994303	0.994295	0.871907	0.964508	0.964338
1490	0.951001	0.994488	0.994479	0.872286	0.964344	0.964211
1500	0.951428	0.994600	0.994591	0.872569	0.964671	0.964537
1510	0.951831	0.994618	0.994609	0.872890	0.964671	0.964541
1520	0.952175	0.994711	0.994700	0.873249	0.964998	0.964877
1530	0.952698	0.994804	0.994795	0.873584	0.964835	0.964705
1540	0.952917	0.994804	0.994793	0.873669	0.965162	0.965029
1550	0.953243	0.994915	0.994902	0.873958	0.965325	0.965187
1560	0.953516	0.994952	0.994938	0.874168	0.965816	0.965651
1570	0.954085	0.995008	0.994995	0.874635	0.965816	0.965626
1580	0.954540	0.995138	0.995126	0.875092	0.965980	0.965799
1590	0.955061	0.995156	0.995146	0.875510	0.965980	0.965811
1600	0.955646	0.995268	0.995258	0.876055	0.965980	0.965807
1610	0.956048	0.995361	0.995351	0.876361	0.966143	0.965963
1620	0.956323	0.995435	0.995426	0.876490	0.966143	0.965969
1630	0.956785	0.995509	0.995496	0.876713	0.966143	0.965972
1640	0.957083	0.995620	0.995607	0.876846	0.966307	0.966124
1650	0.957426	0.995732	0.995719	0.877103	0.966470	0.966273
1660	0.957786	0.995825	0.995814	0.877376	0.966470	0.966273
1670	0.958139	0.995825	0.995813	0.877620	0.966470	0.966286
1680	0.958532	0.995880	0.995869	0.877919	0.966470	0.966286
1690	0.958920	0.995936	0.995925	0.878296	0.966470	0.966291
1700	0.959414	0.995936	0.995926	0.878786	0.966470	0.966288
1710	0.959667	0.996084	0.996073	0.879063	0.966634	0.966441
1720	0.960139	0.996159	0.996148	0.879546	0.966961	0.966771
1730	0.960473	0.996140	0.996130	0.879814	0.966961	0.966771
1740	0.960786	0.996214	0.996203	0.880040	0.966798	0.966612
1750	0.961005	0.996270	0.996260	0.880362	0.967288	0.967104
1760	0.961262	0.996344	0.996333	0.880519	0.967288	0.967104
1770	0.961627	0.996400	0.996390	0.880746	0.967288	0.967104
1780	0.961889	0.996493	0.996485	0.880946	0.967288	0.967106
1790	0.962079	0.996511	0.996505	0.881074	0.967288	0.967106
1800	0.962306	0.996604	0.996599	0.881276	0.967288	0.967097
1810	0.962531	0.996622	0.996617	0.881433	0.967288	0.967094
1820	0.962769	0.996678	0.996671	0.881387	0.967288	0.967097
1830	0.962999	0.996752	0.996747	0.881560	0.967452	0.967243
1840	0.963271	0.996790	0.996785	0.881724	0.967452	0.967236
1850	0.963684	0.996845	0.996844	0.882168	0.967452	0.967235
1860	0.964168	0.996901	0.996899	0.882616	0.967452	0.967235
1870	0.964488	0.996938	0.996936	0.882870	0.967288	0.967074
1880	0.964721	0.997031	0.997029	0.883055	0.967452	0.967241
1890	0.964875	0.997161	0.997157	0.883156	0.967452	0.967241
1900	0.965179	0.997198	0.997195	0.883426	0.967779	0.967591
1910	0.965472	0.997216	0.997211	0.883527	0.967942	0.967744
1920	0.965699	0.997272	0.997265	0.883716	0.967779	0.967572
1930	0.965921	0.997291	0.997282	0.883898	0.967615	0.967410
1940	0.966223	0.997365	0.997359	0.884198	0.967942	0.967758
1950	0.966534	0.997402	0.997396	0.884473	0.968270	0.968069
1960	0.966778	0.997383	0.997378	0.884732	0.968106	0.967897
1970	0.966970	0.997420	0.997414	0.884829	0.967942	0.967732
1980	0.967146	0.997569	0.997559	0.885035	0.967942	0.967732
1990	0.967324	0.997606	0.997597	0.885286	0.967942	0.967758
2000	0.967630	0.997680	0.997670	0.885556	0.968106	0.967918
2010	0.967927	0.997736	0.997727	0.885844	0.968270	0.968073
2020	0.968170	0.997736	0.997727	0.886021	0.968270	0.968087
2030	0.968449	0.997736	0.997727	0.886282	0.968270	0.968093
2040	0.968707	0.997755	0.997746	0.886492	0.968597	0.968417
2050	0.968895	0.997792	0.997784	0.886676	0.968597	0.968417
2060	0.969130	0.997847	0.997841	0.886802	0.968433	0.968246
2070	0.969337	0.997810	0.997802	0.886981	0.968597	0.968397
2080	0.969468	0.997847	0.997840	0.887037	0.968597	0.968397
2090	0.969589	0.997866	0.997859	0.887046	0.968597	0.968397
2100	0.969794	0.997884	0.997878	0.887185	0.968597	0.968404
2110	0.969988	0.997959	0.997954	0.887325	0.968760	0.968569
2120	0.970149	0.997959	0.997954	0.887486	0.968433	0.968223
2130	0.970326	0.998014	0.998011	0.887594	0.968270	0.968052
2140	0.970565	0.998033	0.998029	0.887741	0.968597	0.968388
2150	0.970780	0.998107	0.998102	0.887871	0.968433	0.968218
2160	0.970991	0.998126	0.998122	0.887975	0.968597	0.968408
2170	0.971205	0.998181	0.998179	0.888028	0.968597	0.968407
2180	0.971380	0.998181	0.998179	0.888133	0.968270	0.968067
2190	0.971513	0.998218	0.998217	0.888253	0.968597	0.968408
2200	0.971639	0.998293	0.998291	0.888370	0.968433	0.968233
2210	0.971791	0.998274	0.998272	0.888414	0.968597	0.968403
2220	0.972004	0.998311	0.998307	0.888476	0.968597	0.968403
2230	0.972142	0.998348	0.998344	0.888529	0.968597	0.968403
2240	0.972271	0.998367	0.998363	0.888557	0.968597	0.968403
2250	0.972394	0.998367	0.998363	0.888555	0.968597	0.968403
2260	0.972565	0.998367	0.998363	0.888665	0.968433	0.968253
2270	0.972787	0.998367	0.998362	0.888916	0.968760	0.968565
2280	0.972978	0.998404	0.998400	0.889095	0.968760	0.968565
2290	0.973210	0.998478	0.998475	0.889378	0.968924	0.968736
2300	0.973421	0.998478	0.998475	0.889549	0.968924	0.968736
2310	0.973571	0.998497	0.998494	0.889629	0.968924	0.968736
2320	0.973738	0.998515	0.998513	0.889808	0.969087	0.968894
2330	0.973898	0.998552	0.998552	0.889889	0.969087	0.968894
2340	0.974049	0.998534	0.998532	0.890036	0.969251	0.969073
2350	0.974204	0.998534	0.998530	0.890120	0.969251	0.969073
2360	0.974372	0.998534	0.998530	0.890213	0.969251	0.969073
2370	0.974545	0.998571	0.998567	0.890330	0.969251	0.969062
2380	0.974677	0.998590	0.998586	0.890489	0.969251	0.969062
2390	0.974770	0.998571	0.998567	0.890541	0.969251	0.969062
2400	0.974844	0.998590	0.998586	0.890571	0.969251	0.969062
2410	0.974925	0.998608	0.998604	0.890596	0.969251	0.969062
2420	0.975010	0.998645	0.998641	0.890641	0.969251	0.969062
2430	0.975132	0.998682	0.998679	0.890742	0.969251	0.969062
2440	0.975270	0.998720	0.998717	0.890860	0.968924	0.968726
2450	0.975402	0.998720	0.998717	0.890987	0.968924	0.968730
2460	0.975517	0.998738	0.998737	0.891043	0.968924	0.968730
2470	0.975745	0.998775	0.998775	0.891262	0.969087	0.968901
2480	0.975972	0.998794	0.998794	0.891493	0.969087	0.968901
2490	0.976185	0.998775	0.998776	0.891581	0.969087	0.968901
2500	0.976321	0.998794	0.998794	0.891689	0.969087	0.968901
2510	0.976421	0.998812	0.998813	0.891785	0.969087	0.968901
2520	0.976531	0.998831	0.998831	0.891867	0.969087	0.968901
2530	0.976675	0.998812	0.998814	0.892004	0.969087	0.968901
2540	0.976792	0.998831	0.998833	0.892117	0.969087	0.968901
2550	0.976946	0.998868	0.998869	0.892240	0.969251	0.969067
2560	0.977049	0.998868	0.998869	0.892311	0.969414	0.969232
2570	0.977198	0.998887	0.998886	0.892418	0.969414	0.969232
2580	0.977307	0.998905	0.998904	0.892433	0.969414	0.969232
2590	0.977394	0.998905	0.998904	0.892403	0.969578	0.969393
2600	0.977484	0.998924	0.998923	0.892429	0.969414	0.969227
2610	0.977552	0.998942	0.998942	0.892472	0.969414	0.969227
2620	0.977650	0.998979	0.998981	0.892544	0.969578	0.969396
2630	0.977837	0.998998	0.999000	0.892726	0.969578	0.969375
2640	0.977940	0.999054	0.999057	0.892847	0.969578	0.969375
2650	0.978051	0.999091	0.999095	0.892914	0.969578	0.969377
2660	0.978144	0.999091	0.999095	0.892951	0.969414	0.969212
2670	0.978252	0.999109	0.999112	0.893013	0.969414	0.969212
2680	0.978349	0.999109	0.999112	0.893055	0.969414	0.969212
2690	0.978475	0.999146	0.999149	0.893130	0.969414	0.969212
2700	0.978603	0.999165	0.999168	0.893291	0.969414	0.969212
2710	0.978678	0.999165	0.999168	0.893384	0.969578	0.969375
2720	0.978764	0.999165	0.999168	0.893426	0.969578	0.969375
2730	0.978858	0.999165	0.999168	0.893470	0.969742	0.969557
2740	0.978980	0.999183	0.999188	0.893626	0.969578	0.969375
2750	0.979054	0.999183	0.999188	0.893678	0.969742	0.969553
2760	0.979187	0.999221	0.999225	0.893821	0.969742	0.969553
2770	0.979308	0.999258	0.999263	0.894003	0.970069	0.969879
2780	0.979413	0.999258	0.999263	0.894142	0.970396	0.970218
2790	0.979525	0.999221	0.999225	0.894198	0.970396	0.970225
2800	0.979631	0.999239	0.999244	0.894284	0.970559	0.970407
2810	0.979737	0.999258	0.999262	0.894392	0.970396	0.970247
2820	0.979864	0.999276	0.999281	0.894408	0.970396	0.970244
2830	0.979963	0.999276	0.999281	0.894505	0.970396	0.970244
2840	0.980083	0.999258	0.999262	0.894633	0.970396	0.970244
2850	0.980204	0.999276	0.999280	0.894781	0.970559	0.970407
2860	0.980316	0.999276	0.999280	0.894885	0.970559	0.970407
2870	0.980427	0.999276	0.999280	0.894975	0.970396	0.970244
2880	0.980527	0.999276	0.999280	0.895050	0.970069	0.969903
2890	0.980604	0.999295	0.999300	0.895102	0.970232	0.970066
2900	0.980729	0.999313	0.999317	0.895134	0.970232	0.970066
2910	0.980809	0.999332	0.999336	0.895100	0.970232	0.970066
2920	0.980868	0.999350	0.999355	0.895136	0.970232	0.970066
2930	0.980936	0.999369	0.999374	0.895188	0.970232	0.970066
2940	0.981036	0.999388	0.999392	0.895276	0.970232	0.970081
2950	0.981144	0.999388	0.999392	0.895406	0.970232	0.970081
2960	0.981212	0.999388	0.999392	0.895516	0.970069	0.969910
2970	0.981274	0.999388	0.999392	0.895588	0.970069	0.969910
2980	0.981335	0.999443	0.999446	0.895664	0.970069	0.969910
2990	0.981404	0.999443	0.999446	0.895725	0.970069	0.969910
3000	0.981501	0.999425	0.999428	0.895904	0.969905	0.969739
3010	0.981587	0.999462	0.999465	0.895980	0.969905	0.969739
3020	0.981678	0.999462	0.999465	0.896066	0.969905	0.969737
3030	0.981759	0.999499	0.999502	0.896144	0.969905	0.969737
3040	0.981836	0.999499	0.999502	0.896177	0.970069	0.969910
3050	0.981923	0.999499	0.999502	0.896220	0.969905	0.969734
3060	0.982007	0.999517	0.999521	0.896233	0.969905	0.969734
3070	0.982086	0.999517	0.999521	0.896341	0.970232	0.970065
3080	0.982146	0.999499	0.999502	0.896380	0.970232	0.970065
3090	0.982227	0.999499	0.999502	0.896464	0.970232	0.970065
3100	0.982313	0.999499	0.999502	0.896520	0.970232	0.970065
3110	0.982388	0.999499	0.999502	0.896582	0.970232	0.970065
3120	0.982459	0.999517	0.999521	0.896617	0.970232	0.970065
3130	0.982541	0.999517	0.999521	0.896649	0.970232	0.970065
3140	0.982610	0.999536	0.999540	0.896709	0.970232	0.970065
3150	0.982686	0.999536	0.999540	0.896771	0.970396	0.970228
3160	0.982751	0.999536	0.999540	0.896817	0.970396	0.970228
3170	0.982811	0.999536	0.999540	0.896886	0.970396	0.970228
3180	0.982874	0.999573	0.999577	0.896922	0.970396	0.970228
3190	0.982975	0.999573	0.999577	0.896997	0.970396	0.970228
3200	0.983054	0.999573	0.999577	0.897086	0.970232	0.970063
3210	0.983109	0.999573	0.999577	0.897159	0.970232	0.970063
3220	0.983164	0.999573	0.999577	0.897211	0.970232	0.970063
3230	0.983221	0.999573	0.999577	0.897270	0.970232	0.970063
3240	0.983279	0.999592	0.999595	0.897297	0.970232	0.970063
3250	0.983347	0.999592	0.999595	0.897340	0.970232	0.970063
3260	0.983428	0.999610	0.999614	0.897417	0.970232	0.970063
3270	0.983495	0.999610	0.999614	0.897450	0.970232	0.970063
3280	0.983568	0.999610	0.999614	0.897498	0.970232	0.970063
3290	0.983625	0.999610	0.999614	0.897559	0.970232	0.970063
3300	0.983710	0.999610	0.999614	0.897637	0.970232	0.970063
3310	0.983793	0.999610	0.999614	0.897753	0.970396	0.970233
3320	0.983854	0.999610	0.999614	0.897806	0.970396	0.970233
3330	0.983911	0.999610	0.999614	0.897922	0.970559	0.970403
3340	0.983965	0.999610	0.999614	0.898005	0.970559	0.970407
3350	0.984029	0.999610	0.999614	0.898095	0.970559	0.970407
3360	0.984096	0.999610	0.999614	0.898213	0.970559	0.970407
3370	0.984166	0.999610	0.999614	0.898300	0.970559	0.970407
3380	0.984231	0.999610	0.999614	0.898374	0.970396	0.970235
3390	0.984307	0.999610	0.999614	0.898402	0.970396	0.970235
3400	0.984379	0.999610	0.999614	0.898477	0.970396	0.970234
3410	0.984437	0.999610	0.999614	0.898562	0.970396	0.970234
3420	0.984483	0.999629	0.999633	0.898590	0.970396	0.970234
3430	0.984533	0.999629	0.999633	0.898633	0.970559	0.970398
3440	0.984585	0.999629	0.999633	0.898712	0.970559	0.970399
3450	0.984634	0.999629	0.999633	0.898774	0.970559	0.970399
3460	0.984683	0.999629	0.999633	0.898831	0.970559	0.970399
3470	0.984741	0.999629	0.999633	0.898885	0.970886	0.970736
3480	0.984803	0.999629	0.999633	0.898956	0.970723	0.970566
3490	0.984857	0.999629	0.999633	0.899041	0.970723	0.970566
3500	0.984927	0.999666	0.999671	0.899147	0.970886	0.970736
3510	0.984998	0.999666	0.999671	0.899196	0.970723	0.970572
3520	0.985050	0.999666	0.999671	0.899252	0.970723	0.970572
3530	0.985114	0.999666	0.999671	0.899265	0.970886	0.970750
3540	0.985171	0.999666	0.999671	0.899279	0.970723	0.970572
3550	0.985228	0.999666	0.999671	0.899325	0.970723	0.970572
3560	0.985301	0.999666	0.999671	0.899390	0.970723	0.970572
3570	0.985360	0.999666	0.999671	0.899414	0.970886	0.970752
3580	0.985413	0.999666	0.999671	0.899325	0.970886	0.970737
3590	0.985465	0.999666	0.999671	0.899309	0.970886	0.970737
3600	0.985504	0.999666	0.999671	0.899333	0.971050	0.970901
3610	0.985553	0.999666	0.999671	0.899382	0.971050	0.970901
3620	0.985606	0.999647	0.999652	0.899468	0.971050	0.970901
3630	0.985649	0.999647	0.999652	0.899534	0.971050	0.970901
3640	0.985688	0.999647	0.999652	0.899599	0.971050	0.970901
3650	0.985732	0.999647	0.999652	0.899669	0.971050	0.970901
3660	0.985782	0.999647	0.999652	0.899794	0.971050	0.970901
3670	0.985838	0.999685	0.999689	0.899875	0.971050	0.970901
3680	0.985878	0.999685	0.999689	0.899911	0.971050	0.970901
3690	0.985923	0.999685	0.999689	0.899951	0.971214	0.971073
3700	0.985964	0.999685	0.999689	0.900003	0.971214	0.971073
3710	0.986018	0.999685	0.999689	0.900085	0.971214	0.971073
3720	0.986062	0.999703	0.999708	0.900113	0.971214	0.971073
3730	0.986123	0.999703	0.999708	0.900154	0.971214	0.971073
3740	0.986176	0.999703	0.999708	0.900185	0.971377	0.971234
3750	0.986225	0.999722	0.999726	0.900241	0.971214	0.971063
3760	0.986268	0.999722	0.999726	0.900269	0.971214	0.971063
3770	0.986310	0.999722	0.999726	0.900298	0.971050	0.970893
3780	0.986349	0.999722	0.999726	0.900350	0.971050	0.970893
3790	0.986418	0.999740	0.999743	0.900340	0.971050	0.970893
3800	0.986476	0.999759	0.999761	0.900367	0.971050	0.970893
3810	0.986516	0.999759	0.999761	0.900368	0.971050	0.970893
3820	0.986549	0.999759	0.999761	0.900399	0.971050	0.970893
3830	0.986577	0.999759	0.999761	0.900464	0.971050	0.970893
3840	0.986608	0.999759	0.999761	0.900502	0.971214	0.971063
3850	0.986638	0.999759	0.999761	0.900558	0.971214	0.971063
3860	0.986678	0.999777	0.999779	0.900653	0.971214	0.971063
3870	0.986711	0.999777	0.999779	0.900707	0.971214	0.971063
3880	0.986755	0.999777	0.999779	0.900793	0.971214	0.971063
3890	0.986794	0.999796	0.999798	0.900862	0.971214	0.971063
3900	0.986827	0.999796	0.999798	0.900900	0.971377	0.971233
3910	0.986862	0.999796	0.999798	0.900921	0.971214	0.971063
3920	0.986879	0.999796	0.999798	0.900929	0.971214	0.971063
3930	0.986900	0.999796	0.999798	0.900920	0.971214	0.971063
3940	0.986931	0.999796	0.999798	0.900926	0.971050	0.970893
3950	0.986966	0.999796	0.999798	0.900958	0.971050	0.970893
3960	0.987026	0.999796	0.999798	0.901028	0.971050	0.970893
3970	0.987075	0.999796	0.999798	0.901058	0.971214	0.971060
3980	0.987136	0.999814	0.999817	0.901134	0.971050	0.970893
3990	0.987191	0.999814	0.999817	0.901200	0.971050	0.970893
4000	0.987234	0.999814	0.999817	0.901222	0.971050	0.970893
