10	0.379329	0.734694	0.700725	0.375134	0.725798	0.691477
20	0.450119	0.781513	0.743481	0.444383	0.774962	0.736301
30	0.486376	0.798155	0.759036	0.478168	0.793884	0.754094
40	0.518751	0.813151	0.771616	0.510003	0.808920	0.766786
50	0.543105	0.823690	0.780865	0.533537	0.814496	0.771164
60	0.562243	0.831383	0.787551	0.550981	0.820916	0.776840
70	0.577090	0.837059	0.792690	0.566001	0.828180	0.783354
80	0.591562	0.842754	0.797981	0.578758	0.833587	0.788545
90	0.601212	0.846730	0.801677	0.586887	0.837473	0.792000
100	0.611538	0.850705	0.805357	0.595760	0.841020	0.795189
110	0.618007	0.853091	0.807640	0.601256	0.842541	0.796585
120	0.627536	0.855421	0.862086	0.609464	0.842879	0.797064
130	0.639233	0.858767	0.866086	0.619672	0.845244	0.852121
140	0.654826	0.881788	0.886057	0.634451	0.869573	0.873592
150	0.667078	0.892162	0.895476	0.645551	0.878696	0.881696
160	0.680242	0.906418	0.908697	0.657210	0.889508	0.891692
170	0.692085	0.916181	0.917815	0.667816	0.900321	0.901868
180	0.702389	0.921710	0.922993	0.676837	0.906234	0.907344
190	0.709753	0.925704	0.926831	0.683002	0.908430	0.909457
200	0.715718	0.929217	0.930162	0.688059	0.911978	0.912791
210	0.722825	0.932139	0.932985	0.694600	0.916371	0.917056
220	0.728507	0.934265	0.935013	0.699527	0.917554	0.918203
230	0.739369	0.939221	0.939734	0.709335	0.921270	0.921713
240	0.744071	0.940959	0.941444	0.713339	0.922115	0.922561
250	0.748791	0.942124	0.942575	0.716711	0.922284	0.922710
260	0.756281	0.944454	0.944840	0.723480	0.924818	0.925140
270	0.760369	0.945545	0.945900	0.726753	0.924987	0.925227
280	0.765208	0.947320	0.947630	0.730907	0.928873	0.929043
290	0.770321	0.948707	0.949022	0.735722	0.928873	0.929076
300	0.775390	0.949927	0.950218	0.739958	0.930563	0.930711
310	0.783502	0.952331	0.952572	0.746643	0.932759	0.932845
320	0.788008	0.953329	0.953530	0.750592	0.934617	0.934686
330	0.792600	0.954624	0.954796	0.754766	0.934955	0.935012
340	0.796884	0.956066	0.956190	0.758530	0.936476	0.936416
350	0.801477	0.956990	0.957121	0.762346	0.938334	0.938283
360	0.802964	0.957416	0.957553	0.762919	0.937996	0.938002
370	0.806141	0.958359	0.958476	0.764905	0.938841	0.938864
380	0.810151	0.959709	0.959800	0.768387	0.939686	0.939601
390	0.812279	0.960356	0.960436	0.769790	0.939179	0.939106
400	0.816329	0.961188	0.961263	0.773096	0.940868	0.940787
410	0.819877	0.961890	0.961970	0.775798	0.940699	0.940609
420	0.821783	0.962556	0.962626	0.777150	0.940699	0.940617
430	0.824366	0.963684	0.963751	0.779087	0.941882	0.941767
440	0.828115	0.964331	0.964399	0.782032	0.941882	0.941773
450	0.829732	0.964849	0.964905	0.783340	0.941544	0.941444
460	0.833047	0.965533	0.965575	0.786226	0.942727	0.942700
470	0.836226	0.966291	0.966330	0.789018	0.943065	0.942913
480	0.838179	0.966809	0.966852	0.790496	0.943572	0.943411
490	0.839552	0.967049	0.967093	0.791672	0.944416	0.944251
500	0.843726	0.968159	0.968173	0.795108	0.945092	0.944859
510	0.845064	0.968492	0.968521	0.796196	0.944754	0.944513
520	0.848379	0.969398	0.969423	0.799099	0.945430	0.945209
530	0.849966	0.970082	0.970123	0.800329	0.946106	0.945872
540	0.851931	0.970729	0.970758	0.801513	0.946950	0.946706
550	0.854881	0.971654	0.971681	0.803991	0.946444	0.946188
560	0.857056	0.972208	0.972232	0.805576	0.947119	0.946863
570	0.859130	0.972893	0.972921	0.806995	0.947795	0.947530
580	0.860205	0.973133	0.973155	0.807838	0.947964	0.947662
590	0.861085	0.973392	0.973413	0.808329	0.947795	0.947483
600	0.862743	0.973946	0.973955	0.809577	0.948133	0.947837
610	0.866055	0.974668	0.974667	0.812318	0.948302	0.948010
620	0.867685	0.975019	0.975017	0.813649	0.949147	0.948865
630	0.871854	0.975870	0.975860	0.816932	0.949147	0.948800
640	0.872688	0.976202	0.976199	0.817536	0.949147	0.948818
650	0.873319	0.976424	0.976421	0.818052	0.950329	0.950044
660	0.873995	0.976591	0.976598	0.818665	0.950329	0.950053
670	0.874800	0.976720	0.976725	0.818913	0.950329	0.950056
680	0.876516	0.977108	0.977101	0.820499	0.950667	0.950393
690	0.877458	0.977478	0.977474	0.820953	0.950667	0.950371
700	0.879059	0.977977	0.977962	0.822003	0.951343	0.951073
710	0.881865	0.978699	0.978681	0.824547	0.951850	0.951552
720	0.883107	0.978921	0.978895	0.825542	0.952695	0.952446
730	0.884345	0.979364	0.979324	0.826656	0.952695	0.952397
740	0.886109	0.979679	0.979639	0.828005	0.953033	0.952750
750	0.887572	0.979919	0.979890	0.829014	0.953371	0.953110
760	0.889147	0.980363	0.980328	0.830170	0.953202	0.952924
770	0.891247	0.980807	0.980761	0.831809	0.954046	0.953744
780	0.892042	0.981084	0.981033	0.832203	0.954215	0.953930
790	0.894105	0.981565	0.981503	0.834000	0.954384	0.954121
800	0.896269	0.981990	0.981932	0.835706	0.954384	0.954121
810	0.897487	0.982212	0.982154	0.836648	0.954722	0.954449
820	0.898244	0.982286	0.982233	0.837153	0.954384	0.954107
830	0.898931	0.982619	0.982566	0.837493	0.954722	0.954450
840	0.900935	0.983007	0.982957	0.839037	0.955060	0.954797
850	0.901849	0.983266	0.983226	0.839424	0.954891	0.954613
860	0.903332	0.983673	0.983630	0.840625	0.955905	0.955609
870	0.904607	0.983858	0.983816	0.841535	0.955736	0.955447
880	0.905844	0.984264	0.984217	0.842271	0.955567	0.955261
890	0.907031	0.984505	0.984467	0.843120	0.955567	0.955272
900	0.907471	0.984745	0.984709	0.843470	0.955567	0.955250
910	0.907952	0.984782	0.984746	0.843781	0.955567	0.955251
920	0.908683	0.985170	0.985127	0.844312	0.955736	0.955424
930	0.910348	0.985429	0.985392	0.845491	0.955398	0.955085
940	0.911802	0.985707	0.985676	0.846765	0.955736	0.955420
950	0.913138	0.986113	0.986086	0.847809	0.955905	0.955580
960	0.913709	0.986280	0.986244	0.848228	0.956412	0.956098
970	0.915292	0.986557	0.986522	0.849445	0.956412	0.956082
980	0.916337	0.986835	0.986801	0.850311	0.956074	0.955719
990	0.916986	0.986982	0.986946	0.850796	0.956581	0.956220
1000	0.917981	0.987260	0.987226	0.851480	0.956243	0.955873
1010	0.919129	0.987482	0.987443	0.852355	0.956412	0.956033
1020	0.919618	0.987574	0.987533	0.852649	0.956412	0.956039
1030	0.920699	0.987889	0.987852	0.853401	0.956581	0.956230
1040	0.921665	0.988055	0.988021	0.854275	0.956749	0.956380
1050	0.922170	0.988240	0.988209	0.854524	0.956918	0.956533
1060	0.923162	0.988406	0.988375	0.855310	0.957425	0.957073
1070	0.923683	0.988665	0.988625	0.855413	0.957087	0.956736
1080	0.924043	0.988832	0.988795	0.855730	0.957763	0.957447
1090	0.925018	0.989146	0.989113	0.856493	0.957932	0.957602
1100	0.925560	0.989201	0.989171	0.856752	0.958439	0.958120
1110	0.926201	0.989571	0.989542	0.857081	0.958439	0.958132
1120	0.927403	0.989775	0.989746	0.857789	0.957932	0.957579
1130	0.928406	0.989996	0.989968	0.858750	0.958101	0.957764
1140	0.929194	0.990200	0.990172	0.859410	0.958270	0.957938
1150	0.930224	0.990459	0.990429	0.860158	0.958777	0.958462
1160	0.930981	0.990551	0.990524	0.860907	0.958946	0.958619
1170	0.931591	0.990736	0.990710	0.861401	0.959115	0.958781
1180	0.932804	0.991106	0.991084	0.862249	0.959959	0.959656
1190	0.933449	0.991087	0.991065	0.862814	0.960128	0.959832
1200	0.934113	0.991143	0.991120	0.863249	0.960128	0.959832
1210	0.934869	0.991383	0.991361	0.863980	0.960466	0.960186
1220	0.935543	0.991402	0.991380	0.864457	0.960635	0.960361
1230	0.936358	0.991642	0.991617	0.864961	0.960297	0.960018
1240	0.937024	0.991772	0.991750	0.865508	0.960297	0.960001
1250	0.937398	0.991957	0.991932	0.865930	0.960128	0.959837
1260	0.937719	0.991975	0.991949	0.866305	0.960297	0.960002
1270	0.938097	0.992012	0.991987	0.866838	0.960973	0.960671
1280	0.938610	0.992160	0.992136	0.867240	0.961480	0.961201
1290	0.939362	0.992382	0.992361	0.867722	0.961649	0.961375
1300	0.940049	0.992456	0.992436	0.868236	0.961480	0.961197
1310	0.940679	0.992659	0.992641	0.868730	0.961818	0.961524
1320	0.941408	0.992733	0.992716	0.869450	0.961649	0.961344
1330	0.941847	0.992937	0.992916	0.869816	0.961649	0.961320
1340	0.942099	0.992955	0.992936	0.870069	0.961480	0.961162
1350	0.942361	0.993029	0.993008	0.870285	0.961311	0.960999
1360	0.942908	0.993158	0.993139	0.870779	0.961311	0.960999
1370	0.943576	0.993343	0.993325	0.871186	0.961311	0.960992
1380	0.944216	0.993454	0.993436	0.871545	0.961311	0.960986
1390	0.944913	0.993565	0.993549	0.872171	0.961311	0.960986
1400	0.945325	0.993676	0.993660	0.872541	0.961142	0.960814
1410	0.945646	0.993676	0.993660	0.872738	0.961311	0.960994
1420	0.945952	0.993787	0.993770	0.872785	0.961311	0.961000
1430	0.946527	0.993806	0.993790	0.873238	0.961480	0.961165
1440	0.946865	0.993880	0.993864	0.873665	0.961649	0.961339
1450	0.947616	0.994046	0.994030	0.874155	0.961311	0.961000
1460	0.948149	0.994120	0.994107	0.874580	0.961649	0.961341
1470	0.948565	0.994286	0.994268	0.874728	0.961649	0.961336
1480	0.948895	0.994305	0.994286	0.874932	0.961649	0.961341
1490	0.949820	0.994360	0.994344	0.875578	0.961818	0.961521
1500	0.950288	0.994453	0.994438	0.876076	0.961987	0.961698
1510	0.950692	0.994619	0.994606	0.876359	0.962156	0.961865
1520	0.951198	0.994749	0.994736	0.876908	0.962494	0.962213
1530	0.951717	0.994860	0.994845	0.877314	0.962494	0.962208
1540	0.952241	0.994971	0.994957	0.877811	0.962832	0.962554
1550	0.952729	0.995044	0.995029	0.878362	0.963001	0.962709
1560	0.953287	0.995155	0.995143	0.878857	0.963169	0.962891
1570	0.953526	0.995248	0.995236	0.879067	0.963169	0.962897
1580	0.953762	0.995248	0.995236	0.879374	0.963169	0.962897
1590	0.954078	0.995396	0.995387	0.879687	0.963507	0.963240
1600	0.954467	0.995470	0.995459	0.879937	0.964014	0.963760
1610	0.954883	0.995525	0.995515	0.880297	0.964183	0.963926
1620	0.955249	0.995581	0.995572	0.880678	0.964183	0.963924
1630	0.955620	0.995618	0.995608	0.880892	0.964352	0.964099
1640	0.955925	0.995655	0.995644	0.880986	0.964183	0.963928
1650	0.956378	0.995692	0.995680	0.881336	0.964014	0.963764
1660	0.956879	0.995821	0.995811	0.881700	0.964014	0.963755
1670	0.957153	0.995840	0.995829	0.881685	0.964183	0.963923
1680	0.957412	0.995932	0.995926	0.881816	0.964183	0.963925
1690	0.957738	0.996006	0.996000	0.882089	0.963676	0.963414
1700	0.958132	0.996080	0.996072	0.882395	0.963676	0.963416
1710	0.958361	0.996080	0.996073	0.882585	0.963845	0.963591
1720	0.958617	0.996117	0.996113	0.882877	0.964014	0.963763
1730	0.958945	0.996191	0.996187	0.883159	0.963676	0.963407
1740	0.959289	0.996265	0.996263	0.883445	0.964183	0.963931
1750	0.959651	0.996339	0.996338	0.883782	0.964521	0.964252
1760	0.959933	0.996339	0.996338	0.883958	0.964521	0.964251
1770	0.960170	0.996302	0.996300	0.884059	0.964859	0.964583
1780	0.960526	0.996431	0.996428	0.884360	0.964859	0.964581
1790	0.960863	0.996468	0.996466	0.884705	0.965028	0.964756
1800	0.961264	0.996487	0.996485	0.884971	0.965028	0.964755
1810	0.961669	0.996542	0.996540	0.885327	0.965028	0.964755
1820	0.961926	0.996561	0.996559	0.885675	0.965028	0.964759
1830	0.962151	0.996561	0.996559	0.885847	0.965197	0.964933
1840	0.962359	0.996561	0.996559	0.886080	0.965197	0.964933
1850	0.962665	0.996579	0.996573	0.886415	0.965366	0.965125
1860	0.962945	0.996616	0.996609	0.886589	0.965028	0.964787
1870	0.963165	0.996635	0.996626	0.886831	0.964859	0.964616
1880	0.963310	0.996653	0.996646	0.886959	0.965028	0.964792
1890	0.963431	0.996653	0.996646	0.887009	0.964859	0.964628
1900	0.963558	0.996690	0.996683	0.887106	0.965028	0.964804
1910	0.963775	0.996709	0.996701	0.887140	0.965197	0.964965
1920	0.963937	0.996727	0.996718	0.887241	0.965197	0.964965
1930	0.964152	0.996801	0.996795	0.887379	0.965704	0.965480
1940	0.964376	0.996820	0.996813	0.887574	0.965535	0.965309
1950	0.964646	0.996912	0.996904	0.887779	0.965535	0.965309
1960	0.964862	0.997023	0.997015	0.887924	0.965535	0.965309
1970	0.965102	0.997078	0.997072	0.888150	0.965535	0.965304
1980	0.965450	0.997097	0.997090	0.888473	0.965197	0.964965
1990	0.965792	0.997115	0.997109	0.888758	0.965366	0.965136
2000	0.966101	0.997134	0.997126	0.888973	0.965366	0.965133
2010	0.966555	0.997300	0.997293	0.889342	0.965197	0.964961
2020	0.966876	0.997337	0.997329	0.889487	0.965366	0.965139
2030	0.967130	0.997374	0.997363	0.889663	0.965366	0.965139
2040	0.967360	0.997411	0.997401	0.889818	0.965366	0.965139
2050	0.967578	0.997430	0.997419	0.890011	0.965366	0.965133
2060	0.967765	0.997448	0.997438	0.890184	0.965197	0.964963
2070	0.967948	0.997467	0.997456	0.890303	0.965366	0.965133
2080	0.968181	0.997467	0.997456	0.890380	0.965535	0.965299
2090	0.968404	0.997467	0.997455	0.890490	0.965535	0.965307
2100	0.968601	0.997541	0.997528	0.890603	0.965535	0.965307
2110	0.968833	0.997541	0.997529	0.890866	0.965704	0.965474
2120	0.969036	0.997615	0.997602	0.890974	0.965704	0.965486
2130	0.969183	0.997615	0.997603	0.891044	0.965873	0.965656
2140	0.969327	0.997633	0.997621	0.891151	0.966211	0.965983
2150	0.969442	0.997670	0.997658	0.891175	0.966042	0.965825
2160	0.969550	0.997707	0.997696	0.891224	0.966042	0.965825
2170	0.969653	0.997707	0.997696	0.891302	0.966042	0.965825
2180	0.969841	0.997744	0.997734	0.891514	0.966211	0.966007
2190	0.970131	0.997763	0.997753	0.891763	0.966211	0.966009
2200	0.970352	0.997800	0.997790	0.891929	0.966042	0.965842
2210	0.970509	0.997837	0.997827	0.892039	0.966042	0.965831
2220	0.970689	0.997874	0.997865	0.891974	0.966042	0.965824
2230	0.970877	0.997948	0.997938	0.892274	0.966211	0.966001
2240	0.971022	0.997948	0.997937	0.892502	0.966211	0.966001
2250	0.971177	0.997985	0.997975	0.892706	0.966548	0.966334
2260	0.971351	0.998003	0.997994	0.892825	0.966717	0.966507
2270	0.971487	0.998058	0.998050	0.892911	0.966717	0.966507
2280	0.971621	0.998077	0.998069	0.893041	0.966717	0.966505
2290	0.971816	0.998114	0.998106	0.893286	0.966717	0.966505
2300	0.972053	0.998151	0.998143	0.893568	0.966886	0.966684
2310	0.972297	0.998225	0.998216	0.893773	0.966886	0.966684
2320	0.972480	0.998262	0.998253	0.893914	0.966717	0.966522
2330	0.972739	0.998336	0.998328	0.894129	0.966548	0.966346
2340	0.972977	0.998354	0.998347	0.894296	0.966886	0.966697
2350	0.973172	0.998373	0.998366	0.894498	0.966886	0.966681
2360	0.973352	0.998410	0.998404	0.894695	0.966886	0.966681
2370	0.973501	0.998391	0.998383	0.894840	0.967055	0.966836
2380	0.973625	0.998391	0.998383	0.894993	0.967055	0.966836
2390	0.973786	0.998391	0.998384	0.895181	0.967224	0.967013
2400	0.973991	0.998410	0.998402	0.895330	0.967224	0.966985
2410	0.974134	0.998447	0.998439	0.895474	0.967055	0.966812
2420	0.974270	0.998465	0.998458	0.895620	0.967224	0.966976
2430	0.974411	0.998502	0.998496	0.895749	0.967055	0.966804
2440	0.974564	0.998558	0.998551	0.895826	0.967224	0.966984
2450	0.974662	0.998558	0.998551	0.895888	0.967393	0.967152
2460	0.974775	0.998558	0.998551	0.895874	0.967055	0.966810
2470	0.974891	0.998576	0.998570	0.895912	0.967055	0.966810
2480	0.975034	0.998595	0.998588	0.896035	0.967055	0.966810
2490	0.975195	0.998632	0.998625	0.896164	0.966717	0.966480
2500	0.975327	0.998650	0.998644	0.896289	0.966717	0.966486
2510	0.975450	0.998669	0.998664	0.896351	0.966886	0.966657
2520	0.975590	0.998669	0.998663	0.896505	0.967055	0.966826
2530	0.975721	0.998687	0.998681	0.896625	0.967224	0.967000
2540	0.975896	0.998706	0.998700	0.896860	0.967055	0.966830
2550	0.976029	0.998724	0.998718	0.897106	0.967055	0.966830
2560	0.976131	0.998743	0.998738	0.897224	0.967055	0.966830
2570	0.976217	0.998780	0.998776	0.897332	0.967055	0.966830
2580	0.976312	0.998780	0.998776	0.897449	0.967055	0.966830
2590	0.976461	0.998780	0.998776	0.897683	0.967224	0.967000
2600	0.976646	0.998817	0.998813	0.897852	0.967224	0.967000
2610	0.976798	0.998854	0.998851	0.897976	0.967393	0.967170
2620	0.976947	0.998872	0.998869	0.898101	0.967562	0.967346
2630	0.977087	0.998909	0.998906	0.898212	0.967900	0.967679
2640	0.977248	0.998909	0.998906	0.898401	0.968069	0.967853
2650	0.977380	0.998946	0.998943	0.898500	0.968069	0.967853
2660	0.977473	0.998965	0.998961	0.898570	0.968069	0.967865
2670	0.977568	0.998983	0.998980	0.898638	0.968238	0.968035
2680	0.977683	0.999020	0.999017	0.898663	0.967731	0.967517
2690	0.977795	0.999020	0.999017	0.898769	0.967731	0.967523
2700	0.977903	0.999038	0.999035	0.898807	0.967731	0.967523
2710	0.978002	0.999038	0.999035	0.898817	0.967562	0.967352
2720	0.978088	0.999038	0.999035	0.898819	0.967393	0.967189
2730	0.978155	0.999094	0.999093	0.898812	0.967562	0.967363
2740	0.978220	0.999094	0.999093	0.898825	0.967562	0.967363
2750	0.978314	0.999094	0.999093	0.898908	0.967731	0.967533
2760	0.978407	0.999094	0.999093	0.898950	0.967731	0.967538
2770	0.978528	0.999112	0.999111	0.899049	0.967731	0.967539
2780	0.978660	0.999112	0.999111	0.899077	0.967731	0.967538
2790	0.978748	0.999112	0.999111	0.899209	0.967393	0.967195
2800	0.978818	0.999149	0.999150	0.899343	0.967393	0.967195
2810	0.978886	0.999168	0.999167	0.899436	0.967562	0.967371
2820	0.978969	0.999186	0.999186	0.899554	0.967731	0.967540
2830	0.979071	0.999186	0.999186	0.899752	0.968069	0.967875
2840	0.979161	0.999186	0.999186	0.899901	0.968238	0.968049
2850	0.979248	0.999186	0.999186	0.899965	0.968069	0.967873
2860	0.979412	0.999205	0.999205	0.900060	0.968407	0.968223
2870	0.979562	0.999242	0.999243	0.900175	0.968407	0.968223
2880	0.979690	0.999260	0.999262	0.900293	0.968745	0.968566
2890	0.979828	0.999223	0.999224	0.900479	0.968745	0.968566
2900	0.979954	0.999223	0.999224	0.900646	0.968576	0.968389
2910	0.980100	0.999279	0.999281	0.900795	0.968576	0.968381
2920	0.980207	0.999260	0.999261	0.900911	0.968576	0.968383
2930	0.980329	0.999297	0.999298	0.901122	0.968914	0.968726
2940	0.980421	0.999297	0.999298	0.901256	0.968745	0.968557
2950	0.980509	0.999334	0.999335	0.901365	0.968745	0.968557
2960	0.980582	0.999334	0.999335	0.901466	0.968745	0.968557
2970	0.980653	0.999353	0.999354	0.901533	0.968745	0.968557
2980	0.980742	0.999371	0.999373	0.901578	0.969083	0.968902
2990	0.980809	0.999390	0.999393	0.901677	0.969083	0.968910
3000	0.980886	0.999390	0.999393	0.901759	0.968745	0.968555
3010	0.981010	0.999408	0.999412	0.901790	0.968914	0.968729
3020	0.981127	0.999408	0.999412	0.901883	0.968745	0.968555
3030	0.981190	0.999427	0.999430	0.901897	0.968576	0.968382
3040	0.981270	0.999427	0.999430	0.901995	0.968914	0.968724
3050	0.981375	0.999501	0.999505	0.902081	0.969083	0.968898
3060	0.981453	0.999519	0.999523	0.902246	0.969252	0.969067
3070	0.981541	0.999519	0.999523	0.902337	0.969252	0.969067
3080	0.981624	0.999538	0.999543	0.902423	0.969252	0.969067
3090	0.981718	0.999538	0.999543	0.902507	0.969252	0.969067
3100	0.981795	0.999538	0.999543	0.902578	0.969252	0.969067
3110	0.981882	0.999556	0.999560	0.902663	0.969252	0.969067
3120	0.981946	0.999556	0.999560	0.902699	0.969589	0.969397
3130	0.982013	0.999575	0.999578	0.902761	0.969758	0.969559
3140	0.982058	0.999556	0.999558	0.902798	0.969758	0.969559
3150	0.982111	0.999575	0.999577	0.902813	0.969927	0.969723
3160	0.982184	0.999575	0.999577	0.902896	0.969927	0.969723
3170	0.982248	0.999593	0.999596	0.902953	0.969927	0.969723
3180	0.982312	0.999593	0.999596	0.903011	0.969927	0.969733
3190	0.982387	0.999575	0.999577	0.903081	0.969758	0.969560
3200	0.982462	0.999612	0.999613	0.903153	0.969758	0.969560
3210	0.982571	0.999630	0.999633	0.903300	0.970096	0.969910
3220	0.982662	0.999630	0.999633	0.903395	0.969927	0.969740
3230	0.982741	0.999612	0.999613	0.903440	0.969927	0.969740
3240	0.982830	0.999630	0.999633	0.903519	0.969927	0.969740
3250	0.982913	0.999649	0.999651	0.903583	0.970096	0.969910
3260	0.982983	0.999649	0.999651	0.903675	0.970096	0.969908
3270	0.983052	0.999630	0.999631	0.903730	0.970265	0.970079
3280	0.983119	0.999630	0.999631	0.903792	0.970434	0.970243
3290	0.983190	0.999667	0.999669	0.903806	0.970265	0.970079
3300	0.983271	0.999667	0.999669	0.903984	0.970603	0.970419
3310	0.983343	0.999667	0.999669	0.904110	0.970772	0.970597
3320	0.983397	0.999667	0.999669	0.904202	0.970772	0.970597
3330	0.983457	0.999667	0.999669	0.904234	0.970772	0.970597
3340	0.983521	0.999667	0.999669	0.904308	0.970772	0.970597
3350	0.983576	0.999649	0.999651	0.904282	0.970603	0.970420
3360	0.983619	0.999649	0.999651	0.904300	0.970434	0.970249
3370	0.983668	0.999667	0.999669	0.904281	0.970096	0.969922
3380	0.983708	0.999649	0.999651	0.904313	0.970096	0.969923
3390	0.983746	0.999649	0.999651	0.904345	0.970603	0.970432
3400	0.983791	0.999649	0.999651	0.904361	0.970434	0.970267
3410	0.983833	0.999667	0.999670	0.904384	0.970603	0.970435
3420	0.983878	0.999686	0.999689	0.904448	0.970772	0.970600
3430	0.983950	0.999686	0.999689	0.904550	0.970603	0.970423
3440	0.984011	0.999686	0.999689	0.904722	0.970772	0.970600
3450	0.984074	0.999686	0.999689	0.904891	0.971110	0.970932
3460	0.984136	0.999704	0.999707	0.905044	0.971110	0.970932
3470	0.984193	0.999723	0.999726	0.905088	0.971110	0.970928
3480	0.984246	0.999723	0.999726	0.905160	0.971110	0.970928
3490	0.984308	0.999723	0.999726	0.905186	0.970603	0.970412
3500	0.984416	0.999723	0.999726	0.905325	0.970603	0.970406
3510	0.984496	0.999723	0.999726	0.905441	0.970772	0.970565
3520	0.984548	0.999723	0.999726	0.905494	0.970772	0.970565
3530	0.984593	0.999723	0.999726	0.905557	0.970941	0.970742
3540	0.984640	0.999723	0.999726	0.905580	0.970941	0.970742
3550	0.984674	0.999723	0.999726	0.905590	0.970941	0.970742
3560	0.984719	0.999723	0.999726	0.905590	0.970941	0.970737
3570	0.984762	0.999741	0.999745	0.905589	0.970941	0.970737
3580	0.984824	0.999741	0.999745	0.905707	0.971110	0.970898
3590	0.984874	0.999741	0.999745	0.905808	0.970941	0.970720
3600	0.984917	0.999741	0.999745	0.905890	0.970941	0.970720
3610	0.984951	0.999741	0.999745	0.905957	0.970941	0.970720
3620	0.984977	0.999741	0.999745	0.905989	0.970941	0.970720
3630	0.985003	0.999741	0.999745	0.906020	0.970941	0.970739
3640	0.985040	0.999760	0.999763	0.906042	0.971110	0.970910
3650	0.985098	0.999778	0.999781	0.906085	0.971448	0.971245
3660	0.985191	0.999778	0.999781	0.906140	0.971448	0.971254
3670	0.985278	0.999778	0.999781	0.906257	0.971617	0.971430
3680	0.985350	0.999778	0.999781	0.906333	0.971110	0.970922
3690	0.985411	0.999778	0.999781	0.906390	0.971110	0.970922
3700	0.985473	0.999778	0.999781	0.906439	0.971279	0.971079
3710	0.985540	0.999778	0.999782	0.906524	0.971110	0.970915
3720	0.985607	0.999778	0.999782	0.906580	0.971279	0.971079
3730	0.985674	0.999778	0.999782	0.906646	0.971448	0.971252
3740	0.985733	0.999778	0.999782	0.906686	0.971279	0.971092
3750	0.985791	0.999797	0.999799	0.906811	0.971448	0.971260
3760	0.985826	0.999797	0.999799	0.906821	0.971448	0.971260
3770	0.985863	0.999815	0.999817	0.906848	0.971448	0.971260
3780	0.985911	0.999815	0.999817	0.906882	0.971448	0.971259
3790	0.985995	0.999815	0.999817	0.906878	0.971448	0.971259
3800	0.986064	0.999815	0.999817	0.906884	0.971448	0.971259
3810	0.986110	0.999815	0.999817	0.906883	0.971617	0.971420
3820	0.986152	0.999834	0.999836	0.906907	0.971448	0.971263
3830	0.986202	0.999834	0.999836	0.906915	0.971617	0.971429
3840	0.986251	0.999834	0.999836	0.906930	0.971617	0.971429
3850	0.986298	0.999834	0.999836	0.906921	0.971279	0.971089
3860	0.986339	0.999834	0.999836	0.906949	0.971279	0.971089
3870	0.986381	0.999834	0.999836	0.906951	0.971110	0.970919
3880	0.986423	0.999834	0.999836	0.906995	0.971110	0.970919
3890	0.986473	0.999834	0.999836	0.907043	0.971110	0.970918
3900	0.986517	0.999834	0.999836	0.907077	0.971110	0.970918
3910	0.986568	0.999834	0.999836	0.907127	0.971110	0.970918
3920	0.986605	0.999834	0.999836	0.907143	0.971110	0.970918
3930	0.986652	0.999834	0.999836	0.907150	0.971110	0.970908
3940	0.986698	0.999834	0.999836	0.907211	0.971110	0.970908
3950	0.986746	0.999834	0.999836	0.907260	0.971110	0.970908
3960	0.986788	0.999834	0.999836	0.907299	0.971110	0.970918
3970	0.986829	0.999834	0.999836	0.907320	0.971279	0.971083
3980	0.986885	0.999852	0.999854	0.907454	0.971279	0.971084
3990	0.986930	0.999852	0.999854	0.907475	0.971448	0.971258
4000	0.986963	0.999852	0.999854	0.907524	0.971448	0.971258
