10	0.393147	0.736277	0.701193	0.382595	0.726809	0.695350
20	0.470826	0.785478	0.746663	0.454656	0.774128	0.739245
30	0.509287	0.804139	0.762707	0.491631	0.793872	0.755774
40	0.528433	0.813303	0.770496	0.509795	0.802213	0.762672
50	0.548781	0.823095	0.779519	0.528003	0.810383	0.770118
60	0.569426	0.830818	0.786541	0.546925	0.816681	0.775412
70	0.583172	0.836379	0.791819	0.559162	0.820255	0.778842
80	0.596581	0.841552	0.796507	0.571002	0.826043	0.784074
90	0.605748	0.844564	0.799293	0.579550	0.828596	0.786311
100	0.613171	0.847630	0.802257	0.586006	0.830128	0.787864
110	0.620904	0.850679	0.805213	0.592387	0.833191	0.790902
120	0.633136	0.854171	0.860656	0.603787	0.837957	0.795560
130	0.654194	0.874439	0.878863	0.623129	0.857191	0.864245
140	0.665707	0.885173	0.888799	0.633599	0.866894	0.873040
150	0.681411	0.900471	0.902969	0.648181	0.881872	0.886127
160	0.690480	0.907178	0.909264	0.656321	0.887489	0.890962
170	0.697163	0.913275	0.914922	0.662499	0.894979	0.897772
180	0.705249	0.919206	0.920546	0.670104	0.901106	0.903445
190	0.714689	0.924730	0.925782	0.679018	0.906043	0.908021
200	0.721284	0.927390	0.928334	0.684972	0.908936	0.910782
210	0.729420	0.931122	0.931949	0.692623	0.913021	0.914611
220	0.735832	0.934042	0.934747	0.698090	0.914894	0.916373
230	0.741888	0.936702	0.937289	0.703899	0.915915	0.917231
240	0.746598	0.938457	0.938993	0.708410	0.919319	0.920499
250	0.755821	0.941617	0.941992	0.716605	0.922553	0.923506
260	0.758638	0.942818	0.943203	0.718685	0.922894	0.923872
270	0.762441	0.944259	0.944601	0.721745	0.923404	0.924386
280	0.768154	0.946346	0.946675	0.727264	0.924936	0.925729
290	0.775189	0.948545	0.948805	0.733928	0.928681	0.929425
300	0.780323	0.950097	0.950330	0.738203	0.929362	0.930072
310	0.785381	0.951353	0.951547	0.742391	0.931064	0.931718
320	0.789914	0.952721	0.952905	0.746460	0.931404	0.932069
330	0.793505	0.954088	0.954266	0.749364	0.932596	0.933240
340	0.797533	0.955159	0.955295	0.752820	0.932085	0.932711
350	0.801983	0.956564	0.956687	0.756687	0.932596	0.933197
360	0.806461	0.957801	0.957880	0.760839	0.934468	0.934968
370	0.809087	0.958910	0.958992	0.762985	0.935489	0.935969
380	0.811558	0.959316	0.959415	0.764676	0.935489	0.935971
390	0.814359	0.960406	0.960473	0.766948	0.936851	0.937273
400	0.815918	0.960998	0.961094	0.767981	0.937362	0.937780
410	0.819386	0.962069	0.962161	0.770679	0.937702	0.938107
420	0.822759	0.963048	0.963115	0.774050	0.938723	0.939068
430	0.827753	0.964194	0.964230	0.778544	0.940596	0.940826
440	0.830558	0.964988	0.965019	0.781372	0.940766	0.940971
450	0.833687	0.965376	0.965393	0.784299	0.941447	0.941612
460	0.835755	0.966079	0.966102	0.786005	0.941787	0.941948
470	0.838189	0.966393	0.966394	0.788061	0.941957	0.942124
480	0.841785	0.967316	0.967310	0.791004	0.942298	0.942478
490	0.843315	0.967778	0.967780	0.792182	0.942128	0.942320
500	0.845001	0.968351	0.968337	0.793228	0.942809	0.943011
510	0.847169	0.968831	0.968811	0.794732	0.943489	0.943668
520	0.848942	0.969441	0.969409	0.795936	0.943489	0.943637
530	0.851907	0.970088	0.970038	0.798802	0.944340	0.944453
540	0.853487	0.970605	0.970547	0.799862	0.945532	0.945635
550	0.855641	0.970993	0.970945	0.801619	0.945532	0.945648
560	0.856736	0.971640	0.971600	0.802235	0.945702	0.945836
570	0.858984	0.972102	0.972062	0.804287	0.947234	0.947326
580	0.860715	0.972545	0.972511	0.805596	0.946894	0.946990
590	0.861768	0.972822	0.972806	0.806034	0.946894	0.947007
600	0.864339	0.973524	0.973509	0.808297	0.946894	0.947003
610	0.867246	0.974245	0.974207	0.811103	0.948085	0.948158
620	0.869238	0.974744	0.974706	0.812705	0.947915	0.947971
630	0.872591	0.975316	0.975267	0.815816	0.948766	0.948772
640	0.874534	0.975741	0.975697	0.817142	0.948426	0.948444
650	0.875396	0.976074	0.976030	0.818030	0.949447	0.949470
660	0.876306	0.976425	0.976378	0.818881	0.950298	0.950320
670	0.877676	0.976702	0.976651	0.819837	0.950638	0.950678
680	0.879667	0.977164	0.977112	0.821797	0.950809	0.950836
690	0.880493	0.977478	0.977427	0.822404	0.951149	0.951199
700	0.882033	0.977995	0.977933	0.823713	0.951489	0.951546
710	0.883658	0.978568	0.978517	0.824803	0.951149	0.951188
720	0.884504	0.978697	0.978642	0.825131	0.951319	0.951373
730	0.886542	0.979067	0.979008	0.826629	0.951660	0.951686
740	0.888198	0.979436	0.979365	0.827912	0.951830	0.951866
750	0.889447	0.979972	0.979901	0.828820	0.952000	0.952016
760	0.891332	0.980490	0.980412	0.830587	0.951489	0.951494
770	0.892582	0.980896	0.980818	0.831834	0.951149	0.951130
780	0.894879	0.981395	0.981330	0.833924	0.952170	0.952147
790	0.896493	0.981727	0.981668	0.835138	0.952340	0.952318
800	0.897339	0.981746	0.981682	0.835733	0.952340	0.952287
810	0.897948	0.981986	0.981928	0.836139	0.952511	0.952454
820	0.898619	0.982060	0.982003	0.836461	0.952170	0.952122
830	0.899636	0.982393	0.982329	0.837132	0.953021	0.952961
840	0.901181	0.982577	0.982514	0.838347	0.953362	0.953295
850	0.902374	0.983002	0.982934	0.839290	0.953362	0.953302
860	0.903698	0.983335	0.983274	0.840515	0.953872	0.953790
870	0.904842	0.983575	0.983504	0.841588	0.954043	0.953985
880	0.906078	0.983871	0.983801	0.842637	0.955064	0.955013
890	0.907184	0.984222	0.984152	0.843361	0.955745	0.955678
900	0.908403	0.984591	0.984531	0.844367	0.955745	0.955654
910	0.909388	0.984887	0.984826	0.845091	0.955915	0.955841
920	0.910965	0.984961	0.984904	0.846379	0.956085	0.955987
930	0.912024	0.985349	0.985292	0.847267	0.956085	0.955988
940	0.912986	0.985552	0.985489	0.848077	0.956426	0.956330
950	0.913496	0.985755	0.985689	0.848452	0.956255	0.956155
960	0.913961	0.985977	0.985913	0.848719	0.955915	0.955806
970	0.915131	0.986106	0.986036	0.849806	0.956766	0.956655
980	0.916119	0.986199	0.986128	0.850404	0.956936	0.956814
990	0.917451	0.986568	0.986493	0.851510	0.957106	0.956989
1000	0.918133	0.986771	0.986693	0.851869	0.957277	0.957180
1010	0.918568	0.986919	0.986845	0.852061	0.957106	0.957027
1020	0.919387	0.987289	0.987223	0.852658	0.957277	0.957203
1030	0.920307	0.987510	0.987447	0.853463	0.957617	0.957540
1040	0.921123	0.987603	0.987535	0.854224	0.957787	0.957711
1050	0.922362	0.987917	0.987853	0.855437	0.958468	0.958373
1060	0.923322	0.988212	0.988150	0.856377	0.958809	0.958718
1070	0.924522	0.988453	0.988398	0.857547	0.958979	0.958894
1080	0.924991	0.988600	0.988541	0.857894	0.958809	0.958696
1090	0.925446	0.988785	0.988722	0.858058	0.958979	0.958862
1100	0.926575	0.989210	0.989150	0.859010	0.959149	0.959042
1110	0.927923	0.989506	0.989447	0.860049	0.959660	0.959549
1120	0.928890	0.989746	0.989690	0.860965	0.959660	0.959566
1130	0.929778	0.989838	0.989785	0.861745	0.959830	0.959732
1140	0.930314	0.990097	0.990046	0.862339	0.960170	0.960096
1150	0.931240	0.990245	0.990197	0.863139	0.960681	0.960580
1160	0.931833	0.990467	0.990420	0.863713	0.960681	0.960580
1170	0.932424	0.990688	0.990638	0.864081	0.960340	0.960225
1180	0.933470	0.990873	0.990829	0.864983	0.960681	0.960562
1190	0.934310	0.990947	0.990902	0.865822	0.960681	0.960566
1200	0.934769	0.991039	0.990999	0.866390	0.961021	0.960900
1210	0.935130	0.991113	0.991072	0.866722	0.960851	0.960732
1220	0.935493	0.991316	0.991279	0.867089	0.961362	0.961235
1230	0.936228	0.991520	0.991483	0.867743	0.961021	0.960905
1240	0.936881	0.991630	0.991596	0.868310	0.961872	0.961763
1250	0.937434	0.991778	0.991742	0.868713	0.961532	0.961445
1260	0.938322	0.991908	0.991872	0.869505	0.962043	0.961932
1270	0.939020	0.991963	0.991926	0.870044	0.962723	0.962599
1280	0.939794	0.991982	0.991948	0.870849	0.962043	0.961921
1290	0.940251	0.992037	0.992003	0.871115	0.962043	0.961913
1300	0.940603	0.992111	0.992079	0.871231	0.961872	0.961742
1310	0.940918	0.992240	0.992211	0.871348	0.961702	0.961595
1320	0.941211	0.992425	0.992399	0.871464	0.961532	0.961436
1330	0.941634	0.992462	0.992437	0.871665	0.961872	0.961759
1340	0.942624	0.992628	0.992600	0.872711	0.963234	0.963082
1350	0.943146	0.992721	0.992693	0.873063	0.963064	0.962928
1360	0.943649	0.992813	0.992784	0.873531	0.963234	0.963108
1370	0.944260	0.992942	0.992918	0.874040	0.963574	0.963445
1380	0.944617	0.993164	0.993144	0.874347	0.963574	0.963421
1390	0.944882	0.993182	0.993161	0.874487	0.963915	0.963749
1400	0.945604	0.993275	0.993254	0.875249	0.964426	0.964245
1410	0.946099	0.993478	0.993463	0.875819	0.964085	0.963908
1420	0.946695	0.993607	0.993596	0.876409	0.964426	0.964258
1430	0.947248	0.993848	0.993827	0.876773	0.964596	0.964411
1440	0.947848	0.994051	0.994031	0.877174	0.964936	0.964769
1450	0.948455	0.994125	0.994107	0.877734	0.964596	0.964417
1460	0.948867	0.994236	0.994220	0.878022	0.965106	0.964946
1470	0.949141	0.994346	0.994331	0.878173	0.964936	0.964785
1480	0.949766	0.994513	0.994495	0.878748	0.964936	0.964750
1490	0.950329	0.994587	0.994570	0.879147	0.964936	0.964749
1500	0.950853	0.994771	0.994754	0.879691	0.964426	0.964261
1510	0.951206	0.994827	0.994811	0.879904	0.964426	0.964249
1520	0.951604	0.994845	0.994829	0.880245	0.964766	0.964574
1530	0.952090	0.995012	0.994998	0.880670	0.964936	0.964754
1540	0.952448	0.995067	0.995053	0.881032	0.965106	0.964951
1550	0.952707	0.995141	0.995129	0.881251	0.965447	0.965293
1560	0.953197	0.995215	0.995203	0.881652	0.965447	0.965290
1570	0.953635	0.995270	0.995258	0.881942	0.965277	0.965132
1580	0.954121	0.995326	0.995314	0.882488	0.965447	0.965303
1590	0.954466	0.995381	0.995368	0.882825	0.965447	0.965289
1600	0.954849	0.995510	0.995492	0.883069	0.965447	0.965304
1610	0.955109	0.995621	0.995604	0.883252	0.965447	0.965310
1620	0.955506	0.995640	0.995623	0.883628	0.965617	0.965476
1630	0.956034	0.995677	0.995661	0.884101	0.965617	0.965479
1640	0.956552	0.995751	0.995735	0.884668	0.965617	0.965486
1650	0.956953	0.995788	0.995772	0.885043	0.965447	0.965290
1660	0.957297	0.995824	0.995810	0.885355	0.965447	0.965287
1670	0.957592	0.995935	0.995920	0.885583	0.965787	0.965645
1680	0.957907	0.996009	0.995996	0.885786	0.965787	0.965669
1690	0.958188	0.996120	0.996110	0.885905	0.965957	0.965826
1700	0.958460	0.996139	0.996129	0.886087	0.965787	0.965652
1710	0.958677	0.996139	0.996129	0.886267	0.965957	0.965819
1720	0.959072	0.996231	0.996221	0.886735	0.965957	0.965828
1730	0.959385	0.996249	0.996239	0.887120	0.965957	0.965827
1740	0.959743	0.996286	0.996276	0.887353	0.965787	0.965644
1750	0.960064	0.996342	0.996332	0.887497	0.965957	0.965805
1760	0.960491	0.996323	0.996317	0.887943	0.965957	0.965804
1770	0.960920	0.996379	0.996371	0.888432	0.965787	0.965637
1780	0.961149	0.996397	0.996390	0.888637	0.965447	0.965301
1790	0.961378	0.996434	0.996427	0.888819	0.966128	0.965953
1800	0.961551	0.996434	0.996427	0.888932	0.966298	0.966132
1810	0.961732	0.996508	0.996501	0.888996	0.966298	0.966132
1820	0.961954	0.996600	0.996588	0.889067	0.966298	0.966132
1830	0.962189	0.996637	0.996627	0.889240	0.966468	0.966290
1840	0.962436	0.996711	0.996702	0.889419	0.966468	0.966297
1850	0.962789	0.996748	0.996738	0.889693	0.966298	0.966121
1860	0.963055	0.996767	0.996758	0.889896	0.965957	0.965787
1870	0.963311	0.996896	0.996886	0.890150	0.965787	0.965626
1880	0.963633	0.996988	0.996978	0.890456	0.966128	0.965959
1890	0.963957	0.997044	0.997034	0.890861	0.966638	0.966470
1900	0.964348	0.997173	0.997164	0.891385	0.966809	0.966647
1910	0.964776	0.997266	0.997261	0.891899	0.966979	0.966808
1920	0.965110	0.997339	0.997327	0.892138	0.966809	0.966647
1930	0.965313	0.997358	0.997345	0.892322	0.967149	0.966977
1940	0.965497	0.997358	0.997348	0.892444	0.966979	0.966816
1950	0.965725	0.997450	0.997443	0.892683	0.966809	0.966655
1960	0.965972	0.997487	0.997480	0.892894	0.966638	0.966481
1970	0.966196	0.997524	0.997518	0.893049	0.966468	0.966315
1980	0.966433	0.997580	0.997573	0.893251	0.966128	0.965983
1990	0.966775	0.997598	0.997592	0.893422	0.966468	0.966302
2000	0.966981	0.997580	0.997572	0.893546	0.966638	0.966463
2010	0.967173	0.997635	0.997628	0.893661	0.966638	0.966479
2020	0.967396	0.997635	0.997628	0.893847	0.966638	0.966472
2030	0.967588	0.997691	0.997684	0.893969	0.966298	0.966135
2040	0.967770	0.997746	0.997740	0.894089	0.966468	0.966296
2050	0.968025	0.997727	0.997719	0.894336	0.966468	0.966305
2060	0.968222	0.997764	0.997757	0.894489	0.966298	0.966135
2070	0.968447	0.997783	0.997776	0.894631	0.966468	0.966290
2080	0.968656	0.997857	0.997848	0.894834	0.966128	0.965975
2090	0.968923	0.997875	0.997866	0.895149	0.966298	0.966134
2100	0.969093	0.997912	0.997905	0.895358	0.966128	0.965964
2110	0.969279	0.998023	0.998016	0.895602	0.966298	0.966147
2120	0.969591	0.998079	0.998073	0.895897	0.966809	0.966656
2130	0.969848	0.998097	0.998091	0.896121	0.966638	0.966486
2140	0.970160	0.998115	0.998107	0.896696	0.967149	0.966997
2150	0.970441	0.998115	0.998108	0.896976	0.967149	0.966993
2160	0.970684	0.998189	0.998181	0.897157	0.967149	0.966993
2170	0.970908	0.998263	0.998258	0.897244	0.966809	0.966651
2180	0.971113	0.998263	0.998257	0.897410	0.967149	0.966991
2190	0.971362	0.998282	0.998277	0.897709	0.966979	0.966830
2200	0.971559	0.998300	0.998295	0.897869	0.966979	0.966829
2210	0.971687	0.998300	0.998295	0.897980	0.967149	0.966997
2220	0.971866	0.998393	0.998389	0.898119	0.967319	0.967171
2230	0.972037	0.998393	0.998390	0.898409	0.967830	0.967687
2240	0.972187	0.998430	0.998427	0.898554	0.968170	0.968017
2250	0.972323	0.998467	0.998463	0.898550	0.968170	0.968021
2260	0.972462	0.998485	0.998482	0.898604	0.968340	0.968201
2270	0.972691	0.998503	0.998500	0.898722	0.968170	0.968016
2280	0.972818	0.998485	0.998483	0.898803	0.967830	0.967682
2290	0.972958	0.998503	0.998499	0.898851	0.967830	0.967682
2300	0.973107	0.998540	0.998536	0.898895	0.967489	0.967345
2310	0.973265	0.998596	0.998593	0.899019	0.967489	0.967345
2320	0.973442	0.998596	0.998593	0.899091	0.967489	0.967353
2330	0.973624	0.998633	0.998630	0.899202	0.967489	0.967337
2340	0.973814	0.998651	0.998648	0.899322	0.967489	0.967338
2350	0.973958	0.998670	0.998667	0.899464	0.967660	0.967503
2360	0.974165	0.998707	0.998704	0.899664	0.967660	0.967524
2370	0.974360	0.998762	0.998759	0.899837	0.967660	0.967524
2380	0.974548	0.998762	0.998759	0.900048	0.968000	0.967869
2390	0.974707	0.998762	0.998759	0.900121	0.968000	0.967873
2400	0.974841	0.998762	0.998759	0.900300	0.968340	0.968231
2410	0.975002	0.998762	0.998758	0.900584	0.968340	0.968231
2420	0.975127	0.998781	0.998777	0.900675	0.968340	0.968226
2430	0.975273	0.998781	0.998777	0.900798	0.968340	0.968226
2440	0.975428	0.998799	0.998796	0.900964	0.968000	0.967878
2450	0.975579	0.998799	0.998796	0.901237	0.968340	0.968224
2460	0.975693	0.998799	0.998796	0.901372	0.968170	0.968059
2470	0.975797	0.998799	0.998796	0.901469	0.968340	0.968215
2480	0.975891	0.998799	0.998795	0.901543	0.968170	0.968052
2490	0.975992	0.998799	0.998796	0.901618	0.968000	0.967874
2500	0.976108	0.998799	0.998796	0.901719	0.968511	0.968389
2510	0.976235	0.998836	0.998834	0.901870	0.968511	0.968389
2520	0.976367	0.998891	0.998889	0.901955	0.968340	0.968223
2530	0.976498	0.998928	0.998927	0.902060	0.968340	0.968209
2540	0.976721	0.998928	0.998926	0.902285	0.968340	0.968209
2550	0.976846	0.998947	0.998944	0.902408	0.968340	0.968209
2560	0.976942	0.998947	0.998944	0.902423	0.968340	0.968209
2570	0.977037	0.998984	0.998981	0.902479	0.968340	0.968209
2580	0.977180	0.999002	0.998999	0.902733	0.968681	0.968556
2590	0.977319	0.999002	0.998999	0.902861	0.968681	0.968556
2600	0.977455	0.999002	0.998999	0.903126	0.968851	0.968718
2610	0.977610	0.999002	0.998999	0.903490	0.969191	0.969067
2620	0.977699	0.999039	0.999036	0.903534	0.969532	0.969396
2630	0.977774	0.999076	0.999073	0.903551	0.969532	0.969401
2640	0.977841	0.999076	0.999073	0.903582	0.969532	0.969389
2650	0.977930	0.999095	0.999091	0.903628	0.969702	0.969580
2660	0.978029	0.999113	0.999109	0.903642	0.969532	0.969406
2670	0.978114	0.999132	0.999128	0.903670	0.969702	0.969581
2680	0.978238	0.999132	0.999128	0.903837	0.969702	0.969586
2690	0.978333	0.999132	0.999128	0.903970	0.969532	0.969405
2700	0.978446	0.999169	0.999165	0.904065	0.969872	0.969750
2710	0.978570	0.999169	0.999165	0.904131	0.969872	0.969750
2720	0.978679	0.999206	0.999202	0.904216	0.969872	0.969750
2730	0.978781	0.999224	0.999221	0.904300	0.969872	0.969750
2740	0.978893	0.999242	0.999239	0.904383	0.970043	0.969928
2750	0.978982	0.999242	0.999239	0.904468	0.970213	0.970107
2760	0.979063	0.999261	0.999258	0.904533	0.970213	0.970107
2770	0.979150	0.999298	0.999294	0.904583	0.970043	0.969938
2780	0.979242	0.999298	0.999294	0.904726	0.970043	0.969933
2790	0.979324	0.999298	0.999294	0.904843	0.970043	0.969934
2800	0.979408	0.999298	0.999294	0.904947	0.970043	0.969934
2810	0.979487	0.999316	0.999312	0.905100	0.970043	0.969934
2820	0.979651	0.999353	0.999349	0.905216	0.970213	0.970097
2830	0.979789	0.999335	0.999331	0.905374	0.970043	0.969916
2840	0.979889	0.999316	0.999312	0.905474	0.970213	0.970097
2850	0.979986	0.999316	0.999312	0.905541	0.970213	0.970109
2860	0.980118	0.999316	0.999312	0.905673	0.970213	0.970109
2870	0.980242	0.999316	0.999312	0.905832	0.970043	0.969938
2880	0.980342	0.999316	0.999312	0.905981	0.970213	0.970088
2890	0.980445	0.999335	0.999331	0.906117	0.969702	0.969578
2900	0.980536	0.999335	0.999331	0.906240	0.969872	0.969747
2910	0.980650	0.999353	0.999349	0.906325	0.970043	0.969918
2920	0.980778	0.999390	0.999387	0.906423	0.970043	0.969918
2930	0.980913	0.999409	0.999406	0.906592	0.970043	0.969914
2940	0.981042	0.999446	0.999443	0.906718	0.970043	0.969914
2950	0.981142	0.999446	0.999443	0.906800	0.970043	0.969914
2960	0.981283	0.999483	0.999477	0.906834	0.970043	0.969912
2970	0.981352	0.999483	0.999477	0.906920	0.970043	0.969912
2980	0.981430	0.999483	0.999477	0.906944	0.970043	0.969912
2990	0.981507	0.999483	0.999477	0.907057	0.970213	0.970084
3000	0.981574	0.999483	0.999477	0.907117	0.970213	0.970084
3010	0.981643	0.999483	0.999477	0.907168	0.970213	0.970084
3020	0.981724	0.999501	0.999497	0.907220	0.970213	0.970076
3030	0.981792	0.999501	0.999497	0.907285	0.970213	0.970076
3040	0.981863	0.999520	0.999516	0.907335	0.970553	0.970414
3050	0.981947	0.999520	0.999516	0.907429	0.970383	0.970240
3060	0.982010	0.999520	0.999516	0.907462	0.970553	0.970410
3070	0.982063	0.999520	0.999516	0.907567	0.970383	0.970233
3080	0.982106	0.999520	0.999516	0.907652	0.970383	0.970233
3090	0.982164	0.999538	0.999535	0.907679	0.970553	0.970403
3100	0.982209	0.999557	0.999553	0.907651	0.970553	0.970400
3110	0.982262	0.999557	0.999553	0.907682	0.970553	0.970393
3120	0.982310	0.999557	0.999553	0.907687	0.970553	0.970405
3130	0.982367	0.999557	0.999553	0.907729	0.970553	0.970409
3140	0.982433	0.999557	0.999553	0.907813	0.970894	0.970760
3150	0.982494	0.999575	0.999572	0.907814	0.970894	0.970760
3160	0.982564	0.999594	0.999590	0.907896	0.970723	0.970579
3170	0.982632	0.999594	0.999590	0.907949	0.971064	0.970934
3180	0.982716	0.999594	0.999590	0.908028	0.970894	0.970753
3190	0.982782	0.999594	0.999590	0.908125	0.970723	0.970579
3200	0.982849	0.999594	0.999590	0.908178	0.970894	0.970745
3210	0.982921	0.999612	0.999609	0.908213	0.970894	0.970745
3220	0.982987	0.999630	0.999627	0.908296	0.970894	0.970748
3230	0.983057	0.999649	0.999646	0.908359	0.970894	0.970748
3240	0.983121	0.999630	0.999628	0.908455	0.970894	0.970748
3250	0.983175	0.999649	0.999646	0.908557	0.970894	0.970753
3260	0.983228	0.999649	0.999646	0.908613	0.971064	0.970930
3270	0.983304	0.999649	0.999646	0.908653	0.970723	0.970569
3280	0.983373	0.999649	0.999646	0.908815	0.970723	0.970569
3290	0.983439	0.999667	0.999666	0.908883	0.971064	0.970920
3300	0.983494	0.999686	0.999685	0.908993	0.971234	0.971082
3310	0.983553	0.999686	0.999685	0.909027	0.971234	0.971082
3320	0.983638	0.999686	0.999685	0.909207	0.971234	0.971082
3330	0.983730	0.999686	0.999685	0.909320	0.971404	0.971258
3340	0.983809	0.999686	0.999685	0.909441	0.971574	0.971420
3350	0.983860	0.999667	0.999665	0.909452	0.971574	0.971420
3360	0.983911	0.999686	0.999685	0.909531	0.971574	0.971420
3370	0.983965	0.999704	0.999704	0.909578	0.971574	0.971420
3380	0.984034	0.999704	0.999704	0.909622	0.971574	0.971420
3390	0.984121	0.999704	0.999704	0.909764	0.971574	0.971420
3400	0.984201	0.999723	0.999722	0.909848	0.971574	0.971425
3410	0.984260	0.999723	0.999722	0.909922	0.971745	0.971603
3420	0.984324	0.999704	0.999704	0.909991	0.971745	0.971603
3430	0.984380	0.999704	0.999704	0.910059	0.971574	0.971425
3440	0.984438	0.999704	0.999704	0.910098	0.971574	0.971426
3450	0.984488	0.999704	0.999704	0.910199	0.971234	0.971088
3460	0.984550	0.999704	0.999704	0.910329	0.971404	0.971259
3470	0.984616	0.999704	0.999704	0.910432	0.971404	0.971259
3480	0.984660	0.999704	0.999704	0.910476	0.971404	0.971259
3490	0.984698	0.999723	0.999722	0.910507	0.971745	0.971600
3500	0.984746	0.999723	0.999722	0.910561	0.971404	0.971268
3510	0.984794	0.999723	0.999722	0.910590	0.971404	0.971268
3520	0.984843	0.999741	0.999742	0.910650	0.971404	0.971268
3530	0.984906	0.999741	0.999742	0.910702	0.971404	0.971268
3540	0.984952	0.999760	0.999759	0.910847	0.971745	0.971615
3550	0.985066	0.999778	0.999778	0.910975	0.971404	0.971268
3560	0.985152	0.999778	0.999778	0.911130	0.971404	0.971283
3570	0.985234	0.999778	0.999778	0.911277	0.971234	0.971109
3580	0.985311	0.999778	0.999778	0.911420	0.971234	0.971087
3590	0.985385	0.999778	0.999778	0.911537	0.971404	0.971254
3600	0.985449	0.999778	0.999778	0.911611	0.971404	0.971254
3610	0.985519	0.999797	0.999797	0.911671	0.971234	0.971080
3620	0.985577	0.999797	0.999797	0.911752	0.971745	0.971593
3630	0.985627	0.999797	0.999797	0.911809	0.971745	0.971603
3640	0.985677	0.999797	0.999797	0.911818	0.971745	0.971603
3650	0.985716	0.999797	0.999797	0.911842	0.971915	0.971775
3660	0.985750	0.999797	0.999797	0.911851	0.971745	0.971603
3670	0.985798	0.999797	0.999797	0.911863	0.971745	0.971603
3680	0.985840	0.999797	0.999797	0.911893	0.972085	0.971948
3690	0.985905	0.999797	0.999797	0.911936	0.972255	0.972118
3700	0.985953	0.999797	0.999797	0.911986	0.972085	0.971948
3710	0.986005	0.999797	0.999797	0.912039	0.971745	0.971612
3720	0.986055	0.999815	0.999815	0.912094	0.971915	0.971777
3730	0.986108	0.999815	0.999815	0.912168	0.971915	0.971777
3740	0.986154	0.999815	0.999815	0.912209	0.971915	0.971777
3750	0.986209	0.999834	0.999834	0.912275	0.971915	0.971777
3760	0.986272	0.999834	0.999834	0.912350	0.971915	0.971777
3770	0.986322	0.999834	0.999834	0.912407	0.971915	0.971777
3780	0.986354	0.999834	0.999834	0.912430	0.971915	0.971777
3790	0.986384	0.999834	0.999834	0.912457	0.971915	0.971777
3800	0.986413	0.999834	0.999834	0.912493	0.972085	0.971940
3810	0.986441	0.999834	0.999834	0.912518	0.972085	0.971940
3820	0.986499	0.999834	0.999834	0.912559	0.972255	0.972102
3830	0.986551	0.999834	0.999834	0.912629	0.972255	0.972102
3840	0.986605	0.999834	0.999834	0.912700	0.972255	0.972102
3850	0.986646	0.999834	0.999834	0.912752	0.972426	0.972278
3860	0.986679	0.999834	0.999834	0.912778	0.972596	0.972462
3870	0.986711	0.999834	0.999834	0.912847	0.972596	0.972462
3880	0.986754	0.999852	0.999852	0.912883	0.972596	0.972462
3890	0.986803	0.999852	0.999852	0.912865	0.972596	0.972469
3900	0.986856	0.999852	0.999852	0.912925	0.972255	0.972123
3910	0.986897	0.999852	0.999852	0.912989	0.972426	0.972292
3920	0.986933	0.999852	0.999852	0.913047	0.972596	0.972454
3930	0.986975	0.999852	0.999852	0.913103	0.972596	0.972454
3940	0.987021	0.999852	0.999852	0.913156	0.972596	0.972454
3950	0.987066	0.999852	0.999852	0.913222	0.972766	0.972628
3960	0.987114	0.999852	0.999852	0.913245	0.972766	0.972623
3970	0.987154	0.999852	0.999852	0.913313	0.972766	0.972623
3980	0.987192	0.999852	0.999852	0.913394	0.972936	0.972797
3990	0.987236	0.999852	0.999852	0.913435	0.972936	0.972797
4000	0.987295	0.999852	0.999852	0.913482	0.972936	0.972797
