10	0.384527	0.737422	0.702009	0.377791	0.730953	0.699108
20	0.463344	0.783358	0.743914	0.448707	0.773408	0.737869
30	0.502257	0.802533	0.762426	0.484327	0.789534	0.753496
40	0.527948	0.813809	0.771518	0.508431	0.800066	0.761369
50	0.553111	0.824064	0.780749	0.531474	0.808458	0.768934
60	0.568454	0.830907	0.786970	0.544858	0.812572	0.772444
70	0.584059	0.838047	0.793390	0.557660	0.819154	0.778411
80	0.597187	0.842757	0.797785	0.569364	0.823762	0.782475
90	0.609031	0.847468	0.802168	0.579562	0.826559	0.784897
100	0.617820	0.850769	0.805096	0.587349	0.830344	0.788105
110	0.628299	0.854311	0.808690	0.596708	0.833800	0.791826
120	0.638612	0.857185	0.863402	0.605899	0.835610	0.793589
130	0.648067	0.860356	0.866454	0.614490	0.839065	0.849064
140	0.655588	0.869647	0.874805	0.621318	0.848610	0.857290
150	0.668087	0.890548	0.893796	0.633270	0.869837	0.875569
160	0.679174	0.901842	0.904257	0.643518	0.883495	0.887793
170	0.692338	0.910929	0.912751	0.656045	0.894191	0.897493
180	0.699358	0.916956	0.918418	0.662278	0.898799	0.901630
190	0.706917	0.921462	0.922677	0.669604	0.902913	0.905459
200	0.714453	0.925839	0.926862	0.676464	0.906204	0.908420
210	0.721416	0.929659	0.930563	0.682950	0.910153	0.912154
220	0.728137	0.933090	0.933858	0.689221	0.913115	0.914798
230	0.739534	0.937949	0.938485	0.699910	0.917887	0.919129
240	0.744202	0.939710	0.940190	0.704185	0.921014	0.922093
250	0.751462	0.942603	0.942977	0.711052	0.923482	0.924398
260	0.755426	0.943660	0.944035	0.714059	0.923647	0.924464
270	0.758855	0.944662	0.945033	0.717360	0.925292	0.926078
280	0.765530	0.946998	0.947311	0.723704	0.928254	0.928968
290	0.770714	0.948797	0.949066	0.728784	0.929571	0.930207
300	0.773263	0.949446	0.949710	0.731122	0.930229	0.930876
310	0.778041	0.951041	0.951272	0.735706	0.931381	0.931929
320	0.782551	0.952339	0.952579	0.739631	0.932532	0.933180
330	0.786234	0.953415	0.953644	0.743003	0.934178	0.934716
340	0.791523	0.954676	0.954855	0.747750	0.935494	0.935927
350	0.794297	0.955678	0.955851	0.749813	0.936811	0.937233
360	0.797642	0.956716	0.956874	0.752734	0.937469	0.937888
370	0.802291	0.958144	0.958273	0.757005	0.939115	0.939454
380	0.806437	0.959591	0.959683	0.760765	0.940925	0.941224
390	0.808524	0.960277	0.960366	0.762442	0.941418	0.941690
400	0.813673	0.961241	0.961312	0.766902	0.942570	0.942831
410	0.815729	0.962057	0.962117	0.768403	0.943229	0.943515
420	0.818974	0.962947	0.962984	0.771219	0.943887	0.944095
430	0.820967	0.963689	0.963733	0.772635	0.944216	0.944382
440	0.824049	0.964134	0.964170	0.775137	0.944380	0.944536
450	0.828609	0.965395	0.965413	0.779052	0.944874	0.944965
460	0.830884	0.965822	0.965837	0.780890	0.945861	0.945954
470	0.832269	0.966137	0.966160	0.781913	0.945532	0.945655
480	0.835963	0.966712	0.966743	0.785447	0.946520	0.946624
490	0.838339	0.967491	0.967522	0.787315	0.946355	0.946447
500	0.840131	0.968158	0.968175	0.788577	0.947013	0.947092
510	0.843731	0.968863	0.968842	0.792001	0.947013	0.947109
520	0.845065	0.969197	0.969180	0.792935	0.947672	0.947774
530	0.847887	0.969827	0.969800	0.795554	0.948001	0.947998
540	0.850320	0.970365	0.970351	0.797560	0.947836	0.947841
550	0.852566	0.970996	0.970996	0.799036	0.948494	0.948555
560	0.854975	0.971663	0.971658	0.801020	0.949646	0.949680
570	0.857007	0.972053	0.972042	0.802751	0.949975	0.950019
580	0.861379	0.973221	0.973201	0.806827	0.951292	0.951318
590	0.863685	0.973388	0.973351	0.808742	0.951456	0.951475
600	0.864579	0.973685	0.973654	0.809219	0.951456	0.951445
610	0.867790	0.974426	0.974393	0.812187	0.951621	0.951595
620	0.868949	0.974705	0.974665	0.812867	0.952115	0.952100
630	0.869828	0.975131	0.975099	0.813463	0.952279	0.952271
640	0.870806	0.975521	0.975478	0.814022	0.952279	0.952271
650	0.872176	0.975892	0.975859	0.814900	0.952444	0.952446
660	0.873803	0.976337	0.976306	0.815980	0.952608	0.952598
670	0.875833	0.976819	0.976786	0.817475	0.953431	0.953418
680	0.876923	0.977357	0.977328	0.818124	0.953596	0.953576
690	0.878611	0.977913	0.977863	0.819451	0.954254	0.954261
700	0.880947	0.978154	0.978103	0.821785	0.954912	0.954906
710	0.882790	0.978618	0.978553	0.823405	0.954418	0.954376
720	0.884667	0.979007	0.978939	0.825175	0.954912	0.954818
730	0.886331	0.979341	0.979282	0.826462	0.954747	0.954640
740	0.887052	0.979619	0.979553	0.827062	0.954583	0.954432
750	0.889165	0.979805	0.979742	0.829040	0.954583	0.954478
760	0.889850	0.980101	0.980047	0.829548	0.954583	0.954473
770	0.890511	0.980491	0.980443	0.829919	0.955241	0.955136
780	0.891638	0.980936	0.980881	0.830733	0.955241	0.955138
790	0.893160	0.981121	0.981058	0.831984	0.955406	0.955281
800	0.895257	0.981622	0.981555	0.833784	0.956064	0.955926
810	0.896579	0.981900	0.981835	0.834919	0.956393	0.956246
820	0.897302	0.982067	0.982000	0.835410	0.956064	0.955898
830	0.898952	0.982456	0.982379	0.836952	0.956228	0.956050
840	0.900587	0.982939	0.982874	0.838299	0.957051	0.956918
850	0.901333	0.983087	0.983032	0.838803	0.956887	0.956743
860	0.903313	0.983384	0.983321	0.840500	0.957216	0.957049
870	0.904349	0.983699	0.983626	0.841369	0.957545	0.957372
880	0.905029	0.983940	0.983862	0.841554	0.957051	0.956902
890	0.905615	0.984237	0.984151	0.841866	0.957545	0.957392
900	0.907351	0.984645	0.984563	0.843418	0.957709	0.957554
910	0.908648	0.984886	0.984804	0.844287	0.957874	0.957698
920	0.909128	0.984923	0.984840	0.844670	0.957874	0.957736
930	0.909507	0.985016	0.984935	0.844776	0.958368	0.958231
940	0.909961	0.985238	0.985155	0.845064	0.958532	0.958407
950	0.911463	0.985461	0.985381	0.846430	0.958697	0.958548
960	0.912369	0.985665	0.985582	0.847114	0.958697	0.958544
970	0.912990	0.985739	0.985659	0.847453	0.958368	0.958232
980	0.914142	0.985887	0.985803	0.848452	0.959026	0.958843
990	0.914785	0.986017	0.985920	0.849090	0.959190	0.959012
1000	0.916431	0.986444	0.986353	0.850516	0.959026	0.958842
1010	0.917171	0.986573	0.986484	0.851024	0.959190	0.959003
1020	0.917648	0.986703	0.986617	0.851284	0.959190	0.958996
1030	0.918489	0.986981	0.986901	0.852117	0.960013	0.959808
1040	0.920554	0.987408	0.987326	0.854108	0.960178	0.959967
1050	0.921392	0.987742	0.987665	0.854914	0.959849	0.959606
1060	0.921894	0.987909	0.987837	0.855299	0.960178	0.959954
1070	0.922300	0.988001	0.987935	0.855596	0.960342	0.960149
1080	0.922669	0.988076	0.988009	0.855906	0.960836	0.960662
1090	0.923322	0.988317	0.988252	0.856466	0.961165	0.960974
1100	0.924332	0.988595	0.988525	0.857192	0.961494	0.961330
1110	0.925527	0.988817	0.988752	0.858249	0.961659	0.961486
1120	0.926893	0.989133	0.989066	0.859436	0.961659	0.961468
1130	0.927584	0.989207	0.989143	0.860043	0.961659	0.961459
1140	0.928280	0.989448	0.989384	0.860694	0.961659	0.961450
1150	0.929350	0.989708	0.989646	0.861604	0.961823	0.961612
1160	0.930035	0.989986	0.989924	0.862027	0.961659	0.961466
1170	0.930834	0.989986	0.989926	0.862874	0.961988	0.961786
1180	0.931532	0.990190	0.990134	0.863723	0.962481	0.962281
1190	0.932329	0.990320	0.990260	0.864264	0.962152	0.961957
1200	0.932786	0.990431	0.990367	0.864581	0.962152	0.961957
1210	0.933193	0.990542	0.990479	0.864857	0.961823	0.961616
1220	0.933736	0.990672	0.990613	0.865250	0.962152	0.961948
1230	0.934480	0.990913	0.990858	0.865922	0.961988	0.961782
1240	0.935244	0.991117	0.991063	0.866545	0.962152	0.961949
1250	0.935881	0.991247	0.991190	0.867050	0.961988	0.961782
1260	0.936339	0.991395	0.991340	0.867327	0.961988	0.961782
1270	0.937079	0.991636	0.991581	0.868015	0.962152	0.961948
1280	0.937480	0.991766	0.991712	0.868232	0.962481	0.962281
1290	0.938102	0.991785	0.991732	0.868705	0.962481	0.962278
1300	0.938884	0.991877	0.991828	0.869367	0.962481	0.962273
1310	0.939475	0.992026	0.991975	0.869726	0.962152	0.961924
1320	0.939839	0.992100	0.992050	0.869912	0.962152	0.961924
1330	0.940110	0.992137	0.992088	0.870149	0.962317	0.962090
1340	0.940620	0.992211	0.992167	0.870618	0.962646	0.962423
1350	0.941401	0.992434	0.992388	0.871397	0.963140	0.962906
1360	0.942288	0.992619	0.992577	0.872156	0.963469	0.963225
1370	0.942919	0.992805	0.992764	0.872588	0.963304	0.963066
1380	0.943675	0.992916	0.992870	0.873344	0.963633	0.963409
1390	0.944093	0.993046	0.992997	0.873666	0.963469	0.963239
1400	0.944566	0.993064	0.993019	0.873992	0.963304	0.963072
1410	0.945179	0.993194	0.993150	0.874492	0.963633	0.963409
1420	0.945492	0.993213	0.993169	0.874621	0.963140	0.962917
1430	0.945723	0.993268	0.993228	0.874794	0.963304	0.963085
1440	0.946032	0.993435	0.993398	0.874954	0.963469	0.963245
1450	0.946616	0.993621	0.993586	0.875398	0.964292	0.964064
1460	0.947215	0.993787	0.993757	0.875918	0.964292	0.964061
1470	0.947958	0.993973	0.993948	0.876728	0.964785	0.964536
1480	0.948475	0.993991	0.993964	0.877169	0.964621	0.964371
1490	0.949076	0.994103	0.994077	0.877758	0.964621	0.964377
1500	0.949466	0.994195	0.994171	0.878121	0.964621	0.964371
1510	0.949889	0.994270	0.994241	0.878470	0.964950	0.964697
1520	0.950596	0.994437	0.994411	0.879201	0.965114	0.964862
1530	0.951085	0.994529	0.994507	0.879591	0.965114	0.964870
1540	0.951635	0.994603	0.994583	0.880067	0.965608	0.965374
1550	0.952050	0.994770	0.994747	0.880379	0.965443	0.965212
1560	0.952320	0.994826	0.994797	0.880424	0.965443	0.965212
1570	0.952570	0.994882	0.994852	0.880602	0.965443	0.965212
1580	0.952992	0.994993	0.994966	0.880891	0.965114	0.964896
1590	0.953542	0.995048	0.995024	0.881523	0.965608	0.965377
1600	0.954122	0.995197	0.995176	0.882045	0.965937	0.965702
1610	0.954541	0.995215	0.995196	0.882518	0.966102	0.965872
1620	0.954860	0.995252	0.995234	0.882869	0.965937	0.965717
1630	0.955198	0.995308	0.995289	0.883085	0.965608	0.965398
1640	0.955543	0.995475	0.995458	0.883337	0.965608	0.965397
1650	0.955901	0.995623	0.995607	0.883603	0.966102	0.965881
1660	0.956353	0.995679	0.995663	0.884077	0.966760	0.966526
1670	0.956719	0.995716	0.995701	0.884368	0.966924	0.966689
1680	0.957031	0.995790	0.995774	0.884727	0.967254	0.967014
1690	0.957428	0.995939	0.995915	0.884863	0.966924	0.966697
1700	0.957707	0.995994	0.995972	0.885110	0.966924	0.966700
1710	0.957969	0.996068	0.996047	0.885263	0.966760	0.966546
1720	0.958318	0.996124	0.996104	0.885600	0.966760	0.966546
1730	0.958577	0.996143	0.996122	0.885716	0.966760	0.966546
1740	0.958879	0.996254	0.996232	0.885946	0.966924	0.966704
1750	0.959325	0.996328	0.996310	0.886379	0.967583	0.967345
1760	0.959848	0.996402	0.996382	0.886979	0.967583	0.967343
1770	0.960304	0.996384	0.996364	0.887418	0.967747	0.967516
1780	0.960707	0.996439	0.996422	0.887804	0.967912	0.967676
1790	0.960954	0.996569	0.996553	0.887806	0.967912	0.967676
1800	0.961236	0.996588	0.996571	0.887925	0.967912	0.967678
1810	0.961601	0.996625	0.996608	0.888188	0.968405	0.968172
1820	0.961885	0.996662	0.996645	0.888450	0.968405	0.968170
1830	0.962136	0.996680	0.996665	0.888718	0.968405	0.968173
1840	0.962438	0.996718	0.996702	0.889004	0.968570	0.968327
1850	0.962818	0.996755	0.996739	0.889304	0.968405	0.968170
1860	0.963157	0.996810	0.996794	0.889618	0.968405	0.968163
1870	0.963410	0.996884	0.996871	0.889789	0.968570	0.968332
1880	0.963729	0.996922	0.996908	0.890150	0.968735	0.968491
1890	0.964035	0.996996	0.996983	0.890520	0.968735	0.968491
1900	0.964279	0.996996	0.996987	0.890767	0.968570	0.968326
1910	0.964515	0.997014	0.997004	0.890968	0.968570	0.968326
1920	0.964827	0.997088	0.997075	0.891117	0.968405	0.968166
1930	0.965087	0.997163	0.997148	0.891316	0.968076	0.967836
1940	0.965261	0.997126	0.997111	0.891504	0.968241	0.968010
1950	0.965411	0.997144	0.997130	0.891636	0.968241	0.968010
1960	0.965542	0.997163	0.997148	0.891803	0.968405	0.968167
1970	0.965681	0.997126	0.997112	0.891949	0.968241	0.967994
1980	0.965784	0.997163	0.997150	0.892013	0.968241	0.967994
1990	0.965898	0.997200	0.997189	0.892108	0.968241	0.967994
2000	0.966055	0.997218	0.997206	0.892191	0.968241	0.967994
2010	0.966264	0.997200	0.997188	0.892422	0.968405	0.968170
2020	0.966484	0.997274	0.997265	0.892620	0.968735	0.968505
2030	0.966695	0.997292	0.997282	0.892734	0.968735	0.968506
2040	0.966994	0.997367	0.997357	0.892921	0.969064	0.968829
2050	0.967248	0.997404	0.997395	0.893021	0.969064	0.968828
2060	0.967536	0.997441	0.997432	0.893334	0.968899	0.968658
2070	0.967867	0.997459	0.997449	0.893657	0.969228	0.968982
2080	0.968138	0.997459	0.997449	0.893875	0.969228	0.968982
2090	0.968380	0.997534	0.997524	0.894147	0.969393	0.969147
2100	0.968719	0.997571	0.997562	0.894304	0.969228	0.968989
2110	0.968950	0.997589	0.997581	0.894494	0.969393	0.969155
2120	0.969166	0.997645	0.997636	0.894647	0.969064	0.968834
2130	0.969309	0.997700	0.997691	0.894795	0.969064	0.968834
2140	0.969519	0.997756	0.997748	0.894979	0.969228	0.968995
2150	0.969730	0.997812	0.997804	0.895207	0.969393	0.969161
2160	0.969904	0.997812	0.997805	0.895383	0.969557	0.969332
2170	0.970036	0.997830	0.997823	0.895494	0.969393	0.969165
2180	0.970215	0.997942	0.997935	0.895633	0.969228	0.969008
2190	0.970329	0.997979	0.997971	0.895769	0.969557	0.969328
2200	0.970442	0.998016	0.998008	0.895851	0.969722	0.969510
2210	0.970564	0.998053	0.998044	0.895928	0.969557	0.969348
2220	0.970734	0.998071	0.998062	0.896106	0.969557	0.969348
2230	0.970909	0.998127	0.998119	0.896192	0.969557	0.969349
2240	0.971080	0.998183	0.998175	0.896217	0.969722	0.969507
2250	0.971224	0.998164	0.998157	0.896212	0.969886	0.969672
2260	0.971443	0.998201	0.998195	0.896419	0.969886	0.969672
2270	0.971592	0.998201	0.998193	0.896441	0.969722	0.969508
2280	0.971730	0.998201	0.998193	0.896511	0.969722	0.969508
2290	0.971830	0.998201	0.998193	0.896566	0.969722	0.969510
2300	0.971964	0.998238	0.998231	0.896654	0.969557	0.969350
2310	0.972157	0.998275	0.998269	0.896818	0.969557	0.969349
2320	0.972380	0.998331	0.998323	0.897041	0.969557	0.969349
2330	0.972635	0.998349	0.998342	0.897369	0.969722	0.969509
2340	0.972865	0.998368	0.998360	0.897609	0.969886	0.969664
2350	0.973098	0.998387	0.998378	0.897859	0.970380	0.970143
2360	0.973276	0.998479	0.998472	0.898177	0.970380	0.970143
2370	0.973464	0.998479	0.998472	0.898461	0.969886	0.969661
2380	0.973628	0.998479	0.998472	0.898688	0.969886	0.969661
2390	0.973783	0.998553	0.998548	0.898828	0.969722	0.969503
2400	0.973932	0.998572	0.998567	0.898932	0.969722	0.969507
2410	0.974080	0.998553	0.998548	0.899084	0.969886	0.969669
2420	0.974269	0.998591	0.998586	0.899188	0.969886	0.969669
2430	0.974401	0.998591	0.998586	0.899292	0.970051	0.969824
2440	0.974504	0.998609	0.998605	0.899389	0.969722	0.969503
2450	0.974621	0.998628	0.998623	0.899518	0.969886	0.969667
2460	0.974764	0.998646	0.998642	0.899611	0.969886	0.969667
2470	0.974885	0.998665	0.998660	0.899742	0.970051	0.969825
2480	0.975050	0.998683	0.998680	0.899990	0.970051	0.969824
2490	0.975197	0.998665	0.998660	0.900116	0.970051	0.969824
2500	0.975337	0.998702	0.998698	0.900224	0.970380	0.970156
2510	0.975502	0.998683	0.998679	0.900375	0.970380	0.970156
2520	0.975592	0.998646	0.998642	0.900461	0.970380	0.970156
2530	0.975721	0.998720	0.998717	0.900519	0.970216	0.969993
2540	0.975867	0.998720	0.998717	0.900734	0.970380	0.970155
2550	0.976014	0.998739	0.998736	0.900899	0.970380	0.970151
2560	0.976155	0.998757	0.998755	0.901052	0.970545	0.970309
2570	0.976278	0.998795	0.998794	0.901171	0.970380	0.970141
2580	0.976418	0.998832	0.998832	0.901264	0.970380	0.970137
2590	0.976550	0.998795	0.998794	0.901350	0.970545	0.970304
2600	0.976701	0.998795	0.998793	0.901461	0.970874	0.970634
2610	0.976828	0.998832	0.998830	0.901501	0.970709	0.970470
2620	0.976950	0.998906	0.998904	0.901614	0.970874	0.970647
2630	0.977068	0.998887	0.998886	0.901611	0.970874	0.970647
2640	0.977190	0.998906	0.998904	0.901710	0.970874	0.970647
2650	0.977296	0.998924	0.998923	0.901805	0.970545	0.970328
2660	0.977417	0.998906	0.998904	0.901916	0.970216	0.969984
2670	0.977522	0.998943	0.998942	0.902058	0.970380	0.970139
2680	0.977620	0.998961	0.998961	0.902133	0.970380	0.970139
2690	0.977684	0.998961	0.998961	0.902183	0.970216	0.969979
2700	0.977798	0.998961	0.998960	0.902361	0.970380	0.970151
2710	0.977914	0.998980	0.998979	0.902500	0.970380	0.970137
2720	0.978024	0.999036	0.999037	0.902694	0.970380	0.970137
2730	0.978133	0.999036	0.999038	0.902806	0.970709	0.970458
2740	0.978303	0.999017	0.999018	0.902933	0.970709	0.970458
2750	0.978422	0.999091	0.999093	0.903002	0.970709	0.970458
2760	0.978543	0.999091	0.999093	0.903152	0.970545	0.970286
2770	0.978686	0.999128	0.999129	0.903217	0.970545	0.970291
2780	0.978783	0.999128	0.999129	0.903235	0.970545	0.970286
2790	0.978852	0.999147	0.999148	0.903255	0.970380	0.970129
2800	0.978899	0.999147	0.999148	0.903277	0.970545	0.970286
2810	0.978956	0.999147	0.999148	0.903333	0.970709	0.970451
2820	0.979033	0.999165	0.999166	0.903375	0.970709	0.970451
2830	0.979122	0.999165	0.999166	0.903449	0.970709	0.970451
2840	0.979248	0.999165	0.999167	0.903611	0.970709	0.970451
2850	0.979349	0.999165	0.999167	0.903711	0.970709	0.970451
2860	0.979426	0.999184	0.999186	0.903741	0.970709	0.970451
2870	0.979525	0.999203	0.999204	0.903825	0.970874	0.970623
2880	0.979625	0.999203	0.999204	0.903910	0.971038	0.970782
2890	0.979718	0.999203	0.999204	0.903953	0.971038	0.970782
2900	0.979812	0.999221	0.999223	0.904022	0.971038	0.970782
2910	0.979923	0.999221	0.999223	0.904168	0.971038	0.970782
2920	0.980008	0.999240	0.999242	0.904289	0.971203	0.970950
2930	0.980101	0.999240	0.999242	0.904413	0.971367	0.971107
2940	0.980188	0.999258	0.999261	0.904554	0.971367	0.971107
2950	0.980275	0.999258	0.999261	0.904688	0.971367	0.971107
2960	0.980363	0.999314	0.999317	0.904807	0.971367	0.971107
2970	0.980474	0.999332	0.999336	0.904927	0.971367	0.971107
2980	0.980570	0.999332	0.999336	0.905011	0.971367	0.971107
2990	0.980664	0.999369	0.999373	0.905105	0.971203	0.970940
3000	0.980765	0.999369	0.999373	0.905160	0.971367	0.971107
3010	0.980869	0.999388	0.999391	0.905227	0.971367	0.971107
3020	0.980998	0.999369	0.999373	0.905353	0.971203	0.970958
3030	0.981117	0.999388	0.999391	0.905479	0.971038	0.970798
3040	0.981209	0.999388	0.999391	0.905572	0.971203	0.970978
3050	0.981328	0.999407	0.999410	0.905694	0.971038	0.970798
3060	0.981426	0.999425	0.999429	0.905750	0.971203	0.970958
3070	0.981547	0.999425	0.999429	0.905903	0.971038	0.970801
3080	0.981624	0.999425	0.999429	0.906000	0.970874	0.970634
3090	0.981701	0.999425	0.999429	0.906094	0.970874	0.970634
3100	0.981769	0.999425	0.999429	0.906181	0.970709	0.970473
3110	0.981855	0.999425	0.999429	0.906237	0.970874	0.970653
3120	0.981939	0.999444	0.999448	0.906355	0.970874	0.970653
3130	0.982033	0.999462	0.999466	0.906471	0.970874	0.970653
3140	0.982113	0.999481	0.999484	0.906526	0.970874	0.970653
3150	0.982190	0.999481	0.999484	0.906580	0.970874	0.970653
3160	0.982258	0.999499	0.999502	0.906676	0.970874	0.970653
3170	0.982316	0.999499	0.999502	0.906716	0.970874	0.970653
3180	0.982374	0.999499	0.999502	0.906761	0.970874	0.970653
3190	0.982451	0.999499	0.999502	0.906801	0.970874	0.970653
3200	0.982532	0.999499	0.999502	0.906951	0.970874	0.970653
3210	0.982652	0.999518	0.999521	0.907042	0.970874	0.970653
3220	0.982730	0.999499	0.999502	0.907059	0.970874	0.970653
3230	0.982797	0.999499	0.999502	0.907097	0.970874	0.970653
3240	0.982877	0.999499	0.999502	0.907161	0.971038	0.970802
3250	0.982976	0.999518	0.999520	0.907298	0.971038	0.970802
3260	0.983022	0.999518	0.999520	0.907369	0.971038	0.970802
3270	0.983060	0.999518	0.999520	0.907416	0.971038	0.970802
3280	0.983115	0.999536	0.999537	0.907462	0.971038	0.970802
3290	0.983168	0.999536	0.999537	0.907507	0.971038	0.970802
3300	0.983212	0.999573	0.999575	0.907538	0.971038	0.970803
3310	0.983263	0.999573	0.999575	0.907605	0.971038	0.970802
3320	0.983342	0.999592	0.999593	0.907697	0.971038	0.970802
3330	0.983425	0.999592	0.999593	0.907814	0.971038	0.970807
3340	0.983498	0.999592	0.999593	0.907823	0.971038	0.970807
3350	0.983570	0.999592	0.999593	0.907898	0.970874	0.970628
3360	0.983629	0.999592	0.999593	0.907948	0.971203	0.970968
3370	0.983691	0.999592	0.999593	0.907976	0.971203	0.970968
3380	0.983758	0.999611	0.999612	0.908067	0.971367	0.971128
3390	0.983828	0.999629	0.999631	0.908098	0.971367	0.971135
3400	0.983891	0.999629	0.999630	0.908184	0.971367	0.971135
3410	0.983952	0.999629	0.999630	0.908295	0.971367	0.971135
3420	0.984007	0.999629	0.999630	0.908344	0.971203	0.970970
3430	0.984070	0.999629	0.999630	0.908404	0.971532	0.971300
3440	0.984129	0.999629	0.999630	0.908393	0.971367	0.971135
3450	0.984184	0.999629	0.999630	0.908440	0.971367	0.971135
3460	0.984236	0.999648	0.999648	0.908536	0.971367	0.971135
3470	0.984289	0.999648	0.999648	0.908599	0.971532	0.971300
3480	0.984335	0.999666	0.999668	0.908635	0.971697	0.971461
3490	0.984386	0.999666	0.999668	0.908677	0.971697	0.971461
3500	0.984437	0.999685	0.999687	0.908708	0.971697	0.971461
3510	0.984491	0.999685	0.999687	0.908728	0.971532	0.971300
3520	0.984537	0.999685	0.999687	0.908769	0.971532	0.971300
3530	0.984589	0.999703	0.999704	0.908752	0.971532	0.971300
3540	0.984628	0.999703	0.999704	0.908808	0.971532	0.971300
3550	0.984686	0.999703	0.999704	0.908908	0.971532	0.971300
3560	0.984756	0.999703	0.999704	0.909025	0.971532	0.971300
3570	0.984819	0.999722	0.999724	0.909064	0.971532	0.971300
3580	0.984871	0.999722	0.999724	0.909132	0.971697	0.971480
3590	0.984929	0.999722	0.999724	0.909108	0.971532	0.971300
3600	0.984979	0.999722	0.999724	0.909159	0.971861	0.971661
3610	0.985019	0.999740	0.999742	0.909231	0.971861	0.971661
3620	0.985057	0.999740	0.999742	0.909256	0.971861	0.971661
3630	0.985109	0.999740	0.999742	0.909301	0.971697	0.971496
3640	0.985173	0.999740	0.999742	0.909344	0.971532	0.971314
3650	0.985235	0.999740	0.999742	0.909462	0.971367	0.971135
3660	0.985290	0.999759	0.999761	0.909554	0.971367	0.971135
3670	0.985336	0.999759	0.999761	0.909628	0.971532	0.971296
3680	0.985403	0.999796	0.999798	0.909734	0.971697	0.971466
3690	0.985468	0.999796	0.999798	0.909808	0.971861	0.971634
3700	0.985541	0.999796	0.999798	0.909925	0.971697	0.971469
3710	0.985605	0.999796	0.999798	0.910014	0.972026	0.971792
3720	0.985657	0.999796	0.999798	0.910126	0.972026	0.971792
3730	0.985719	0.999796	0.999798	0.910270	0.972026	0.971792
3740	0.985765	0.999796	0.999798	0.910348	0.972026	0.971792
3750	0.985828	0.999796	0.999798	0.910438	0.972026	0.971792
3760	0.985886	0.999815	0.999816	0.910491	0.971861	0.971624
3770	0.985952	0.999815	0.999816	0.910560	0.971861	0.971624
3780	0.986010	0.999815	0.999816	0.910641	0.971861	0.971624
3790	0.986072	0.999852	0.999852	0.910643	0.971861	0.971624
3800	0.986124	0.999852	0.999852	0.910720	0.972026	0.971803
3810	0.986179	0.999852	0.999852	0.910790	0.972190	0.971970
3820	0.986252	0.999852	0.999852	0.910885	0.972190	0.971970
3830	0.986311	0.999852	0.999852	0.910947	0.972190	0.971970
3840	0.986357	0.999833	0.999834	0.911029	0.972190	0.971970
3850	0.986403	0.999833	0.999834	0.911079	0.972190	0.971970
3860	0.986452	0.999833	0.999834	0.911130	0.972190	0.971970
3870	0.986498	0.999833	0.999834	0.911161	0.972190	0.971970
3880	0.986537	0.999833	0.999834	0.911161	0.972190	0.971970
3890	0.986583	0.999852	0.999853	0.911175	0.972190	0.971970
3900	0.986621	0.999852	0.999853	0.911191	0.972190	0.971970
3910	0.986660	0.999852	0.999853	0.911211	0.972190	0.971970
3920	0.986700	0.999852	0.999853	0.911248	0.972190	0.971970
3930	0.986738	0.999852	0.999853	0.911256	0.972190	0.971970
3940	0.986795	0.999852	0.999853	0.911246	0.972190	0.971970
3950	0.986865	0.999852	0.999853	0.911245	0.972190	0.971970
3960	0.986919	0.999852	0.999853	0.911284	0.972190	0.971970
3970	0.986958	0.999852	0.999853	0.911292	0.972190	0.971970
3980	0.987005	0.999852	0.999853	0.911351	0.972355	0.972131
3990	0.987059	0.999852	0.999853	0.911410	0.972355	0.972131
4000	0.987098	0.999852	0.999853	0.911457	0.972519	0.972280
