10	0	0.715007	0.721805	0	0.696833	0.699041
20	0	0.821831	0.826031	0	0.799899	0.803245
30	0	0.862528	0.865715	0	0.834087	0.836302
40	0	0.888457	0.890783	0	0.857215	0.858015
50	0	0.906002	0.907676	0	0.882856	0.883953
60	0	0.918605	0.920045	0	0.891905	0.892704
70	0	0.929821	0.930926	0	0.900955	0.901374
80	0	0.938038	0.938785	0	0.907994	0.908402
90	0	0.944367	0.944965	0	0.914027	0.914247
100	0	0.949087	0.949532	0	0.918552	0.918904
110	0	0.954028	0.954355	0	0.921569	0.921730
120	0	0.958137	0.958418	0	0.923580	0.923793
130	0	0.962356	0.962563	0	0.929110	0.929182
140	0	0.964522	0.964723	0	0.931624	0.931775
150	0	0.967242	0.967417	0	0.935143	0.934961
160	0	0.969019	0.969169	0	0.936652	0.936605
170	0	0.970796	0.970925	0	0.939668	0.939424
180	0	0.972794	0.972902	0	0.939668	0.939360
190	0	0.975015	0.975123	0	0.942182	0.941888
200	0	0.976459	0.976526	0	0.941679	0.941431
210	0	0.977847	0.977898	0	0.944193	0.943943
220	0	0.979679	0.979719	0	0.945701	0.945478
230	0	0.980290	0.980317	0	0.946204	0.946004
240	0	0.981789	0.981795	0	0.947210	0.947009
250	0	0.982788	0.982798	0	0.948718	0.948290
260	0	0.983732	0.983744	0	0.949723	0.949337
270	0	0.985065	0.985066	0	0.951735	0.951246
280	0	0.985620	0.985604	0	0.952237	0.951827
290	0	0.986286	0.986280	0	0.953243	0.952990
300	0	0.986508	0.986497	0	0.953746	0.953496
310	0	0.987397	0.987394	0	0.953746	0.953448
320	0	0.988063	0.988054	0	0.953243	0.952854
330	0	0.988452	0.988446	0	0.953746	0.953360
340	0	0.989007	0.988999	0	0.954248	0.953855
350	0	0.989617	0.989606	0	0.954751	0.954492
