10	0	0.711434	0.719044	0	0.711100	0.715295
20	0	0.820706	0.825070	0	0.818226	0.821807
30	0	0.860791	0.863747	0	0.851188	0.854427
40	0	0.889391	0.891356	0	0.870092	0.872443
50	0	0.906952	0.908428	0	0.884634	0.886111
60	0	0.918325	0.919440	0	0.894329	0.895372
70	0	0.929587	0.930345	0	0.901600	0.901955
80	0	0.938340	0.938926	0	0.906447	0.907033
90	0	0.944640	0.945051	0	0.917596	0.918009
100	0	0.950828	0.951118	0	0.923413	0.923664
110	0	0.955176	0.955426	0	0.927290	0.927369
120	0	0.959581	0.959785	0	0.930683	0.930792
130	0	0.961811	0.961973	0	0.934077	0.933960
140	0	0.965323	0.965443	0	0.936985	0.936752
150	0	0.968222	0.968311	0	0.938439	0.938017
160	0	0.970508	0.970579	0	0.940378	0.939916
170	0	0.972292	0.972374	0	0.941832	0.941507
180	0	0.973909	0.973966	0	0.942802	0.942293
190	0	0.975748	0.975799	0	0.942802	0.942171
200	0	0.976919	0.976950	0	0.945225	0.944818
210	0	0.978369	0.978395	0	0.946195	0.945783
220	0	0.979651	0.979676	0	0.946195	0.945725
230	0	0.980487	0.980509	0	0.948619	0.948555
240	0	0.981547	0.981571	0	0.948619	0.948599
250	0	0.982606	0.982614	0	0.947649	0.947671
260	0	0.983442	0.983439	0	0.950073	0.950026
270	0	0.984167	0.984159	0	0.951527	0.951440
280	0	0.985338	0.985319	0	0.950557	0.950545
290	0	0.986341	0.986322	0	0.950073	0.949960
300	0	0.987177	0.987158	0	0.951527	0.951355
310	0	0.987568	0.987545	0	0.952012	0.951861
320	0	0.988738	0.988723	0	0.952981	0.952924
330	0	0.989407	0.989389	0	0.954435	0.954373
340	0	0.990076	0.990059	0	0.953951	0.953801
350	0	0.990578	0.990555	0	0.953951	0.953856
