10	0	0.720049	0.727113	0	0.709955	0.717292
20	0	0.819766	0.823778	0	0.795856	0.799425
30	0	0.862383	0.865530	0	0.833249	0.835129
40	0	0.890073	0.892282	0	0.854472	0.855268
50	0	0.908440	0.910002	0	0.871652	0.872199
60	0	0.920926	0.922120	0	0.883780	0.884641
70	0	0.929860	0.930810	0	0.894896	0.895934
80	0	0.938683	0.939360	0	0.899444	0.900396
90	0	0.944509	0.944998	0	0.906518	0.907009
100	0	0.950724	0.951058	0	0.915109	0.915448
110	0	0.954830	0.955098	0	0.917635	0.917739
120	0	0.959159	0.959408	0	0.922688	0.922709
130	0	0.962266	0.962479	0	0.925215	0.925148
140	0	0.965152	0.965342	0	0.924709	0.924535
150	0	0.967871	0.968066	0	0.928247	0.928079
160	0	0.970146	0.970330	0	0.930268	0.930184
170	0	0.971755	0.971927	0	0.930773	0.930671
180	0	0.973919	0.974076	0	0.934310	0.934136
190	0	0.975140	0.975285	0	0.935826	0.935597
200	0	0.976638	0.976766	0	0.936331	0.936022
210	0	0.977804	0.977919	0	0.937342	0.937032
220	0	0.979246	0.979343	0	0.937847	0.937408
230	0	0.981133	0.981214	0	0.940374	0.940158
240	0	0.981965	0.982044	0	0.943406	0.943133
250	0	0.982909	0.982963	0	0.944922	0.944567
260	0	0.983852	0.983904	0	0.946438	0.946062
270	0	0.984685	0.984728	0	0.946438	0.945955
280	0	0.985961	0.985989	0	0.947448	0.947032
290	0	0.986627	0.986653	0	0.947954	0.947509
300	0	0.987903	0.987929	0	0.947448	0.947017
310	0	0.988347	0.988373	0	0.948964	0.948487
320	0	0.988680	0.988702	0	0.948459	0.947995
330	0	0.989013	0.989037	0	0.947448	0.946932
340	0	0.989235	0.989257	0	0.947954	0.947405
350	0	0.989734	0.989756	0	0.947954	0.947394
