10	0	0.718482	0.725595	0	0.707799	0.712508
20	0	0.818905	0.823224	0	0.812932	0.818740
30	0	0.865305	0.868079	0	0.852419	0.855995
40	0	0.889563	0.891589	0	0.872655	0.876078
50	0	0.906865	0.908404	0	0.885489	0.887741
60	0	0.919439	0.920514	0	0.899803	0.902114
70	0	0.930511	0.931192	0	0.905232	0.907579
80	0	0.938411	0.938913	0	0.910661	0.912742
90	0	0.944197	0.944592	0	0.917078	0.918824
100	0	0.948926	0.949244	0	0.920039	0.921632
110	0	0.952765	0.953009	0	0.925469	0.927048
120	0	0.957439	0.957624	0	0.923988	0.925282
130	0	0.961667	0.961836	0	0.925469	0.926464
140	0	0.964838	0.964978	0	0.930898	0.932087
150	0	0.968065	0.968166	0	0.932379	0.933481
160	0	0.970847	0.970914	0	0.930898	0.932027
170	0	0.973072	0.973126	0	0.933366	0.934401
180	0	0.974686	0.974740	0	0.935341	0.936203
190	0	0.976132	0.976187	0	0.937315	0.938088
200	0	0.977078	0.977101	0	0.939289	0.940172
210	0	0.978580	0.978598	0	0.940770	0.941610
220	0	0.979804	0.979816	0	0.942744	0.943441
230	0	0.981139	0.981137	0	0.942251	0.942893
240	0	0.982030	0.982023	0	0.943731	0.944276
250	0	0.983254	0.983229	0	0.945706	0.946302
260	0	0.984088	0.984056	0	0.947187	0.947773
270	0	0.984589	0.984552	0	0.946199	0.946786
280	0	0.985368	0.985335	0	0.947680	0.948286
290	0	0.985868	0.985833	0	0.947187	0.947795
300	0	0.986814	0.986784	0	0.948667	0.949322
310	0	0.987259	0.987225	0	0.949654	0.950314
320	0	0.987871	0.987835	0	0.951135	0.951702
330	0	0.988483	0.988448	0	0.950642	0.951255
340	0	0.989151	0.989121	0	0.950642	0.951239
350	0	0.989596	0.989576	0	0.950642	0.951239
