10	0	0.721415	0.728235	0	0.716175	0.729413
20	0	0.817567	0.822227	0	0.801628	0.810997
30	0	0.860541	0.862941	0	0.849440	0.855665
40	0	0.890873	0.892586	0	0.869786	0.874469
50	0	0.909393	0.910637	0	0.880977	0.885467
60	0	0.922036	0.923029	0	0.888606	0.892336
70	0	0.931186	0.931756	0	0.899797	0.903130
80	0	0.939115	0.939526	0	0.903866	0.906779
90	0	0.945270	0.945561	0	0.907935	0.910636
100	0	0.951314	0.951524	0	0.914547	0.916972
110	0	0.954808	0.954950	0	0.921160	0.923705
120	0	0.958966	0.959060	0	0.924720	0.927009
130	0	0.962072	0.962162	0	0.926755	0.929049
140	0	0.965121	0.965176	0	0.928281	0.930617
150	0	0.967617	0.967659	0	0.929807	0.931791
160	0	0.969391	0.969393	0	0.931333	0.933162
170	0	0.971443	0.971410	0	0.934385	0.935803
180	0	0.974548	0.974500	0	0.935402	0.937039
190	0	0.975713	0.975666	0	0.936419	0.938044
200	0	0.977598	0.977537	0	0.937436	0.938977
210	0	0.979095	0.979025	0	0.938962	0.940493
220	0	0.980260	0.980191	0	0.939980	0.941493
230	0	0.981701	0.981644	0	0.940997	0.942417
240	0	0.982367	0.982299	0	0.943540	0.944722
250	0	0.983309	0.983247	0	0.944049	0.945235
260	0	0.983753	0.983698	0	0.945066	0.946158
270	0	0.984806	0.984746	0	0.946592	0.947569
280	0	0.986248	0.986192	0	0.945575	0.946592
290	0	0.986692	0.986630	0	0.944557	0.945592
300	0	0.987302	0.987240	0	0.945066	0.946159
310	0	0.987745	0.987683	0	0.945575	0.946602
320	0	0.988355	0.988292	0	0.946592	0.947527
330	0	0.988965	0.988904	0	0.948118	0.949106
340	0	0.989575	0.989519	0	0.948627	0.949617
350	0	0.989963	0.989900	0	0.947609	0.948664
