Learn: 0.9901067140951534 Test: 0.9437250996015937
10	0.712372	0.718575	0.685757	0.700178
20	0.823588	0.827893	0.793327	0.800681
30	0.863050	0.866069	0.831175	0.836646
40	0.890507	0.892445	0.860060	0.863499
50	0.908015	0.909493	0.878984	0.881159
60	0.920909	0.921953	0.884960	0.887313
70	0.928857	0.929644	0.894920	0.897130
80	0.938195	0.938778	0.901892	0.903968
90	0.944809	0.945246	0.906873	0.908703
100	0.950422	0.950770	0.909861	0.911448
110	0.955091	0.955349	0.913845	0.915105
120	0.959037	0.959261	0.918327	0.919372
130	0.961816	0.961986	0.921315	0.922253
140	0.965373	0.965515	0.921813	0.922853
150	0.967708	0.967835	0.923307	0.924028
160	0.970098	0.970188	0.926295	0.926739
170	0.971876	0.971910	0.927291	0.927754
180	0.974822	0.974860	0.928287	0.928699
190	0.976601	0.976612	0.929283	0.929565
200	0.978324	0.978344	0.929781	0.930228
210	0.979713	0.979714	0.930777	0.931260
220	0.981269	0.981262	0.932769	0.933190
230	0.982437	0.982424	0.934263	0.934602
240	0.983437	0.983423	0.934761	0.935080
250	0.984326	0.984319	0.937251	0.937445
260	0.984771	0.984757	0.938745	0.939119
270	0.985883	0.985858	0.938745	0.939097
280	0.986272	0.986247	0.938745	0.938993
290	0.987161	0.987129	0.939741	0.939903
300	0.987717	0.987695	0.939243	0.939452
310	0.988384	0.988363	0.938745	0.939000
320	0.988773	0.988753	0.942231	0.942363
330	0.989384	0.989366	0.942231	0.942342
340	0.989829	0.989811	0.942729	0.942844
350	0.990107	0.990079	0.943725	0.944041
