Learn: 0.9903621169916434 Test: 0.9497560975609756
10	0.722563	0.728502	0.716098	0.724441
20	0.823900	0.827720	0.795122	0.800003
30	0.865794	0.868398	0.832195	0.836599
40	0.892256	0.894060	0.856098	0.859651
50	0.908357	0.909658	0.869756	0.872860
60	0.920557	0.921496	0.884878	0.888189
70	0.930084	0.930771	0.896585	0.899656
80	0.939164	0.939579	0.901463	0.904423
90	0.945627	0.945860	0.907317	0.910051
100	0.951086	0.951278	0.911220	0.913312
110	0.956602	0.956755	0.915610	0.917518
120	0.960279	0.960383	0.918049	0.919820
130	0.963231	0.963290	0.919024	0.920741
140	0.965571	0.965616	0.921951	0.923678
150	0.967967	0.967983	0.925366	0.927293
160	0.970306	0.970288	0.926341	0.928164
170	0.972646	0.972636	0.929756	0.931450
180	0.974875	0.974854	0.931707	0.933335
190	0.976156	0.976126	0.935122	0.936734
200	0.978217	0.978197	0.935122	0.936599
210	0.979276	0.979259	0.936585	0.938083
220	0.980390	0.980353	0.938049	0.939682
230	0.981226	0.981192	0.938537	0.940172
240	0.982451	0.982415	0.940488	0.942146
250	0.983120	0.983075	0.941463	0.943124
260	0.983955	0.983912	0.942439	0.943874
270	0.984847	0.984813	0.944390	0.945788
280	0.985571	0.985538	0.945854	0.947212
290	0.986462	0.986410	0.946341	0.947696
300	0.987354	0.987298	0.946341	0.947807
310	0.988134	0.988072	0.947805	0.949250
320	0.988468	0.988409	0.948293	0.949705
330	0.989192	0.989140	0.948293	0.949713
340	0.989582	0.989530	0.948780	0.950181
350	0.990362	0.990306	0.949756	0.951133
