Learn: 0.9899006714388768 Test: 0.9444163719050025
10	0.716109	0.721878	0.702375	0.708115
20	0.824039	0.827944	0.799394	0.805804
30	0.863437	0.866468	0.831228	0.835093
40	0.888186	0.890213	0.854977	0.858188
50	0.906942	0.908456	0.870136	0.872561
60	0.918761	0.919911	0.880748	0.882791
70	0.930692	0.931581	0.890349	0.891881
80	0.939071	0.939709	0.898434	0.899680
90	0.945508	0.946035	0.901465	0.902548
100	0.949725	0.950174	0.906518	0.907319
110	0.955663	0.955996	0.909550	0.910153
120	0.959159	0.959412	0.912582	0.913030
130	0.962655	0.962865	0.917130	0.917271
140	0.965152	0.965294	0.918140	0.918081
150	0.968204	0.968340	0.922183	0.922329
160	0.971089	0.971209	0.924204	0.924452
170	0.973087	0.973168	0.927741	0.927842
180	0.974807	0.974877	0.928752	0.928775
190	0.976638	0.976704	0.930773	0.930713
200	0.978137	0.978194	0.932289	0.932031
210	0.979635	0.979691	0.933300	0.932895
220	0.980689	0.980740	0.934816	0.934405
230	0.981577	0.981622	0.938858	0.938334
240	0.982021	0.982067	0.940879	0.940506
250	0.983075	0.983122	0.941385	0.940988
260	0.984130	0.984165	0.942900	0.942522
270	0.984796	0.984829	0.941890	0.941498
280	0.985628	0.985650	0.942900	0.942439
290	0.986238	0.986269	0.943406	0.942978
300	0.986849	0.986869	0.942900	0.942496
310	0.987626	0.987649	0.943911	0.943550
320	0.988291	0.988316	0.943406	0.943194
330	0.989013	0.989033	0.943911	0.943665
340	0.989512	0.989529	0.943911	0.943665
350	0.989901	0.989914	0.944416	0.944118
