Learn: 0.9903202610763869 Test: 0.950546590317543
10	0.713922	0.721193	0.699636	0.705126
20	0.822059	0.826049	0.800625	0.804309
30	0.863046	0.866079	0.837585	0.840474
40	0.888545	0.890545	0.854763	0.857332
50	0.905304	0.906785	0.869859	0.872136
60	0.920847	0.921842	0.881312	0.882952
70	0.930306	0.931114	0.888079	0.888947
80	0.938492	0.939166	0.897970	0.898692
90	0.944743	0.945277	0.899011	0.899624
100	0.949721	0.950134	0.906819	0.906723
110	0.954146	0.954451	0.909943	0.909780
120	0.957907	0.958180	0.915148	0.914945
130	0.961558	0.961773	0.919313	0.918842
140	0.964268	0.964466	0.918792	0.918014
150	0.967255	0.967434	0.924518	0.923858
160	0.969357	0.969508	0.927642	0.927045
170	0.971956	0.972091	0.931286	0.930552
180	0.973837	0.973964	0.934930	0.933933
190	0.974888	0.974997	0.938053	0.936990
200	0.977045	0.977141	0.938574	0.937551
210	0.978151	0.978237	0.938574	0.937501
220	0.979756	0.979826	0.940656	0.939543
230	0.980475	0.980541	0.942218	0.941304
240	0.982411	0.982474	0.943259	0.942276
250	0.983351	0.983396	0.944820	0.943904
260	0.984623	0.984664	0.945862	0.944941
270	0.985287	0.985313	0.945341	0.944452
280	0.986006	0.986039	0.944820	0.943886
290	0.986504	0.986530	0.945862	0.944943
300	0.987499	0.987516	0.947944	0.946936
310	0.987997	0.988013	0.947423	0.946395
320	0.988716	0.988734	0.948464	0.947388
330	0.989269	0.989295	0.950026	0.948898
340	0.989822	0.989837	0.951067	0.949934
350	0.990320	0.990340	0.950547	0.949399
