Learn: 0.990489961626161 Test: 0.9539375928677564
10	0.719704	0.726173	0.695889	0.700662
20	0.817808	0.821607	0.800396	0.805032
30	0.863467	0.866182	0.841010	0.844384
40	0.888716	0.890649	0.872709	0.874945
50	0.906735	0.908092	0.887568	0.889422
60	0.919693	0.920723	0.894007	0.895074
70	0.930148	0.930783	0.904408	0.905355
80	0.938546	0.938985	0.909361	0.910271
90	0.945498	0.945832	0.919267	0.920038
100	0.951171	0.951431	0.922734	0.923474
110	0.956009	0.956234	0.926696	0.927401
120	0.960236	0.960391	0.929668	0.930316
130	0.963183	0.963280	0.934621	0.935097
140	0.965686	0.965780	0.938088	0.938476
150	0.968244	0.968318	0.939574	0.939984
160	0.970024	0.970107	0.941060	0.941355
170	0.972304	0.972394	0.942051	0.942215
180	0.973806	0.973895	0.941555	0.941723
190	0.975641	0.975691	0.942051	0.942337
200	0.977365	0.977408	0.942051	0.942353
210	0.978700	0.978736	0.943041	0.943310
220	0.979868	0.979875	0.945022	0.945219
230	0.981036	0.981046	0.946508	0.946751
240	0.982315	0.982328	0.948489	0.948623
250	0.983816	0.983824	0.948985	0.949083
260	0.984372	0.984372	0.949480	0.949566
270	0.985373	0.985356	0.950471	0.950647
280	0.985930	0.985904	0.949975	0.950070
290	0.987042	0.987021	0.949975	0.949947
300	0.987376	0.987354	0.950966	0.951130
310	0.988043	0.988023	0.950471	0.950604
320	0.988377	0.988356	0.951461	0.951689
330	0.989433	0.989410	0.951956	0.952147
340	0.989878	0.989850	0.953938	0.954111
350	0.990490	0.990458	0.953938	0.954096
