10	0	0.947906	0.948603	0	0.945726	0.946338
20	0	0.979725	0.980197	0	0.967436	0.967561
30	0	0.989640	0.989877	0	0.979647	0.979913
40	0	0.992896	0.993020	0	0.986431	0.986699
50	0	0.994968	0.995054	0	0.989145	0.989402
60	0	0.996004	0.996095	0	0.987788	0.988049
70	0	0.997040	0.997122	0	0.987788	0.988049
80	0	0.997780	0.997849	0	0.987788	0.988049
90	0	0.998076	0.998132	0	0.986431	0.986754
100	0	0.998668	0.998714	0	0.986431	0.986754
110	0	0.998668	0.998714	0	0.986431	0.986754
120	0	0.999112	0.999147	0	0.986431	0.986754
130	0	0.999556	0.999570	0	0.986431	0.986754
140	0	0.999556	0.999570	0	0.986431	0.986754
150	0	0.999704	0.999711	0	0.986431	0.986754
160	0	0.999704	0.999711	0	0.986431	0.986754
170	0	0.999704	0.999711	0	0.987788	0.988045
180	0	0.999704	0.999711	0	0.986431	0.986754
190	0	0.999704	0.999711	0	0.986431	0.986754
200	0	0.999852	0.999853	0	0.987788	0.988049
210	0	0.999852	0.999853	0	0.986431	0.986754
220	0	0.999852	0.999853	0	0.989145	0.989440
230	0	0.999852	0.999853	0	0.989145	0.989440
240	0	0.999852	0.999853	0	0.989145	0.989440
250	0	0.999852	0.999853	0	0.989145	0.989440
260	0	0.999852	0.999853	0	0.989145	0.989440
270	0	0.999852	0.999853	0	0.989145	0.989440
280	0	0.999852	0.999853	0	0.989145	0.989440
290	0	0.999852	0.999853	0	0.989145	0.989440
300	0	0.999852	0.999853	0	0.989145	0.989440
310	0	0.999852	0.999853	0	0.989145	0.989440
320	0	0.999852	0.999853	0	0.989145	0.989440
330	0	1.000000	1.000000	0	0.989145	0.989440
340	0	1.000000	1.000000	0	0.989145	0.989440
350	0	1.000000	1.000000	0	0.989145	0.989440
360	0	1.000000	1.000000	0	0.989145	0.989440
370	0	1.000000	1.000000	0	0.989145	0.989440
380	0	1.000000	1.000000	0	0.989145	0.989440
390	0	1.000000	1.000000	0	0.989145	0.989440
400	0	1.000000	1.000000	0	0.989145	0.989440
