10	0	0.945715	0.946269	0	0.925874	0.929081
20	0	0.977430	0.977780	0	0.960839	0.963764
30	0	0.987756	0.987941	0	0.972028	0.973616
40	0	0.992182	0.992278	0	0.984615	0.985233
50	0	0.994985	0.995059	0	0.984615	0.985262
60	0	0.995722	0.995780	0	0.988811	0.989128
70	0	0.997050	0.997090	0	0.993007	0.993358
80	0	0.997492	0.997521	0	0.993007	0.993358
90	0	0.998230	0.998244	0	0.993007	0.993358
100	0	0.998525	0.998538	0	0.993007	0.993358
110	0	0.998672	0.998691	0	0.993007	0.993358
120	0	0.999115	0.999119	0	0.993007	0.993358
130	0	0.999115	0.999119	0	0.993007	0.993358
140	0	0.999557	0.999558	0	0.993007	0.993358
150	0	0.999557	0.999558	0	0.993007	0.993358
160	0	0.999557	0.999558	0	0.993007	0.993358
170	0	0.999557	0.999558	0	0.994406	0.994742
180	0	0.999705	0.999701	0	0.994406	0.994742
190	0	0.999705	0.999701	0	0.994406	0.994742
200	0	0.999705	0.999701	0	0.994406	0.994742
210	0	0.999705	0.999701	0	0.994406	0.994742
220	0	0.999705	0.999701	0	0.994406	0.994742
230	0	0.999705	0.999701	0	0.994406	0.994742
240	0	0.999852	0.999852	0	0.994406	0.994742
250	0	0.999852	0.999852	0	0.994406	0.994742
260	0	0.999852	0.999852	0	0.994406	0.994742
270	0	0.999852	0.999852	0	0.994406	0.994742
280	0	0.999852	0.999852	0	0.994406	0.994742
290	0	0.999852	0.999852	0	0.994406	0.994742
300	0	0.999852	0.999852	0	0.994406	0.994742
310	0	0.999852	0.999852	0	0.994406	0.994742
320	0	0.999852	0.999852	0	0.994406	0.994742
330	0	0.999852	0.999852	0	0.994406	0.994742
340	0	1.000000	1.000000	0	0.994406	0.994742
350	0	1.000000	1.000000	0	0.994406	0.994742
360	0	1.000000	1.000000	0	0.994406	0.994742
370	0	1.000000	1.000000	0	0.994406	0.994742
380	0	1.000000	1.000000	0	0.994406	0.994742
390	0	1.000000	1.000000	0	0.994406	0.994742
400	0	1.000000	1.000000	0	0.994406	0.994742
