10	0	0.948634	0.949402	0	0.930079	0.930430
20	0	0.975802	0.976209	0	0.969657	0.970279
30	0	0.987827	0.988050	0	0.982850	0.983196
40	0	0.993319	0.993400	0	0.986807	0.987045
50	0	0.994507	0.994565	0	0.988127	0.988330
60	0	0.995992	0.996052	0	0.992084	0.992331
70	0	0.997031	0.997068	0	0.992084	0.992331
80	0	0.997476	0.997520	0	0.992084	0.992183
90	0	0.997773	0.997818	0	0.993404	0.993640
100	0	0.997922	0.997962	0	0.993404	0.993677
110	0	0.998219	0.998253	0	0.993404	0.993677
120	0	0.998664	0.998685	0	0.993404	0.993677
130	0	0.998961	0.998985	0	0.993404	0.993677
140	0	0.999109	0.999127	0	0.993404	0.993677
150	0	0.999109	0.999127	0	0.993404	0.993677
160	0	0.999109	0.999127	0	0.993404	0.993677
170	0	0.999258	0.999269	0	0.993404	0.993677
180	0	0.999555	0.999554	0	0.993404	0.993677
190	0	0.999852	0.999850	0	0.993404	0.993677
200	0	0.999852	0.999850	0	0.993404	0.993677
210	0	0.999852	0.999850	0	0.993404	0.993677
220	0	0.999852	0.999850	0	0.993404	0.993677
230	0	0.999852	0.999850	0	0.993404	0.993677
240	0	0.999852	0.999850	0	0.993404	0.993677
250	0	0.999852	0.999850	0	0.993404	0.993677
260	0	0.999852	0.999850	0	0.993404	0.993677
270	0	0.999852	0.999850	0	0.993404	0.993677
280	0	0.999852	0.999850	0	0.993404	0.993677
290	0	0.999852	0.999850	0	0.993404	0.993677
300	0	0.999852	0.999850	0	0.993404	0.993677
310	0	0.999852	0.999850	0	0.993404	0.993677
320	0	0.999852	0.999850	0	0.993404	0.993677
330	0	0.999852	0.999850	0	0.993404	0.993677
340	0	1.000000	1.000000	0	0.993404	0.993677
350	0	1.000000	1.000000	0	0.993404	0.993677
360	0	1.000000	1.000000	0	0.993404	0.993677
370	0	1.000000	1.000000	0	0.993404	0.993677
380	0	1.000000	1.000000	0	0.993404	0.993677
390	0	1.000000	1.000000	0	0.993404	0.993677
400	0	1.000000	1.000000	0	0.993404	0.993677
