10	0	0.946914	0.947602	0	0.928479	0.927564
20	0	0.977993	0.978288	0	0.958388	0.958339
30	0	0.988104	0.988263	0	0.971391	0.971673
40	0	0.992119	0.992230	0	0.979194	0.979554
50	0	0.994349	0.994453	0	0.980494	0.980853
60	0	0.994796	0.994900	0	0.984395	0.984615
70	0	0.995985	0.996065	0	0.986996	0.987139
80	0	0.996431	0.996503	0	0.986996	0.987139
90	0	0.997770	0.997811	0	0.986996	0.987229
100	0	0.998364	0.998389	0	0.988296	0.988516
110	0	0.998810	0.998824	0	0.990897	0.991120
120	0	0.998810	0.998824	0	0.992198	0.992296
130	0	0.999108	0.999120	0	0.993498	0.993576
140	0	0.999108	0.999120	0	0.993498	0.993576
150	0	0.999405	0.999410	0	0.993498	0.993576
160	0	0.999405	0.999410	0	0.993498	0.993576
170	0	0.999405	0.999410	0	0.993498	0.993576
180	0	0.999554	0.999553	0	0.993498	0.993576
190	0	0.999554	0.999553	0	0.993498	0.993576
200	0	0.999554	0.999553	0	0.993498	0.993576
210	0	0.999703	0.999709	0	0.993498	0.993576
220	0	0.999851	0.999852	0	0.993498	0.993576
230	0	0.999851	0.999852	0	0.993498	0.993576
240	0	0.999851	0.999852	0	0.993498	0.993576
250	0	0.999851	0.999852	0	0.993498	0.993576
260	0	0.999851	0.999852	0	0.993498	0.993576
270	0	0.999851	0.999852	0	0.993498	0.993576
280	0	0.999851	0.999852	0	0.993498	0.993576
290	0	0.999851	0.999852	0	0.993498	0.993576
300	0	1.000000	1.000000	0	0.993498	0.993576
310	0	1.000000	1.000000	0	0.993498	0.993576
320	0	1.000000	1.000000	0	0.993498	0.993576
330	0	1.000000	1.000000	0	0.993498	0.993576
340	0	1.000000	1.000000	0	0.993498	0.993576
350	0	1.000000	1.000000	0	0.993498	0.993576
360	0	1.000000	1.000000	0	0.993498	0.993576
370	0	1.000000	1.000000	0	0.993498	0.993576
380	0	1.000000	1.000000	0	0.993498	0.993576
390	0	1.000000	1.000000	0	0.993498	0.993576
400	0	1.000000	1.000000	0	0.993498	0.993576
