10	0	0.949318	0.950178	0	0.942359	0.942016
20	0	0.979253	0.979690	0	0.961126	0.961086
30	0	0.988441	0.988664	0	0.971850	0.971706
40	0	0.992146	0.992303	0	0.974531	0.974573
50	0	0.994961	0.995051	0	0.974531	0.974573
60	0	0.995554	0.995632	0	0.975871	0.975909
70	0	0.996443	0.996493	0	0.979893	0.980003
80	0	0.997184	0.997228	0	0.981233	0.981493
90	0	0.998222	0.998246	0	0.982574	0.982931
100	0	0.998518	0.998528	0	0.983914	0.984158
110	0	0.998814	0.998817	0	0.985255	0.985442
120	0	0.999111	0.999109	0	0.986595	0.986716
130	0	0.999259	0.999258	0	0.987936	0.988120
140	0	0.999407	0.999413	0	0.987936	0.988120
150	0	0.999407	0.999413	0	0.989276	0.989519
160	0	0.999407	0.999413	0	0.989276	0.989519
170	0	0.999407	0.999413	0	0.989276	0.989519
180	0	0.999555	0.999555	0	0.989276	0.989519
190	0	0.999704	0.999697	0	0.989276	0.989519
200	0	0.999704	0.999697	0	0.989276	0.989519
210	0	0.999704	0.999697	0	0.989276	0.989519
220	0	0.999704	0.999697	0	0.989276	0.989519
230	0	0.999704	0.999697	0	0.989276	0.989519
240	0	0.999704	0.999697	0	0.989276	0.989519
250	0	0.999704	0.999697	0	0.989276	0.989519
260	0	0.999704	0.999697	0	0.989276	0.989519
270	0	0.999704	0.999697	0	0.989276	0.989519
280	0	0.999852	0.999852	0	0.990617	0.990764
290	0	0.999852	0.999852	0	0.990617	0.990764
300	0	0.999852	0.999852	0	0.990617	0.990764
310	0	0.999852	0.999852	0	0.990617	0.990764
320	0	0.999852	0.999852	0	0.990617	0.990764
330	0	1.000000	1.000000	0	0.990617	0.990764
340	0	1.000000	1.000000	0	0.990617	0.990764
350	0	1.000000	1.000000	0	0.990617	0.990764
360	0	1.000000	1.000000	0	0.990617	0.990764
370	0	1.000000	1.000000	0	0.990617	0.990764
380	0	1.000000	1.000000	0	0.990617	0.990764
390	0	1.000000	1.000000	0	0.990617	0.990764
400	0	1.000000	1.000000	0	0.990617	0.990764
