10	0	0.946761	0.947507	0	0.938525	0.938652
20	0	0.979148	0.979542	0	0.965847	0.966204
30	0	0.987430	0.987630	0	0.978142	0.978671
40	0	0.992310	0.992477	0	0.982240	0.982546
50	0	0.993789	0.993903	0	0.983607	0.983922
60	0	0.996007	0.996071	0	0.983607	0.983922
70	0	0.996894	0.996931	0	0.990437	0.990816
80	0	0.997634	0.997673	0	0.991803	0.992198
90	0	0.998225	0.998248	0	0.991803	0.992198
100	0	0.998817	0.998829	0	0.991803	0.992198
110	0	0.999113	0.999125	0	0.991803	0.992198
120	0	0.999113	0.999125	0	0.991803	0.992198
130	0	0.999113	0.999125	0	0.991803	0.992198
140	0	0.999408	0.999416	0	0.991803	0.992198
150	0	0.999556	0.999564	0	0.991803	0.992198
160	0	0.999556	0.999564	0	0.991803	0.992198
170	0	0.999704	0.999705	0	0.991803	0.992198
180	0	0.999704	0.999705	0	0.991803	0.992198
190	0	0.999852	0.999847	0	0.991803	0.992198
200	0	0.999852	0.999847	0	0.991803	0.992198
210	0	0.999852	0.999847	0	0.991803	0.992198
220	0	0.999852	0.999847	0	0.991803	0.992198
230	0	0.999852	0.999847	0	0.991803	0.992198
240	0	0.999852	0.999847	0	0.991803	0.992198
250	0	1.000000	1.000000	0	0.991803	0.992198
260	0	1.000000	1.000000	0	0.991803	0.992198
270	0	1.000000	1.000000	0	0.991803	0.992198
280	0	1.000000	1.000000	0	0.991803	0.992198
290	0	1.000000	1.000000	0	0.991803	0.992198
300	0	1.000000	1.000000	0	0.991803	0.992198
310	0	1.000000	1.000000	0	0.991803	0.992198
320	0	1.000000	1.000000	0	0.993169	0.993472
330	0	1.000000	1.000000	0	0.993169	0.993472
340	0	1.000000	1.000000	0	0.993169	0.993472
350	0	1.000000	1.000000	0	0.993169	0.993472
360	0	1.000000	1.000000	0	0.993169	0.993472
370	0	1.000000	1.000000	0	0.993169	0.993472
380	0	1.000000	1.000000	0	0.993169	0.993472
390	0	1.000000	1.000000	0	0.991803	0.991994
400	0	1.000000	1.000000	0	0.991803	0.991994
