10	0	0.945517	0.946532	0	0.937995	0.936808
20	0	0.977880	0.978325	0	0.969657	0.968804
30	0	0.988717	0.988924	0	0.974934	0.974099
40	0	0.991835	0.992000	0	0.977573	0.976650
50	0	0.994359	0.994481	0	0.981530	0.980702
60	0	0.995546	0.995651	0	0.980211	0.979281
70	0	0.996140	0.996235	0	0.982850	0.981785
80	0	0.996882	0.996948	0	0.985488	0.984485
90	0	0.997179	0.997236	0	0.986807	0.985786
100	0	0.997328	0.997379	0	0.988127	0.987173
110	0	0.998515	0.998536	0	0.988127	0.987173
120	0	0.998812	0.998827	0	0.989446	0.988664
130	0	0.999258	0.999266	0	0.989446	0.988664
140	0	0.999258	0.999266	0	0.989446	0.988664
150	0	0.999555	0.999555	0	0.989446	0.988664
160	0	0.999555	0.999555	0	0.989446	0.988664
170	0	0.999555	0.999555	0	0.989446	0.988664
180	0	0.999555	0.999555	0	0.989446	0.988664
190	0	0.999703	0.999698	0	0.990765	0.989981
200	0	0.999703	0.999698	0	0.990765	0.989981
210	0	0.999703	0.999698	0	0.990765	0.989981
220	0	0.999703	0.999698	0	0.990765	0.989981
230	0	0.999703	0.999698	0	0.990765	0.989981
240	0	0.999852	0.999854	0	0.990765	0.989981
250	0	0.999852	0.999854	0	0.990765	0.989981
260	0	0.999852	0.999854	0	0.990765	0.989981
270	0	0.999852	0.999854	0	0.990765	0.989981
280	0	0.999852	0.999854	0	0.990765	0.989981
290	0	0.999852	0.999854	0	0.990765	0.989981
300	0	0.999852	0.999854	0	0.990765	0.989981
310	0	0.999852	0.999854	0	0.990765	0.989981
320	0	0.999852	0.999854	0	0.990765	0.989981
330	0	0.999852	0.999854	0	0.990765	0.989981
340	0	0.999852	0.999854	0	0.990765	0.989981
350	0	0.999852	0.999854	0	0.990765	0.989981
360	0	0.999852	0.999854	0	0.990765	0.989981
370	0	1.000000	1.000000	0	0.990765	0.989981
380	0	1.000000	1.000000	0	0.990765	0.989981
390	0	1.000000	1.000000	0	0.990765	0.989981
400	0	1.000000	1.000000	0	0.990765	0.989981
