10	0	0.949360	0.949819	0	0.934615	0.936101
20	0	0.980042	0.980462	0	0.956410	0.957616
30	0	0.988234	0.988451	0	0.970513	0.971440
40	0	0.991957	0.992077	0	0.973077	0.973674
50	0	0.993893	0.993999	0	0.980769	0.981151
60	0	0.996425	0.996480	0	0.985897	0.986178
70	0	0.996723	0.996785	0	0.987179	0.987539
80	0	0.997319	0.997373	0	0.987179	0.987539
90	0	0.998064	0.998100	0	0.987179	0.987539
100	0	0.998808	0.998827	0	0.991026	0.991322
110	0	0.999255	0.999256	0	0.989744	0.990055
120	0	0.999553	0.999547	0	0.992308	0.992570
130	0	0.999553	0.999547	0	0.992308	0.992570
140	0	0.999702	0.999696	0	0.991026	0.991303
150	0	0.999702	0.999696	0	0.991026	0.991303
160	0	0.999702	0.999696	0	0.993590	0.993853
170	0	0.999702	0.999696	0	0.993590	0.993853
180	0	0.999702	0.999696	0	0.993590	0.993853
190	0	0.999702	0.999696	0	0.993590	0.993853
200	0	0.999851	0.999851	0	0.993590	0.993853
210	0	0.999851	0.999851	0	0.993590	0.993853
220	0	0.999851	0.999851	0	0.993590	0.993853
230	0	0.999851	0.999851	0	0.993590	0.993853
240	0	0.999851	0.999851	0	0.993590	0.993853
250	0	0.999851	0.999851	0	0.993590	0.993853
260	0	0.999851	0.999851	0	0.992308	0.992529
270	0	0.999851	0.999851	0	0.992308	0.992529
280	0	0.999851	0.999851	0	0.992308	0.992529
290	0	0.999851	0.999851	0	0.992308	0.992529
300	0	0.999851	0.999851	0	0.992308	0.992529
310	0	0.999851	0.999851	0	0.992308	0.992529
320	0	1.000000	1.000000	0	0.992308	0.992529
330	0	1.000000	1.000000	0	0.992308	0.992529
340	0	1.000000	1.000000	0	0.992308	0.992529
350	0	1.000000	1.000000	0	0.992308	0.992529
360	0	1.000000	1.000000	0	0.992308	0.992529
370	0	1.000000	1.000000	0	0.992308	0.992529
380	0	1.000000	1.000000	0	0.992308	0.992529
390	0	1.000000	1.000000	0	0.992308	0.992529
400	0	1.000000	1.000000	0	0.992308	0.992529
