Learn: 1.0 Test: 0.9918032786885246
10	0.946761	0.947507	0.938525	0.938652
20	0.979148	0.979542	0.965847	0.966204
30	0.987430	0.987630	0.978142	0.978671
40	0.992310	0.992477	0.982240	0.982546
50	0.993789	0.993903	0.983607	0.983922
60	0.996007	0.996071	0.983607	0.983922
70	0.996894	0.996931	0.990437	0.990816
80	0.997634	0.997673	0.991803	0.992198
90	0.998225	0.998248	0.991803	0.992198
100	0.998817	0.998829	0.991803	0.992198
110	0.999113	0.999125	0.991803	0.992198
120	0.999113	0.999125	0.991803	0.992198
130	0.999113	0.999125	0.991803	0.992198
140	0.999408	0.999416	0.991803	0.992198
150	0.999556	0.999564	0.991803	0.992198
160	0.999556	0.999564	0.991803	0.992198
170	0.999704	0.999705	0.991803	0.992198
180	0.999704	0.999705	0.991803	0.992198
190	0.999852	0.999847	0.991803	0.992198
200	0.999852	0.999847	0.991803	0.992198
210	0.999852	0.999847	0.991803	0.992198
220	0.999852	0.999847	0.991803	0.992198
230	0.999852	0.999847	0.991803	0.992198
240	0.999852	0.999847	0.991803	0.992198
250	1.000000	1.000000	0.991803	0.992198
260	1.000000	1.000000	0.991803	0.992198
270	1.000000	1.000000	0.991803	0.992198
280	1.000000	1.000000	0.991803	0.992198
290	1.000000	1.000000	0.991803	0.992198
300	1.000000	1.000000	0.991803	0.992198
310	1.000000	1.000000	0.991803	0.992198
320	1.000000	1.000000	0.993169	0.993472
330	1.000000	1.000000	0.993169	0.993472
340	1.000000	1.000000	0.993169	0.993472
350	1.000000	1.000000	0.993169	0.993472
360	1.000000	1.000000	0.993169	0.993472
370	1.000000	1.000000	0.993169	0.993472
380	1.000000	1.000000	0.993169	0.993472
390	1.000000	1.000000	0.991803	0.991994
400	1.000000	1.000000	0.991803	0.991994
