Learn: 1.0 Test: 0.9892328398384926
10	0.950230	0.950840	0.956931	0.958138
20	0.977929	0.978305	0.971736	0.972716
30	0.987854	0.988011	0.979812	0.980721
40	0.993186	0.993257	0.982503	0.983218
50	0.995112	0.995173	0.983849	0.984513
60	0.996001	0.996052	0.986541	0.987190
70	0.997482	0.997514	0.987887	0.988520
80	0.997778	0.997797	0.987887	0.988520
90	0.998519	0.998526	0.987887	0.988520
100	0.998963	0.998965	0.987887	0.988520
110	0.998963	0.998965	0.987887	0.988520
120	0.999111	0.999113	0.987887	0.988520
130	0.999259	0.999267	0.987887	0.988520
140	0.999407	0.999410	0.989233	0.989715
150	0.999407	0.999410	0.989233	0.989715
160	0.999407	0.999410	0.989233	0.989715
170	0.999407	0.999410	0.989233	0.989715
180	0.999407	0.999410	0.989233	0.989715
190	0.999407	0.999410	0.989233	0.989715
200	0.999407	0.999410	0.987887	0.988385
210	0.999407	0.999410	0.987887	0.988385
220	0.999556	0.999553	0.987887	0.988385
230	0.999556	0.999553	0.987887	0.988255
240	0.999556	0.999553	0.989233	0.989601
250	0.999556	0.999553	0.989233	0.989601
260	0.999852	0.999851	0.989233	0.989601
270	0.999852	0.999851	0.989233	0.989601
280	0.999852	0.999851	0.989233	0.989601
290	0.999852	0.999851	0.989233	0.989715
300	0.999852	0.999851	0.989233	0.989715
310	0.999852	0.999851	0.989233	0.989715
320	0.999852	0.999851	0.989233	0.989715
330	0.999852	0.999851	0.989233	0.989715
340	0.999852	0.999851	0.989233	0.989715
350	0.999852	0.999851	0.989233	0.989715
360	1.000000	1.000000	0.989233	0.989715
370	1.000000	1.000000	0.989233	0.989715
380	1.000000	1.000000	0.989233	0.989715
390	1.000000	1.000000	0.989233	0.989715
400	1.000000	1.000000	0.989233	0.989715
