Learn: 1.0 Test: 0.989145183175034
10	0.947906	0.948603	0.945726	0.946338
20	0.979725	0.980197	0.967436	0.967561
30	0.989640	0.989877	0.979647	0.979913
40	0.992896	0.993020	0.986431	0.986699
50	0.994968	0.995054	0.989145	0.989402
60	0.996004	0.996095	0.987788	0.988049
70	0.997040	0.997122	0.987788	0.988049
80	0.997780	0.997849	0.987788	0.988049
90	0.998076	0.998132	0.986431	0.986754
100	0.998668	0.998714	0.986431	0.986754
110	0.998668	0.998714	0.986431	0.986754
120	0.999112	0.999147	0.986431	0.986754
130	0.999556	0.999570	0.986431	0.986754
140	0.999556	0.999570	0.986431	0.986754
150	0.999704	0.999711	0.986431	0.986754
160	0.999704	0.999711	0.986431	0.986754
170	0.999704	0.999711	0.987788	0.988045
180	0.999704	0.999711	0.986431	0.986754
190	0.999704	0.999711	0.986431	0.986754
200	0.999852	0.999853	0.987788	0.988049
210	0.999852	0.999853	0.986431	0.986754
220	0.999852	0.999853	0.989145	0.989440
230	0.999852	0.999853	0.989145	0.989440
240	0.999852	0.999853	0.989145	0.989440
250	0.999852	0.999853	0.989145	0.989440
260	0.999852	0.999853	0.989145	0.989440
270	0.999852	0.999853	0.989145	0.989440
280	0.999852	0.999853	0.989145	0.989440
290	0.999852	0.999853	0.989145	0.989440
300	0.999852	0.999853	0.989145	0.989440
310	0.999852	0.999853	0.989145	0.989440
320	0.999852	0.999853	0.989145	0.989440
330	1.000000	1.000000	0.989145	0.989440
340	1.000000	1.000000	0.989145	0.989440
350	1.000000	1.000000	0.989145	0.989440
360	1.000000	1.000000	0.989145	0.989440
370	1.000000	1.000000	0.989145	0.989440
380	1.000000	1.000000	0.989145	0.989440
390	1.000000	1.000000	0.989145	0.989440
400	1.000000	1.000000	0.989145	0.989440
