Learn: 1.0 Test: 0.9907407407407407
10	0.951766	0.952611	0.944444	0.945583
20	0.978629	0.979045	0.970899	0.971777
30	0.989018	0.989235	0.982804	0.983406
40	0.992431	0.992554	0.989418	0.989992
50	0.994064	0.994159	0.989418	0.989992
60	0.995696	0.995760	0.990741	0.991193
70	0.996438	0.996493	0.990741	0.991193
80	0.997774	0.997793	0.990741	0.991193
90	0.998071	0.998086	0.989418	0.989929
100	0.998071	0.998086	0.989418	0.989929
110	0.998367	0.998388	0.988095	0.988612
120	0.998813	0.998827	0.988095	0.988612
130	0.998961	0.998981	0.988095	0.988612
140	0.999258	0.999271	0.988095	0.988612
150	0.999406	0.999413	0.988095	0.988612
160	0.999406	0.999413	0.988095	0.988612
170	0.999406	0.999413	0.988095	0.988612
180	0.999406	0.999413	0.988095	0.988612
190	0.999406	0.999413	0.988095	0.988612
200	0.999406	0.999413	0.988095	0.988612
210	0.999555	0.999556	0.988095	0.988612
220	0.999703	0.999698	0.988095	0.988612
230	0.999703	0.999698	0.988095	0.988612
240	0.999703	0.999698	0.988095	0.988612
250	0.999852	0.999851	0.988095	0.988612
260	0.999852	0.999851	0.988095	0.988612
270	0.999852	0.999851	0.988095	0.988612
280	0.999852	0.999851	0.988095	0.988543
290	0.999852	0.999851	0.988095	0.988543
300	0.999852	0.999851	0.990741	0.991080
310	0.999852	0.999851	0.990741	0.991080
320	0.999852	0.999851	0.990741	0.991080
330	0.999852	0.999851	0.990741	0.991080
340	0.999852	0.999851	0.990741	0.991080
350	0.999852	0.999851	0.990741	0.991080
360	0.999852	0.999851	0.990741	0.991080
370	0.999852	0.999851	0.990741	0.991080
380	1.000000	1.000000	0.990741	0.991080
390	1.000000	1.000000	0.990741	0.991080
400	1.000000	1.000000	0.990741	0.991080
