10	0	0.965882	0.965871	0	0.943231	0.945221
20	0	0.983662	0.983623	0	0.951965	0.954892
30	0	0.989909	0.989868	0	0.956332	0.958486
40	0	0.994234	0.994210	0	0.969432	0.971534
50	0	0.995195	0.995154	0	0.969432	0.971534
60	0	0.996636	0.996614	0	0.969432	0.971534
70	0	0.997597	0.997573	0	0.973799	0.975646
80	0	0.998078	0.998056	0	0.969432	0.971501
90	0	0.998558	0.998543	0	0.969432	0.971501
100	0	0.999039	0.999031	0	0.973799	0.975441
110	0	0.999039	0.999031	0	0.978166	0.979585
120	0	0.999519	0.999515	0	0.978166	0.979585
130	0	0.999039	0.999031	0	0.978166	0.979585
140	0	1.000000	1.000000	0	0.978166	0.979585
150	0	1.000000	1.000000	0	0.978166	0.979585
160	0	1.000000	1.000000	0	0.978166	0.979585
170	0	1.000000	1.000000	0	0.982533	0.983673
180	0	1.000000	1.000000	0	0.982533	0.983673
190	0	1.000000	1.000000	0	0.982533	0.983673
200	0	1.000000	1.000000	0	0.982533	0.983673
210	0	1.000000	1.000000	0	0.982533	0.983673
220	0	1.000000	1.000000	0	0.982533	0.983673
230	0	1.000000	1.000000	0	0.982533	0.983673
240	0	1.000000	1.000000	0	0.982533	0.983673
250	0	1.000000	1.000000	0	0.982533	0.983673
260	0	1.000000	1.000000	0	0.982533	0.983673
270	0	1.000000	1.000000	0	0.982533	0.983673
280	0	1.000000	1.000000	0	0.982533	0.983673
290	0	1.000000	1.000000	0	0.982533	0.983673
300	0	1.000000	1.000000	0	0.982533	0.983673
310	0	1.000000	1.000000	0	0.982533	0.983673
320	0	1.000000	1.000000	0	0.982533	0.983673
330	0	1.000000	1.000000	0	0.982533	0.983673
340	0	1.000000	1.000000	0	0.982533	0.983673
350	0	1.000000	1.000000	0	0.982533	0.983673
