10	0	0.968360	0.968760	0	0.973214	0.973116
20	0	0.983221	0.983339	0	0.982143	0.982295
30	0	0.989933	0.989956	0	0.986607	0.986743
40	0	0.994247	0.994260	0	0.991071	0.991131
50	0	0.996165	0.996181	0	0.995536	0.995496
60	0	0.996644	0.996653	0	0.995536	0.995496
70	0	0.998562	0.998566	0	0.995536	0.995496
80	0	0.998562	0.998566	0	0.995536	0.995496
90	0	0.998562	0.998566	0	0.995536	0.995496
100	0	0.999041	0.999043	0	0.995536	0.995496
110	0	0.999041	0.999043	0	0.995536	0.995496
120	0	0.999041	0.999043	0	0.995536	0.995496
130	0	0.999041	0.999043	0	0.995536	0.995496
140	0	0.999041	0.999043	0	0.995536	0.995496
150	0	0.999521	0.999521	0	0.995536	0.995496
160	0	1.000000	1.000000	0	0.995536	0.995496
170	0	1.000000	1.000000	0	0.995536	0.995496
180	0	1.000000	1.000000	0	0.995536	0.995496
190	0	1.000000	1.000000	0	0.995536	0.995496
200	0	1.000000	1.000000	0	0.995536	0.995496
210	0	1.000000	1.000000	0	0.995536	0.995496
220	0	1.000000	1.000000	0	0.995536	0.995496
230	0	1.000000	1.000000	0	0.995536	0.995496
240	0	1.000000	1.000000	0	0.995536	0.995496
250	0	1.000000	1.000000	0	0.995536	0.995496
260	0	1.000000	1.000000	0	0.995536	0.995496
270	0	1.000000	1.000000	0	0.995536	0.995496
280	0	1.000000	1.000000	0	0.995536	0.995496
290	0	1.000000	1.000000	0	0.995536	0.995496
300	0	1.000000	1.000000	0	0.995536	0.995496
310	0	1.000000	1.000000	0	0.995536	0.995496
320	0	1.000000	1.000000	0	0.995536	0.995496
330	0	1.000000	1.000000	0	0.995536	0.995496
340	0	1.000000	1.000000	0	0.995536	0.995496
350	0	1.000000	1.000000	0	0.995536	0.995496
