10	0	0.971205	0.971300	0	0.957854	0.959661
20	0	0.981942	0.981903	0	0.977011	0.978699
30	0	0.990727	0.990625	0	0.980843	0.980900
40	0	0.993167	0.993096	0	0.980843	0.980900
50	0	0.996096	0.996076	0	0.980843	0.980900
60	0	0.997560	0.997557	0	0.984674	0.984159
70	0	0.998536	0.998531	0	0.980843	0.980900
80	0	0.999024	0.999022	0	0.980843	0.980900
90	0	0.999512	0.999519	0	0.980843	0.980900
100	0	0.999512	0.999519	0	0.980843	0.980900
110	0	1.000000	1.000000	0	0.980843	0.980900
120	0	1.000000	1.000000	0	0.980843	0.980900
130	0	1.000000	1.000000	0	0.980843	0.980900
140	0	1.000000	1.000000	0	0.980843	0.980900
150	0	1.000000	1.000000	0	0.980843	0.980900
160	0	1.000000	1.000000	0	0.980843	0.980900
170	0	1.000000	1.000000	0	0.980843	0.980900
180	0	1.000000	1.000000	0	0.980843	0.980900
190	0	1.000000	1.000000	0	0.980843	0.980900
200	0	1.000000	1.000000	0	0.980843	0.980900
210	0	1.000000	1.000000	0	0.984674	0.984969
220	0	1.000000	1.000000	0	0.984674	0.984969
230	0	1.000000	1.000000	0	0.984674	0.984969
240	0	1.000000	1.000000	0	0.984674	0.984969
250	0	1.000000	1.000000	0	0.984674	0.984969
260	0	1.000000	1.000000	0	0.984674	0.984969
270	0	1.000000	1.000000	0	0.984674	0.984969
280	0	1.000000	1.000000	0	0.984674	0.984969
290	0	1.000000	1.000000	0	0.984674	0.984969
300	0	1.000000	1.000000	0	0.984674	0.984969
310	0	1.000000	1.000000	0	0.984674	0.984969
320	0	1.000000	1.000000	0	0.984674	0.984969
330	0	1.000000	1.000000	0	0.984674	0.984969
340	0	1.000000	1.000000	0	0.984674	0.984969
350	0	1.000000	1.000000	0	0.984674	0.984969
