10	0	0.968795	0.969073	0	0.938326	0.940345
20	0	0.986558	0.986651	0	0.960352	0.962203
30	0	0.993279	0.993339	0	0.964758	0.965377
40	0	0.994239	0.994284	0	0.964758	0.966279
50	0	0.996639	0.996662	0	0.969163	0.969715
60	0	0.997120	0.997139	0	0.969163	0.969715
70	0	0.998080	0.998085	0	0.969163	0.969715
80	0	0.998560	0.998557	0	0.969163	0.969715
90	0	0.999040	0.999031	0	0.969163	0.969715
100	0	0.999520	0.999515	0	0.969163	0.968997
110	0	0.999520	0.999515	0	0.969163	0.968997
120	0	0.999520	0.999515	0	0.969163	0.968997
130	0	0.999520	0.999515	0	0.969163	0.968997
140	0	0.999520	0.999515	0	0.969163	0.968997
150	0	0.999520	0.999515	0	0.969163	0.968997
160	0	0.999520	0.999515	0	0.969163	0.968997
170	0	0.999520	0.999515	0	0.973568	0.973245
180	0	1.000000	1.000000	0	0.973568	0.973245
190	0	1.000000	1.000000	0	0.973568	0.973245
200	0	1.000000	1.000000	0	0.973568	0.973245
210	0	1.000000	1.000000	0	0.973568	0.973245
220	0	1.000000	1.000000	0	0.973568	0.973245
230	0	1.000000	1.000000	0	0.973568	0.973245
240	0	1.000000	1.000000	0	0.973568	0.973245
250	0	1.000000	1.000000	0	0.973568	0.973245
260	0	1.000000	1.000000	0	0.973568	0.973245
270	0	1.000000	1.000000	0	0.973568	0.973245
280	0	1.000000	1.000000	0	0.973568	0.973245
290	0	1.000000	1.000000	0	0.973568	0.973611
300	0	1.000000	1.000000	0	0.973568	0.973245
310	0	1.000000	1.000000	0	0.973568	0.973611
320	0	1.000000	1.000000	0	0.973568	0.973611
330	0	1.000000	1.000000	0	0.973568	0.973611
340	0	1.000000	1.000000	0	0.973568	0.973611
350	0	1.000000	1.000000	0	0.973568	0.973611
