10	0	0.968004	0.968161	0	0.967593	0.966890
20	0	0.982808	0.982945	0	0.962963	0.961899
30	0	0.988061	0.988146	0	0.972222	0.970836
40	0	0.993314	0.993365	0	0.972222	0.970836
50	0	0.995224	0.995267	0	0.972222	0.970836
60	0	0.995702	0.995734	0	0.972222	0.970836
70	0	0.997135	0.997155	0	0.972222	0.970836
80	0	0.998090	0.998105	0	0.976852	0.975808
90	0	0.998567	0.998582	0	0.976852	0.975808
100	0	0.999045	0.999053	0	0.976852	0.975808
110	0	0.999522	0.999526	0	0.976852	0.975808
120	0	1.000000	1.000000	0	0.976852	0.975808
130	0	1.000000	1.000000	0	0.976852	0.975808
140	0	1.000000	1.000000	0	0.976852	0.975808
150	0	1.000000	1.000000	0	0.976852	0.975808
160	0	1.000000	1.000000	0	0.976852	0.975808
170	0	1.000000	1.000000	0	0.976852	0.975808
180	0	1.000000	1.000000	0	0.976852	0.975808
190	0	1.000000	1.000000	0	0.981481	0.980799
200	0	1.000000	1.000000	0	0.981481	0.980799
210	0	1.000000	1.000000	0	0.981481	0.980799
220	0	1.000000	1.000000	0	0.981481	0.980799
230	0	1.000000	1.000000	0	0.981481	0.980799
240	0	1.000000	1.000000	0	0.981481	0.980799
250	0	1.000000	1.000000	0	0.981481	0.980799
260	0	1.000000	1.000000	0	0.981481	0.980799
270	0	1.000000	1.000000	0	0.981481	0.980799
280	0	1.000000	1.000000	0	0.981481	0.980799
290	0	1.000000	1.000000	0	0.981481	0.980799
300	0	1.000000	1.000000	0	0.981481	0.980799
310	0	1.000000	1.000000	0	0.981481	0.980799
320	0	1.000000	1.000000	0	0.981481	0.980799
330	0	1.000000	1.000000	0	0.981481	0.980799
340	0	1.000000	1.000000	0	0.981481	0.980799
350	0	1.000000	1.000000	0	0.981481	0.980799
