10	0	0.969142	0.969784	0	0.932203	0.932938
20	0	0.985535	0.985669	0	0.961864	0.962951
30	0	0.990839	0.990904	0	0.966102	0.967047
40	0	0.993732	0.993770	0	0.966102	0.967047
50	0	0.994696	0.994724	0	0.966102	0.967047
60	0	0.996625	0.996646	0	0.966102	0.967047
70	0	0.997107	0.997124	0	0.966102	0.967047
80	0	0.998554	0.998563	0	0.966102	0.967047
90	0	0.998554	0.998563	0	0.966102	0.967047
100	0	0.998554	0.998563	0	0.966102	0.967047
110	0	0.999036	0.999041	0	0.966102	0.967047
120	0	0.999036	0.999041	0	0.966102	0.967047
130	0	0.999036	0.999041	0	0.966102	0.967047
140	0	0.999518	0.999520	0	0.966102	0.967047
150	0	0.999518	0.999520	0	0.966102	0.967047
160	0	1.000000	1.000000	0	0.966102	0.967047
170	0	1.000000	1.000000	0	0.966102	0.967047
180	0	1.000000	1.000000	0	0.966102	0.967047
190	0	1.000000	1.000000	0	0.966102	0.967047
200	0	1.000000	1.000000	0	0.966102	0.967047
210	0	1.000000	1.000000	0	0.966102	0.967047
220	0	1.000000	1.000000	0	0.966102	0.967047
230	0	1.000000	1.000000	0	0.966102	0.967047
240	0	1.000000	1.000000	0	0.966102	0.967047
250	0	1.000000	1.000000	0	0.966102	0.967047
260	0	1.000000	1.000000	0	0.966102	0.967047
270	0	1.000000	1.000000	0	0.966102	0.967047
280	0	1.000000	1.000000	0	0.966102	0.967047
290	0	1.000000	1.000000	0	0.966102	0.967047
300	0	1.000000	1.000000	0	0.966102	0.967047
310	0	1.000000	1.000000	0	0.966102	0.967047
320	0	1.000000	1.000000	0	0.966102	0.967047
330	0	1.000000	1.000000	0	0.966102	0.967047
340	0	1.000000	1.000000	0	0.966102	0.967047
350	0	1.000000	1.000000	0	0.966102	0.967047
