10	0	0.966249	0.966393	0	0.953390	0.956860
20	0	0.982160	0.982173	0	0.978814	0.980843
30	0	0.989392	0.989332	0	0.983051	0.984846
40	0	0.992768	0.992733	0	0.983051	0.984846
50	0	0.994696	0.994668	0	0.983051	0.984846
60	0	0.995661	0.995647	0	0.983051	0.984846
70	0	0.996625	0.996618	0	0.983051	0.984846
80	0	0.998554	0.998553	0	0.983051	0.984846
90	0	0.999518	0.999517	0	0.983051	0.984846
100	0	0.999518	0.999517	0	0.983051	0.984846
110	0	0.999518	0.999517	0	0.983051	0.984846
120	0	0.999518	0.999517	0	0.983051	0.984846
130	0	0.999518	0.999517	0	0.983051	0.984846
140	0	1.000000	1.000000	0	0.983051	0.984846
150	0	1.000000	1.000000	0	0.983051	0.984846
160	0	1.000000	1.000000	0	0.983051	0.984846
170	0	1.000000	1.000000	0	0.983051	0.984846
180	0	1.000000	1.000000	0	0.983051	0.984846
190	0	1.000000	1.000000	0	0.983051	0.984846
200	0	1.000000	1.000000	0	0.983051	0.984846
210	0	1.000000	1.000000	0	0.983051	0.984846
220	0	1.000000	1.000000	0	0.983051	0.984846
230	0	1.000000	1.000000	0	0.983051	0.984846
240	0	1.000000	1.000000	0	0.983051	0.984846
250	0	1.000000	1.000000	0	0.983051	0.984846
260	0	1.000000	1.000000	0	0.983051	0.984846
270	0	1.000000	1.000000	0	0.983051	0.984846
280	0	1.000000	1.000000	0	0.983051	0.984846
290	0	1.000000	1.000000	0	0.983051	0.984846
300	0	1.000000	1.000000	0	0.983051	0.984846
310	0	1.000000	1.000000	0	0.983051	0.984846
320	0	1.000000	1.000000	0	0.983051	0.984846
330	0	1.000000	1.000000	0	0.983051	0.984846
340	0	1.000000	1.000000	0	0.983051	0.984846
350	0	1.000000	1.000000	0	0.983051	0.984846
