10	0	0.972302	0.972820	0	0.972222	0.966637
20	0	0.984241	0.984526	0	0.972222	0.968660
30	0	0.990449	0.990601	0	0.976852	0.973071
40	0	0.994747	0.994827	0	0.976852	0.973071
50	0	0.996180	0.996242	0	0.981481	0.978449
60	0	0.997612	0.997649	0	0.981481	0.978449
70	0	0.998090	0.998123	0	0.976852	0.972270
80	0	0.999045	0.999058	0	0.976852	0.972270
90	0	0.999045	0.999058	0	0.976852	0.972270
100	0	0.999045	0.999058	0	0.976852	0.972270
110	0	0.999045	0.999058	0	0.976852	0.972270
120	0	0.999045	0.999058	0	0.976852	0.972270
130	0	0.999045	0.999058	0	0.976852	0.972270
140	0	0.999522	0.999528	0	0.976852	0.972270
150	0	1.000000	1.000000	0	0.976852	0.972270
160	0	1.000000	1.000000	0	0.976852	0.972270
170	0	1.000000	1.000000	0	0.976852	0.972270
180	0	1.000000	1.000000	0	0.976852	0.972270
190	0	1.000000	1.000000	0	0.976852	0.972270
200	0	1.000000	1.000000	0	0.976852	0.972270
210	0	1.000000	1.000000	0	0.976852	0.972270
220	0	1.000000	1.000000	0	0.976852	0.972270
230	0	1.000000	1.000000	0	0.976852	0.972270
240	0	1.000000	1.000000	0	0.976852	0.972270
250	0	1.000000	1.000000	0	0.976852	0.973286
260	0	1.000000	1.000000	0	0.976852	0.973286
270	0	1.000000	1.000000	0	0.976852	0.973286
280	0	1.000000	1.000000	0	0.976852	0.973286
290	0	1.000000	1.000000	0	0.976852	0.973286
300	0	1.000000	1.000000	0	0.976852	0.973286
310	0	1.000000	1.000000	0	0.976852	0.973286
320	0	1.000000	1.000000	0	0.976852	0.973286
330	0	1.000000	1.000000	0	0.976852	0.973286
340	0	1.000000	1.000000	0	0.976852	0.973286
350	0	1.000000	1.000000	0	0.976852	0.973286
