Learn: 1.0 Test: 0.9955357142857143
10	0.968360	0.968760	0.973214	0.973116
20	0.983221	0.983339	0.982143	0.982295
30	0.989933	0.989956	0.986607	0.986743
40	0.994247	0.994260	0.991071	0.991131
50	0.996165	0.996181	0.995536	0.995496
60	0.996644	0.996653	0.995536	0.995496
70	0.998562	0.998566	0.995536	0.995496
80	0.998562	0.998566	0.995536	0.995496
90	0.998562	0.998566	0.995536	0.995496
100	0.999041	0.999043	0.995536	0.995496
110	0.999041	0.999043	0.995536	0.995496
120	0.999041	0.999043	0.995536	0.995496
130	0.999041	0.999043	0.995536	0.995496
140	0.999041	0.999043	0.995536	0.995496
150	0.999521	0.999521	0.995536	0.995496
160	1.000000	1.000000	0.995536	0.995496
170	1.000000	1.000000	0.995536	0.995496
180	1.000000	1.000000	0.995536	0.995496
190	1.000000	1.000000	0.995536	0.995496
200	1.000000	1.000000	0.995536	0.995496
210	1.000000	1.000000	0.995536	0.995496
220	1.000000	1.000000	0.995536	0.995496
230	1.000000	1.000000	0.995536	0.995496
240	1.000000	1.000000	0.995536	0.995496
250	1.000000	1.000000	0.995536	0.995496
260	1.000000	1.000000	0.995536	0.995496
270	1.000000	1.000000	0.995536	0.995496
280	1.000000	1.000000	0.995536	0.995496
290	1.000000	1.000000	0.995536	0.995496
300	1.000000	1.000000	0.995536	0.995496
310	1.000000	1.000000	0.995536	0.995496
320	1.000000	1.000000	0.995536	0.995496
330	1.000000	1.000000	0.995536	0.995496
340	1.000000	1.000000	0.995536	0.995496
350	1.000000	1.000000	0.995536	0.995496
