Learn: 1.0 Test: 0.9911504424778761
10	0.970250	0.970437	0.955752	0.954967
20	0.982246	0.982387	0.973451	0.972689
30	0.991843	0.991919	0.973451	0.972689
40	0.993282	0.993329	0.973451	0.972689
50	0.995681	0.995716	0.977876	0.977566
60	0.996641	0.996665	0.977876	0.977566
70	0.997601	0.997611	0.977876	0.977566
80	0.999040	0.999054	0.982301	0.982094
90	0.999040	0.999054	0.982301	0.982094
100	0.999040	0.999054	0.977876	0.977269
110	0.999520	0.999526	0.982301	0.981734
120	0.999520	0.999526	0.982301	0.981734
130	0.999520	0.999526	0.977876	0.977269
140	1.000000	1.000000	0.982301	0.981734
150	1.000000	1.000000	0.986726	0.986495
160	1.000000	1.000000	0.986726	0.986495
170	1.000000	1.000000	0.986726	0.986495
180	1.000000	1.000000	0.986726	0.986495
190	1.000000	1.000000	0.986726	0.986495
200	1.000000	1.000000	0.986726	0.986495
210	1.000000	1.000000	0.986726	0.986495
220	1.000000	1.000000	0.986726	0.986495
230	1.000000	1.000000	0.986726	0.986495
240	1.000000	1.000000	0.986726	0.986495
250	1.000000	1.000000	0.986726	0.986495
260	1.000000	1.000000	0.986726	0.986270
270	1.000000	1.000000	0.991150	0.991027
280	1.000000	1.000000	0.986726	0.986270
290	1.000000	1.000000	0.986726	0.986270
300	1.000000	1.000000	0.991150	0.991027
310	1.000000	1.000000	0.991150	0.991027
320	1.000000	1.000000	0.991150	0.991027
330	1.000000	1.000000	0.991150	0.991027
340	1.000000	1.000000	0.991150	0.991027
350	1.000000	1.000000	0.991150	0.991027
