Learn: 1.0 Test: 0.9814814814814815
10	0.968004	0.968161	0.967593	0.966890
20	0.982808	0.982945	0.962963	0.961899
30	0.988061	0.988146	0.972222	0.970836
40	0.993314	0.993365	0.972222	0.970836
50	0.995224	0.995267	0.972222	0.970836
60	0.995702	0.995734	0.972222	0.970836
70	0.997135	0.997155	0.972222	0.970836
80	0.998090	0.998105	0.976852	0.975808
90	0.998567	0.998582	0.976852	0.975808
100	0.999045	0.999053	0.976852	0.975808
110	0.999522	0.999526	0.976852	0.975808
120	1.000000	1.000000	0.976852	0.975808
130	1.000000	1.000000	0.976852	0.975808
140	1.000000	1.000000	0.976852	0.975808
150	1.000000	1.000000	0.976852	0.975808
160	1.000000	1.000000	0.976852	0.975808
170	1.000000	1.000000	0.976852	0.975808
180	1.000000	1.000000	0.976852	0.975808
190	1.000000	1.000000	0.981481	0.980799
200	1.000000	1.000000	0.981481	0.980799
210	1.000000	1.000000	0.981481	0.980799
220	1.000000	1.000000	0.981481	0.980799
230	1.000000	1.000000	0.981481	0.980799
240	1.000000	1.000000	0.981481	0.980799
250	1.000000	1.000000	0.981481	0.980799
260	1.000000	1.000000	0.981481	0.980799
270	1.000000	1.000000	0.981481	0.980799
280	1.000000	1.000000	0.981481	0.980799
290	1.000000	1.000000	0.981481	0.980799
300	1.000000	1.000000	0.981481	0.980799
310	1.000000	1.000000	0.981481	0.980799
320	1.000000	1.000000	0.981481	0.980799
330	1.000000	1.000000	0.981481	0.980799
340	1.000000	1.000000	0.981481	0.980799
350	1.000000	1.000000	0.981481	0.980799
