Learn: 1.0 Test: 0.973568281938326
10	0.968795	0.969073	0.938326	0.940345
20	0.986558	0.986651	0.960352	0.962203
30	0.993279	0.993339	0.964758	0.965377
40	0.994239	0.994284	0.964758	0.966279
50	0.996639	0.996662	0.969163	0.969715
60	0.997120	0.997139	0.969163	0.969715
70	0.998080	0.998085	0.969163	0.969715
80	0.998560	0.998557	0.969163	0.969715
90	0.999040	0.999031	0.969163	0.969715
100	0.999520	0.999515	0.969163	0.968997
110	0.999520	0.999515	0.969163	0.968997
120	0.999520	0.999515	0.969163	0.968997
130	0.999520	0.999515	0.969163	0.968997
140	0.999520	0.999515	0.969163	0.968997
150	0.999520	0.999515	0.969163	0.968997
160	0.999520	0.999515	0.969163	0.968997
170	0.999520	0.999515	0.973568	0.973245
180	1.000000	1.000000	0.973568	0.973245
190	1.000000	1.000000	0.973568	0.973245
200	1.000000	1.000000	0.973568	0.973245
210	1.000000	1.000000	0.973568	0.973245
220	1.000000	1.000000	0.973568	0.973245
230	1.000000	1.000000	0.973568	0.973245
240	1.000000	1.000000	0.973568	0.973245
250	1.000000	1.000000	0.973568	0.973245
260	1.000000	1.000000	0.973568	0.973245
270	1.000000	1.000000	0.973568	0.973245
280	1.000000	1.000000	0.973568	0.973245
290	1.000000	1.000000	0.973568	0.973611
300	1.000000	1.000000	0.973568	0.973245
310	1.000000	1.000000	0.973568	0.973611
320	1.000000	1.000000	0.973568	0.973611
330	1.000000	1.000000	0.973568	0.973611
340	1.000000	1.000000	0.973568	0.973611
350	1.000000	1.000000	0.973568	0.973611
