Learn: 1.0 Test: 0.9768518518518519
10	0.972302	0.972820	0.972222	0.966637
20	0.984241	0.984526	0.972222	0.968660
30	0.990449	0.990601	0.976852	0.973071
40	0.994747	0.994827	0.976852	0.973071
50	0.996180	0.996242	0.981481	0.978449
60	0.997612	0.997649	0.981481	0.978449
70	0.998090	0.998123	0.976852	0.972270
80	0.999045	0.999058	0.976852	0.972270
90	0.999045	0.999058	0.976852	0.972270
100	0.999045	0.999058	0.976852	0.972270
110	0.999045	0.999058	0.976852	0.972270
120	0.999045	0.999058	0.976852	0.972270
130	0.999045	0.999058	0.976852	0.972270
140	0.999522	0.999528	0.976852	0.972270
150	1.000000	1.000000	0.976852	0.972270
160	1.000000	1.000000	0.976852	0.972270
170	1.000000	1.000000	0.976852	0.972270
180	1.000000	1.000000	0.976852	0.972270
190	1.000000	1.000000	0.976852	0.972270
200	1.000000	1.000000	0.976852	0.972270
210	1.000000	1.000000	0.976852	0.972270
220	1.000000	1.000000	0.976852	0.972270
230	1.000000	1.000000	0.976852	0.972270
240	1.000000	1.000000	0.976852	0.972270
250	1.000000	1.000000	0.976852	0.973286
260	1.000000	1.000000	0.976852	0.973286
270	1.000000	1.000000	0.976852	0.973286
280	1.000000	1.000000	0.976852	0.973286
290	1.000000	1.000000	0.976852	0.973286
300	1.000000	1.000000	0.976852	0.973286
310	1.000000	1.000000	0.976852	0.973286
320	1.000000	1.000000	0.976852	0.973286
330	1.000000	1.000000	0.976852	0.973286
340	1.000000	1.000000	0.976852	0.973286
350	1.000000	1.000000	0.976852	0.973286
