Learn: 1.0 Test: 0.9830508474576272
10	0.966249	0.966393	0.953390	0.956860
20	0.982160	0.982173	0.978814	0.980843
30	0.989392	0.989332	0.983051	0.984846
40	0.992768	0.992733	0.983051	0.984846
50	0.994696	0.994668	0.983051	0.984846
60	0.995661	0.995647	0.983051	0.984846
70	0.996625	0.996618	0.983051	0.984846
80	0.998554	0.998553	0.983051	0.984846
90	0.999518	0.999517	0.983051	0.984846
100	0.999518	0.999517	0.983051	0.984846
110	0.999518	0.999517	0.983051	0.984846
120	0.999518	0.999517	0.983051	0.984846
130	0.999518	0.999517	0.983051	0.984846
140	1.000000	1.000000	0.983051	0.984846
150	1.000000	1.000000	0.983051	0.984846
160	1.000000	1.000000	0.983051	0.984846
170	1.000000	1.000000	0.983051	0.984846
180	1.000000	1.000000	0.983051	0.984846
190	1.000000	1.000000	0.983051	0.984846
200	1.000000	1.000000	0.983051	0.984846
210	1.000000	1.000000	0.983051	0.984846
220	1.000000	1.000000	0.983051	0.984846
230	1.000000	1.000000	0.983051	0.984846
240	1.000000	1.000000	0.983051	0.984846
250	1.000000	1.000000	0.983051	0.984846
260	1.000000	1.000000	0.983051	0.984846
270	1.000000	1.000000	0.983051	0.984846
280	1.000000	1.000000	0.983051	0.984846
290	1.000000	1.000000	0.983051	0.984846
300	1.000000	1.000000	0.983051	0.984846
310	1.000000	1.000000	0.983051	0.984846
320	1.000000	1.000000	0.983051	0.984846
330	1.000000	1.000000	0.983051	0.984846
340	1.000000	1.000000	0.983051	0.984846
350	1.000000	1.000000	0.983051	0.984846
