Learn: 1.0 Test: 0.9661016949152542
10	0.969142	0.969784	0.932203	0.932938
20	0.985535	0.985669	0.961864	0.962951
30	0.990839	0.990904	0.966102	0.967047
40	0.993732	0.993770	0.966102	0.967047
50	0.994696	0.994724	0.966102	0.967047
60	0.996625	0.996646	0.966102	0.967047
70	0.997107	0.997124	0.966102	0.967047
80	0.998554	0.998563	0.966102	0.967047
90	0.998554	0.998563	0.966102	0.967047
100	0.998554	0.998563	0.966102	0.967047
110	0.999036	0.999041	0.966102	0.967047
120	0.999036	0.999041	0.966102	0.967047
130	0.999036	0.999041	0.966102	0.967047
140	0.999518	0.999520	0.966102	0.967047
150	0.999518	0.999520	0.966102	0.967047
160	1.000000	1.000000	0.966102	0.967047
170	1.000000	1.000000	0.966102	0.967047
180	1.000000	1.000000	0.966102	0.967047
190	1.000000	1.000000	0.966102	0.967047
200	1.000000	1.000000	0.966102	0.967047
210	1.000000	1.000000	0.966102	0.967047
220	1.000000	1.000000	0.966102	0.967047
230	1.000000	1.000000	0.966102	0.967047
240	1.000000	1.000000	0.966102	0.967047
250	1.000000	1.000000	0.966102	0.967047
260	1.000000	1.000000	0.966102	0.967047
270	1.000000	1.000000	0.966102	0.967047
280	1.000000	1.000000	0.966102	0.967047
290	1.000000	1.000000	0.966102	0.967047
300	1.000000	1.000000	0.966102	0.967047
310	1.000000	1.000000	0.966102	0.967047
320	1.000000	1.000000	0.966102	0.967047
330	1.000000	1.000000	0.966102	0.967047
340	1.000000	1.000000	0.966102	0.967047
350	1.000000	1.000000	0.966102	0.967047
