10	0.395259	0.741702	0.704435	0.397009	0.742355	0.704543
20	0.460833	0.781328	0.742588	0.459617	0.780030	0.740876
30	0.493976	0.799745	0.759905	0.489785	0.793546	0.753399
40	0.524775	0.814445	0.773420	0.518663	0.806048	0.764568
50	0.546702	0.823931	0.781876	0.537592	0.815340	0.772680
60	0.562986	0.830791	0.788132	0.552485	0.823112	0.779963
70	0.577933	0.836505	0.793111	0.564515	0.826491	0.782694
80	0.590394	0.841053	0.797174	0.576508	0.832742	0.788519
90	0.600444	0.845232	0.800919	0.586024	0.835276	0.790723
100	0.609397	0.848061	0.803610	0.593967	0.838824	0.794104
110	0.617068	0.850983	0.806138	0.600413	0.842541	0.797254
120	0.625969	0.853923	0.808868	0.607636	0.843555	0.798079
130	0.633048	0.856715	0.811363	0.613035	0.845075	0.799347
140	0.639284	0.858546	0.813084	0.618387	0.847103	0.801240
150	0.645142	0.860746	0.815195	0.623464	0.847440	0.801451
160	0.652954	0.862133	0.816482	0.630606	0.848623	0.854648
170	0.664845	0.870934	0.876463	0.641159	0.858591	0.863678
180	0.669667	0.872654	0.878204	0.644105	0.861463	0.866503
190	0.687224	0.903608	0.906344	0.660056	0.891536	0.894110
200	0.694922	0.909303	0.911606	0.666807	0.896604	0.898836
210	0.699598	0.911559	0.913803	0.670700	0.897618	0.899802
220	0.712949	0.923873	0.925262	0.682945	0.908262	0.909598
230	0.717167	0.925075	0.926478	0.686321	0.908937	0.910283
240	0.725211	0.929458	0.930618	0.693619	0.912992	0.914025
250	0.729040	0.930844	0.932000	0.696971	0.914682	0.915742
260	0.739712	0.936410	0.937309	0.706275	0.920764	0.921426
270	0.743660	0.937834	0.938684	0.709095	0.921777	0.922423
280	0.746411	0.938759	0.939623	0.710800	0.921102	0.921724
290	0.754579	0.941865	0.942582	0.717977	0.924480	0.924864
300	0.757453	0.942790	0.943473	0.720161	0.926170	0.926622
310	0.764396	0.945508	0.946134	0.725705	0.926846	0.927184
320	0.769015	0.947357	0.947918	0.729855	0.928197	0.928528
330	0.772163	0.948540	0.949073	0.731895	0.929211	0.929593
340	0.779841	0.950888	0.951366	0.738554	0.930900	0.931057
350	0.782410	0.951832	0.952290	0.739960	0.931576	0.931729
360	0.784745	0.952331	0.952782	0.741773	0.931914	0.932048
370	0.792036	0.954069	0.954455	0.748340	0.934617	0.934689
380	0.794186	0.954624	0.954999	0.749861	0.934786	0.934834
390	0.796762	0.955696	0.956068	0.752016	0.935969	0.936031
400	0.803342	0.957490	0.957793	0.757493	0.936983	0.937020
410	0.805300	0.957933	0.958242	0.758775	0.937827	0.937851
420	0.810183	0.959413	0.959675	0.762930	0.939348	0.939354
430	0.812776	0.960041	0.960300	0.765202	0.939686	0.939648
440	0.814623	0.961021	0.961265	0.767086	0.940193	0.940147
450	0.819232	0.962279	0.962474	0.770843	0.940868	0.940804
460	0.821323	0.962686	0.962875	0.772264	0.941375	0.941272
470	0.823484	0.963444	0.963628	0.773942	0.942220	0.942134
480	0.828145	0.964498	0.964641	0.777852	0.942727	0.942619
490	0.830004	0.965311	0.965452	0.779229	0.943909	0.943814
500	0.833390	0.966180	0.966311	0.781969	0.943403	0.943268
510	0.835247	0.966698	0.966845	0.782715	0.944247	0.944124
520	0.839072	0.967493	0.967606	0.785854	0.944416	0.944268
530	0.840672	0.968103	0.968230	0.786810	0.945092	0.944964
540	0.844911	0.969120	0.969228	0.790380	0.945937	0.945726
550	0.846576	0.969694	0.969773	0.791401	0.946613	0.946399
560	0.848482	0.970193	0.970278	0.792943	0.947288	0.947056
570	0.851376	0.970932	0.971013	0.795312	0.947626	0.947409
580	0.853319	0.971376	0.971449	0.796993	0.947626	0.947409
590	0.855778	0.972264	0.972330	0.798656	0.946950	0.946687
600	0.857150	0.972615	0.972683	0.799678	0.947457	0.947213
610	0.860449	0.973170	0.973221	0.802585	0.948471	0.948160
620	0.861959	0.973632	0.973686	0.803823	0.948133	0.947845
630	0.864442	0.974020	0.974077	0.805604	0.949147	0.948834
640	0.867060	0.974723	0.974756	0.807832	0.948978	0.948642
650	0.868542	0.974908	0.974940	0.809089	0.950161	0.949836
660	0.870446	0.975370	0.975402	0.810711	0.949823	0.949495
670	0.871844	0.975833	0.975855	0.811713	0.950161	0.949853
680	0.873836	0.976276	0.976294	0.813248	0.950836	0.950490
690	0.875087	0.976960	0.976976	0.814034	0.950329	0.950028
700	0.877594	0.977367	0.977379	0.815938	0.951005	0.950690
710	0.879637	0.977922	0.977921	0.817612	0.951343	0.951020
720	0.881232	0.978403	0.978398	0.819094	0.951681	0.951363
730	0.882881	0.978810	0.978807	0.820356	0.951512	0.951199
740	0.884294	0.979346	0.979346	0.821274	0.952357	0.952048
750	0.885965	0.979753	0.979750	0.822550	0.952188	0.951855
760	0.887728	0.980215	0.980208	0.824130	0.952188	0.951868
770	0.889395	0.980455	0.980451	0.825492	0.953033	0.952704
780	0.890781	0.980825	0.980806	0.826557	0.953371	0.953062
790	0.892390	0.981176	0.981148	0.827791	0.953708	0.953388
800	0.893584	0.981324	0.981303	0.828631	0.954553	0.954220
810	0.895329	0.981768	0.981756	0.830145	0.954215	0.953882
820	0.896916	0.982249	0.982226	0.831600	0.954553	0.954224
830	0.897964	0.982563	0.982546	0.832227	0.954722	0.954370
840	0.899812	0.983062	0.983043	0.833826	0.955060	0.954734
850	0.901212	0.983340	0.983312	0.834996	0.955398	0.955078
860	0.902514	0.983728	0.983709	0.835977	0.955736	0.955401
870	0.903904	0.984098	0.984081	0.837080	0.955736	0.955414
880	0.904780	0.984357	0.984341	0.837806	0.956074	0.955760
890	0.906015	0.984653	0.984633	0.838661	0.956243	0.955908
900	0.907315	0.985041	0.985020	0.839653	0.956243	0.955910
910	0.908256	0.985281	0.985261	0.840442	0.956243	0.955898
920	0.909734	0.985670	0.985644	0.841434	0.956243	0.955898
930	0.910957	0.985892	0.985861	0.842427	0.956243	0.955901
940	0.911776	0.986206	0.986181	0.843275	0.956412	0.956083
950	0.912855	0.986483	0.986458	0.844095	0.956581	0.956250
960	0.914091	0.986705	0.986681	0.845136	0.956918	0.956599
970	0.914998	0.987001	0.986978	0.845798	0.957256	0.956935
980	0.915958	0.987130	0.987107	0.846320	0.956918	0.956585
990	0.917181	0.987315	0.987293	0.847229	0.957932	0.957610
1000	0.918155	0.987556	0.987535	0.848111	0.957932	0.957610
1010	0.919385	0.987833	0.987810	0.849138	0.958608	0.958286
1020	0.920041	0.988073	0.988048	0.849655	0.958946	0.958628
1030	0.921005	0.988240	0.988216	0.850372	0.958608	0.958293
1040	0.921757	0.988351	0.988326	0.851097	0.958946	0.958639
1050	0.922787	0.988591	0.988566	0.851872	0.958946	0.958639
1060	0.923887	0.988776	0.988750	0.852672	0.959284	0.958978
1070	0.924976	0.989016	0.988989	0.853651	0.959622	0.959312
1080	0.925729	0.989164	0.989137	0.854216	0.959791	0.959477
1090	0.926696	0.989442	0.989416	0.855029	0.959791	0.959458
1100	0.927422	0.989645	0.989616	0.855681	0.959791	0.959470
1110	0.928226	0.989756	0.989728	0.856404	0.959622	0.959295
1120	0.928939	0.990052	0.990026	0.856941	0.960128	0.959802
1130	0.929665	0.990218	0.990193	0.857474	0.960297	0.959978
1140	0.930476	0.990440	0.990414	0.857979	0.960804	0.960492
1150	0.931250	0.990699	0.990670	0.858500	0.960804	0.960496
1160	0.932124	0.990755	0.990729	0.859122	0.960804	0.960484
1170	0.932893	0.991013	0.990986	0.859749	0.961142	0.960835
1180	0.933622	0.991106	0.991077	0.860202	0.960804	0.960468
1190	0.934595	0.991402	0.991375	0.860970	0.961142	0.960838
1200	0.935355	0.991568	0.991545	0.861356	0.961142	0.960841
1210	0.936208	0.991716	0.991696	0.862022	0.961480	0.961179
1220	0.936868	0.991846	0.991825	0.862530	0.961649	0.961336
1230	0.937581	0.992012	0.991987	0.863105	0.961987	0.961678
1240	0.938263	0.992160	0.992135	0.863501	0.961649	0.961318
1250	0.938855	0.992308	0.992283	0.864025	0.961818	0.961499
1260	0.939508	0.992419	0.992393	0.864501	0.961818	0.961506
1270	0.940115	0.992604	0.992579	0.864917	0.961818	0.961506
1280	0.940662	0.992752	0.992726	0.865308	0.961649	0.961324
1290	0.941227	0.992937	0.992914	0.865657	0.961480	0.961163
1300	0.941752	0.992974	0.992949	0.866031	0.961649	0.961316
1310	0.942322	0.993066	0.993043	0.866403	0.961649	0.961325
1320	0.942998	0.993251	0.993229	0.866897	0.961311	0.960989
1330	0.943609	0.993454	0.993431	0.867198	0.961818	0.961503
1340	0.944300	0.993584	0.993561	0.867761	0.961987	0.961682
1350	0.944970	0.993639	0.993616	0.868312	0.962156	0.961852
1360	0.945434	0.993695	0.993673	0.868607	0.962494	0.962182
1370	0.946009	0.993787	0.993763	0.869018	0.962494	0.962197
1380	0.946538	0.993898	0.993875	0.869309	0.962494	0.962191
1390	0.947139	0.993935	0.993912	0.869832	0.962663	0.962366
1400	0.947644	0.994027	0.994003	0.870134	0.962663	0.962365
1410	0.948145	0.994101	0.994076	0.870625	0.962832	0.962528
1420	0.948726	0.994175	0.994151	0.871153	0.963169	0.962868
1430	0.949134	0.994231	0.994207	0.871418	0.963338	0.963036
1440	0.949452	0.994268	0.994245	0.871643	0.963507	0.963209
1450	0.950005	0.994397	0.994376	0.872036	0.963507	0.963207
1460	0.950415	0.994397	0.994377	0.872373	0.963507	0.963205
1470	0.950871	0.994508	0.994484	0.872672	0.963338	0.963028
1480	0.951278	0.994619	0.994597	0.872927	0.963676	0.963381
1490	0.951855	0.994712	0.994689	0.873450	0.964014	0.963721
1500	0.952233	0.994786	0.994767	0.873696	0.963845	0.963542
1510	0.952634	0.994915	0.994894	0.873946	0.963676	0.963373
1520	0.953050	0.994952	0.994932	0.874140	0.963845	0.963545
1530	0.953468	0.994989	0.994967	0.874467	0.964014	0.963717
1540	0.953937	0.995174	0.995151	0.874732	0.964014	0.963717
1550	0.954277	0.995211	0.995188	0.874963	0.963676	0.963370
1560	0.954547	0.995285	0.995264	0.875162	0.963676	0.963365
1570	0.954897	0.995322	0.995301	0.875355	0.963845	0.963527
1580	0.955333	0.995396	0.995376	0.875621	0.963676	0.963358
1590	0.955804	0.995507	0.995485	0.875895	0.963676	0.963358
1600	0.956197	0.995581	0.995561	0.876176	0.963676	0.963353
1610	0.956667	0.995710	0.995691	0.876565	0.964014	0.963699
1620	0.957029	0.995766	0.995747	0.876820	0.964014	0.963699
1630	0.957350	0.995821	0.995801	0.877135	0.964183	0.963871
1640	0.957677	0.995858	0.995838	0.877424	0.964014	0.963694
1650	0.957983	0.995895	0.995878	0.877644	0.964183	0.963865
1660	0.958334	0.995969	0.995952	0.877968	0.964014	0.963694
1670	0.958650	0.995988	0.995971	0.878187	0.964014	0.963694
1680	0.958960	0.996024	0.996008	0.878426	0.963845	0.963520
1690	0.959284	0.996080	0.996064	0.878727	0.963676	0.963350
1700	0.959643	0.996135	0.996119	0.878893	0.964014	0.963677
1710	0.959969	0.996191	0.996177	0.879135	0.964183	0.963846
1720	0.960254	0.996320	0.996308	0.879333	0.963845	0.963507
1730	0.960542	0.996339	0.996330	0.879633	0.964352	0.964003
1740	0.960843	0.996431	0.996423	0.879840	0.964183	0.963833
1750	0.961160	0.996413	0.996405	0.880113	0.964183	0.963833
1760	0.961488	0.996468	0.996459	0.880409	0.964521	0.964181
1770	0.961725	0.996524	0.996516	0.880597	0.965028	0.964706
1780	0.962022	0.996524	0.996513	0.880828	0.965028	0.964706
1790	0.962300	0.996635	0.996624	0.881034	0.965197	0.964886
1800	0.962599	0.996653	0.996642	0.881176	0.965028	0.964710
1810	0.962833	0.996653	0.996642	0.881349	0.965366	0.965054
1820	0.963144	0.996801	0.996792	0.881663	0.965366	0.965051
1830	0.963436	0.996838	0.996827	0.881939	0.965366	0.965042
1840	0.963746	0.996857	0.996845	0.882194	0.965535	0.965222
1850	0.964019	0.996931	0.996919	0.882323	0.965704	0.965381
1860	0.964330	0.997060	0.997048	0.882561	0.965704	0.965381
1870	0.964595	0.997134	0.997123	0.882771	0.965873	0.965552
1880	0.964889	0.997152	0.997142	0.882995	0.965873	0.965565
1890	0.965144	0.997189	0.997179	0.883158	0.965873	0.965565
1900	0.965418	0.997263	0.997254	0.883289	0.965873	0.965560
1910	0.965643	0.997282	0.997275	0.883456	0.966042	0.965736
1920	0.965875	0.997337	0.997329	0.883653	0.965873	0.965557
1930	0.966108	0.997411	0.997404	0.883846	0.965873	0.965557
1940	0.966344	0.997467	0.997461	0.884020	0.965873	0.965566
1950	0.966588	0.997559	0.997554	0.884190	0.966042	0.965735
1960	0.966840	0.997633	0.997626	0.884369	0.966211	0.965912
1970	0.967057	0.997633	0.997628	0.884558	0.966211	0.965916
1980	0.967320	0.997670	0.997663	0.884703	0.966548	0.966263
1990	0.967561	0.997707	0.997701	0.884991	0.966211	0.965913
2000	0.967755	0.997744	0.997737	0.885164	0.966211	0.965909
2010	0.968003	0.997744	0.997737	0.885370	0.966379	0.966086
2020	0.968241	0.997781	0.997776	0.885620	0.966548	0.966255
2030	0.968473	0.997818	0.997814	0.885744	0.966717	0.966427
2040	0.968698	0.997874	0.997870	0.885866	0.966886	0.966594
2050	0.968905	0.997892	0.997887	0.886004	0.966548	0.966258
2060	0.969148	0.997929	0.997925	0.886123	0.966886	0.966601
2070	0.969356	0.998040	0.998037	0.886270	0.966717	0.966431
2080	0.969553	0.998095	0.998092	0.886321	0.966379	0.966087
2090	0.969792	0.998132	0.998129	0.886459	0.966379	0.966087
2100	0.970020	0.998188	0.998185	0.886649	0.966379	0.966087
2110	0.970166	0.998206	0.998203	0.886734	0.966548	0.966257
2120	0.970357	0.998206	0.998204	0.886787	0.966548	0.966257
2130	0.970625	0.998262	0.998259	0.887005	0.966548	0.966256
2140	0.970788	0.998317	0.998315	0.887136	0.966717	0.966429
2150	0.971073	0.998373	0.998370	0.887398	0.966717	0.966429
2160	0.971252	0.998410	0.998406	0.887549	0.966717	0.966429
2170	0.971417	0.998447	0.998444	0.887633	0.966717	0.966429
2180	0.971574	0.998465	0.998462	0.887712	0.966886	0.966607
2190	0.971787	0.998539	0.998535	0.887825	0.966717	0.966433
2200	0.971996	0.998576	0.998572	0.888072	0.966548	0.966258
2210	0.972233	0.998613	0.998608	0.888263	0.966886	0.966606
2220	0.972433	0.998650	0.998647	0.888414	0.966886	0.966606
2230	0.972625	0.998669	0.998663	0.888613	0.966886	0.966606
2240	0.972787	0.998706	0.998701	0.888770	0.966886	0.966606
2250	0.972955	0.998706	0.998701	0.888953	0.967055	0.966784
2260	0.973160	0.998743	0.998738	0.889067	0.967393	0.967138
2270	0.973306	0.998743	0.998738	0.889182	0.967393	0.967138
2280	0.973446	0.998761	0.998757	0.889257	0.967393	0.967138
2290	0.973614	0.998761	0.998757	0.889370	0.967562	0.967316
2300	0.973775	0.998798	0.998796	0.889508	0.967562	0.967316
2310	0.973901	0.998817	0.998814	0.889624	0.967731	0.967487
2320	0.974050	0.998854	0.998850	0.889738	0.967731	0.967487
2330	0.974184	0.998872	0.998868	0.889962	0.968069	0.967839
2340	0.974341	0.998909	0.998905	0.890054	0.967900	0.967661
2350	0.974488	0.998909	0.998905	0.890205	0.968069	0.967839
2360	0.974621	0.998909	0.998905	0.890270	0.967900	0.967661
2370	0.974773	0.998891	0.998887	0.890387	0.967900	0.967662
2380	0.974901	0.998928	0.998925	0.890500	0.967900	0.967662
2390	0.975052	0.998946	0.998943	0.890675	0.968069	0.967841
2400	0.975186	0.998965	0.998962	0.890761	0.968238	0.968013
2410	0.975312	0.998983	0.998981	0.890895	0.968407	0.968176
2420	0.975434	0.998983	0.998981	0.891009	0.968407	0.968184
2430	0.975546	0.999001	0.998999	0.891106	0.968407	0.968184
2440	0.975677	0.999038	0.999037	0.891233	0.968407	0.968184
2450	0.975805	0.999038	0.999036	0.891357	0.968407	0.968184
2460	0.975950	0.999057	0.999055	0.891425	0.968576	0.968362
2470	0.976074	0.999057	0.999055	0.891538	0.968576	0.968362
2480	0.976196	0.999094	0.999092	0.891668	0.968576	0.968362
2490	0.976334	0.999094	0.999093	0.891793	0.968407	0.968184
2500	0.976467	0.999094	0.999093	0.891896	0.968238	0.968006
2510	0.976605	0.999131	0.999131	0.892101	0.968238	0.968007
2520	0.976733	0.999168	0.999168	0.892187	0.968238	0.968007
2530	0.976851	0.999149	0.999148	0.892246	0.968407	0.968183
2540	0.976987	0.999149	0.999149	0.892341	0.968576	0.968354
2550	0.977105	0.999223	0.999223	0.892436	0.968576	0.968354
2560	0.977231	0.999205	0.999206	0.892523	0.968576	0.968362
2570	0.977335	0.999223	0.999224	0.892603	0.968407	0.968186
2580	0.977458	0.999242	0.999243	0.892704	0.968407	0.968186
2590	0.977546	0.999279	0.999279	0.892771	0.968576	0.968362
2600	0.977645	0.999279	0.999280	0.892835	0.968407	0.968186
2610	0.977769	0.999279	0.999280	0.892963	0.968407	0.968186
2620	0.977899	0.999279	0.999280	0.893101	0.968407	0.968186
2630	0.978014	0.999297	0.999298	0.893224	0.968407	0.968184
2640	0.978117	0.999297	0.999298	0.893383	0.968914	0.968704
2650	0.978221	0.999334	0.999335	0.893462	0.968576	0.968357
2660	0.978339	0.999334	0.999335	0.893581	0.968576	0.968357
2670	0.978430	0.999334	0.999335	0.893676	0.968576	0.968357
2680	0.978519	0.999371	0.999370	0.893752	0.968745	0.968533
2690	0.978629	0.999371	0.999370	0.893837	0.968745	0.968533
2700	0.978719	0.999371	0.999370	0.893915	0.968745	0.968533
2710	0.978822	0.999371	0.999370	0.893986	0.968745	0.968533
2720	0.978931	0.999408	0.999407	0.894086	0.968745	0.968533
2730	0.979040	0.999427	0.999427	0.894155	0.968745	0.968533
2740	0.979145	0.999445	0.999447	0.894260	0.968745	0.968533
2750	0.979250	0.999464	0.999466	0.894355	0.968745	0.968533
2760	0.979366	0.999482	0.999486	0.894480	0.968914	0.968704
2770	0.979482	0.999501	0.999505	0.894612	0.969083	0.968879
2780	0.979592	0.999501	0.999505	0.894699	0.968914	0.968704
2790	0.979676	0.999538	0.999543	0.894731	0.968914	0.968704
2800	0.979769	0.999538	0.999543	0.894795	0.968914	0.968704
2810	0.979872	0.999538	0.999543	0.894903	0.968914	0.968704
2820	0.979979	0.999538	0.999543	0.895018	0.968914	0.968704
2830	0.980077	0.999556	0.999562	0.895061	0.969083	0.968877
2840	0.980170	0.999556	0.999562	0.895151	0.969083	0.968877
2850	0.980261	0.999556	0.999562	0.895247	0.969083	0.968877
2860	0.980357	0.999556	0.999562	0.895416	0.969083	0.968877
2870	0.980455	0.999556	0.999562	0.895540	0.969083	0.968877
2880	0.980561	0.999556	0.999562	0.895615	0.969083	0.968877
2890	0.980661	0.999575	0.999580	0.895747	0.969421	0.969215
2900	0.980761	0.999593	0.999599	0.895877	0.969589	0.969388
2910	0.980844	0.999593	0.999599	0.895967	0.969589	0.969388
2920	0.980938	0.999612	0.999617	0.896045	0.969758	0.969564
2930	0.981028	0.999612	0.999617	0.896092	0.969758	0.969564
2940	0.981106	0.999612	0.999617	0.896129	0.969589	0.969388
2950	0.981197	0.999612	0.999617	0.896237	0.969252	0.969049
2960	0.981289	0.999612	0.999617	0.896310	0.969252	0.969049
2970	0.981372	0.999612	0.999617	0.896384	0.969252	0.969049
2980	0.981445	0.999612	0.999617	0.896438	0.969421	0.969221
2990	0.981525	0.999612	0.999617	0.896538	0.969252	0.969048
3000	0.981612	0.999612	0.999617	0.896596	0.969252	0.969048
3010	0.981711	0.999630	0.999636	0.896738	0.969421	0.969221
3020	0.981788	0.999630	0.999636	0.896802	0.969589	0.969388
3030	0.981869	0.999630	0.999636	0.896867	0.969589	0.969388
3040	0.981950	0.999630	0.999636	0.896970	0.969589	0.969388
3050	0.982054	0.999630	0.999636	0.897014	0.969589	0.969388
3060	0.982130	0.999649	0.999653	0.897139	0.969589	0.969388
3070	0.982188	0.999649	0.999653	0.897193	0.969589	0.969388
3080	0.982272	0.999686	0.999690	0.897285	0.969589	0.969388
3090	0.982334	0.999686	0.999690	0.897405	0.969758	0.969559
3100	0.982410	0.999704	0.999707	0.897494	0.969758	0.969559
3110	0.982479	0.999704	0.999707	0.897550	0.969758	0.969559
3120	0.982560	0.999704	0.999707	0.897575	0.969758	0.969559
3130	0.982641	0.999704	0.999707	0.897636	0.969758	0.969559
3140	0.982711	0.999704	0.999707	0.897650	0.969758	0.969559
3150	0.982766	0.999704	0.999707	0.897676	0.969758	0.969559
3160	0.982833	0.999704	0.999707	0.897759	0.969758	0.969559
3170	0.982906	0.999704	0.999707	0.897799	0.969758	0.969559
3180	0.982983	0.999723	0.999725	0.897848	0.969758	0.969553
3190	0.983047	0.999723	0.999725	0.897919	0.969758	0.969559
3200	0.983114	0.999723	0.999725	0.897990	0.970096	0.969888
3210	0.983187	0.999741	0.999743	0.898039	0.969927	0.969715
3220	0.983263	0.999741	0.999743	0.898097	0.970096	0.969888
3230	0.983330	0.999741	0.999743	0.898181	0.970096	0.969892
3240	0.983395	0.999760	0.999761	0.898224	0.970096	0.969892
3250	0.983451	0.999760	0.999761	0.898289	0.970265	0.970067
3260	0.983532	0.999778	0.999779	0.898356	0.970265	0.970063
3270	0.983594	0.999778	0.999779	0.898384	0.970434	0.970235
3280	0.983654	0.999778	0.999779	0.898395	0.970434	0.970234
3290	0.983727	0.999797	0.999797	0.898485	0.970434	0.970234
3300	0.983796	0.999778	0.999779	0.898546	0.970434	0.970234
3310	0.983858	0.999778	0.999779	0.898613	0.970434	0.970234
3320	0.983925	0.999797	0.999797	0.898649	0.970434	0.970234
3330	0.983989	0.999815	0.999816	0.898711	0.970603	0.970401
3340	0.984039	0.999815	0.999816	0.898786	0.970603	0.970401
3350	0.984106	0.999815	0.999816	0.898828	0.970603	0.970406
3360	0.984160	0.999834	0.999835	0.898875	0.970772	0.970574
3370	0.984215	0.999834	0.999835	0.898971	0.970434	0.970234
3380	0.984286	0.999834	0.999835	0.899084	0.970772	0.970581
3390	0.984356	0.999834	0.999835	0.899144	0.970772	0.970574
3400	0.984421	0.999852	0.999853	0.899236	0.970603	0.970407
3410	0.984486	0.999852	0.999853	0.899280	0.970772	0.970574
3420	0.984560	0.999852	0.999853	0.899355	0.970941	0.970745
3430	0.984629	0.999852	0.999853	0.899406	0.970772	0.970578
3440	0.984681	0.999852	0.999853	0.899481	0.971110	0.970918
3450	0.984754	0.999852	0.999853	0.899535	0.971110	0.970918
3460	0.984810	0.999852	0.999853	0.899568	0.970941	0.970749
3470	0.984882	0.999852	0.999853	0.899614	0.970772	0.970575
3480	0.984943	0.999852	0.999853	0.899631	0.970941	0.970741
3490	0.985000	0.999852	0.999853	0.899651	0.970772	0.970574
3500	0.985058	0.999852	0.999853	0.899704	0.970603	0.970402
3510	0.985119	0.999852	0.999853	0.899744	0.970603	0.970402
3520	0.985184	0.999871	0.999872	0.899838	0.970603	0.970402
3530	0.985224	0.999871	0.999872	0.899908	0.970434	0.970234
3540	0.985277	0.999871	0.999872	0.899936	0.970603	0.970409
3550	0.985329	0.999871	0.999872	0.900028	0.970941	0.970762
3560	0.985388	0.999871	0.999872	0.900091	0.970941	0.970762
3570	0.985447	0.999871	0.999872	0.900173	0.970772	0.970586
3580	0.985495	0.999871	0.999872	0.900237	0.971279	0.971105
3590	0.985543	0.999871	0.999872	0.900276	0.971110	0.970926
3600	0.985585	0.999871	0.999872	0.900295	0.971110	0.970937
3610	0.985642	0.999871	0.999872	0.900343	0.971279	0.971110
3620	0.985700	0.999871	0.999872	0.900450	0.971110	0.970938
3630	0.985747	0.999871	0.999872	0.900515	0.971110	0.970938
3640	0.985801	0.999871	0.999872	0.900579	0.971110	0.970938
3650	0.985851	0.999871	0.999872	0.900646	0.971110	0.970938
3660	0.985903	0.999871	0.999872	0.900700	0.971110	0.970938
3670	0.985954	0.999871	0.999872	0.900741	0.971279	0.971106
3680	0.986005	0.999871	0.999872	0.900761	0.971279	0.971106
3690	0.986057	0.999871	0.999872	0.900825	0.971110	0.970932
3700	0.986102	0.999871	0.999872	0.900877	0.971110	0.970932
3710	0.986156	0.999871	0.999872	0.900932	0.971110	0.970932
3720	0.986210	0.999871	0.999872	0.900998	0.971279	0.971106
3730	0.986264	0.999871	0.999872	0.901091	0.971279	0.971103
3740	0.986316	0.999871	0.999872	0.901201	0.971279	0.971106
3750	0.986360	0.999871	0.999872	0.901263	0.971279	0.971106
3760	0.986415	0.999871	0.999872	0.901311	0.971279	0.971106
3770	0.986463	0.999871	0.999872	0.901364	0.971279	0.971103
3780	0.986510	0.999871	0.999872	0.901424	0.971279	0.971103
3790	0.986548	0.999889	0.999891	0.901452	0.971279	0.971103
3800	0.986588	0.999889	0.999891	0.901512	0.971279	0.971103
3810	0.986641	0.999889	0.999891	0.901678	0.971279	0.971103
3820	0.986692	0.999908	0.999908	0.901749	0.971279	0.971103
3830	0.986739	0.999908	0.999908	0.901826	0.971279	0.971103
3840	0.986786	0.999908	0.999908	0.901883	0.971279	0.971103
3850	0.986841	0.999926	0.999926	0.901960	0.971279	0.971103
3860	0.986885	0.999926	0.999926	0.901991	0.971279	0.971103
3870	0.986932	0.999926	0.999926	0.902025	0.971279	0.971103
3880	0.986985	0.999926	0.999926	0.902012	0.971279	0.971103
3890	0.987031	0.999926	0.999926	0.902036	0.971279	0.971103
3900	0.987074	0.999926	0.999926	0.902080	0.971110	0.970945
3910	0.987121	0.999926	0.999926	0.902132	0.971110	0.970945
3920	0.987165	0.999926	0.999926	0.902159	0.971110	0.970945
3930	0.987203	0.999926	0.999926	0.902177	0.971448	0.971290
3940	0.987237	0.999926	0.999926	0.902227	0.971448	0.971290
3950	0.987276	0.999926	0.999926	0.902239	0.971448	0.971290
3960	0.987316	0.999926	0.999926	0.902324	0.971448	0.971290
3970	0.987350	0.999926	0.999926	0.902356	0.971448	0.971277
3980	0.987386	0.999926	0.999926	0.902391	0.971279	0.971100
3990	0.987425	0.999926	0.999926	0.902391	0.971279	0.971100
4000	0.987460	0.999926	0.999926	0.902430	0.971110	0.970942
