10	0.401567	0.751609	0.717394	0.391647	0.740991	0.710324
20	0.471945	0.791888	0.753068	0.457568	0.776864	0.742216
30	0.509660	0.809562	0.769219	0.490372	0.793648	0.757766
40	0.536515	0.822024	0.780377	0.513635	0.803686	0.766630
50	0.554445	0.829850	0.787576	0.529121	0.808129	0.770874
60	0.570630	0.836396	0.793423	0.543481	0.813066	0.774863
70	0.584225	0.841051	0.797322	0.555841	0.820635	0.781195
80	0.596568	0.845205	0.801270	0.566338	0.824091	0.784182
90	0.606181	0.848098	0.803842	0.574572	0.826559	0.786051
100	0.616664	0.851900	0.807453	0.583773	0.828698	0.788168
110	0.624165	0.854811	0.810073	0.590315	0.832812	0.791936
120	0.632439	0.857649	0.812452	0.597630	0.836926	0.795705
130	0.638879	0.859744	0.814440	0.603218	0.838572	0.797324
140	0.645724	0.861803	0.816358	0.608628	0.840217	0.798675
150	0.652353	0.863954	0.818262	0.614268	0.841863	0.800028
160	0.664661	0.867626	0.873813	0.626227	0.846635	0.856681
170	0.679665	0.891048	0.894836	0.640530	0.867862	0.874965
180	0.685324	0.892588	0.896349	0.644913	0.870495	0.877597
190	0.701765	0.915509	0.917473	0.660966	0.893698	0.897833
200	0.706379	0.917827	0.919630	0.664572	0.894027	0.897964
210	0.711091	0.918513	0.920323	0.668747	0.895672	0.899633
220	0.725002	0.929807	0.930888	0.682348	0.908672	0.911320
230	0.728523	0.930809	0.931867	0.684742	0.908672	0.911428
240	0.738191	0.936502	0.937335	0.693954	0.912128	0.914430
250	0.743675	0.938672	0.939382	0.699043	0.915419	0.917414
260	0.747919	0.940137	0.940825	0.701996	0.915748	0.917821
270	0.757937	0.943327	0.943851	0.712053	0.919862	0.921670
280	0.761062	0.944365	0.944878	0.714203	0.919533	0.921335
290	0.764658	0.945478	0.945957	0.716924	0.921014	0.922709
300	0.771740	0.947963	0.948334	0.723304	0.923482	0.924983
310	0.774418	0.949187	0.949540	0.725534	0.924469	0.925917
320	0.780799	0.951134	0.951432	0.731094	0.925621	0.926836
330	0.783812	0.952043	0.952314	0.733027	0.926609	0.927875
340	0.788978	0.953471	0.953731	0.737693	0.928583	0.929657
350	0.791663	0.953897	0.954123	0.740074	0.928912	0.929965
360	0.794748	0.955028	0.955240	0.742480	0.929900	0.930904
370	0.799417	0.956475	0.956660	0.746577	0.931381	0.932350
380	0.801318	0.957031	0.957211	0.747529	0.931381	0.932343
390	0.807705	0.958904	0.959026	0.753372	0.933849	0.934707
400	0.809855	0.959869	0.959984	0.754904	0.934343	0.935110
410	0.812088	0.960629	0.960742	0.756510	0.934178	0.934929
420	0.817253	0.962150	0.962234	0.760999	0.934836	0.935586
430	0.819202	0.962854	0.962944	0.762533	0.935988	0.936722
440	0.823893	0.964394	0.964453	0.766232	0.938127	0.938771
450	0.825726	0.964839	0.964909	0.767589	0.938292	0.938886
460	0.829824	0.965655	0.965710	0.771477	0.938950	0.939511
470	0.831332	0.966248	0.966309	0.772673	0.939279	0.939828
480	0.834503	0.967472	0.967523	0.775549	0.939773	0.940317
490	0.836787	0.968028	0.968086	0.777305	0.940102	0.940669
500	0.840058	0.969160	0.969213	0.780474	0.941254	0.941780
510	0.841747	0.969531	0.969583	0.781914	0.941089	0.941583
520	0.845657	0.970736	0.970767	0.785741	0.942077	0.942515
530	0.846893	0.970977	0.971018	0.786611	0.942241	0.942692
540	0.849255	0.971589	0.971618	0.788573	0.943229	0.943648
550	0.852159	0.972275	0.972303	0.791297	0.944216	0.944607
560	0.854489	0.972813	0.972830	0.793434	0.945039	0.945369
570	0.855954	0.973165	0.973170	0.794309	0.945368	0.945705
580	0.858637	0.973907	0.973911	0.796472	0.946026	0.946347
590	0.860020	0.974389	0.974385	0.797708	0.946355	0.946671
600	0.862818	0.974927	0.974916	0.800066	0.947013	0.947277
610	0.864765	0.975409	0.975400	0.801914	0.947672	0.947956
620	0.865820	0.975576	0.975564	0.802794	0.948165	0.948400
630	0.868309	0.976262	0.976249	0.804854	0.948823	0.949030
640	0.869551	0.976689	0.976675	0.805744	0.948988	0.949152
650	0.872039	0.977282	0.977258	0.807655	0.948988	0.949144
660	0.874430	0.977746	0.977725	0.809673	0.949153	0.949295
670	0.875527	0.978117	0.978095	0.810724	0.949811	0.949909
680	0.877600	0.978525	0.978492	0.812643	0.950140	0.950214
690	0.878726	0.978803	0.978771	0.813391	0.950634	0.950707
700	0.880753	0.979193	0.979162	0.815120	0.951785	0.951900
710	0.882612	0.979619	0.979587	0.816493	0.952608	0.952724
720	0.883548	0.979916	0.979874	0.817381	0.952937	0.953050
730	0.885426	0.980491	0.980452	0.818882	0.952773	0.952879
740	0.886996	0.980787	0.980757	0.820504	0.953431	0.953482
750	0.888254	0.980936	0.980905	0.821527	0.953596	0.953606
760	0.890216	0.981381	0.981340	0.823344	0.953431	0.953428
770	0.891083	0.981566	0.981530	0.824206	0.953925	0.953952
780	0.892822	0.981900	0.981854	0.825799	0.954583	0.954618
790	0.893904	0.982123	0.982075	0.826703	0.954418	0.954434
800	0.895566	0.982586	0.982539	0.828314	0.955077	0.955112
810	0.896648	0.982827	0.982785	0.829277	0.955406	0.955434
820	0.897501	0.983235	0.983187	0.829922	0.955570	0.955579
830	0.899062	0.983699	0.983657	0.831157	0.956393	0.956366
840	0.900637	0.984033	0.983978	0.832529	0.956228	0.956205
850	0.902056	0.984237	0.984185	0.833734	0.956393	0.956357
860	0.902915	0.984589	0.984536	0.834298	0.956393	0.956346
870	0.904445	0.984849	0.984789	0.835546	0.957051	0.956986
880	0.905781	0.985294	0.985235	0.836697	0.957216	0.957142
890	0.906680	0.985424	0.985366	0.837328	0.957051	0.956988
900	0.908113	0.985776	0.985713	0.838417	0.957216	0.957120
910	0.908935	0.985887	0.985819	0.839095	0.957545	0.957451
920	0.910325	0.986240	0.986160	0.840227	0.957380	0.957293
930	0.911109	0.986407	0.986331	0.840829	0.957380	0.957278
940	0.912349	0.986703	0.986628	0.841903	0.957380	0.957283
950	0.913289	0.986889	0.986812	0.842753	0.957709	0.957624
960	0.914088	0.987074	0.987002	0.843405	0.957709	0.957625
970	0.915320	0.987371	0.987303	0.844487	0.958039	0.957938
980	0.916340	0.987593	0.987527	0.845415	0.958532	0.958432
990	0.917233	0.987779	0.987711	0.846162	0.959026	0.958918
1000	0.918189	0.987853	0.987784	0.846974	0.959355	0.959241
1010	0.919054	0.988076	0.988009	0.847684	0.959684	0.959566
1020	0.919943	0.988187	0.988124	0.848466	0.959684	0.959565
1030	0.920882	0.988465	0.988397	0.849152	0.959519	0.959389
1040	0.921774	0.988706	0.988643	0.849976	0.959684	0.959541
1050	0.922403	0.988910	0.988850	0.850419	0.959684	0.959542
1060	0.923343	0.989096	0.989033	0.851205	0.960013	0.959849
1070	0.924251	0.989244	0.989179	0.851834	0.959849	0.959701
1080	0.925003	0.989337	0.989271	0.852372	0.959684	0.959529
1090	0.925638	0.989485	0.989423	0.853016	0.959684	0.959540
1100	0.926346	0.989708	0.989644	0.853598	0.960178	0.960031
1110	0.927316	0.990116	0.990055	0.854341	0.960013	0.959863
1120	0.927994	0.990301	0.990245	0.854901	0.960178	0.960034
1130	0.928961	0.990561	0.990509	0.855739	0.960507	0.960362
1140	0.929571	0.990653	0.990600	0.856241	0.960671	0.960526
1150	0.930201	0.990765	0.990714	0.856747	0.960671	0.960523
1160	0.930888	0.990913	0.990866	0.857229	0.961000	0.960852
1170	0.931638	0.991080	0.991036	0.857926	0.961000	0.960856
1180	0.932342	0.991284	0.991242	0.858522	0.960836	0.960685
1190	0.933081	0.991358	0.991316	0.859018	0.961165	0.961017
1200	0.933791	0.991543	0.991498	0.859512	0.961165	0.961028
1210	0.934421	0.991655	0.991608	0.860131	0.961000	0.960850
1220	0.935055	0.991822	0.991773	0.860499	0.961165	0.961011
1230	0.935761	0.991989	0.991940	0.861040	0.961000	0.960812
1240	0.936426	0.992081	0.992032	0.861800	0.961165	0.960970
1250	0.936949	0.992193	0.992142	0.862383	0.961659	0.961478
1260	0.937542	0.992230	0.992181	0.862760	0.961659	0.961474
1270	0.938193	0.992415	0.992372	0.863335	0.961988	0.961812
1280	0.938802	0.992489	0.992446	0.863927	0.961988	0.961802
1290	0.939408	0.992619	0.992577	0.864444	0.962152	0.961961
1300	0.940053	0.992749	0.992704	0.864891	0.962317	0.962130
1310	0.940641	0.992786	0.992746	0.865502	0.962481	0.962297
1320	0.941168	0.993009	0.992973	0.865975	0.962811	0.962629
1330	0.941801	0.993083	0.993044	0.866576	0.963140	0.962965
1340	0.942342	0.993175	0.993134	0.866991	0.963469	0.963292
1350	0.943151	0.993417	0.993381	0.867743	0.963469	0.963292
1360	0.943649	0.993454	0.993419	0.868259	0.963469	0.963292
1370	0.944224	0.993621	0.993588	0.868568	0.963469	0.963292
1380	0.944685	0.993658	0.993625	0.868925	0.963798	0.963611
1390	0.945060	0.993787	0.993755	0.869171	0.963633	0.963453
1400	0.945573	0.993825	0.993792	0.869523	0.963633	0.963451
1410	0.946108	0.993899	0.993868	0.869932	0.963633	0.963449
1420	0.946741	0.994029	0.993998	0.870482	0.963469	0.963280
1430	0.947353	0.994233	0.994201	0.871086	0.963633	0.963442
1440	0.948097	0.994399	0.994371	0.871753	0.963633	0.963432
1450	0.948521	0.994418	0.994390	0.872120	0.963962	0.963775
1460	0.948998	0.994474	0.994445	0.872512	0.963798	0.963614
1470	0.949471	0.994566	0.994539	0.872870	0.964127	0.963939
1480	0.949897	0.994603	0.994576	0.873279	0.963962	0.963759
1490	0.950444	0.994845	0.994819	0.873761	0.963962	0.963761
1500	0.950953	0.994863	0.994839	0.874077	0.964127	0.963947
1510	0.951455	0.994956	0.994931	0.874441	0.963962	0.963786
1520	0.951862	0.994974	0.994949	0.874767	0.963633	0.963449
1530	0.952282	0.995048	0.995025	0.875169	0.963633	0.963449
1540	0.952716	0.995104	0.995080	0.875472	0.963304	0.963120
1550	0.953218	0.995234	0.995213	0.875937	0.963469	0.963280
1560	0.953657	0.995308	0.995289	0.876365	0.963633	0.963447
1570	0.954194	0.995419	0.995404	0.876834	0.963962	0.963776
1580	0.954658	0.995419	0.995402	0.877276	0.964292	0.964128
1590	0.955060	0.995586	0.995572	0.877543	0.964456	0.964290
1600	0.955612	0.995642	0.995627	0.878094	0.964292	0.964127
1610	0.956038	0.995660	0.995646	0.878414	0.964292	0.964128
1620	0.956400	0.995772	0.995758	0.878779	0.964292	0.964111
1630	0.956807	0.995864	0.995850	0.879184	0.964292	0.964109
1640	0.957099	0.995920	0.995906	0.879393	0.964292	0.964112
1650	0.957440	0.995939	0.995926	0.879764	0.964292	0.964112
1660	0.957754	0.996031	0.996018	0.880068	0.964621	0.964450
1670	0.958082	0.996087	0.996074	0.880372	0.964950	0.964774
1680	0.958452	0.996106	0.996093	0.880694	0.964785	0.964607
1690	0.958816	0.996143	0.996131	0.880982	0.965114	0.964943
1700	0.959148	0.996198	0.996185	0.881249	0.964950	0.964775
1710	0.959507	0.996272	0.996260	0.881425	0.965279	0.965103
1720	0.959822	0.996347	0.996335	0.881631	0.965443	0.965262
1730	0.960126	0.996402	0.996391	0.881894	0.965608	0.965424
1740	0.960473	0.996439	0.996427	0.882176	0.965608	0.965424
1750	0.960712	0.996514	0.996501	0.882356	0.965608	0.965413
1760	0.961003	0.996514	0.996503	0.882617	0.965937	0.965741
1770	0.961367	0.996625	0.996618	0.882856	0.966431	0.966234
1780	0.961691	0.996680	0.996672	0.883081	0.966595	0.966400
1790	0.962069	0.996736	0.996728	0.883554	0.966431	0.966241
1800	0.962407	0.996810	0.996802	0.883840	0.966595	0.966399
1810	0.962725	0.996866	0.996860	0.884132	0.966760	0.966565
1820	0.963118	0.996996	0.996990	0.884460	0.966595	0.966399
1830	0.963437	0.996996	0.996994	0.884767	0.966595	0.966403
1840	0.963685	0.997070	0.997068	0.885019	0.966760	0.966561
1850	0.963943	0.997088	0.997085	0.885272	0.966924	0.966740
1860	0.964184	0.997144	0.997139	0.885515	0.967089	0.966898
1870	0.964458	0.997200	0.997195	0.885693	0.967418	0.967240
1880	0.964785	0.997200	0.997196	0.885995	0.967254	0.967075
1890	0.965079	0.997255	0.997252	0.886174	0.967089	0.966896
1900	0.965354	0.997348	0.997344	0.886398	0.967254	0.967061
1910	0.965587	0.997367	0.997363	0.886656	0.966760	0.966554
1920	0.965843	0.997385	0.997383	0.886870	0.967089	0.966905
1930	0.966099	0.997441	0.997437	0.887056	0.967254	0.967080
1940	0.966394	0.997478	0.997474	0.887364	0.967089	0.966917
1950	0.966583	0.997478	0.997474	0.887567	0.967254	0.967076
1960	0.966821	0.997552	0.997549	0.887753	0.967089	0.966897
1970	0.967044	0.997589	0.997585	0.887871	0.966760	0.966579
1980	0.967251	0.997589	0.997585	0.888072	0.966924	0.966738
1990	0.967486	0.997700	0.997695	0.888258	0.966760	0.966581
2000	0.967707	0.997756	0.997751	0.888476	0.966595	0.966417
2010	0.967929	0.997849	0.997843	0.888629	0.967089	0.966895
2020	0.968153	0.997904	0.997898	0.888772	0.966595	0.966402
2030	0.968428	0.997960	0.997954	0.888995	0.966431	0.966251
2040	0.968658	0.997979	0.997974	0.889204	0.966431	0.966251
2050	0.968907	0.997960	0.997954	0.889489	0.966760	0.966595
2060	0.969138	0.998034	0.998030	0.889710	0.966760	0.966588
2070	0.969360	0.998053	0.998048	0.889880	0.966760	0.966576
2080	0.969550	0.998071	0.998068	0.890047	0.966595	0.966418
2090	0.969756	0.998183	0.998178	0.890180	0.966760	0.966584
2100	0.969946	0.998183	0.998178	0.890373	0.967089	0.966924
2110	0.970136	0.998257	0.998254	0.890563	0.967418	0.967267
2120	0.970298	0.998312	0.998310	0.890713	0.967583	0.967432
2130	0.970473	0.998331	0.998328	0.890902	0.967747	0.967606
2140	0.970743	0.998387	0.998384	0.891031	0.967747	0.967592
2150	0.970935	0.998405	0.998402	0.891100	0.968076	0.967938
2160	0.971104	0.998442	0.998440	0.891215	0.967583	0.967429
2170	0.971335	0.998479	0.998478	0.891342	0.967583	0.967429
2180	0.971522	0.998516	0.998514	0.891501	0.967912	0.967761
2190	0.971698	0.998535	0.998532	0.891633	0.967912	0.967761
2200	0.971917	0.998535	0.998532	0.891845	0.968076	0.967923
2210	0.972092	0.998553	0.998551	0.892043	0.967747	0.967587
2220	0.972282	0.998572	0.998569	0.892199	0.967912	0.967765
2230	0.972451	0.998572	0.998568	0.892388	0.967747	0.967587
2240	0.972636	0.998591	0.998586	0.892545	0.968241	0.968092
2250	0.972820	0.998591	0.998587	0.892754	0.968076	0.967931
2260	0.972971	0.998591	0.998587	0.892944	0.968076	0.967931
2270	0.973148	0.998665	0.998661	0.893132	0.968076	0.967931
2280	0.973329	0.998665	0.998661	0.893236	0.967912	0.967753
2290	0.973478	0.998720	0.998715	0.893360	0.968241	0.968081
2300	0.973671	0.998739	0.998734	0.893516	0.968076	0.967908
2310	0.973863	0.998757	0.998753	0.893685	0.967912	0.967742
2320	0.974008	0.998776	0.998772	0.893831	0.968241	0.968091
2330	0.974160	0.998832	0.998828	0.893994	0.968241	0.968091
2340	0.974357	0.998850	0.998847	0.894167	0.968241	0.968091
2350	0.974512	0.998887	0.998885	0.894355	0.968241	0.968091
2360	0.974646	0.998906	0.998904	0.894433	0.968405	0.968268
2370	0.974784	0.998887	0.998885	0.894532	0.968405	0.968268
2380	0.974900	0.998924	0.998924	0.894636	0.968241	0.968104
2390	0.975035	0.998924	0.998924	0.894702	0.968241	0.968090
2400	0.975160	0.998943	0.998943	0.894837	0.968405	0.968264
2410	0.975298	0.998961	0.998962	0.894980	0.968405	0.968264
2420	0.975425	0.998980	0.998980	0.895047	0.968405	0.968259
2430	0.975555	0.998980	0.998980	0.895183	0.968570	0.968426
2440	0.975730	0.998999	0.998999	0.895330	0.968570	0.968426
2450	0.975865	0.999017	0.999017	0.895411	0.968570	0.968426
2460	0.976001	0.999036	0.999035	0.895538	0.968570	0.968436
2470	0.976181	0.999054	0.999053	0.895747	0.968735	0.968585
2480	0.976336	0.999054	0.999053	0.895938	0.968735	0.968581
2490	0.976467	0.999054	0.999053	0.896041	0.968735	0.968590
2500	0.976628	0.999054	0.999053	0.896210	0.968735	0.968590
2510	0.976734	0.999054	0.999053	0.896276	0.968899	0.968755
2520	0.976847	0.999054	0.999053	0.896330	0.968899	0.968747
2530	0.976932	0.999073	0.999072	0.896374	0.968570	0.968432
2540	0.977052	0.999091	0.999089	0.896458	0.968570	0.968435
2550	0.977174	0.999110	0.999108	0.896567	0.968899	0.968767
2560	0.977304	0.999147	0.999144	0.896674	0.968899	0.968767
2570	0.977419	0.999147	0.999145	0.896822	0.968899	0.968767
2580	0.977536	0.999203	0.999200	0.896935	0.968899	0.968767
2590	0.977662	0.999184	0.999182	0.897115	0.968899	0.968767
2600	0.977796	0.999203	0.999201	0.897238	0.968899	0.968776
2610	0.977940	0.999203	0.999201	0.897400	0.968735	0.968598
2620	0.978050	0.999203	0.999201	0.897512	0.968735	0.968590
2630	0.978158	0.999240	0.999238	0.897609	0.968735	0.968590
2640	0.978285	0.999221	0.999220	0.897766	0.969064	0.968909
2650	0.978392	0.999258	0.999256	0.897844	0.969064	0.968909
2660	0.978498	0.999277	0.999275	0.897984	0.969064	0.968905
2670	0.978612	0.999277	0.999275	0.898107	0.969064	0.968909
2680	0.978708	0.999277	0.999275	0.898175	0.969064	0.968909
2690	0.978817	0.999277	0.999275	0.898267	0.969064	0.968909
2700	0.978930	0.999295	0.999294	0.898395	0.969064	0.968905
2710	0.979060	0.999295	0.999294	0.898484	0.969064	0.968909
2720	0.979160	0.999295	0.999294	0.898579	0.968735	0.968566
2730	0.979247	0.999295	0.999294	0.898708	0.969064	0.968921
2740	0.979338	0.999295	0.999294	0.898816	0.969393	0.969255
2750	0.979452	0.999295	0.999294	0.898963	0.969393	0.969255
2760	0.979547	0.999295	0.999294	0.899080	0.969557	0.969422
2770	0.979672	0.999314	0.999313	0.899190	0.969557	0.969429
2780	0.979787	0.999314	0.999313	0.899272	0.969557	0.969421
2790	0.979884	0.999332	0.999332	0.899410	0.969393	0.969246
2800	0.979977	0.999332	0.999332	0.899524	0.969393	0.969252
2810	0.980067	0.999332	0.999332	0.899631	0.969557	0.969414
2820	0.980163	0.999351	0.999351	0.899695	0.969557	0.969403
2830	0.980267	0.999351	0.999351	0.899776	0.969722	0.969581
2840	0.980347	0.999351	0.999351	0.899820	0.969886	0.969755
2850	0.980461	0.999369	0.999369	0.899909	0.969886	0.969755
2860	0.980561	0.999369	0.999369	0.899981	0.969722	0.969581
2870	0.980656	0.999369	0.999369	0.900045	0.970051	0.969911
2880	0.980731	0.999388	0.999389	0.900075	0.969886	0.969741
2890	0.980827	0.999425	0.999425	0.900175	0.969557	0.969385
2900	0.980918	0.999444	0.999444	0.900264	0.969886	0.969741
2910	0.981014	0.999444	0.999444	0.900388	0.969886	0.969734
2920	0.981116	0.999444	0.999444	0.900362	0.969886	0.969734
2930	0.981206	0.999462	0.999463	0.900470	0.970051	0.969911
2940	0.981291	0.999462	0.999463	0.900594	0.970380	0.970258
2950	0.981375	0.999462	0.999464	0.900693	0.970216	0.970080
2960	0.981458	0.999462	0.999463	0.900767	0.970051	0.969914
2970	0.981555	0.999481	0.999482	0.900896	0.970216	0.970075
2980	0.981635	0.999481	0.999482	0.900977	0.970051	0.969914
2990	0.981721	0.999481	0.999482	0.901077	0.969886	0.969735
3000	0.981796	0.999518	0.999519	0.901152	0.970051	0.969919
3010	0.981865	0.999518	0.999519	0.901211	0.970051	0.969913
3020	0.981946	0.999536	0.999538	0.901298	0.970216	0.970074
3030	0.982044	0.999536	0.999539	0.901416	0.970216	0.970074
3040	0.982129	0.999555	0.999558	0.901502	0.970051	0.969899
3050	0.982215	0.999555	0.999558	0.901567	0.970051	0.969917
3060	0.982281	0.999555	0.999558	0.901668	0.970051	0.969911
3070	0.982363	0.999555	0.999558	0.901726	0.969886	0.969733
3080	0.982446	0.999555	0.999558	0.901783	0.970051	0.969894
3090	0.982528	0.999573	0.999577	0.901871	0.970051	0.969900
3100	0.982598	0.999573	0.999577	0.901930	0.970051	0.969900
3110	0.982677	0.999573	0.999577	0.901982	0.970051	0.969894
3120	0.982746	0.999573	0.999577	0.902071	0.970051	0.969894
3130	0.982824	0.999573	0.999577	0.902116	0.970051	0.969894
3140	0.982887	0.999573	0.999577	0.902186	0.970051	0.969894
3150	0.982951	0.999592	0.999596	0.902217	0.970051	0.969894
3160	0.983045	0.999629	0.999633	0.902251	0.970216	0.970061
3170	0.983129	0.999629	0.999633	0.902390	0.970216	0.970061
3180	0.983199	0.999629	0.999633	0.902432	0.970216	0.970061
3190	0.983273	0.999666	0.999670	0.902566	0.970216	0.970061
3200	0.983343	0.999666	0.999670	0.902617	0.970216	0.970061
3210	0.983415	0.999685	0.999688	0.902692	0.970216	0.970061
3220	0.983494	0.999685	0.999688	0.902776	0.970216	0.970061
3230	0.983580	0.999703	0.999707	0.902857	0.970216	0.970061
3240	0.983641	0.999703	0.999707	0.902905	0.970216	0.970061
3250	0.983713	0.999703	0.999707	0.902988	0.970216	0.970061
3260	0.983777	0.999703	0.999707	0.903066	0.970380	0.970228
3270	0.983838	0.999703	0.999707	0.903109	0.970380	0.970228
3280	0.983906	0.999703	0.999707	0.903169	0.970380	0.970228
3290	0.983968	0.999740	0.999744	0.903216	0.970380	0.970228
3300	0.984027	0.999740	0.999744	0.903287	0.970380	0.970228
3310	0.984091	0.999759	0.999763	0.903331	0.970380	0.970240
3320	0.984148	0.999759	0.999763	0.903384	0.970545	0.970409
3330	0.984217	0.999759	0.999763	0.903415	0.970545	0.970415
3340	0.984280	0.999759	0.999763	0.903489	0.970709	0.970580
3350	0.984347	0.999759	0.999763	0.903522	0.970545	0.970399
3360	0.984411	0.999759	0.999763	0.903606	0.970545	0.970400
3370	0.984475	0.999759	0.999763	0.903686	0.970545	0.970406
3380	0.984541	0.999759	0.999763	0.903778	0.970216	0.970086
3390	0.984596	0.999777	0.999782	0.903853	0.970216	0.970086
3400	0.984664	0.999777	0.999782	0.903908	0.970216	0.970086
3410	0.984716	0.999777	0.999782	0.903952	0.970216	0.970086
3420	0.984792	0.999777	0.999782	0.904039	0.970216	0.970086
3430	0.984849	0.999796	0.999801	0.904109	0.970216	0.970086
3440	0.984901	0.999796	0.999801	0.904178	0.970216	0.970086
3450	0.984954	0.999796	0.999799	0.904234	0.970216	0.970080
3460	0.985007	0.999796	0.999799	0.904289	0.970216	0.970086
3470	0.985085	0.999815	0.999817	0.904335	0.970380	0.970246
3480	0.985143	0.999815	0.999818	0.904418	0.970545	0.970412
3490	0.985197	0.999833	0.999835	0.904497	0.970545	0.970412
3500	0.985253	0.999833	0.999835	0.904540	0.970545	0.970406
3510	0.985313	0.999833	0.999835	0.904624	0.970545	0.970406
3520	0.985382	0.999833	0.999834	0.904710	0.970545	0.970406
3530	0.985427	0.999815	0.999817	0.904798	0.970545	0.970406
3540	0.985471	0.999815	0.999817	0.904856	0.970545	0.970406
3550	0.985523	0.999815	0.999817	0.904929	0.970709	0.970560
3560	0.985567	0.999815	0.999817	0.905000	0.970874	0.970729
3570	0.985641	0.999815	0.999817	0.905055	0.971038	0.970904
3580	0.985695	0.999815	0.999817	0.905100	0.970874	0.970729
3590	0.985733	0.999815	0.999817	0.905136	0.970874	0.970729
3600	0.985782	0.999815	0.999817	0.905179	0.970709	0.970569
3610	0.985829	0.999833	0.999834	0.905216	0.970874	0.970729
3620	0.985883	0.999833	0.999834	0.905282	0.970874	0.970729
3630	0.985928	0.999833	0.999834	0.905351	0.971038	0.970904
3640	0.985968	0.999833	0.999834	0.905383	0.971038	0.970904
3650	0.986016	0.999833	0.999834	0.905428	0.971038	0.970904
3660	0.986060	0.999833	0.999834	0.905449	0.971038	0.970904
3670	0.986100	0.999833	0.999834	0.905481	0.971038	0.970904
3680	0.986149	0.999833	0.999834	0.905513	0.971038	0.970904
3690	0.986189	0.999833	0.999835	0.905543	0.971038	0.970904
3700	0.986232	0.999833	0.999835	0.905598	0.970874	0.970729
3710	0.986275	0.999833	0.999835	0.905631	0.971038	0.970904
3720	0.986323	0.999833	0.999835	0.905654	0.971038	0.970904
3730	0.986370	0.999833	0.999835	0.905690	0.971038	0.970904
3740	0.986418	0.999833	0.999835	0.905737	0.971038	0.970904
3750	0.986465	0.999833	0.999835	0.905780	0.971038	0.970904
3760	0.986515	0.999833	0.999835	0.905816	0.971038	0.970904
3770	0.986559	0.999852	0.999854	0.905924	0.970709	0.970582
3780	0.986606	0.999852	0.999854	0.905968	0.970874	0.970739
3790	0.986648	0.999852	0.999854	0.906049	0.970874	0.970739
3800	0.986691	0.999852	0.999854	0.906098	0.970874	0.970744
3810	0.986742	0.999870	0.999871	0.906214	0.970874	0.970744
3820	0.986786	0.999870	0.999871	0.906263	0.971038	0.970907
3830	0.986831	0.999870	0.999871	0.906320	0.971203	0.971084
3840	0.986873	0.999870	0.999871	0.906347	0.971203	0.971084
3850	0.986916	0.999870	0.999871	0.906388	0.971203	0.971084
3860	0.986960	0.999870	0.999871	0.906442	0.971203	0.971084
3870	0.987017	0.999870	0.999871	0.906484	0.971203	0.971084
3880	0.987075	0.999870	0.999871	0.906543	0.971203	0.971091
3890	0.987120	0.999870	0.999871	0.906576	0.971203	0.971091
3900	0.987167	0.999870	0.999871	0.906616	0.971367	0.971256
3910	0.987207	0.999870	0.999871	0.906655	0.971367	0.971256
3920	0.987249	0.999870	0.999871	0.906716	0.971367	0.971256
3930	0.987289	0.999870	0.999871	0.906761	0.971367	0.971252
3940	0.987329	0.999870	0.999871	0.906827	0.971367	0.971245
3950	0.987372	0.999870	0.999871	0.906909	0.971367	0.971245
3960	0.987409	0.999870	0.999871	0.906935	0.971367	0.971256
3970	0.987453	0.999870	0.999871	0.906980	0.971367	0.971252
3980	0.987501	0.999870	0.999871	0.907054	0.971367	0.971252
3990	0.987541	0.999870	0.999871	0.907133	0.971367	0.971245
4000	0.987578	0.999870	0.999871	0.907184	0.971367	0.971245
