10	0.394910	0.737066	0.706632	0.396665	0.745078	0.709716
20	0.470508	0.785079	0.749367	0.472976	0.792459	0.752125
30	0.507046	0.803392	0.765009	0.508241	0.808141	0.765807
40	0.536317	0.816724	0.776498	0.537333	0.819820	0.775938
50	0.555585	0.824982	0.784000	0.555351	0.829830	0.784867
60	0.569203	0.830797	0.788776	0.567417	0.832332	0.786736
70	0.582865	0.836277	0.793891	0.579227	0.837337	0.791503
80	0.596628	0.841407	0.798458	0.592242	0.842009	0.795570
90	0.605982	0.845795	0.802318	0.600451	0.843343	0.796420
100	0.615014	0.848572	0.804727	0.608539	0.846013	0.798835
110	0.623552	0.851683	0.807584	0.616641	0.848849	0.801414
120	0.631690	0.854646	0.810033	0.623785	0.850184	0.802540
130	0.637936	0.857331	0.812541	0.629172	0.854021	0.806149
140	0.644507	0.859108	0.814116	0.635220	0.856023	0.808115
150	0.650252	0.860886	0.815682	0.639692	0.857024	0.808880
160	0.664078	0.869774	0.875873	0.651252	0.866200	0.869189
170	0.672235	0.881402	0.886417	0.658053	0.874541	0.876573
180	0.677587	0.883994	0.888855	0.662973	0.876043	0.877500
190	0.693352	0.909529	0.912175	0.676096	0.896230	0.897059
200	0.698737	0.911584	0.914098	0.680442	0.897898	0.898604
210	0.703181	0.913658	0.916038	0.683207	0.900567	0.901183
220	0.717965	0.926064	0.927577	0.695340	0.909910	0.910235
230	0.722994	0.927490	0.928968	0.699274	0.911578	0.911848
240	0.733621	0.933581	0.934679	0.708026	0.917417	0.917479
250	0.736999	0.934563	0.935628	0.710536	0.918418	0.918418
260	0.740671	0.936100	0.937101	0.712852	0.917751	0.917746
270	0.751788	0.939914	0.940730	0.721703	0.921755	0.921613
280	0.754292	0.940507	0.941331	0.723618	0.922589	0.922441
290	0.757111	0.941729	0.942519	0.725312	0.923757	0.923552
300	0.766008	0.945339	0.945949	0.733357	0.926093	0.925779
310	0.770851	0.947321	0.947836	0.737225	0.927094	0.926802
320	0.774873	0.948858	0.949329	0.740240	0.927094	0.926743
330	0.777298	0.949691	0.950148	0.741831	0.927928	0.927559
340	0.781666	0.950783	0.951231	0.745069	0.929763	0.929346
350	0.788039	0.952950	0.953320	0.750887	0.932099	0.931592
360	0.790429	0.953450	0.953827	0.752968	0.932599	0.932169
370	0.792622	0.954320	0.954699	0.754181	0.932432	0.932001
380	0.799259	0.956634	0.956957	0.759564	0.934268	0.933721
390	0.802834	0.957801	0.958092	0.762201	0.936103	0.935560
400	0.805427	0.958356	0.958639	0.764179	0.935769	0.935251
410	0.809081	0.959301	0.959574	0.767221	0.936436	0.935889
420	0.812800	0.960578	0.960808	0.770037	0.937604	0.937028
430	0.814815	0.961152	0.961376	0.771355	0.938438	0.937922
440	0.820657	0.962856	0.963049	0.776056	0.939606	0.938996
450	0.822721	0.963374	0.963575	0.777659	0.939773	0.939155
460	0.826555	0.964356	0.964538	0.781054	0.940941	0.940316
470	0.829479	0.965282	0.965446	0.783452	0.940941	0.940321
480	0.830971	0.965856	0.966027	0.784409	0.941275	0.940649
490	0.835460	0.967022	0.967170	0.788511	0.942442	0.941814
500	0.837060	0.967726	0.967871	0.789548	0.942609	0.941981
510	0.841013	0.968929	0.969062	0.792784	0.943610	0.942968
520	0.842757	0.969411	0.969533	0.793933	0.945112	0.944475
530	0.844212	0.969929	0.970048	0.794946	0.945279	0.944638
540	0.848170	0.970781	0.970875	0.798371	0.946113	0.945471
550	0.849659	0.971188	0.971277	0.799463	0.946780	0.946118
560	0.850968	0.971670	0.971764	0.800288	0.947614	0.946954
570	0.854497	0.972336	0.972420	0.803139	0.948282	0.947648
580	0.855816	0.972670	0.972751	0.804173	0.949116	0.948480
590	0.859005	0.973540	0.973611	0.806622	0.949283	0.948662
600	0.860522	0.973873	0.973945	0.807654	0.949616	0.948988
610	0.863235	0.974558	0.974624	0.810096	0.950784	0.950125
620	0.865082	0.975058	0.975115	0.811442	0.951118	0.950466
630	0.867211	0.975818	0.975879	0.813391	0.951618	0.950976
640	0.869580	0.976169	0.976227	0.815361	0.951785	0.951154
650	0.870581	0.976577	0.976632	0.816161	0.951952	0.951331
660	0.872975	0.977243	0.977302	0.818224	0.952452	0.951797
670	0.873928	0.977558	0.977608	0.818811	0.952786	0.952120
680	0.876287	0.977891	0.977935	0.820766	0.953453	0.952780
690	0.877771	0.978373	0.978419	0.821694	0.954121	0.953472
700	0.879333	0.978743	0.978792	0.822869	0.954788	0.954151
710	0.881157	0.979113	0.979148	0.824267	0.954788	0.954126
720	0.883385	0.979595	0.979630	0.825971	0.955122	0.954439
730	0.884347	0.979965	0.980005	0.826588	0.955455	0.954803
740	0.886515	0.980410	0.980451	0.828405	0.955289	0.954618
750	0.887583	0.980761	0.980798	0.829258	0.955789	0.955103
760	0.889676	0.981095	0.981127	0.830965	0.956290	0.955605
770	0.890901	0.981706	0.981738	0.831463	0.955956	0.955285
780	0.892923	0.982113	0.982140	0.833164	0.956623	0.955945
790	0.893981	0.982409	0.982432	0.833710	0.956290	0.955611
800	0.895640	0.982761	0.982778	0.834991	0.956957	0.956259
810	0.897267	0.983113	0.983131	0.836264	0.956957	0.956262
820	0.898071	0.983280	0.983301	0.836757	0.956790	0.956056
830	0.899606	0.983465	0.983482	0.838336	0.956957	0.956267
840	0.901236	0.983817	0.983832	0.839768	0.957291	0.956585
850	0.902384	0.984131	0.984139	0.840453	0.957958	0.957274
860	0.903697	0.984446	0.984460	0.841653	0.957958	0.957265
870	0.904610	0.984650	0.984664	0.842296	0.957958	0.957270
880	0.905750	0.984891	0.984897	0.843375	0.958625	0.957956
890	0.906846	0.985057	0.985060	0.844156	0.959293	0.958627
900	0.907932	0.985409	0.985410	0.844999	0.959293	0.958623
910	0.909024	0.985668	0.985673	0.845772	0.958959	0.958310
920	0.910081	0.985927	0.985929	0.846624	0.959126	0.958455
930	0.911350	0.986224	0.986223	0.847751	0.959459	0.958819
940	0.912484	0.986372	0.986375	0.848631	0.959626	0.958961
950	0.913537	0.986631	0.986633	0.849322	0.959793	0.959136
960	0.914724	0.986890	0.986891	0.850242	0.959626	0.958968
970	0.915650	0.987094	0.987095	0.851191	0.959793	0.959143
980	0.916830	0.987575	0.987570	0.852198	0.960127	0.959492
990	0.918121	0.987872	0.987865	0.853179	0.960627	0.959998
1000	0.919059	0.988057	0.988043	0.854030	0.960460	0.959807
1010	0.919885	0.988316	0.988308	0.854582	0.960294	0.959643
1020	0.920765	0.988723	0.988721	0.855306	0.960627	0.959999
1030	0.921610	0.988964	0.988958	0.855952	0.960961	0.960343
1040	0.922332	0.989094	0.989089	0.856480	0.960961	0.960346
1050	0.923202	0.989260	0.989255	0.857198	0.961128	0.960517
1060	0.924272	0.989501	0.989493	0.858001	0.961128	0.960512
1070	0.925121	0.989612	0.989603	0.858795	0.961295	0.960664
1080	0.926104	0.989834	0.989826	0.859630	0.961628	0.961004
1090	0.926812	0.989983	0.989971	0.860228	0.961795	0.961182
1100	0.927872	0.990186	0.990180	0.861098	0.961962	0.961364
1110	0.928685	0.990446	0.990437	0.861647	0.962296	0.961711
1120	0.929367	0.990501	0.990493	0.862145	0.962796	0.962245
1130	0.930305	0.990649	0.990637	0.863000	0.962963	0.962414
1140	0.931083	0.990853	0.990846	0.863616	0.962796	0.962238
1150	0.931702	0.991057	0.991051	0.864167	0.962963	0.962417
1160	0.932461	0.991149	0.991140	0.864690	0.962963	0.962417
1170	0.933160	0.991223	0.991215	0.865476	0.963130	0.962567
1180	0.933920	0.991390	0.991381	0.866112	0.962963	0.962399
1190	0.934542	0.991464	0.991456	0.866601	0.963297	0.962732
1200	0.935176	0.991594	0.991584	0.867146	0.963130	0.962580
1210	0.935997	0.991723	0.991712	0.867939	0.963463	0.962904
1220	0.936723	0.991908	0.991899	0.868408	0.963463	0.962903
1230	0.937333	0.991982	0.991974	0.868862	0.963463	0.962897
1240	0.938008	0.992149	0.992140	0.869441	0.963797	0.963248
1250	0.938629	0.992279	0.992269	0.870059	0.963630	0.963081
1260	0.939223	0.992297	0.992288	0.870611	0.963463	0.962905
1270	0.940080	0.992575	0.992566	0.871227	0.963463	0.962903
1280	0.940669	0.992686	0.992678	0.871813	0.963630	0.963078
1290	0.941459	0.992816	0.992807	0.872383	0.963630	0.963094
1300	0.942118	0.992945	0.992935	0.872926	0.963630	0.963084
1310	0.942732	0.992964	0.992954	0.873474	0.963630	0.963101
1320	0.943328	0.993112	0.993103	0.874003	0.963797	0.963270
1330	0.943819	0.993204	0.993195	0.874404	0.964131	0.963606
1340	0.944383	0.993297	0.993289	0.874877	0.963964	0.963429
1350	0.944987	0.993316	0.993305	0.875353	0.964464	0.963925
1360	0.945519	0.993445	0.993437	0.875694	0.964798	0.964268
1370	0.946118	0.993575	0.993567	0.876130	0.964631	0.964112
1380	0.946616	0.993649	0.993637	0.876650	0.964631	0.964120
1390	0.947247	0.993686	0.993673	0.877122	0.965299	0.964795
1400	0.947843	0.993741	0.993728	0.877693	0.964798	0.964285
1410	0.948267	0.993797	0.993785	0.878131	0.965299	0.964783
1420	0.948785	0.993908	0.993895	0.878421	0.965465	0.964956
1430	0.949188	0.994038	0.994029	0.878754	0.965132	0.964626
1440	0.949730	0.994093	0.994082	0.879177	0.965632	0.965137
1450	0.950264	0.994167	0.994159	0.879463	0.965632	0.965116
1460	0.950801	0.994315	0.994308	0.879798	0.965799	0.965300
1470	0.951323	0.994352	0.994343	0.880184	0.965799	0.965278
1480	0.951832	0.994501	0.994491	0.880616	0.965632	0.965109
1490	0.952305	0.994612	0.994607	0.880935	0.965465	0.964942
1500	0.952780	0.994778	0.994775	0.881242	0.965632	0.965116
1510	0.953280	0.994908	0.994906	0.881603	0.965632	0.965109
1520	0.953787	0.995038	0.995034	0.881864	0.965966	0.965463
1530	0.954286	0.995130	0.995125	0.882283	0.966300	0.965815
1540	0.954728	0.995223	0.995218	0.882683	0.965966	0.965484
1550	0.955138	0.995352	0.995349	0.882970	0.966133	0.965651
1560	0.955543	0.995371	0.995367	0.883320	0.966300	0.965820
1570	0.956037	0.995482	0.995482	0.883767	0.966466	0.965987
1580	0.956416	0.995556	0.995555	0.884197	0.966466	0.965987
1590	0.956784	0.995667	0.995666	0.884521	0.966466	0.965994
1600	0.957170	0.995760	0.995757	0.884870	0.966466	0.965993
1610	0.957518	0.995871	0.995870	0.885190	0.966633	0.966162
1620	0.957864	0.995945	0.995944	0.885398	0.966800	0.966328
1630	0.958218	0.996093	0.996093	0.885635	0.966800	0.966308
1640	0.958548	0.996149	0.996151	0.885861	0.966800	0.966310
1650	0.958913	0.996204	0.996204	0.886121	0.966800	0.966303
1660	0.959231	0.996297	0.996301	0.886319	0.967134	0.966645
1670	0.959529	0.996315	0.996320	0.886522	0.967467	0.966974
1680	0.959878	0.996463	0.996464	0.886730	0.967301	0.966813
1690	0.960196	0.996482	0.996482	0.887092	0.967301	0.966817
1700	0.960520	0.996537	0.996537	0.887344	0.967634	0.967165
1710	0.960871	0.996574	0.996572	0.887634	0.967134	0.966665
1720	0.961150	0.996611	0.996609	0.887914	0.967301	0.966821
1730	0.961486	0.996741	0.996739	0.888177	0.967801	0.967350
1740	0.961728	0.996834	0.996829	0.888400	0.967467	0.967012
1750	0.961999	0.996908	0.996903	0.888609	0.967467	0.967006
1760	0.962297	0.996963	0.996959	0.888853	0.967634	0.967167
1770	0.962616	0.997000	0.996996	0.889204	0.967968	0.967500
1780	0.962923	0.997111	0.997108	0.889475	0.967968	0.967500
1790	0.963330	0.997204	0.997203	0.889687	0.968135	0.967668
1800	0.963632	0.997241	0.997237	0.889957	0.968135	0.967679
1810	0.963834	0.997297	0.997293	0.890144	0.968135	0.967679
1820	0.964086	0.997334	0.997330	0.890394	0.967801	0.967336
1830	0.964364	0.997408	0.997404	0.890663	0.967968	0.967512
1840	0.964634	0.997445	0.997442	0.890976	0.967968	0.967515
1850	0.964854	0.997463	0.997461	0.891157	0.968468	0.968032
1860	0.965064	0.997537	0.997534	0.891302	0.968635	0.968218
1870	0.965280	0.997556	0.997553	0.891509	0.968802	0.968382
1880	0.965527	0.997574	0.997571	0.891744	0.968802	0.968381
1890	0.965785	0.997667	0.997663	0.891983	0.968802	0.968381
1900	0.966055	0.997667	0.997664	0.892171	0.968802	0.968383
1910	0.966370	0.997722	0.997721	0.892414	0.968802	0.968383
1920	0.966673	0.997741	0.997739	0.892742	0.969136	0.968734
1930	0.966914	0.997741	0.997740	0.892917	0.968969	0.968559
1940	0.967146	0.997778	0.997777	0.893193	0.968969	0.968559
1950	0.967415	0.997852	0.997850	0.893345	0.968969	0.968559
1960	0.967654	0.997908	0.997907	0.893506	0.968969	0.968559
1970	0.967905	0.997963	0.997964	0.893756	0.968802	0.968392
1980	0.968092	0.998000	0.998000	0.893997	0.968969	0.968560
1990	0.968269	0.998000	0.998000	0.894117	0.968802	0.968392
2000	0.968523	0.998000	0.998001	0.894338	0.968969	0.968553
2010	0.968831	0.998056	0.998056	0.894618	0.969136	0.968730
2020	0.969055	0.998093	0.998093	0.894783	0.969136	0.968730
2030	0.969249	0.998148	0.998150	0.895074	0.968969	0.968565
2040	0.969535	0.998185	0.998187	0.895317	0.969136	0.968733
2050	0.969713	0.998185	0.998188	0.895467	0.969303	0.968902
2060	0.969906	0.998204	0.998206	0.895656	0.968969	0.968557
2070	0.970118	0.998204	0.998205	0.895945	0.969136	0.968699
2080	0.970294	0.998222	0.998226	0.896118	0.969136	0.968699
2090	0.970497	0.998222	0.998226	0.896300	0.969303	0.968875
2100	0.970717	0.998241	0.998245	0.896546	0.969303	0.968875
2110	0.970920	0.998259	0.998262	0.896703	0.969303	0.968875
2120	0.971130	0.998296	0.998299	0.896924	0.969303	0.968875
2130	0.971306	0.998315	0.998319	0.897128	0.969469	0.969049
2140	0.971482	0.998315	0.998319	0.897288	0.969636	0.969224
2150	0.971673	0.998352	0.998355	0.897446	0.969636	0.969224
2160	0.971842	0.998352	0.998357	0.897673	0.969469	0.969049
2170	0.972028	0.998352	0.998357	0.897808	0.969803	0.969395
2180	0.972208	0.998352	0.998356	0.897967	0.969636	0.969220
2190	0.972395	0.998352	0.998356	0.898186	0.969636	0.969220
2200	0.972623	0.998426	0.998431	0.898357	0.969636	0.969210
2210	0.972809	0.998445	0.998449	0.898552	0.969469	0.969034
2220	0.972968	0.998500	0.998506	0.898680	0.969469	0.969034
2230	0.973153	0.998500	0.998506	0.898806	0.969636	0.969202
2240	0.973346	0.998537	0.998542	0.898984	0.969636	0.969202
2250	0.973527	0.998574	0.998580	0.899156	0.969636	0.969202
2260	0.973694	0.998611	0.998615	0.899332	0.969636	0.969202
2270	0.973838	0.998611	0.998615	0.899472	0.969636	0.969202
2280	0.974001	0.998611	0.998615	0.899808	0.969803	0.969374
2290	0.974158	0.998648	0.998652	0.899958	0.969970	0.969543
2300	0.974303	0.998685	0.998689	0.900138	0.969803	0.969374
2310	0.974455	0.998704	0.998710	0.900217	0.969970	0.969542
2320	0.974626	0.998704	0.998709	0.900423	0.969803	0.969374
2330	0.974780	0.998759	0.998764	0.900533	0.969970	0.969542
2340	0.975001	0.998833	0.998837	0.900732	0.969803	0.969383
2350	0.975154	0.998870	0.998874	0.900871	0.969970	0.969542
2360	0.975292	0.998870	0.998877	0.901012	0.970137	0.969720
2370	0.975456	0.998852	0.998858	0.901171	0.970137	0.969719
2380	0.975584	0.998889	0.998895	0.901275	0.970470	0.970061
2390	0.975718	0.998889	0.998894	0.901357	0.970137	0.969715
2400	0.975844	0.998908	0.998911	0.901444	0.970304	0.969885
2410	0.975986	0.998908	0.998912	0.901524	0.970304	0.969885
2420	0.976138	0.998945	0.998950	0.901585	0.970470	0.970066
2430	0.976294	0.998963	0.998968	0.901729	0.969970	0.969546
2440	0.976441	0.999000	0.999003	0.901876	0.969970	0.969552
2450	0.976581	0.999019	0.999022	0.902002	0.969970	0.969552
2460	0.976731	0.999056	0.999058	0.902147	0.970304	0.969910
2470	0.976900	0.999093	0.999095	0.902316	0.970137	0.969738
2480	0.977032	0.999148	0.999151	0.902461	0.970137	0.969738
2490	0.977172	0.999148	0.999151	0.902605	0.970304	0.969910
2500	0.977307	0.999167	0.999169	0.902766	0.970304	0.969910
2510	0.977451	0.999185	0.999188	0.902908	0.970304	0.969910
2520	0.977580	0.999204	0.999207	0.903021	0.970304	0.969910
2530	0.977722	0.999204	0.999207	0.903133	0.970304	0.969910
2540	0.977844	0.999204	0.999207	0.903237	0.970304	0.969910
2550	0.977966	0.999204	0.999205	0.903275	0.970304	0.969925
2560	0.978094	0.999204	0.999207	0.903331	0.970304	0.969925
2570	0.978188	0.999222	0.999224	0.903444	0.970470	0.970094
2580	0.978300	0.999259	0.999262	0.903558	0.970304	0.969925
2590	0.978398	0.999259	0.999262	0.903647	0.970470	0.970103
2600	0.978499	0.999259	0.999262	0.903727	0.970304	0.969925
2610	0.978586	0.999278	0.999282	0.903828	0.970304	0.969925
2620	0.978693	0.999278	0.999282	0.903916	0.970304	0.969925
2630	0.978792	0.999278	0.999282	0.904027	0.970137	0.969751
2640	0.978880	0.999278	0.999282	0.904125	0.970137	0.969751
2650	0.978975	0.999296	0.999301	0.904213	0.970470	0.970094
2660	0.979083	0.999296	0.999301	0.904336	0.970470	0.970103
2670	0.979202	0.999315	0.999320	0.904415	0.970470	0.970098
2680	0.979288	0.999333	0.999339	0.904560	0.970470	0.970098
2690	0.979401	0.999352	0.999356	0.904646	0.970637	0.970272
2700	0.979495	0.999352	0.999356	0.904770	0.970637	0.970272
2710	0.979576	0.999352	0.999356	0.904830	0.970637	0.970272
2720	0.979667	0.999370	0.999377	0.904946	0.970637	0.970272
2730	0.979749	0.999370	0.999377	0.905034	0.970637	0.970272
2740	0.979877	0.999389	0.999395	0.905159	0.970637	0.970272
2750	0.979993	0.999426	0.999432	0.905237	0.970637	0.970272
2760	0.980099	0.999426	0.999432	0.905333	0.970804	0.970450
2770	0.980237	0.999445	0.999450	0.905510	0.970804	0.970450
2780	0.980317	0.999445	0.999450	0.905572	0.970804	0.970450
2790	0.980392	0.999463	0.999469	0.905628	0.970804	0.970450
2800	0.980480	0.999463	0.999469	0.905716	0.970804	0.970450
2810	0.980582	0.999482	0.999488	0.905767	0.970804	0.970450
2820	0.980660	0.999482	0.999488	0.905841	0.970804	0.970440
2830	0.980738	0.999482	0.999488	0.905937	0.970804	0.970440
2840	0.980842	0.999482	0.999488	0.906008	0.970804	0.970440
2850	0.980939	0.999482	0.999488	0.906122	0.970971	0.970599
2860	0.981046	0.999500	0.999506	0.906210	0.970971	0.970599
2870	0.981152	0.999500	0.999506	0.906323	0.970804	0.970420
2880	0.981247	0.999500	0.999506	0.906410	0.971138	0.970773
2890	0.981346	0.999482	0.999488	0.906530	0.971305	0.970961
2900	0.981433	0.999482	0.999488	0.906611	0.971305	0.970961
2910	0.981511	0.999482	0.999488	0.906669	0.971305	0.970961
2920	0.981603	0.999500	0.999507	0.906741	0.971305	0.970956
2930	0.981680	0.999500	0.999507	0.906799	0.971305	0.970956
2940	0.981789	0.999519	0.999525	0.906970	0.971138	0.970778
2950	0.981865	0.999519	0.999525	0.907066	0.971471	0.971122
2960	0.981960	0.999519	0.999525	0.907155	0.971471	0.971122
2970	0.982042	0.999519	0.999525	0.907238	0.971638	0.971298
2980	0.982134	0.999519	0.999525	0.907326	0.971471	0.971122
2990	0.982208	0.999519	0.999525	0.907468	0.971471	0.971122
3000	0.982286	0.999537	0.999543	0.907560	0.971638	0.971298
3010	0.982353	0.999537	0.999543	0.907629	0.971471	0.971122
3020	0.982430	0.999556	0.999562	0.907711	0.971638	0.971298
3030	0.982506	0.999556	0.999562	0.907799	0.971471	0.971122
3040	0.982596	0.999556	0.999562	0.907867	0.971638	0.971298
3050	0.982671	0.999574	0.999580	0.907944	0.971638	0.971298
3060	0.982743	0.999574	0.999580	0.908015	0.971471	0.971130
3070	0.982811	0.999574	0.999580	0.908101	0.971471	0.971130
3080	0.982885	0.999574	0.999580	0.908157	0.971471	0.971130
3090	0.982968	0.999611	0.999617	0.908206	0.971471	0.971118
3100	0.983037	0.999611	0.999617	0.908299	0.971638	0.971297
3110	0.983107	0.999630	0.999636	0.908356	0.971471	0.971130
3120	0.983178	0.999648	0.999654	0.908435	0.971638	0.971298
3130	0.983252	0.999667	0.999673	0.908550	0.971638	0.971298
3140	0.983328	0.999667	0.999673	0.908659	0.971471	0.971120
3150	0.983401	0.999667	0.999673	0.908784	0.971305	0.970951
3160	0.983471	0.999685	0.999692	0.908850	0.971471	0.971120
3170	0.983526	0.999704	0.999711	0.908924	0.971638	0.971298
3180	0.983590	0.999722	0.999729	0.909008	0.971638	0.971298
3190	0.983645	0.999722	0.999729	0.909045	0.971638	0.971298
3200	0.983715	0.999722	0.999729	0.909118	0.971638	0.971298
3210	0.983775	0.999741	0.999747	0.909189	0.971638	0.971298
3220	0.983831	0.999741	0.999747	0.909237	0.971638	0.971298
3230	0.983891	0.999741	0.999747	0.909346	0.971805	0.971463
3240	0.983953	0.999741	0.999747	0.909419	0.971805	0.971463
3250	0.984020	0.999741	0.999747	0.909475	0.971805	0.971463
3260	0.984092	0.999741	0.999747	0.909562	0.971805	0.971463
3270	0.984157	0.999759	0.999765	0.909655	0.971805	0.971463
3280	0.984231	0.999759	0.999765	0.909747	0.971638	0.971285
3290	0.984296	0.999759	0.999765	0.909820	0.971805	0.971452
3300	0.984352	0.999759	0.999765	0.909884	0.971805	0.971452
3310	0.984411	0.999759	0.999765	0.909953	0.971805	0.971452
3320	0.984477	0.999759	0.999765	0.910033	0.971972	0.971630
3330	0.984550	0.999759	0.999765	0.910085	0.971972	0.971630
3340	0.984605	0.999759	0.999765	0.910142	0.971972	0.971630
3350	0.984670	0.999759	0.999765	0.910240	0.971972	0.971630
3360	0.984727	0.999759	0.999765	0.910275	0.971972	0.971630
3370	0.984781	0.999759	0.999765	0.910302	0.972139	0.971803
3380	0.984843	0.999759	0.999765	0.910378	0.972306	0.971976
3390	0.984904	0.999759	0.999765	0.910386	0.971972	0.971635
3400	0.984971	0.999759	0.999765	0.910456	0.971972	0.971635
3410	0.985022	0.999759	0.999765	0.910496	0.971972	0.971635
3420	0.985083	0.999759	0.999765	0.910579	0.971972	0.971635
3430	0.985140	0.999778	0.999782	0.910658	0.971805	0.971468
3440	0.985203	0.999778	0.999782	0.910691	0.971805	0.971468
3450	0.985268	0.999796	0.999801	0.910724	0.971805	0.971468
3460	0.985314	0.999796	0.999801	0.910823	0.971805	0.971468
3470	0.985373	0.999796	0.999801	0.910857	0.971972	0.971635
3480	0.985420	0.999796	0.999801	0.910893	0.971972	0.971635
3490	0.985475	0.999796	0.999801	0.910953	0.971972	0.971635
3500	0.985524	0.999796	0.999801	0.911051	0.971972	0.971635
3510	0.985577	0.999796	0.999801	0.911113	0.971972	0.971635
3520	0.985644	0.999796	0.999801	0.911191	0.971805	0.971468
3530	0.985696	0.999796	0.999801	0.911227	0.971805	0.971466
3540	0.985757	0.999815	0.999819	0.911288	0.971972	0.971635
3550	0.985817	0.999852	0.999855	0.911334	0.971638	0.971300
3560	0.985885	0.999852	0.999855	0.911394	0.971638	0.971300
3570	0.985938	0.999852	0.999855	0.911457	0.971805	0.971466
3580	0.985993	0.999852	0.999855	0.911578	0.971972	0.971635
3590	0.986044	0.999852	0.999855	0.911622	0.971972	0.971635
3600	0.986099	0.999852	0.999855	0.911677	0.972139	0.971801
3610	0.986138	0.999852	0.999855	0.911685	0.971805	0.971468
3620	0.986177	0.999852	0.999855	0.911689	0.971805	0.971468
3630	0.986225	0.999852	0.999855	0.911730	0.971805	0.971468
3640	0.986273	0.999833	0.999837	0.911801	0.971972	0.971641
3650	0.986323	0.999833	0.999837	0.911907	0.972139	0.971804
3660	0.986374	0.999833	0.999837	0.911976	0.972139	0.971804
3670	0.986419	0.999833	0.999837	0.912028	0.972139	0.971804
3680	0.986475	0.999833	0.999837	0.912069	0.972139	0.971804
3690	0.986517	0.999852	0.999855	0.912111	0.971972	0.971641
3700	0.986562	0.999852	0.999855	0.912161	0.971972	0.971641
3710	0.986603	0.999833	0.999837	0.912199	0.972306	0.971970
3720	0.986639	0.999833	0.999837	0.912243	0.972306	0.971970
3730	0.986678	0.999852	0.999855	0.912315	0.972139	0.971796
3740	0.986721	0.999870	0.999872	0.912366	0.972139	0.971796
3750	0.986769	0.999870	0.999872	0.912394	0.972139	0.971796
3760	0.986809	0.999870	0.999872	0.912423	0.972139	0.971796
3770	0.986856	0.999870	0.999872	0.912459	0.972139	0.971796
3780	0.986890	0.999870	0.999872	0.912479	0.972139	0.971796
3790	0.986938	0.999870	0.999872	0.912539	0.972139	0.971796
3800	0.986988	0.999870	0.999872	0.912574	0.972139	0.971796
3810	0.987034	0.999870	0.999872	0.912606	0.972139	0.971796
3820	0.987083	0.999889	0.999890	0.912660	0.972306	0.971972
3830	0.987135	0.999889	0.999890	0.912711	0.972306	0.971972
3840	0.987184	0.999889	0.999890	0.912790	0.972306	0.971972
3850	0.987231	0.999889	0.999890	0.912857	0.972306	0.971972
3860	0.987285	0.999889	0.999890	0.912952	0.972306	0.971972
3870	0.987338	0.999889	0.999890	0.913006	0.972306	0.971972
3880	0.987394	0.999889	0.999890	0.913074	0.972306	0.971972
3890	0.987440	0.999889	0.999890	0.913135	0.972306	0.971972
3900	0.987486	0.999889	0.999890	0.913201	0.972306	0.971972
3910	0.987536	0.999889	0.999890	0.913230	0.972306	0.971972
3920	0.987582	0.999889	0.999890	0.913262	0.972306	0.971979
3930	0.987620	0.999889	0.999890	0.913279	0.972306	0.971979
3940	0.987656	0.999889	0.999890	0.913315	0.972306	0.971979
3950	0.987704	0.999907	0.999909	0.913351	0.972472	0.972145
3960	0.987743	0.999907	0.999909	0.913387	0.972472	0.972146
3970	0.987782	0.999907	0.999909	0.913438	0.972639	0.972312
3980	0.987824	0.999907	0.999909	0.913467	0.972472	0.972145
3990	0.987860	0.999907	0.999909	0.913482	0.972472	0.972145
4000	0.987898	0.999907	0.999909	0.913514	0.972472	0.972145
