10	0.402131	0.748388	0.716381	0.394552	0.739874	0.710128
20	0.464556	0.787517	0.750192	0.454069	0.772742	0.737797
30	0.501167	0.806859	0.768316	0.489404	0.789675	0.752961
40	0.526521	0.818271	0.778293	0.513329	0.804449	0.766309
50	0.547870	0.825663	0.784173	0.532868	0.813247	0.773565
60	0.565316	0.832629	0.790356	0.549277	0.818393	0.777670
70	0.578518	0.838150	0.795095	0.561242	0.824369	0.782798
80	0.593174	0.843653	0.799885	0.575061	0.830677	0.788378
90	0.602983	0.847062	0.802849	0.582679	0.832337	0.789577
100	0.611768	0.850674	0.806135	0.589589	0.834661	0.791804
110	0.621689	0.853917	0.808885	0.597425	0.839475	0.795993
120	0.629003	0.855936	0.810706	0.604333	0.841965	0.798046
130	0.635554	0.857548	0.812154	0.609538	0.843625	0.799625
140	0.643778	0.859975	0.866449	0.616471	0.845286	0.801024
150	0.649347	0.861809	0.816119	0.621257	0.847112	0.802704
160	0.658199	0.864588	0.870881	0.629199	0.848772	0.804224
170	0.673753	0.882781	0.887332	0.643959	0.868360	0.873938
180	0.685240	0.900752	0.903591	0.654514	0.885790	0.889078
190	0.690545	0.902827	0.905591	0.658970	0.888778	0.891936
200	0.707191	0.922317	0.923696	0.674860	0.905876	0.907501
210	0.711482	0.923447	0.924792	0.677836	0.906541	0.908141
220	0.716859	0.925078	0.926345	0.682142	0.908367	0.909950
230	0.729568	0.932285	0.933151	0.693668	0.916999	0.918075
240	0.732755	0.933656	0.934478	0.695379	0.916501	0.917619
250	0.742438	0.937417	0.938064	0.704490	0.920817	0.921734
260	0.746750	0.939158	0.939782	0.708058	0.923307	0.924108
270	0.750407	0.940140	0.940743	0.710646	0.924137	0.924852
280	0.759027	0.943438	0.943908	0.718663	0.928121	0.928614
290	0.762712	0.944883	0.945339	0.721531	0.928951	0.929398
300	0.765725	0.945791	0.946244	0.723798	0.929117	0.929552
310	0.774076	0.948403	0.948782	0.731464	0.931939	0.932226
320	0.776482	0.949403	0.949782	0.733350	0.931441	0.931749
330	0.779213	0.950274	0.950640	0.735385	0.932935	0.933243
340	0.786957	0.952646	0.952907	0.742103	0.935425	0.935683
350	0.789410	0.953220	0.953494	0.744000	0.935591	0.935834
360	0.794785	0.955147	0.955356	0.748783	0.937915	0.938024
370	0.797497	0.955962	0.956153	0.750744	0.937915	0.938074
380	0.800046	0.956777	0.956954	0.752818	0.938413	0.938626
390	0.806168	0.959167	0.959316	0.758172	0.939575	0.939637
400	0.808611	0.959853	0.959988	0.760014	0.939575	0.939604
410	0.811839	0.960594	0.960714	0.762904	0.940405	0.940470
420	0.814516	0.961390	0.961515	0.765012	0.940737	0.940759
430	0.817941	0.962520	0.962633	0.768070	0.941567	0.941543
440	0.820004	0.962965	0.963077	0.769492	0.942563	0.942528
450	0.824275	0.964077	0.964165	0.773157	0.943393	0.943330
460	0.826000	0.964521	0.964606	0.774269	0.943559	0.943533
470	0.829712	0.965688	0.965763	0.777441	0.944057	0.944030
480	0.831380	0.966281	0.966343	0.778741	0.944057	0.944018
490	0.835005	0.967615	0.967682	0.781811	0.944721	0.944611
500	0.836790	0.968171	0.968240	0.783092	0.945053	0.944962
510	0.839890	0.968894	0.968945	0.785750	0.945717	0.945625
520	0.842146	0.969764	0.969816	0.787445	0.946713	0.946613
530	0.844643	0.970228	0.970280	0.789473	0.947045	0.946957
540	0.847250	0.970913	0.970942	0.791745	0.946879	0.946785
550	0.848669	0.971098	0.971131	0.792131	0.947543	0.947424
560	0.851875	0.971913	0.971927	0.794977	0.948041	0.947901
570	0.853160	0.972469	0.972492	0.795713	0.948705	0.948518
580	0.856325	0.973321	0.973338	0.798208	0.949037	0.948823
590	0.857586	0.973711	0.973722	0.798898	0.950033	0.949854
600	0.860755	0.974470	0.974467	0.801356	0.950365	0.950126
610	0.862123	0.974804	0.974804	0.802316	0.950199	0.949971
620	0.863978	0.975100	0.975099	0.804139	0.950531	0.950309
630	0.866074	0.975637	0.975628	0.805882	0.950365	0.950145
640	0.867348	0.975730	0.975723	0.806770	0.951361	0.951135
650	0.869804	0.976193	0.976187	0.808868	0.952191	0.951973
660	0.871509	0.976490	0.976473	0.810570	0.952191	0.951979
670	0.872798	0.976879	0.976864	0.811433	0.952357	0.952144
680	0.875063	0.977323	0.977307	0.813241	0.953519	0.953318
690	0.876328	0.977694	0.977678	0.813898	0.953851	0.953652
700	0.878690	0.978361	0.978338	0.815688	0.954349	0.954171
710	0.881007	0.979009	0.978980	0.817534	0.954681	0.954493
720	0.882258	0.979343	0.979310	0.818667	0.955013	0.954824
730	0.883908	0.979843	0.979804	0.819990	0.955179	0.955004
740	0.885523	0.980195	0.980158	0.821466	0.955013	0.954814
750	0.886489	0.980473	0.980429	0.822068	0.954847	0.954685
760	0.888481	0.980843	0.980794	0.823719	0.954847	0.954652
770	0.889935	0.981140	0.981088	0.824864	0.955511	0.955336
780	0.891336	0.981344	0.981298	0.825924	0.955345	0.955138
790	0.892910	0.981696	0.981651	0.827117	0.955843	0.955616
800	0.893861	0.982140	0.982093	0.827752	0.956175	0.955933
810	0.895432	0.982511	0.982457	0.829155	0.956839	0.956622
820	0.897196	0.982733	0.982674	0.830481	0.956839	0.956617
830	0.898103	0.982881	0.982823	0.831151	0.957337	0.957100
840	0.899785	0.983400	0.983337	0.832470	0.957337	0.957097
850	0.901385	0.983696	0.983630	0.833612	0.957669	0.957419
860	0.902162	0.983937	0.983879	0.834322	0.957503	0.957281
870	0.904070	0.984400	0.984346	0.836199	0.957835	0.957594
880	0.905161	0.984641	0.984589	0.837094	0.958167	0.957905
890	0.906408	0.984771	0.984718	0.838312	0.958499	0.958211
900	0.907699	0.985086	0.985028	0.839380	0.958499	0.958210
910	0.908371	0.985160	0.985104	0.839939	0.958499	0.958216
920	0.909641	0.985512	0.985459	0.841109	0.958997	0.958726
930	0.910728	0.985642	0.985589	0.841866	0.958665	0.958406
940	0.911930	0.985846	0.985789	0.842791	0.958831	0.958573
950	0.913061	0.986161	0.986105	0.843677	0.959329	0.959076
960	0.914262	0.986420	0.986364	0.844728	0.959661	0.959401
970	0.915302	0.986753	0.986691	0.845644	0.959993	0.959734
980	0.916334	0.986957	0.986892	0.846667	0.960823	0.960549
990	0.917413	0.987254	0.987189	0.847469	0.960159	0.959879
1000	0.918385	0.987643	0.987582	0.848142	0.959993	0.959715
1010	0.919240	0.987846	0.987788	0.848965	0.960325	0.960043
1020	0.920082	0.987939	0.987876	0.849655	0.960325	0.960049
1030	0.921006	0.988087	0.988028	0.850361	0.960325	0.960054
1040	0.921714	0.988384	0.988323	0.850963	0.960325	0.960040
1050	0.922639	0.988699	0.988641	0.851748	0.960657	0.960373
1060	0.923690	0.988958	0.988905	0.852431	0.960657	0.960389
1070	0.924493	0.989162	0.989110	0.853097	0.961155	0.960882
1080	0.925355	0.989384	0.989332	0.853561	0.960823	0.960541
1090	0.926236	0.989606	0.989554	0.854193	0.961155	0.960882
1100	0.927082	0.989792	0.989740	0.854885	0.961155	0.960877
1110	0.927802	0.990088	0.990042	0.855373	0.961155	0.960855
1120	0.928662	0.990125	0.990078	0.855987	0.961155	0.960864
1130	0.929459	0.990422	0.990378	0.856700	0.961487	0.961216
1140	0.930168	0.990588	0.990547	0.857123	0.961487	0.961202
1150	0.930925	0.990774	0.990733	0.857719	0.961653	0.961367
1160	0.931964	0.991033	0.990996	0.858469	0.961653	0.961365
1170	0.932598	0.991107	0.991070	0.858965	0.961321	0.961034
1180	0.933451	0.991274	0.991236	0.859541	0.961985	0.961700
1190	0.934194	0.991478	0.991439	0.860022	0.962317	0.962005
1200	0.935096	0.991700	0.991667	0.860708	0.962483	0.962171
1210	0.936020	0.991978	0.991947	0.861241	0.962317	0.962006
1220	0.936953	0.992108	0.992077	0.862074	0.962815	0.962509
1230	0.937550	0.992200	0.992168	0.862544	0.962981	0.962679
1240	0.938225	0.992311	0.992279	0.863161	0.963147	0.962852
1250	0.938943	0.992478	0.992447	0.863821	0.963479	0.963172
1260	0.939494	0.992534	0.992505	0.864252	0.963479	0.963172
1270	0.940202	0.992756	0.992727	0.864789	0.963313	0.963003
1280	0.940737	0.992867	0.992841	0.865176	0.963313	0.963003
1290	0.941314	0.993108	0.993088	0.865543	0.963147	0.962818
1300	0.942022	0.993238	0.993217	0.866188	0.963147	0.962808
1310	0.942608	0.993367	0.993346	0.866628	0.963147	0.962808
1320	0.943085	0.993386	0.993364	0.867022	0.962815	0.962469
1330	0.943648	0.993404	0.993382	0.867395	0.963313	0.962997
1340	0.944187	0.993553	0.993532	0.867840	0.963645	0.963328
1350	0.944828	0.993645	0.993625	0.868304	0.963645	0.963328
1360	0.945439	0.993849	0.993830	0.868857	0.963479	0.963150
1370	0.945899	0.993831	0.993809	0.869114	0.963313	0.962989
1380	0.946514	0.993979	0.993959	0.869685	0.963645	0.963328
1390	0.946900	0.993997	0.993976	0.870076	0.963811	0.963502
1400	0.947386	0.994090	0.994072	0.870588	0.963811	0.963495
1410	0.947858	0.994201	0.994184	0.870903	0.963811	0.963495
1420	0.948394	0.994294	0.994279	0.871311	0.963811	0.963495
1430	0.948825	0.994405	0.994388	0.871688	0.963645	0.963321
1440	0.949232	0.994535	0.994520	0.871889	0.963811	0.963474
1450	0.949699	0.994553	0.994541	0.872254	0.963977	0.963643
1460	0.950097	0.994683	0.994671	0.872577	0.963645	0.963321
1470	0.950613	0.994646	0.994634	0.873039	0.963645	0.963310
1480	0.951052	0.994738	0.994725	0.873425	0.963645	0.963326
1490	0.951486	0.994813	0.994799	0.873813	0.963811	0.963486
1500	0.951842	0.994831	0.994817	0.874093	0.963811	0.963486
1510	0.952300	0.994979	0.994966	0.874418	0.963811	0.963483
1520	0.952684	0.995053	0.995042	0.874726	0.964143	0.963804
1530	0.953086	0.995127	0.995117	0.875039	0.964475	0.964144
1540	0.953622	0.995257	0.995247	0.875451	0.964475	0.964150
1550	0.954007	0.995276	0.995266	0.875861	0.964807	0.964486
1560	0.954419	0.995257	0.995248	0.876142	0.964807	0.964486
1570	0.954831	0.995331	0.995321	0.876411	0.964641	0.964303
1580	0.955121	0.995442	0.995430	0.876653	0.964641	0.964303
1590	0.955554	0.995591	0.995579	0.876897	0.964807	0.964470
1600	0.955993	0.995720	0.995711	0.877344	0.965471	0.965142
1610	0.956399	0.995757	0.995746	0.877636	0.965471	0.965142
1620	0.956775	0.995887	0.995878	0.877928	0.965637	0.965310
1630	0.957098	0.995924	0.995914	0.878194	0.965803	0.965471
1640	0.957424	0.996017	0.996006	0.878403	0.966135	0.965804
1650	0.957852	0.996146	0.996138	0.878594	0.965969	0.965622
1660	0.958243	0.996239	0.996228	0.878877	0.966135	0.965799
1670	0.958639	0.996332	0.996324	0.879221	0.965803	0.965473
1680	0.958886	0.996369	0.996362	0.879406	0.965803	0.965467
1690	0.959153	0.996424	0.996418	0.879657	0.965969	0.965621
1700	0.959553	0.996517	0.996511	0.879914	0.965969	0.965621
1710	0.959918	0.996573	0.996566	0.880250	0.965969	0.965621
1720	0.960244	0.996610	0.996604	0.880574	0.965969	0.965613
1730	0.960611	0.996684	0.996678	0.880888	0.966301	0.965947
1740	0.960917	0.996721	0.996718	0.881235	0.966467	0.966114
1750	0.961283	0.996721	0.996717	0.881526	0.966467	0.966114
1760	0.961540	0.996776	0.996771	0.881778	0.966467	0.966110
1770	0.961825	0.996832	0.996828	0.882019	0.966799	0.966460
1780	0.962110	0.996888	0.996884	0.882269	0.966633	0.966285
1790	0.962400	0.996962	0.996958	0.882555	0.966467	0.966116
1800	0.962647	0.996980	0.996975	0.882728	0.967131	0.966785
1810	0.962898	0.996999	0.996993	0.882941	0.966799	0.966456
1820	0.963107	0.997073	0.997068	0.883118	0.966965	0.966636
1830	0.963406	0.997073	0.997067	0.883352	0.966799	0.966454
1840	0.963658	0.997073	0.997067	0.883643	0.966965	0.966629
1850	0.963916	0.997110	0.997103	0.883867	0.966965	0.966629
1860	0.964140	0.997165	0.997157	0.884060	0.967297	0.966988
1870	0.964374	0.997221	0.997215	0.884280	0.966965	0.966635
1880	0.964640	0.997258	0.997253	0.884633	0.967131	0.966821
1890	0.964997	0.997388	0.997382	0.884933	0.967297	0.966981
1900	0.965247	0.997480	0.997475	0.885178	0.967297	0.966981
1910	0.965487	0.997480	0.997474	0.885340	0.967463	0.967160
1920	0.965729	0.997480	0.997474	0.885556	0.967297	0.966982
1930	0.965933	0.997517	0.997511	0.885724	0.967463	0.967138
1940	0.966155	0.997517	0.997511	0.886028	0.967795	0.967472
1950	0.966418	0.997536	0.997530	0.886277	0.967961	0.967639
1960	0.966666	0.997592	0.997587	0.886476	0.967795	0.967470
1970	0.966853	0.997592	0.997587	0.886669	0.967961	0.967627
1980	0.967062	0.997647	0.997643	0.886869	0.967961	0.967639
1990	0.967288	0.997684	0.997680	0.887084	0.967795	0.967474
2000	0.967479	0.997721	0.997717	0.887257	0.967795	0.967474
2010	0.967714	0.997758	0.997755	0.887439	0.967961	0.967647
2020	0.967970	0.997740	0.997735	0.887657	0.968127	0.967816
2030	0.968244	0.997814	0.997811	0.887858	0.967961	0.967647
2040	0.968510	0.997888	0.997884	0.888053	0.967795	0.967469
2050	0.968801	0.997869	0.997865	0.888218	0.967795	0.967469
2060	0.969022	0.997925	0.997923	0.888521	0.967961	0.967634
2070	0.969216	0.997944	0.997941	0.888732	0.968127	0.967803
2080	0.969476	0.998036	0.998032	0.888954	0.967961	0.967635
2090	0.969648	0.998110	0.998109	0.889149	0.968127	0.967812
2100	0.969872	0.998129	0.998127	0.889280	0.968293	0.967989
2110	0.970060	0.998166	0.998165	0.889438	0.968293	0.967989
2120	0.970288	0.998166	0.998165	0.889608	0.968625	0.968335
2130	0.970485	0.998166	0.998166	0.889794	0.968792	0.968513
2140	0.970672	0.998203	0.998203	0.889932	0.968792	0.968512
2150	0.970850	0.998221	0.998222	0.890105	0.968625	0.968340
2160	0.971055	0.998258	0.998257	0.890291	0.968792	0.968508
2170	0.971234	0.998258	0.998257	0.890488	0.968958	0.968673
2180	0.971400	0.998296	0.998295	0.890607	0.968625	0.968328
2190	0.971580	0.998333	0.998329	0.890736	0.968958	0.968670
2200	0.971759	0.998333	0.998329	0.890866	0.969124	0.968847
2210	0.971968	0.998388	0.998385	0.891039	0.969124	0.968848
2220	0.972178	0.998425	0.998423	0.891208	0.969290	0.969022
2230	0.972344	0.998481	0.998479	0.891334	0.969622	0.969362
2240	0.972517	0.998481	0.998479	0.891507	0.969622	0.969352
2250	0.972693	0.998481	0.998479	0.891642	0.969954	0.969695
2260	0.972849	0.998555	0.998554	0.891751	0.969954	0.969695
2270	0.973020	0.998555	0.998554	0.891891	0.969788	0.969516
2280	0.973202	0.998592	0.998591	0.892068	0.969788	0.969510
2290	0.973348	0.998592	0.998590	0.892221	0.970120	0.969847
2300	0.973527	0.998666	0.998662	0.892409	0.970120	0.969847
2310	0.973685	0.998666	0.998662	0.892531	0.970286	0.970012
2320	0.973873	0.998703	0.998699	0.892706	0.970120	0.969847
2330	0.974034	0.998722	0.998719	0.892847	0.970286	0.970013
2340	0.974255	0.998740	0.998737	0.893008	0.969954	0.969677
2350	0.974440	0.998722	0.998718	0.893209	0.969954	0.969677
2360	0.974625	0.998759	0.998757	0.893364	0.969954	0.969675
2370	0.974793	0.998796	0.998793	0.893447	0.969788	0.969505
2380	0.974934	0.998814	0.998812	0.893609	0.969954	0.969675
2390	0.975086	0.998814	0.998812	0.893782	0.970286	0.970013
2400	0.975224	0.998796	0.998793	0.893943	0.970286	0.970001
2410	0.975363	0.998796	0.998793	0.894088	0.970286	0.970001
2420	0.975533	0.998833	0.998830	0.894260	0.970120	0.969844
2430	0.975672	0.998833	0.998830	0.894415	0.970120	0.969844
2440	0.975861	0.998851	0.998849	0.894621	0.970120	0.969844
2450	0.976023	0.998851	0.998849	0.894796	0.970120	0.969861
2460	0.976168	0.998870	0.998867	0.894881	0.969788	0.969524
2470	0.976306	0.998907	0.998903	0.895011	0.969622	0.969366
2480	0.976450	0.998925	0.998921	0.895169	0.969622	0.969366
2490	0.976578	0.998944	0.998939	0.895270	0.969622	0.969366
2500	0.976693	0.998963	0.998957	0.895349	0.969622	0.969366
2510	0.976833	0.999000	0.998993	0.895471	0.969622	0.969366
2520	0.976970	0.999037	0.999031	0.895529	0.969788	0.969520
2530	0.977097	0.999055	0.999050	0.895617	0.969954	0.969684
2540	0.977227	0.999074	0.999069	0.895758	0.969622	0.969366
2550	0.977332	0.999111	0.999107	0.895854	0.969954	0.969684
2560	0.977445	0.999129	0.999125	0.896015	0.969954	0.969684
2570	0.977580	0.999148	0.999144	0.896112	0.969788	0.969525
2580	0.977702	0.999166	0.999162	0.896194	0.969954	0.969694
2590	0.977849	0.999203	0.999199	0.896324	0.970120	0.969863
2600	0.977958	0.999203	0.999199	0.896454	0.970286	0.970015
2610	0.978061	0.999222	0.999218	0.896521	0.970286	0.970015
2620	0.978187	0.999240	0.999236	0.896648	0.970618	0.970349
2630	0.978316	0.999240	0.999236	0.896745	0.970784	0.970519
2640	0.978423	0.999240	0.999236	0.896829	0.970950	0.970687
2650	0.978514	0.999259	0.999255	0.896891	0.970950	0.970683
2660	0.978618	0.999259	0.999255	0.896999	0.970784	0.970519
2670	0.978761	0.999259	0.999255	0.897148	0.970618	0.970349
2680	0.978886	0.999259	0.999255	0.897269	0.970618	0.970349
2690	0.979001	0.999259	0.999255	0.897352	0.970784	0.970517
2700	0.979100	0.999259	0.999255	0.897458	0.970784	0.970512
2710	0.979186	0.999277	0.999274	0.897533	0.970950	0.970681
2720	0.979304	0.999315	0.999312	0.897658	0.971116	0.970839
2730	0.979402	0.999315	0.999311	0.897743	0.971116	0.970839
2740	0.979483	0.999370	0.999368	0.897798	0.970950	0.970655
2750	0.979565	0.999370	0.999368	0.897866	0.971282	0.970988
2760	0.979652	0.999370	0.999368	0.897956	0.971282	0.970998
2770	0.979737	0.999370	0.999368	0.898033	0.970950	0.970655
2780	0.979860	0.999389	0.999386	0.898103	0.970784	0.970501
2790	0.979957	0.999389	0.999386	0.898212	0.971116	0.970834
2800	0.980061	0.999407	0.999404	0.898291	0.971116	0.970834
2810	0.980136	0.999426	0.999423	0.898319	0.971282	0.971009
2820	0.980231	0.999426	0.999424	0.898382	0.971282	0.971020
2830	0.980323	0.999426	0.999423	0.898458	0.971448	0.971188
2840	0.980420	0.999426	0.999423	0.898481	0.971448	0.971188
2850	0.980498	0.999444	0.999442	0.898567	0.971614	0.971357
2860	0.980574	0.999444	0.999442	0.898614	0.971614	0.971357
2870	0.980684	0.999444	0.999442	0.898778	0.971614	0.971351
2880	0.980783	0.999444	0.999442	0.898860	0.971614	0.971357
2890	0.980869	0.999444	0.999442	0.898946	0.971448	0.971189
2900	0.980961	0.999481	0.999480	0.899024	0.971282	0.971014
2910	0.981053	0.999481	0.999480	0.899155	0.971282	0.971014
2920	0.981132	0.999500	0.999497	0.899201	0.971448	0.971168
2930	0.981227	0.999518	0.999516	0.899307	0.971448	0.971168
2940	0.981318	0.999537	0.999535	0.899384	0.971282	0.971014
2950	0.981404	0.999537	0.999535	0.899452	0.970950	0.970686
2960	0.981485	0.999537	0.999535	0.899492	0.971448	0.971179
2970	0.981574	0.999537	0.999535	0.899584	0.971614	0.971343
2980	0.981647	0.999537	0.999535	0.899665	0.971614	0.971343
2990	0.981736	0.999537	0.999535	0.899743	0.971614	0.971343
3000	0.981802	0.999537	0.999535	0.899818	0.971614	0.971343
3010	0.981887	0.999537	0.999535	0.899877	0.971614	0.971336
3020	0.981977	0.999537	0.999535	0.900001	0.971614	0.971343
3030	0.982052	0.999555	0.999553	0.900066	0.971614	0.971341
3040	0.982132	0.999555	0.999553	0.900116	0.971780	0.971505
3050	0.982214	0.999555	0.999553	0.900188	0.971780	0.971505
3060	0.982288	0.999592	0.999590	0.900262	0.971946	0.971674
3070	0.982369	0.999592	0.999590	0.900324	0.971946	0.971674
3080	0.982452	0.999629	0.999627	0.900421	0.971780	0.971505
3090	0.982521	0.999629	0.999627	0.900502	0.972112	0.971832
3100	0.982587	0.999648	0.999646	0.900581	0.971946	0.971677
3110	0.982662	0.999667	0.999665	0.900608	0.972112	0.971832
3120	0.982754	0.999685	0.999684	0.900670	0.971946	0.971677
3130	0.982833	0.999685	0.999684	0.900683	0.971946	0.971677
3140	0.982910	0.999685	0.999684	0.900764	0.971780	0.971503
3150	0.982977	0.999685	0.999684	0.900817	0.971780	0.971503
3160	0.983047	0.999685	0.999684	0.900879	0.971780	0.971503
3170	0.983117	0.999685	0.999684	0.900960	0.971448	0.971164
3180	0.983190	0.999704	0.999702	0.900998	0.971614	0.971333
3190	0.983279	0.999722	0.999721	0.901057	0.971780	0.971496
3200	0.983359	0.999722	0.999721	0.901132	0.971946	0.971662
3210	0.983452	0.999722	0.999721	0.901234	0.971946	0.971671
3220	0.983517	0.999722	0.999721	0.901303	0.972112	0.971840
3230	0.983580	0.999722	0.999721	0.901361	0.972444	0.972153
3240	0.983661	0.999722	0.999721	0.901463	0.972444	0.972153
3250	0.983736	0.999722	0.999721	0.901501	0.972444	0.972138
3260	0.983812	0.999722	0.999721	0.901587	0.972444	0.972138
3270	0.983884	0.999722	0.999721	0.901679	0.972444	0.972138
3280	0.983943	0.999722	0.999721	0.901737	0.972444	0.972138
3290	0.984015	0.999741	0.999740	0.901796	0.972610	0.972309
3300	0.984077	0.999741	0.999740	0.901843	0.972610	0.972309
3310	0.984138	0.999741	0.999740	0.901912	0.972444	0.972135
3320	0.984203	0.999741	0.999740	0.901962	0.972610	0.972304
3330	0.984266	0.999741	0.999740	0.902025	0.972444	0.972138
3340	0.984331	0.999741	0.999740	0.902056	0.972278	0.971969
3350	0.984404	0.999759	0.999759	0.902133	0.972278	0.971969
3360	0.984472	0.999759	0.999759	0.902178	0.972610	0.972317
3370	0.984531	0.999759	0.999759	0.902245	0.972610	0.972317
3380	0.984592	0.999759	0.999759	0.902334	0.972278	0.971977
3390	0.984654	0.999778	0.999778	0.902373	0.972444	0.972146
3400	0.984703	0.999778	0.999778	0.902436	0.972444	0.972143
3410	0.984752	0.999778	0.999778	0.902483	0.972444	0.972143
3420	0.984813	0.999778	0.999778	0.902524	0.972610	0.972312
3430	0.984861	0.999778	0.999778	0.902576	0.972776	0.972483
3440	0.984909	0.999778	0.999778	0.902610	0.972942	0.972645
3450	0.984957	0.999796	0.999797	0.902650	0.972776	0.972476
3460	0.985015	0.999796	0.999797	0.902679	0.972610	0.972302
3470	0.985073	0.999796	0.999797	0.902761	0.972776	0.972468
3480	0.985128	0.999796	0.999797	0.902820	0.972942	0.972633
3490	0.985199	0.999796	0.999797	0.902893	0.973108	0.972791
3500	0.985249	0.999796	0.999797	0.902948	0.972942	0.972633
3510	0.985306	0.999796	0.999797	0.903023	0.972776	0.972467
3520	0.985365	0.999796	0.999797	0.903091	0.972942	0.972633
3530	0.985409	0.999796	0.999797	0.903137	0.973274	0.972978
3540	0.985460	0.999796	0.999797	0.903191	0.973108	0.972804
3550	0.985518	0.999796	0.999797	0.903232	0.972942	0.972642
3560	0.985568	0.999796	0.999797	0.903276	0.972942	0.972642
3570	0.985630	0.999796	0.999797	0.903341	0.973108	0.972800
3580	0.985684	0.999796	0.999797	0.903425	0.972942	0.972646
3590	0.985735	0.999796	0.999797	0.903477	0.973108	0.972800
3600	0.985785	0.999796	0.999797	0.903533	0.973274	0.972975
3610	0.985838	0.999796	0.999797	0.903609	0.973274	0.972975
3620	0.985882	0.999796	0.999797	0.903670	0.973274	0.972956
3630	0.985933	0.999796	0.999797	0.903751	0.973440	0.973130
3640	0.985982	0.999796	0.999797	0.903813	0.973440	0.973130
3650	0.986038	0.999796	0.999797	0.903882	0.973274	0.972964
3660	0.986093	0.999815	0.999816	0.903969	0.973274	0.972964
3670	0.986147	0.999833	0.999835	0.904046	0.973440	0.973130
3680	0.986188	0.999833	0.999835	0.904080	0.973274	0.972961
3690	0.986243	0.999833	0.999835	0.904159	0.973274	0.972961
3700	0.986307	0.999833	0.999835	0.904217	0.973274	0.972961
3710	0.986367	0.999833	0.999835	0.904315	0.973274	0.972961
3720	0.986428	0.999833	0.999835	0.904453	0.973274	0.972961
3730	0.986483	0.999833	0.999835	0.904519	0.973274	0.972955
3740	0.986529	0.999833	0.999835	0.904583	0.973274	0.972955
3750	0.986577	0.999833	0.999835	0.904642	0.973274	0.972955
3760	0.986631	0.999833	0.999835	0.904700	0.973274	0.972955
3770	0.986673	0.999833	0.999835	0.904760	0.973274	0.972962
3780	0.986719	0.999852	0.999854	0.904790	0.973274	0.972962
3790	0.986764	0.999852	0.999854	0.904854	0.973274	0.972962
3800	0.986810	0.999852	0.999854	0.904917	0.973274	0.972962
3810	0.986856	0.999852	0.999854	0.904966	0.973108	0.972778
3820	0.986901	0.999870	0.999873	0.905016	0.973440	0.973114
3830	0.986945	0.999870	0.999873	0.905070	0.973440	0.973114
3840	0.986989	0.999870	0.999873	0.905107	0.973274	0.972946
3850	0.987035	0.999870	0.999873	0.905135	0.973108	0.972774
3860	0.987073	0.999870	0.999873	0.905171	0.972942	0.972612
3870	0.987119	0.999870	0.999873	0.905212	0.973108	0.972784
3880	0.987160	0.999870	0.999873	0.905314	0.973108	0.972784
3890	0.987199	0.999870	0.999873	0.905375	0.973108	0.972784
3900	0.987241	0.999889	0.999891	0.905422	0.973108	0.972784
3910	0.987291	0.999889	0.999891	0.905467	0.972942	0.972612
3920	0.987338	0.999889	0.999891	0.905492	0.972942	0.972612
3930	0.987388	0.999889	0.999891	0.905544	0.973108	0.972774
3940	0.987433	0.999889	0.999891	0.905614	0.973440	0.973117
3950	0.987475	0.999889	0.999891	0.905644	0.973606	0.973292
3960	0.987523	0.999889	0.999891	0.905674	0.973606	0.973292
3970	0.987572	0.999889	0.999891	0.905727	0.973606	0.973292
3980	0.987619	0.999889	0.999891	0.905788	0.973606	0.973292
3990	0.987658	0.999889	0.999891	0.905834	0.973772	0.973467
4000	0.987692	0.999889	0.999891	0.905878	0.973772	0.973467
