10	0.393166	0.745166	0.709776	0.388882	0.741577	0.704359
20	0.459265	0.782689	0.744403	0.452520	0.779522	0.739832
30	0.494137	0.800894	0.760751	0.485303	0.793916	0.752479
40	0.527365	0.815852	0.775132	0.516392	0.809781	0.768251
50	0.554344	0.827024	0.784872	0.541231	0.821557	0.778525
60	0.569366	0.833092	0.790426	0.554539	0.827936	0.784581
70	0.584647	0.839643	0.796270	0.568228	0.832679	0.788723
80	0.598999	0.845117	0.801178	0.581592	0.835950	0.791517
90	0.609909	0.848736	0.804275	0.591348	0.839385	0.794587
100	0.619156	0.852485	0.807764	0.599064	0.843474	0.798446
110	0.626898	0.855046	0.810116	0.605493	0.845110	0.800008
120	0.636900	0.858553	0.813333	0.614301	0.846909	0.801603
130	0.643111	0.860557	0.815314	0.619924	0.850016	0.804539
140	0.651684	0.862580	0.869118	0.627471	0.852960	0.807281
150	0.665018	0.872601	0.878030	0.639951	0.861629	0.866957
160	0.677221	0.891883	0.895605	0.650646	0.880438	0.884188
170	0.683255	0.894963	0.898481	0.655960	0.881093	0.884792
180	0.691595	0.904465	0.907265	0.662993	0.889271	0.892494
190	0.703002	0.915228	0.917276	0.672983	0.899738	0.902049
200	0.713127	0.923208	0.924728	0.682149	0.907916	0.909690
210	0.717294	0.924563	0.926033	0.685227	0.909061	0.910812
220	0.722045	0.926623	0.927987	0.688581	0.909225	0.910923
230	0.734216	0.933656	0.934670	0.699195	0.915767	0.916998
240	0.737702	0.934491	0.935541	0.701746	0.915604	0.916851
250	0.748845	0.939428	0.940202	0.711936	0.922473	0.923310
260	0.751756	0.940708	0.941470	0.713931	0.923781	0.924689
270	0.754710	0.941525	0.942263	0.716353	0.924763	0.925640
280	0.764322	0.945459	0.946040	0.724825	0.927053	0.927513
290	0.767594	0.946090	0.946669	0.727400	0.928034	0.928618
300	0.770098	0.946702	0.947271	0.729238	0.929015	0.929589
310	0.777890	0.949820	0.950254	0.736284	0.931469	0.931746
320	0.780585	0.950655	0.951068	0.738097	0.932287	0.932623
330	0.783851	0.951880	0.952266	0.740708	0.932777	0.933122
340	0.790446	0.953402	0.953731	0.746567	0.934249	0.934438
350	0.793627	0.954812	0.955123	0.748710	0.936703	0.936814
360	0.800750	0.956519	0.956777	0.755220	0.938011	0.938088
370	0.802919	0.957392	0.957638	0.757386	0.938829	0.938924
380	0.806661	0.958227	0.958471	0.760219	0.938992	0.939083
390	0.810197	0.959192	0.959436	0.763215	0.939810	0.939842
400	0.814177	0.960639	0.960839	0.766660	0.941937	0.941880
410	0.816473	0.961419	0.961612	0.768096	0.941446	0.941421
420	0.818567	0.962198	0.962387	0.769521	0.941609	0.941575
430	0.824345	0.963460	0.963612	0.774640	0.943736	0.943613
440	0.825849	0.963683	0.963850	0.775894	0.944063	0.943961
450	0.830355	0.964740	0.964878	0.779679	0.944717	0.944602
460	0.832116	0.965223	0.965364	0.780834	0.945208	0.945096
470	0.836134	0.966652	0.966775	0.784223	0.945698	0.945590
480	0.837735	0.967097	0.967224	0.785612	0.945535	0.945469
490	0.841578	0.968062	0.968154	0.788765	0.946516	0.946422
500	0.843249	0.968508	0.968611	0.789875	0.947334	0.947265
510	0.846459	0.969268	0.969365	0.792456	0.947007	0.946912
520	0.848286	0.970011	0.970092	0.793903	0.947498	0.947341
530	0.849653	0.970382	0.970453	0.794616	0.947825	0.947632
540	0.852910	0.971143	0.971200	0.797023	0.947988	0.947773
550	0.854357	0.971551	0.971606	0.797915	0.948152	0.947913
560	0.857664	0.972034	0.972069	0.800643	0.949787	0.949582
570	0.858963	0.972535	0.972573	0.801576	0.950114	0.949895
580	0.860237	0.972887	0.972927	0.802297	0.949951	0.949729
590	0.863110	0.973908	0.973933	0.804821	0.950278	0.950053
600	0.864631	0.974372	0.974393	0.805981	0.950605	0.950398
610	0.866947	0.975077	0.975095	0.807934	0.950932	0.950728
620	0.868101	0.975225	0.975242	0.808763	0.951259	0.951035
630	0.870781	0.976098	0.976117	0.811044	0.951587	0.951348
640	0.872435	0.976562	0.976570	0.812314	0.951750	0.951517
650	0.874703	0.977063	0.977071	0.814065	0.952404	0.952202
660	0.876810	0.977360	0.977374	0.815821	0.952241	0.952025
670	0.877896	0.977582	0.977590	0.816537	0.952731	0.952497
680	0.879821	0.977861	0.977859	0.817859	0.952568	0.952343
690	0.880904	0.978213	0.978222	0.818502	0.953549	0.953337
700	0.883233	0.978918	0.978920	0.820553	0.953549	0.953333
710	0.884207	0.978993	0.978991	0.821215	0.953713	0.953498
720	0.886241	0.979624	0.979610	0.823154	0.953713	0.953527
730	0.888470	0.980292	0.980271	0.824864	0.953549	0.953328
740	0.889663	0.980533	0.980515	0.825677	0.953549	0.953299
750	0.891278	0.980756	0.980728	0.827072	0.954367	0.954137
760	0.892146	0.981053	0.981024	0.827833	0.954531	0.954315
770	0.893834	0.981554	0.981517	0.829182	0.955021	0.954798
780	0.895114	0.981832	0.981800	0.830207	0.956166	0.955988
790	0.896626	0.982018	0.981983	0.831429	0.956166	0.955972
800	0.898004	0.982519	0.982480	0.832550	0.956493	0.956272
810	0.899434	0.982797	0.982750	0.833612	0.956657	0.956469
820	0.900733	0.983131	0.983088	0.834690	0.956984	0.956763
830	0.901983	0.983595	0.983563	0.835716	0.957148	0.956902
840	0.903510	0.984022	0.983989	0.836875	0.957965	0.957694
850	0.904740	0.984374	0.984340	0.837726	0.957148	0.956893
860	0.906011	0.984838	0.984804	0.838755	0.957475	0.957207
870	0.906855	0.985135	0.985100	0.839207	0.957475	0.957194
880	0.908307	0.985673	0.985644	0.840427	0.957802	0.957493
890	0.909746	0.985840	0.985807	0.841665	0.957965	0.957638
900	0.910430	0.985933	0.985903	0.842209	0.957638	0.957329
910	0.912075	0.986379	0.986344	0.843453	0.958292	0.957996
920	0.912794	0.986824	0.986790	0.843839	0.958292	0.958008
930	0.913837	0.986935	0.986901	0.844612	0.958129	0.957834
940	0.915210	0.987325	0.987288	0.845626	0.958456	0.958153
950	0.916262	0.987566	0.987532	0.846477	0.958620	0.958317
960	0.917440	0.987919	0.987881	0.847416	0.958947	0.958644
970	0.918481	0.988197	0.988162	0.848025	0.958783	0.958484
980	0.919499	0.988327	0.988288	0.848849	0.959110	0.958800
990	0.920468	0.988643	0.988603	0.849520	0.959437	0.959112
1000	0.921725	0.988884	0.988843	0.850658	0.959437	0.959122
1010	0.922538	0.989181	0.989142	0.851361	0.959437	0.959144
1020	0.923571	0.989533	0.989496	0.852000	0.959601	0.959301
1030	0.924341	0.989756	0.989723	0.852606	0.959764	0.959470
1040	0.925073	0.989867	0.989839	0.853104	0.959601	0.959292
1050	0.925845	0.990127	0.990099	0.853777	0.960092	0.959788
1060	0.926718	0.990220	0.990194	0.854389	0.960092	0.959784
1070	0.927604	0.990257	0.990229	0.854928	0.959928	0.959607
1080	0.928356	0.990424	0.990396	0.855570	0.960419	0.960099
1090	0.929264	0.990591	0.990560	0.856216	0.960419	0.960107
1100	0.930123	0.990721	0.990691	0.856955	0.960419	0.960090
1110	0.930811	0.990795	0.990764	0.857388	0.960419	0.960108
1120	0.931565	0.990925	0.990896	0.857987	0.960255	0.959963
1130	0.932361	0.991092	0.991064	0.858737	0.960909	0.960615
1140	0.932968	0.991278	0.991245	0.859210	0.960909	0.960614
1150	0.933719	0.991371	0.991338	0.859776	0.961073	0.960737
1160	0.934546	0.991538	0.991509	0.860419	0.960909	0.960583
1170	0.935281	0.991705	0.991680	0.861080	0.960909	0.960569
1180	0.936017	0.991853	0.991832	0.861401	0.961073	0.960747
1190	0.936827	0.992113	0.992093	0.861851	0.961237	0.960908
1200	0.937357	0.992224	0.992206	0.862198	0.961237	0.960914
1210	0.938125	0.992317	0.992298	0.862817	0.960909	0.960587
1220	0.938690	0.992428	0.992408	0.863276	0.961237	0.960909
1230	0.939369	0.992558	0.992539	0.863725	0.961400	0.961070
1240	0.940017	0.992725	0.992711	0.864392	0.961564	0.961255
1250	0.940606	0.992781	0.992765	0.864856	0.961727	0.961403
1260	0.941179	0.992837	0.992820	0.865217	0.961400	0.961062
1270	0.941750	0.992967	0.992952	0.865632	0.961564	0.961227
1280	0.942350	0.993004	0.992989	0.866073	0.961727	0.961403
1290	0.942877	0.993097	0.993085	0.866491	0.961891	0.961573
1300	0.943436	0.993264	0.993252	0.867004	0.962054	0.961737
1310	0.944030	0.993449	0.993435	0.867411	0.962218	0.961901
1320	0.944566	0.993579	0.993568	0.867901	0.962218	0.961901
1330	0.945129	0.993690	0.993681	0.868390	0.962218	0.961901
1340	0.945699	0.993913	0.993907	0.868910	0.962054	0.961727
1350	0.946277	0.994006	0.994000	0.869332	0.962218	0.961900
1360	0.946673	0.994024	0.994020	0.869621	0.962054	0.961729
1370	0.947128	0.994062	0.994056	0.869986	0.962218	0.961891
1380	0.947532	0.994191	0.994188	0.870279	0.961727	0.961388
1390	0.948076	0.994266	0.994260	0.870685	0.962054	0.961729
1400	0.948536	0.994321	0.994317	0.871051	0.961891	0.961565
1410	0.949025	0.994414	0.994409	0.871511	0.962218	0.961892
1420	0.949419	0.994525	0.994520	0.871797	0.962218	0.961892
1430	0.949879	0.994674	0.994670	0.872110	0.962054	0.961727
1440	0.950314	0.994692	0.994688	0.872451	0.962218	0.961890
1450	0.950802	0.994785	0.994780	0.872868	0.962218	0.961890
1460	0.951181	0.994841	0.994835	0.873228	0.962218	0.961890
1470	0.951691	0.994971	0.994968	0.873549	0.962218	0.961899
1480	0.952085	0.995119	0.995116	0.873824	0.962218	0.961901
1490	0.952616	0.995231	0.995225	0.874194	0.962381	0.962082
1500	0.953069	0.995305	0.995300	0.874625	0.962381	0.962082
1510	0.953452	0.995305	0.995301	0.874873	0.962218	0.961907
1520	0.953893	0.995361	0.995356	0.875236	0.962709	0.962422
1530	0.954330	0.995453	0.995451	0.875556	0.963036	0.962756
1540	0.954737	0.995509	0.995507	0.875836	0.963036	0.962766
1550	0.955231	0.995620	0.995616	0.876294	0.963526	0.963285
1560	0.955611	0.995657	0.995656	0.876639	0.963690	0.963420
1570	0.955987	0.995750	0.995749	0.876941	0.964017	0.963774
1580	0.956353	0.995787	0.995788	0.877218	0.964017	0.963774
1590	0.956802	0.995899	0.995896	0.877539	0.964017	0.963774
1600	0.957207	0.996010	0.996011	0.877966	0.964344	0.964109
1610	0.957565	0.996066	0.996067	0.878210	0.964181	0.963934
1620	0.957914	0.996103	0.996104	0.878417	0.964508	0.964275
1630	0.958219	0.996121	0.996122	0.878731	0.964181	0.963944
1640	0.958575	0.996270	0.996269	0.878801	0.964508	0.964287
1650	0.958956	0.996288	0.996289	0.879177	0.964835	0.964616
1660	0.959320	0.996344	0.996345	0.879404	0.964998	0.964766
1670	0.959681	0.996400	0.996400	0.879632	0.964344	0.964111
1680	0.959980	0.996437	0.996437	0.879832	0.964508	0.964273
1690	0.960307	0.996437	0.996435	0.880122	0.965162	0.964943
1700	0.960608	0.996548	0.996548	0.880342	0.965325	0.965116
1710	0.960940	0.996604	0.996602	0.880628	0.965325	0.965128
1720	0.961222	0.996641	0.996639	0.880870	0.965489	0.965266
1730	0.961534	0.996734	0.996732	0.881033	0.965489	0.965281
1740	0.961812	0.996827	0.996827	0.881134	0.965325	0.965113
1750	0.962127	0.996882	0.996882	0.881387	0.965325	0.965118
1760	0.962408	0.996901	0.996901	0.881517	0.965489	0.965280
1770	0.962730	0.996994	0.996990	0.881789	0.965653	0.965460
1780	0.963035	0.996994	0.996991	0.881990	0.965325	0.965140
1790	0.963338	0.997031	0.997024	0.882165	0.965325	0.965140
1800	0.963614	0.997086	0.997083	0.882371	0.965162	0.964974
1810	0.963894	0.997179	0.997173	0.882607	0.965325	0.965142
1820	0.964129	0.997216	0.997211	0.882755	0.965489	0.965303
1830	0.964443	0.997253	0.997247	0.882995	0.965816	0.965631
1840	0.964708	0.997272	0.997266	0.883182	0.965816	0.965629
1850	0.964983	0.997365	0.997360	0.883433	0.965489	0.965307
1860	0.965231	0.997402	0.997399	0.883548	0.965489	0.965307
1870	0.965541	0.997420	0.997418	0.883917	0.965489	0.965307
1880	0.965792	0.997476	0.997473	0.884063	0.965489	0.965307
1890	0.966032	0.997532	0.997528	0.884270	0.965489	0.965307
1900	0.966274	0.997550	0.997547	0.884487	0.965653	0.965470
1910	0.966495	0.997550	0.997548	0.884627	0.965653	0.965470
1920	0.966701	0.997587	0.997585	0.884758	0.965816	0.965629
1930	0.966897	0.997625	0.997619	0.884843	0.965816	0.965626
1940	0.967156	0.997680	0.997676	0.885035	0.965980	0.965791
1950	0.967412	0.997717	0.997712	0.885160	0.965980	0.965788
1960	0.967694	0.997699	0.997693	0.885339	0.965980	0.965784
1970	0.967880	0.997736	0.997730	0.885450	0.966143	0.965950
1980	0.968060	0.997773	0.997768	0.885633	0.965980	0.965794
1990	0.968300	0.997829	0.997821	0.885837	0.966143	0.965950
2000	0.968558	0.997866	0.997860	0.886037	0.965980	0.965791
2010	0.968787	0.997884	0.997880	0.886133	0.965980	0.965791
2020	0.968982	0.997884	0.997879	0.886320	0.965980	0.965792
2030	0.969207	0.997940	0.997935	0.886477	0.965980	0.965792
2040	0.969420	0.997959	0.997953	0.886709	0.966143	0.965952
2050	0.969654	0.998014	0.998008	0.886843	0.966307	0.966121
2060	0.969862	0.998014	0.998011	0.886977	0.966307	0.966121
2070	0.970056	0.997996	0.997990	0.887135	0.966470	0.966276
2080	0.970245	0.998014	0.998010	0.887214	0.966470	0.966276
2090	0.970393	0.998033	0.998028	0.887351	0.966307	0.966116
2100	0.970609	0.998144	0.998140	0.887483	0.966634	0.966440
2110	0.970846	0.998237	0.998234	0.887736	0.966634	0.966440
2120	0.971042	0.998293	0.998290	0.887852	0.966634	0.966440
2130	0.971201	0.998348	0.998347	0.888001	0.966634	0.966440
2140	0.971382	0.998423	0.998422	0.888086	0.966634	0.966440
2150	0.971568	0.998423	0.998422	0.888239	0.966470	0.966284
2160	0.971748	0.998460	0.998458	0.888392	0.966798	0.966602
2170	0.971943	0.998460	0.998458	0.888544	0.966798	0.966608
2180	0.972091	0.998460	0.998458	0.888694	0.966634	0.966447
2190	0.972253	0.998478	0.998476	0.888817	0.966470	0.966279
2200	0.972442	0.998478	0.998476	0.889087	0.966470	0.966285
2210	0.972622	0.998534	0.998533	0.889224	0.966798	0.966609
2220	0.972786	0.998552	0.998551	0.889377	0.966961	0.966773
2230	0.972985	0.998571	0.998570	0.889504	0.966798	0.966616
2240	0.973144	0.998627	0.998627	0.889648	0.967125	0.966940
2250	0.973292	0.998645	0.998645	0.889766	0.967288	0.967103
2260	0.973443	0.998645	0.998644	0.889905	0.966961	0.966782
2270	0.973631	0.998664	0.998663	0.890060	0.966961	0.966764
2280	0.973783	0.998682	0.998682	0.890209	0.966961	0.966764
2290	0.973951	0.998701	0.998701	0.890334	0.967125	0.966926
2300	0.974101	0.998720	0.998718	0.890470	0.967288	0.967107
2310	0.974242	0.998720	0.998718	0.890584	0.967288	0.967109
2320	0.974367	0.998720	0.998718	0.890650	0.967288	0.967109
2330	0.974510	0.998720	0.998719	0.890859	0.967452	0.967268
2340	0.974636	0.998738	0.998737	0.890990	0.967288	0.967109
2350	0.974788	0.998738	0.998737	0.891123	0.967125	0.966942
2360	0.974930	0.998738	0.998737	0.891234	0.967125	0.966950
2370	0.975073	0.998757	0.998756	0.891370	0.966961	0.966773
2380	0.975218	0.998757	0.998756	0.891451	0.967125	0.966954
2390	0.975385	0.998775	0.998776	0.891572	0.967288	0.967113
2400	0.975538	0.998794	0.998794	0.891720	0.967288	0.967111
2410	0.975664	0.998812	0.998812	0.891815	0.967452	0.967278
2420	0.975799	0.998812	0.998812	0.891926	0.967452	0.967293
2430	0.975946	0.998831	0.998831	0.892016	0.967615	0.967458
2440	0.976090	0.998887	0.998885	0.892107	0.967615	0.967458
2450	0.976252	0.998905	0.998904	0.892210	0.967615	0.967458
2460	0.976362	0.998942	0.998941	0.892317	0.967615	0.967458
2470	0.976489	0.998942	0.998941	0.892464	0.967615	0.967458
2480	0.976599	0.998942	0.998941	0.892588	0.967615	0.967458
2490	0.976711	0.998942	0.998941	0.892620	0.967615	0.967458
2500	0.976848	0.998998	0.998998	0.892742	0.967615	0.967458
2510	0.976968	0.999016	0.999016	0.892813	0.967615	0.967458
2520	0.977155	0.999035	0.999034	0.892915	0.967615	0.967458
2530	0.977301	0.999035	0.999034	0.892995	0.967615	0.967471
2540	0.977431	0.999054	0.999052	0.893083	0.967615	0.967471
2550	0.977545	0.999072	0.999071	0.893189	0.967615	0.967471
2560	0.977675	0.999072	0.999071	0.893306	0.967615	0.967471
2570	0.977800	0.999072	0.999071	0.893453	0.967615	0.967471
2580	0.977956	0.999091	0.999089	0.893561	0.967615	0.967471
2590	0.978117	0.999091	0.999089	0.893639	0.967615	0.967471
2600	0.978231	0.999109	0.999108	0.893696	0.967615	0.967465
2610	0.978334	0.999128	0.999125	0.893820	0.967615	0.967465
2620	0.978448	0.999146	0.999144	0.893888	0.968270	0.968113
2630	0.978549	0.999146	0.999145	0.893949	0.968106	0.967938
2640	0.978672	0.999183	0.999181	0.894028	0.967779	0.967610
2650	0.978791	0.999221	0.999219	0.894056	0.967779	0.967610
2660	0.978900	0.999221	0.999219	0.894130	0.967942	0.967776
2670	0.979015	0.999239	0.999237	0.894204	0.967942	0.967773
2680	0.979112	0.999239	0.999237	0.894243	0.967942	0.967773
2690	0.979229	0.999276	0.999275	0.894278	0.967942	0.967770
2700	0.979313	0.999276	0.999275	0.894307	0.967942	0.967770
2710	0.979415	0.999276	0.999275	0.894380	0.967942	0.967770
2720	0.979530	0.999295	0.999294	0.894430	0.968106	0.967936
2730	0.979634	0.999332	0.999331	0.894535	0.967942	0.967780
2740	0.979739	0.999406	0.999407	0.894668	0.967942	0.967780
2750	0.979847	0.999406	0.999407	0.894822	0.968106	0.967936
2760	0.979949	0.999406	0.999407	0.894909	0.968270	0.968093
2770	0.980052	0.999406	0.999407	0.895028	0.968433	0.968254
2780	0.980145	0.999388	0.999389	0.895146	0.968433	0.968254
2790	0.980237	0.999388	0.999389	0.895228	0.968433	0.968254
2800	0.980334	0.999388	0.999389	0.895318	0.968433	0.968254
2810	0.980440	0.999406	0.999408	0.895438	0.968270	0.968086
2820	0.980549	0.999406	0.999408	0.895523	0.968270	0.968086
2830	0.980659	0.999406	0.999408	0.895627	0.968270	0.968086
2840	0.980762	0.999462	0.999463	0.895703	0.968270	0.968086
2850	0.980861	0.999480	0.999481	0.895791	0.968270	0.968086
2860	0.980940	0.999480	0.999481	0.895855	0.968433	0.968245
2870	0.981037	0.999499	0.999500	0.895977	0.968433	0.968245
2880	0.981140	0.999499	0.999500	0.896078	0.968597	0.968414
2890	0.981238	0.999517	0.999519	0.896129	0.968597	0.968414
2900	0.981323	0.999536	0.999538	0.896210	0.968760	0.968574
2910	0.981408	0.999536	0.999538	0.896279	0.968760	0.968574
2920	0.981497	0.999555	0.999557	0.896333	0.968924	0.968738
2930	0.981585	0.999573	0.999576	0.896383	0.968924	0.968738
2940	0.981661	0.999592	0.999594	0.896434	0.968924	0.968738
2950	0.981751	0.999592	0.999594	0.896530	0.968924	0.968742
2960	0.981842	0.999610	0.999614	0.896563	0.968924	0.968742
2970	0.981949	0.999610	0.999614	0.896630	0.969087	0.968898
2980	0.982033	0.999610	0.999614	0.896719	0.969087	0.968898
2990	0.982111	0.999610	0.999614	0.896770	0.969087	0.968898
3000	0.982185	0.999610	0.999614	0.896856	0.968924	0.968744
3010	0.982263	0.999610	0.999614	0.896931	0.968924	0.968744
3020	0.982340	0.999610	0.999614	0.897014	0.968924	0.968744
3030	0.982422	0.999610	0.999614	0.897106	0.968760	0.968581
3040	0.982493	0.999610	0.999614	0.897178	0.968924	0.968744
3050	0.982572	0.999610	0.999614	0.897290	0.968924	0.968744
3060	0.982643	0.999610	0.999614	0.897392	0.968924	0.968744
3070	0.982731	0.999610	0.999614	0.897506	0.968924	0.968746
3080	0.982808	0.999629	0.999632	0.897609	0.969087	0.968901
3090	0.982881	0.999629	0.999632	0.897642	0.969087	0.968901
3100	0.982950	0.999629	0.999632	0.897698	0.968924	0.968746
3110	0.983014	0.999629	0.999632	0.897748	0.968924	0.968738
3120	0.983081	0.999629	0.999632	0.897793	0.969087	0.968904
3130	0.983157	0.999629	0.999632	0.897870	0.969087	0.968904
3140	0.983224	0.999647	0.999650	0.897950	0.969087	0.968898
3150	0.983312	0.999666	0.999669	0.897969	0.968924	0.968746
3160	0.983384	0.999685	0.999689	0.898003	0.968924	0.968747
3170	0.983456	0.999685	0.999689	0.898056	0.968924	0.968747
3180	0.983524	0.999685	0.999689	0.898134	0.968924	0.968747
3190	0.983585	0.999685	0.999689	0.898200	0.968924	0.968747
3200	0.983646	0.999685	0.999689	0.898263	0.968924	0.968743
3210	0.983715	0.999685	0.999689	0.898288	0.969087	0.968907
3220	0.983789	0.999685	0.999689	0.898351	0.968924	0.968747
3230	0.983855	0.999703	0.999708	0.898411	0.969087	0.968906
3240	0.983924	0.999703	0.999708	0.898499	0.969087	0.968906
3250	0.984001	0.999722	0.999726	0.898543	0.969087	0.968906
3260	0.984060	0.999722	0.999726	0.898597	0.969087	0.968906
3270	0.984119	0.999722	0.999726	0.898634	0.969087	0.968906
3280	0.984181	0.999722	0.999726	0.898659	0.969087	0.968906
3290	0.984242	0.999722	0.999726	0.898679	0.968924	0.968741
3300	0.984289	0.999722	0.999726	0.898725	0.968924	0.968741
3310	0.984352	0.999722	0.999726	0.898750	0.968924	0.968739
3320	0.984416	0.999722	0.999726	0.898768	0.968924	0.968739
3330	0.984485	0.999722	0.999726	0.898818	0.968924	0.968739
3340	0.984533	0.999722	0.999726	0.898850	0.968924	0.968739
3350	0.984588	0.999722	0.999726	0.898848	0.968924	0.968739
3360	0.984640	0.999722	0.999726	0.898885	0.968924	0.968739
3370	0.984689	0.999722	0.999726	0.898949	0.968924	0.968739
3380	0.984751	0.999722	0.999726	0.899056	0.968924	0.968739
3390	0.984803	0.999722	0.999726	0.899123	0.968924	0.968739
3400	0.984854	0.999722	0.999726	0.899206	0.969087	0.968902
3410	0.984920	0.999722	0.999726	0.899234	0.969087	0.968902
3420	0.984988	0.999796	0.999800	0.899300	0.968924	0.968740
3430	0.985037	0.999796	0.999800	0.899306	0.968924	0.968740
3440	0.985091	0.999777	0.999781	0.899370	0.968924	0.968740
3450	0.985155	0.999796	0.999800	0.899430	0.968924	0.968740
3460	0.985207	0.999814	0.999818	0.899486	0.968924	0.968740
3470	0.985257	0.999814	0.999818	0.899502	0.968760	0.968588
3480	0.985314	0.999833	0.999837	0.899545	0.969087	0.968912
3490	0.985361	0.999833	0.999837	0.899574	0.969087	0.968906
3500	0.985408	0.999833	0.999837	0.899618	0.969087	0.968906
3510	0.985457	0.999833	0.999837	0.899677	0.969087	0.968906
3520	0.985510	0.999833	0.999837	0.899717	0.969087	0.968906
3530	0.985562	0.999833	0.999837	0.899785	0.969087	0.968904
3540	0.985613	0.999833	0.999837	0.899896	0.969087	0.968904
3550	0.985662	0.999833	0.999837	0.899981	0.969251	0.969068
3560	0.985718	0.999833	0.999837	0.900127	0.969251	0.969068
3570	0.985772	0.999833	0.999837	0.900176	0.969087	0.968908
3580	0.985837	0.999833	0.999837	0.900260	0.969087	0.968908
3590	0.985891	0.999833	0.999837	0.900306	0.969087	0.968906
3600	0.985935	0.999833	0.999837	0.900456	0.969251	0.969071
3610	0.985981	0.999833	0.999837	0.900457	0.969087	0.968907
3620	0.986037	0.999833	0.999837	0.900495	0.969087	0.968907
3630	0.986077	0.999833	0.999837	0.900533	0.968924	0.968743
3640	0.986121	0.999833	0.999837	0.900594	0.968924	0.968750
3650	0.986173	0.999833	0.999837	0.900738	0.969087	0.968912
3660	0.986226	0.999833	0.999837	0.900830	0.969578	0.969396
3670	0.986267	0.999833	0.999837	0.900881	0.969414	0.969234
3680	0.986309	0.999833	0.999837	0.900929	0.969414	0.969234
3690	0.986354	0.999833	0.999837	0.900967	0.969414	0.969234
3700	0.986401	0.999833	0.999837	0.901011	0.969414	0.969234
3710	0.986453	0.999833	0.999837	0.901101	0.969414	0.969244
3720	0.986498	0.999833	0.999837	0.901166	0.969414	0.969244
3730	0.986547	0.999833	0.999837	0.901251	0.969414	0.969244
3740	0.986596	0.999852	0.999855	0.901300	0.969578	0.969407
3750	0.986645	0.999833	0.999837	0.901365	0.969414	0.969244
3760	0.986699	0.999833	0.999837	0.901424	0.969414	0.969244
3770	0.986750	0.999833	0.999837	0.901468	0.969414	0.969244
3780	0.986790	0.999833	0.999837	0.901500	0.969414	0.969244
3790	0.986828	0.999833	0.999837	0.901535	0.969578	0.969407
3800	0.986878	0.999833	0.999837	0.901553	0.969414	0.969244
3810	0.986917	0.999833	0.999837	0.901623	0.969414	0.969244
3820	0.986962	0.999833	0.999837	0.901684	0.969414	0.969244
3830	0.987003	0.999833	0.999837	0.901709	0.969251	0.969085
3840	0.987045	0.999833	0.999837	0.901789	0.969578	0.969409
3850	0.987091	0.999833	0.999837	0.901772	0.969578	0.969409
3860	0.987143	0.999852	0.999856	0.901815	0.969905	0.969729
3870	0.987188	0.999870	0.999873	0.901843	0.969742	0.969566
3880	0.987229	0.999870	0.999873	0.901853	0.969742	0.969566
3890	0.987271	0.999870	0.999873	0.901891	0.969578	0.969406
3900	0.987309	0.999870	0.999873	0.901931	0.969578	0.969406
3910	0.987352	0.999870	0.999873	0.901943	0.969742	0.969566
3920	0.987392	0.999870	0.999873	0.901992	0.969742	0.969566
3930	0.987440	0.999889	0.999892	0.902034	0.969742	0.969566
3940	0.987476	0.999889	0.999892	0.902068	0.969742	0.969566
3950	0.987520	0.999889	0.999892	0.902114	0.969742	0.969566
3960	0.987567	0.999889	0.999892	0.902166	0.969742	0.969566
3970	0.987608	0.999889	0.999892	0.902199	0.969905	0.969727
3980	0.987640	0.999889	0.999892	0.902241	0.970069	0.969890
3990	0.987688	0.999889	0.999892	0.902294	0.970069	0.969890
4000	0.987728	0.999889	0.999892	0.902357	0.970069	0.969890
