10	0.394155	0.746266	0.716956	0.399179	0.749917	0.715613
20	0.461609	0.782659	0.747079	0.465185	0.782400	0.743711
30	0.497424	0.800856	0.762836	0.500520	0.800298	0.759266
40	0.534625	0.816866	0.776858	0.535246	0.818528	0.775174
50	0.552942	0.825557	0.784233	0.553303	0.828472	0.783588
60	0.571566	0.832617	0.790232	0.570561	0.835764	0.790010
70	0.585636	0.837676	0.794888	0.583320	0.838913	0.792671
80	0.597141	0.842697	0.799336	0.593876	0.844050	0.797075
90	0.605320	0.845736	0.854047	0.600562	0.847199	0.799824
100	0.616087	0.849646	0.805442	0.610236	0.850845	0.802986
110	0.624163	0.852203	0.807612	0.617075	0.853663	0.805531
120	0.631503	0.854964	0.810088	0.623277	0.856148	0.807726
130	0.638294	0.857058	0.811982	0.629182	0.857971	0.809299
140	0.644278	0.858985	0.813751	0.633577	0.858800	0.810115
150	0.655457	0.862840	0.869425	0.643426	0.860789	0.863839
160	0.662300	0.868955	0.874892	0.649154	0.866921	0.869561
170	0.668425	0.871475	0.877275	0.654388	0.869075	0.871643
180	0.689465	0.906849	0.909459	0.673392	0.902221	0.903075
190	0.694101	0.908276	0.910808	0.676974	0.904375	0.905090
200	0.699866	0.910629	0.913115	0.681661	0.906198	0.906831
210	0.713100	0.922451	0.924051	0.693415	0.916473	0.916687
220	0.717163	0.924397	0.925958	0.696529	0.916473	0.916694
230	0.728588	0.931865	0.933013	0.706555	0.923600	0.923566
240	0.734074	0.934162	0.935235	0.711377	0.925257	0.925247
250	0.738119	0.935589	0.936629	0.713967	0.925920	0.925896
260	0.746992	0.940370	0.941150	0.721622	0.929069	0.928923
270	0.750283	0.941037	0.941820	0.723282	0.929069	0.928928
280	0.754285	0.942112	0.942860	0.726462	0.930229	0.930067
290	0.763693	0.945836	0.946416	0.734189	0.934538	0.934223
300	0.766436	0.946522	0.947108	0.736226	0.935035	0.934713
310	0.769165	0.947393	0.947945	0.738270	0.935532	0.935234
320	0.777257	0.950246	0.950690	0.745310	0.937686	0.937277
330	0.779974	0.951154	0.951591	0.746804	0.938184	0.937713
340	0.782735	0.951970	0.952397	0.748755	0.938847	0.938387
350	0.790688	0.954601	0.954945	0.755355	0.940007	0.939410
360	0.793195	0.955064	0.955409	0.757069	0.940007	0.939403
370	0.798059	0.956695	0.957003	0.760765	0.941167	0.940503
380	0.801606	0.957770	0.958049	0.763601	0.941498	0.940828
390	0.803460	0.958418	0.958696	0.764770	0.942493	0.941828
400	0.809076	0.959956	0.960191	0.769608	0.943321	0.942601
410	0.811225	0.960772	0.961005	0.771187	0.943321	0.942673
420	0.815302	0.961735	0.961936	0.774246	0.944813	0.944171
430	0.817609	0.962087	0.962292	0.776251	0.945310	0.944647
440	0.820584	0.962940	0.963141	0.778505	0.945807	0.945086
450	0.824633	0.964107	0.964272	0.781397	0.946636	0.945934
460	0.826351	0.964478	0.964649	0.782701	0.947464	0.946744
470	0.831848	0.965942	0.966086	0.786933	0.948459	0.947788
480	0.833651	0.966683	0.966829	0.788467	0.949287	0.948642
490	0.835252	0.967109	0.967249	0.789548	0.949950	0.949368
500	0.839190	0.968017	0.968142	0.792692	0.950447	0.949799
510	0.840658	0.968369	0.968498	0.793735	0.950945	0.950307
520	0.844170	0.969499	0.969609	0.796511	0.951276	0.950582
530	0.845336	0.969833	0.969944	0.797365	0.951608	0.950955
540	0.847221	0.970722	0.970814	0.798628	0.951110	0.950372
550	0.849877	0.971575	0.971665	0.800541	0.951442	0.950727
560	0.853033	0.972316	0.972385	0.803104	0.951773	0.951023
570	0.854408	0.972705	0.972788	0.804082	0.952105	0.951410
580	0.856737	0.973409	0.973490	0.805583	0.952105	0.951368
590	0.858539	0.973872	0.973956	0.806730	0.952270	0.951550
600	0.859838	0.974206	0.974295	0.807763	0.952436	0.951732
610	0.863094	0.975058	0.975129	0.810337	0.952933	0.952236
620	0.864666	0.975448	0.975512	0.811419	0.953265	0.952569
630	0.867220	0.975892	0.975939	0.813299	0.953762	0.953058
640	0.868882	0.976411	0.976466	0.814612	0.953762	0.953075
650	0.870966	0.976893	0.976939	0.816261	0.954259	0.953580
660	0.872438	0.977171	0.977226	0.817371	0.954259	0.953593
670	0.874864	0.977968	0.978016	0.819274	0.954259	0.953574
680	0.875811	0.978209	0.978257	0.819586	0.953928	0.953243
690	0.878769	0.978746	0.978784	0.821706	0.954093	0.953389
700	0.879744	0.978968	0.979007	0.822327	0.954093	0.953410
710	0.881769	0.979617	0.979647	0.823943	0.954591	0.953936
720	0.883026	0.979876	0.979906	0.824898	0.954425	0.953767
730	0.884964	0.980395	0.980429	0.826142	0.954591	0.953959
740	0.886794	0.981025	0.981047	0.827610	0.954591	0.953954
750	0.888661	0.981396	0.981417	0.828842	0.954922	0.954271
760	0.889587	0.981581	0.981603	0.829420	0.955254	0.954585
770	0.890985	0.981822	0.981847	0.830558	0.955254	0.954584
780	0.892513	0.982063	0.982085	0.831551	0.955585	0.954938
790	0.893826	0.982322	0.982343	0.832595	0.955916	0.955294
800	0.895268	0.982656	0.982670	0.833668	0.955916	0.955288
810	0.896685	0.982971	0.982994	0.834307	0.956082	0.955443
820	0.897637	0.983360	0.983376	0.835015	0.956082	0.955450
830	0.898961	0.983545	0.983558	0.836019	0.956745	0.956136
840	0.900481	0.983842	0.983855	0.837121	0.957408	0.956794
850	0.902042	0.984305	0.984314	0.838283	0.957739	0.957124
860	0.903468	0.984676	0.984682	0.839320	0.957408	0.956754
870	0.904991	0.985028	0.985027	0.840573	0.957408	0.956735
880	0.905725	0.985269	0.985272	0.841290	0.957905	0.957284
890	0.907037	0.985509	0.985509	0.842177	0.958071	0.957461
900	0.907896	0.985861	0.985859	0.842767	0.958568	0.957970
910	0.909096	0.986065	0.986065	0.843478	0.958734	0.958141
920	0.910365	0.986325	0.986319	0.844486	0.959065	0.958491
930	0.911712	0.986584	0.986578	0.845590	0.959065	0.958499
940	0.912801	0.986862	0.986856	0.846434	0.959231	0.958677
950	0.913803	0.987177	0.987163	0.846882	0.959397	0.958841
960	0.914862	0.987344	0.987327	0.847593	0.959397	0.958825
970	0.916302	0.987622	0.987603	0.848748	0.960060	0.959488
980	0.917251	0.987714	0.987692	0.849325	0.960557	0.960000
990	0.918294	0.988011	0.987989	0.850065	0.960225	0.959672
1000	0.919490	0.988400	0.988380	0.850942	0.960723	0.960197
1010	0.920330	0.988493	0.988471	0.851620	0.960888	0.960363
1020	0.921168	0.988622	0.988606	0.852282	0.960888	0.960353
1030	0.921936	0.988919	0.988901	0.852897	0.960888	0.960362
1040	0.923012	0.989104	0.989091	0.853769	0.961385	0.960840
1050	0.923746	0.989234	0.989222	0.854280	0.961385	0.960842
1060	0.924893	0.989419	0.989403	0.855094	0.961385	0.960824
1070	0.925447	0.989660	0.989644	0.855504	0.961385	0.960839
1080	0.926291	0.989790	0.989775	0.856155	0.961551	0.960980
1090	0.927334	0.990012	0.989997	0.856826	0.962048	0.961503
1100	0.928146	0.990216	0.990204	0.857489	0.962214	0.961664
1110	0.929136	0.990346	0.990332	0.858171	0.962546	0.962009
1120	0.930031	0.990513	0.990500	0.858839	0.962877	0.962335
1130	0.930915	0.990624	0.990607	0.859497	0.963043	0.962498
1140	0.931649	0.990939	0.990922	0.860085	0.963208	0.962664
1150	0.932343	0.991050	0.991037	0.860454	0.962877	0.962335
1160	0.933211	0.991235	0.991217	0.861219	0.962711	0.962160
1170	0.933755	0.991383	0.991363	0.861516	0.963043	0.962494
1180	0.934524	0.991606	0.991585	0.861961	0.963208	0.962667
1190	0.935320	0.991810	0.991790	0.862574	0.964037	0.963520
1200	0.935952	0.991902	0.991886	0.862918	0.964534	0.964026
1210	0.936706	0.991995	0.991978	0.863554	0.964203	0.963684
1220	0.937545	0.992069	0.992048	0.864157	0.964203	0.963714
1230	0.938373	0.992329	0.992309	0.864830	0.964866	0.964399
1240	0.939073	0.992384	0.992362	0.865358	0.964866	0.964416
1250	0.939767	0.992514	0.992491	0.865967	0.965363	0.964917
1260	0.940437	0.992681	0.992661	0.866407	0.965031	0.964592
1270	0.940938	0.992810	0.992790	0.866890	0.965363	0.964930
1280	0.941411	0.992792	0.992774	0.867451	0.965529	0.965092
1290	0.941977	0.992884	0.992870	0.867779	0.965860	0.965435
1300	0.942668	0.993051	0.993038	0.868276	0.965529	0.965094
1310	0.943130	0.993088	0.993073	0.868602	0.965694	0.965239
1320	0.943704	0.993218	0.993202	0.868903	0.965529	0.965064
1330	0.944197	0.993311	0.993296	0.869396	0.965860	0.965388
1340	0.944757	0.993366	0.993353	0.869809	0.965529	0.965056
1350	0.945333	0.993533	0.993520	0.870179	0.965529	0.965056
1360	0.945828	0.993589	0.993573	0.870771	0.965529	0.965056
1370	0.946317	0.993663	0.993649	0.871100	0.965529	0.965056
1380	0.946896	0.993755	0.993738	0.871203	0.965694	0.965211
1390	0.947425	0.993996	0.993982	0.871618	0.965694	0.965211
1400	0.947876	0.994070	0.994056	0.871956	0.966026	0.965568
1410	0.948427	0.994274	0.994265	0.872478	0.966026	0.965568
1420	0.948850	0.994348	0.994338	0.872859	0.965860	0.965387
1430	0.949353	0.994348	0.994338	0.873185	0.966192	0.965717
1440	0.949929	0.994534	0.994525	0.873715	0.966192	0.965730
1450	0.950391	0.994700	0.994691	0.874034	0.966357	0.965903
1460	0.950869	0.994719	0.994706	0.874358	0.966523	0.966079
1470	0.951355	0.994904	0.994894	0.874780	0.966689	0.966261
1480	0.951840	0.995015	0.995005	0.875160	0.966689	0.966261
1490	0.952276	0.995108	0.995096	0.875546	0.966854	0.966424
1500	0.952703	0.995219	0.995209	0.875804	0.967186	0.966756
1510	0.953131	0.995275	0.995264	0.876204	0.967352	0.966923
1520	0.953515	0.995367	0.995358	0.876575	0.967186	0.966752
1530	0.953901	0.995423	0.995416	0.876910	0.967352	0.966923
1540	0.954348	0.995497	0.995491	0.877238	0.967352	0.966929
1550	0.954757	0.995553	0.995547	0.877470	0.967517	0.967100
1560	0.955141	0.995608	0.995603	0.877757	0.967849	0.967450
1570	0.955511	0.995738	0.995732	0.878043	0.967849	0.967449
1580	0.955910	0.995775	0.995768	0.878410	0.967517	0.967121
1590	0.956274	0.995849	0.995845	0.878643	0.967849	0.967458
1600	0.956626	0.995979	0.995973	0.878883	0.967849	0.967458
1610	0.956991	0.995979	0.995973	0.879147	0.967849	0.967460
1620	0.957334	0.996090	0.996081	0.879453	0.968015	0.967632
1630	0.957763	0.996183	0.996173	0.879696	0.968015	0.967632
1640	0.958068	0.996201	0.996191	0.879943	0.968015	0.967632
1650	0.958411	0.996275	0.996268	0.880181	0.968015	0.967632
1660	0.958747	0.996331	0.996324	0.880411	0.967849	0.967486
1670	0.959065	0.996387	0.996379	0.880691	0.967683	0.967306
1680	0.959418	0.996387	0.996380	0.880945	0.967517	0.967142
1690	0.959735	0.996442	0.996435	0.881270	0.967683	0.967322
1700	0.960084	0.996535	0.996526	0.881538	0.967517	0.967153
1710	0.960404	0.996609	0.996601	0.881870	0.967849	0.967479
1720	0.960719	0.996646	0.996641	0.882169	0.967849	0.967490
1730	0.961013	0.996665	0.996659	0.882436	0.968180	0.967799
1740	0.961303	0.996757	0.996754	0.882621	0.968015	0.967635
1750	0.961592	0.996943	0.996942	0.882840	0.968015	0.967633
1760	0.961913	0.996998	0.996999	0.883052	0.967849	0.967466
1770	0.962148	0.996998	0.996998	0.883203	0.968180	0.967794
1780	0.962481	0.997128	0.997126	0.883457	0.968180	0.967789
1790	0.962797	0.997128	0.997127	0.883670	0.968346	0.967963
1800	0.963026	0.997109	0.997108	0.883838	0.968677	0.968281
1810	0.963353	0.997128	0.997126	0.884131	0.968512	0.968128
1820	0.963618	0.997295	0.997293	0.884334	0.968512	0.968128
1830	0.963926	0.997369	0.997366	0.884495	0.968180	0.967784
1840	0.964206	0.997406	0.997403	0.884641	0.968346	0.967954
1850	0.964494	0.997498	0.997495	0.884948	0.968512	0.968131
1860	0.964833	0.997498	0.997494	0.885188	0.968843	0.968476
1870	0.965131	0.997554	0.997550	0.885482	0.968677	0.968315
1880	0.965348	0.997554	0.997550	0.885634	0.968677	0.968298
1890	0.965667	0.997591	0.997586	0.885813	0.968843	0.968476
1900	0.965923	0.997610	0.997604	0.886094	0.969175	0.968825
1910	0.966167	0.997665	0.997661	0.886338	0.969175	0.968831
1920	0.966410	0.997702	0.997697	0.886613	0.969009	0.968686
1930	0.966637	0.997702	0.997697	0.886717	0.969009	0.968679
1940	0.966872	0.997758	0.997754	0.886934	0.968843	0.968523
1950	0.967083	0.997776	0.997772	0.887057	0.968677	0.968352
1960	0.967327	0.997776	0.997772	0.887276	0.968677	0.968352
1970	0.967594	0.997832	0.997827	0.887389	0.969009	0.968694
1980	0.967863	0.997888	0.997886	0.887517	0.968843	0.968516
1990	0.968111	0.997925	0.997922	0.887694	0.968843	0.968516
2000	0.968330	0.997980	0.997976	0.887842	0.969009	0.968679
2010	0.968615	0.998036	0.998032	0.888124	0.968843	0.968508
2020	0.968855	0.998110	0.998108	0.888279	0.968843	0.968501
2030	0.969078	0.998110	0.998108	0.888491	0.968843	0.968509
2040	0.969275	0.998147	0.998145	0.888648	0.969009	0.968682
2050	0.969474	0.998184	0.998181	0.888800	0.969009	0.968681
2060	0.969688	0.998240	0.998237	0.888971	0.969009	0.968681
2070	0.969872	0.998258	0.998256	0.889117	0.969175	0.968843
2080	0.970100	0.998295	0.998293	0.889308	0.969506	0.969184
2090	0.970286	0.998314	0.998312	0.889403	0.969340	0.969032
2100	0.970511	0.998314	0.998312	0.889723	0.969506	0.969186
2110	0.970719	0.998388	0.998384	0.889873	0.969838	0.969529
2120	0.970899	0.998425	0.998421	0.890010	0.970003	0.969695
2130	0.971100	0.998406	0.998402	0.890188	0.970169	0.969861
2140	0.971276	0.998425	0.998420	0.890378	0.970003	0.969700
2150	0.971437	0.998462	0.998457	0.890486	0.969838	0.969531
2160	0.971594	0.998443	0.998439	0.890621	0.970003	0.969706
2170	0.971772	0.998462	0.998457	0.890779	0.969672	0.969370
2180	0.971942	0.998481	0.998476	0.891070	0.969506	0.969199
2190	0.972104	0.998499	0.998494	0.891178	0.969672	0.969370
2200	0.972256	0.998555	0.998550	0.891305	0.969838	0.969535
2210	0.972458	0.998592	0.998588	0.891468	0.969838	0.969535
2220	0.972640	0.998610	0.998607	0.891608	0.970003	0.969712
2230	0.972805	0.998610	0.998607	0.891749	0.970335	0.970036
2240	0.972954	0.998647	0.998644	0.891902	0.970335	0.970036
2250	0.973141	0.998703	0.998701	0.892052	0.970003	0.969703
2260	0.973301	0.998721	0.998722	0.892158	0.970169	0.969864
2270	0.973463	0.998758	0.998759	0.892293	0.970335	0.970026
2280	0.973631	0.998796	0.998796	0.892343	0.970335	0.970021
2290	0.973781	0.998814	0.998815	0.892471	0.970335	0.970021
2300	0.973945	0.998833	0.998833	0.892628	0.970500	0.970200
2310	0.974093	0.998851	0.998853	0.892768	0.970500	0.970200
2320	0.974239	0.998851	0.998853	0.892856	0.970500	0.970200
2330	0.974382	0.998870	0.998871	0.892929	0.970666	0.970367
2340	0.974519	0.998888	0.998890	0.893021	0.970666	0.970367
2350	0.974670	0.998925	0.998927	0.893143	0.970666	0.970366
2360	0.974825	0.998962	0.998964	0.893280	0.970832	0.970528
2370	0.974994	0.999018	0.999021	0.893439	0.970998	0.970696
2380	0.975161	0.999018	0.999021	0.893587	0.970832	0.970522
2390	0.975314	0.999018	0.999021	0.893683	0.970832	0.970522
2400	0.975464	0.999055	0.999059	0.893822	0.970500	0.970204
2410	0.975608	0.999073	0.999077	0.893945	0.970666	0.970365
2420	0.975766	0.999092	0.999095	0.894052	0.970832	0.970533
2430	0.975904	0.999092	0.999095	0.894116	0.970666	0.970362
2440	0.976065	0.999111	0.999114	0.894221	0.970998	0.970694
2450	0.976230	0.999111	0.999114	0.894374	0.970998	0.970676
2460	0.976377	0.999111	0.999114	0.894485	0.970998	0.970669
2470	0.976548	0.999129	0.999133	0.894597	0.970832	0.970509
2480	0.976719	0.999166	0.999170	0.894747	0.970832	0.970530
2490	0.976892	0.999185	0.999185	0.894877	0.970832	0.970530
2500	0.977061	0.999203	0.999204	0.895031	0.970832	0.970530
2510	0.977199	0.999222	0.999223	0.895227	0.970832	0.970530
2520	0.977340	0.999222	0.999223	0.895337	0.970832	0.970526
2530	0.977454	0.999222	0.999223	0.895437	0.970832	0.970530
2540	0.977576	0.999222	0.999223	0.895559	0.970832	0.970530
2550	0.977686	0.999240	0.999241	0.895644	0.970998	0.970704
2560	0.977805	0.999240	0.999241	0.895764	0.970832	0.970526
2570	0.977921	0.999240	0.999241	0.895851	0.970998	0.970688
2580	0.978037	0.999259	0.999259	0.895955	0.970998	0.970688
2590	0.978174	0.999333	0.999335	0.896030	0.970998	0.970693
2600	0.978334	0.999370	0.999371	0.896204	0.970998	0.970693
2610	0.978445	0.999351	0.999353	0.896367	0.970998	0.970693
2620	0.978574	0.999370	0.999371	0.896532	0.970998	0.970693
2630	0.978666	0.999370	0.999371	0.896598	0.970998	0.970693
2640	0.978770	0.999370	0.999371	0.896679	0.971163	0.970857
2650	0.978874	0.999389	0.999389	0.896760	0.971163	0.970857
2660	0.979009	0.999407	0.999407	0.896912	0.971329	0.971029
2670	0.979128	0.999426	0.999426	0.897023	0.971163	0.970866
2680	0.979230	0.999444	0.999444	0.897134	0.971163	0.970866
2690	0.979337	0.999426	0.999426	0.897230	0.970998	0.970713
2700	0.979443	0.999444	0.999444	0.897311	0.970998	0.970713
2710	0.979528	0.999444	0.999444	0.897355	0.970998	0.970713
2720	0.979622	0.999444	0.999444	0.897449	0.970998	0.970713
2730	0.979708	0.999444	0.999444	0.897641	0.970998	0.970713
2740	0.979805	0.999481	0.999482	0.897712	0.970998	0.970713
2750	0.979909	0.999500	0.999501	0.897760	0.970998	0.970713
2760	0.980013	0.999518	0.999519	0.897866	0.970998	0.970713
2770	0.980147	0.999518	0.999519	0.897965	0.970998	0.970713
2780	0.980242	0.999518	0.999519	0.898022	0.970998	0.970713
2790	0.980336	0.999537	0.999537	0.898130	0.970998	0.970713
2800	0.980422	0.999537	0.999537	0.898194	0.970998	0.970713
2810	0.980515	0.999537	0.999537	0.898233	0.970998	0.970713
2820	0.980620	0.999555	0.999556	0.898288	0.970998	0.970713
2830	0.980713	0.999592	0.999592	0.898362	0.970998	0.970713
2840	0.980819	0.999592	0.999592	0.898452	0.970998	0.970713
2850	0.980911	0.999592	0.999592	0.898528	0.970998	0.970713
2860	0.980988	0.999592	0.999592	0.898614	0.970998	0.970713
2870	0.981082	0.999592	0.999592	0.898680	0.970998	0.970713
2880	0.981169	0.999592	0.999592	0.898757	0.970998	0.970713
2890	0.981250	0.999611	0.999610	0.898838	0.970998	0.970713
2900	0.981343	0.999611	0.999610	0.898899	0.970998	0.970713
2910	0.981441	0.999629	0.999630	0.898979	0.970998	0.970713
2920	0.981547	0.999629	0.999631	0.899102	0.970998	0.970713
2930	0.981635	0.999629	0.999631	0.899166	0.970998	0.970713
2940	0.981719	0.999629	0.999631	0.899216	0.970998	0.970713
2950	0.981802	0.999629	0.999631	0.899238	0.971163	0.970866
2960	0.981894	0.999629	0.999631	0.899315	0.970998	0.970704
2970	0.981974	0.999629	0.999631	0.899401	0.970998	0.970704
2980	0.982069	0.999629	0.999630	0.899535	0.970998	0.970704
2990	0.982146	0.999629	0.999630	0.899575	0.970998	0.970704
3000	0.982231	0.999629	0.999630	0.899627	0.970998	0.970704
3010	0.982320	0.999629	0.999630	0.899773	0.971163	0.970867
3020	0.982389	0.999629	0.999630	0.899832	0.970998	0.970704
3030	0.982464	0.999629	0.999630	0.899886	0.971329	0.971031
3040	0.982541	0.999629	0.999630	0.899976	0.971163	0.970867
3050	0.982610	0.999629	0.999630	0.900044	0.971329	0.971031
3060	0.982690	0.999629	0.999630	0.900163	0.971329	0.971031
3070	0.982753	0.999629	0.999630	0.900221	0.971329	0.971031
3080	0.982831	0.999648	0.999648	0.900328	0.971329	0.971031
3090	0.982913	0.999648	0.999648	0.900388	0.971329	0.971031
3100	0.982990	0.999648	0.999648	0.900463	0.971163	0.970867
3110	0.983089	0.999666	0.999667	0.900539	0.971329	0.971031
3120	0.983171	0.999666	0.999667	0.900574	0.971495	0.971194
3130	0.983245	0.999666	0.999667	0.900601	0.971495	0.971194
3140	0.983321	0.999666	0.999667	0.900665	0.971495	0.971194
3150	0.983382	0.999666	0.999667	0.900713	0.971495	0.971194
3160	0.983461	0.999666	0.999667	0.900778	0.971495	0.971194
3170	0.983526	0.999666	0.999667	0.900837	0.971495	0.971194
3180	0.983596	0.999685	0.999685	0.900897	0.971329	0.971029
3190	0.983658	0.999685	0.999685	0.900976	0.971495	0.971194
3200	0.983718	0.999685	0.999685	0.901049	0.971329	0.971029
3210	0.983803	0.999685	0.999685	0.901148	0.971329	0.971029
3220	0.983871	0.999704	0.999703	0.901181	0.971329	0.971029
3230	0.983955	0.999741	0.999740	0.901224	0.971329	0.971029
3240	0.984033	0.999741	0.999740	0.901292	0.971329	0.971029
3250	0.984099	0.999759	0.999758	0.901373	0.971495	0.971207
3260	0.984161	0.999759	0.999758	0.901394	0.971329	0.971046
3270	0.984221	0.999759	0.999758	0.901475	0.971495	0.971210
3280	0.984274	0.999759	0.999758	0.901547	0.971495	0.971210
3290	0.984336	0.999759	0.999758	0.901596	0.971495	0.971210
3300	0.984394	0.999759	0.999758	0.901638	0.971495	0.971210
3310	0.984459	0.999778	0.999777	0.901710	0.971661	0.971375
3320	0.984516	0.999778	0.999777	0.901749	0.971826	0.971551
3330	0.984579	0.999778	0.999779	0.901776	0.971992	0.971738
3340	0.984651	0.999778	0.999779	0.901901	0.971826	0.971567
3350	0.984694	0.999796	0.999797	0.901952	0.971826	0.971562
3360	0.984751	0.999796	0.999797	0.902018	0.971661	0.971398
3370	0.984810	0.999796	0.999797	0.902071	0.971661	0.971398
3380	0.984867	0.999796	0.999797	0.902128	0.971826	0.971568
3390	0.984928	0.999815	0.999815	0.902220	0.972158	0.971896
3400	0.984988	0.999815	0.999815	0.902269	0.972158	0.971896
3410	0.985039	0.999833	0.999833	0.902353	0.972158	0.971896
3420	0.985097	0.999833	0.999833	0.902431	0.972158	0.971896
3430	0.985163	0.999833	0.999833	0.902485	0.972324	0.972066
3440	0.985222	0.999833	0.999833	0.902521	0.972324	0.972066
3450	0.985279	0.999833	0.999833	0.902547	0.972324	0.972066
3460	0.985352	0.999833	0.999833	0.902565	0.972324	0.972055
3470	0.985408	0.999833	0.999833	0.902654	0.972324	0.972050
3480	0.985479	0.999833	0.999833	0.902727	0.972324	0.972050
3490	0.985544	0.999833	0.999833	0.902810	0.972158	0.971886
3500	0.985602	0.999852	0.999851	0.902853	0.972158	0.971886
3510	0.985657	0.999852	0.999851	0.902900	0.972158	0.971886
3520	0.985713	0.999852	0.999851	0.903000	0.972158	0.971886
3530	0.985763	0.999852	0.999851	0.903028	0.972158	0.971886
3540	0.985813	0.999852	0.999851	0.903062	0.972158	0.971886
3550	0.985856	0.999852	0.999851	0.903078	0.972158	0.971886
3560	0.985903	0.999852	0.999851	0.903135	0.972158	0.971886
3570	0.985951	0.999852	0.999851	0.903169	0.972158	0.971886
3580	0.986011	0.999852	0.999851	0.903242	0.972158	0.971886
3590	0.986059	0.999852	0.999851	0.903278	0.972158	0.971886
3600	0.986113	0.999870	0.999871	0.903349	0.972158	0.971886
3610	0.986161	0.999870	0.999871	0.903400	0.972158	0.971886
3620	0.986202	0.999870	0.999871	0.903450	0.972158	0.971886
3630	0.986243	0.999870	0.999871	0.903498	0.972158	0.971886
3640	0.986293	0.999870	0.999871	0.903523	0.972158	0.971886
3650	0.986340	0.999870	0.999871	0.903556	0.972158	0.971886
3660	0.986385	0.999870	0.999871	0.903599	0.972158	0.971886
3670	0.986434	0.999870	0.999871	0.903681	0.971992	0.971715
3680	0.986473	0.999870	0.999871	0.903783	0.971992	0.971715
3690	0.986515	0.999889	0.999889	0.903820	0.971992	0.971715
3700	0.986560	0.999889	0.999889	0.903849	0.971992	0.971715
3710	0.986605	0.999889	0.999889	0.903885	0.971992	0.971715
3720	0.986651	0.999889	0.999889	0.903945	0.971992	0.971715
3730	0.986695	0.999889	0.999889	0.903992	0.971992	0.971715
3740	0.986743	0.999889	0.999889	0.904040	0.971992	0.971715
3750	0.986793	0.999889	0.999889	0.904101	0.971992	0.971715
3760	0.986835	0.999889	0.999889	0.904110	0.971992	0.971715
3770	0.986883	0.999889	0.999889	0.904170	0.971992	0.971715
3780	0.986928	0.999889	0.999889	0.904186	0.971992	0.971715
3790	0.986978	0.999889	0.999889	0.904226	0.971992	0.971715
3800	0.987021	0.999889	0.999889	0.904330	0.971992	0.971715
3810	0.987063	0.999889	0.999889	0.904344	0.971992	0.971715
3820	0.987108	0.999889	0.999889	0.904374	0.972158	0.971885
3830	0.987147	0.999889	0.999889	0.904390	0.972158	0.971885
3840	0.987191	0.999889	0.999889	0.904423	0.971992	0.971724
3850	0.987233	0.999907	0.999908	0.904468	0.971992	0.971724
3860	0.987279	0.999907	0.999908	0.904502	0.971992	0.971724
3870	0.987319	0.999907	0.999908	0.904531	0.972158	0.971896
3880	0.987359	0.999907	0.999908	0.904558	0.972324	0.972056
3890	0.987402	0.999907	0.999908	0.904632	0.972489	0.972228
3900	0.987442	0.999907	0.999908	0.904657	0.972489	0.972228
3910	0.987478	0.999907	0.999908	0.904705	0.972489	0.972228
3920	0.987523	0.999907	0.999908	0.904707	0.972489	0.972228
3930	0.987558	0.999907	0.999908	0.904734	0.972489	0.972228
3940	0.987597	0.999907	0.999908	0.904793	0.972489	0.972228
3950	0.987644	0.999907	0.999908	0.904831	0.972324	0.972067
3960	0.987686	0.999907	0.999908	0.904886	0.972489	0.972228
3970	0.987730	0.999907	0.999908	0.904920	0.972324	0.972067
3980	0.987765	0.999907	0.999908	0.904966	0.972158	0.971896
3990	0.987806	0.999907	0.999908	0.904969	0.972324	0.972067
4000	0.987852	0.999907	0.999908	0.904998	0.972324	0.972067
