10	0.401704	0.745968	0.710720	0.393362	0.738544	0.705278
20	0.470762	0.784256	0.746290	0.461982	0.777291	0.741200
30	0.503893	0.803640	0.764277	0.493100	0.794980	0.757705
40	0.525569	0.813480	0.773610	0.511613	0.804077	0.766060
50	0.545016	0.822488	0.781604	0.528505	0.810815	0.772164
60	0.563086	0.829905	0.788134	0.544276	0.817891	0.778545
70	0.576680	0.835177	0.792658	0.556277	0.822102	0.781793
80	0.589543	0.840522	0.797386	0.568316	0.828336	0.787422
90	0.599951	0.844555	0.800879	0.577792	0.831873	0.790477
100	0.610096	0.849179	0.804902	0.587332	0.835580	0.793709
110	0.618546	0.852249	0.807644	0.594847	0.839960	0.797583
120	0.627894	0.855116	0.810097	0.603619	0.841981	0.799310
130	0.634144	0.857299	0.864213	0.609348	0.844171	0.801428
140	0.640174	0.859685	0.814295	0.614787	0.844508	0.801510
150	0.645848	0.861793	0.868326	0.620302	0.846867	0.803685
160	0.650844	0.863051	0.869556	0.624367	0.848214	0.805310
170	0.663786	0.870061	0.875980	0.636577	0.853942	0.862293
180	0.678307	0.894606	0.898090	0.650976	0.879549	0.884575
190	0.683899	0.896308	0.899688	0.655795	0.880896	0.885808
200	0.688987	0.898065	0.901369	0.660280	0.883255	0.888046
210	0.705789	0.918948	0.920690	0.676315	0.902796	0.905634
220	0.711112	0.921186	0.922803	0.680778	0.904650	0.907442
230	0.715794	0.923091	0.924668	0.684420	0.905829	0.908554
240	0.727758	0.930268	0.931464	0.695653	0.912230	0.914490
250	0.732161	0.931563	0.932745	0.699031	0.913747	0.915999
260	0.741714	0.936113	0.937010	0.708347	0.918801	0.920596
270	0.746340	0.937611	0.938487	0.712435	0.918801	0.920669
280	0.750007	0.938869	0.939686	0.715495	0.919811	0.921628
290	0.757818	0.941606	0.942308	0.722808	0.924191	0.925750
300	0.760525	0.942346	0.943038	0.725141	0.923012	0.924551
310	0.762773	0.943400	0.944072	0.726326	0.923349	0.924876
320	0.768387	0.945102	0.945723	0.731222	0.924697	0.926153
330	0.775209	0.947618	0.948121	0.737352	0.929077	0.930241
340	0.778135	0.948358	0.948867	0.740069	0.930425	0.931508
350	0.785149	0.950725	0.951140	0.746547	0.933625	0.934583
360	0.787759	0.951576	0.951980	0.748355	0.933962	0.934875
370	0.789768	0.952242	0.952637	0.749937	0.934805	0.935726
380	0.796493	0.954646	0.954979	0.756155	0.936995	0.937780
390	0.798804	0.955368	0.955689	0.758119	0.936995	0.937772
400	0.801314	0.955997	0.956315	0.760033	0.936489	0.937299
410	0.807736	0.957865	0.958120	0.765852	0.938679	0.939325
420	0.809511	0.958438	0.958696	0.766864	0.939353	0.939978
430	0.811988	0.959160	0.959379	0.768733	0.940195	0.940796
440	0.816865	0.960473	0.960666	0.773186	0.941543	0.942114
450	0.818644	0.960806	0.960996	0.774505	0.941206	0.941758
460	0.822591	0.961971	0.962142	0.777912	0.942217	0.942712
470	0.824717	0.962674	0.962839	0.779612	0.943396	0.943880
480	0.827573	0.963525	0.963670	0.782240	0.944070	0.944567
490	0.831004	0.964561	0.964689	0.785385	0.945081	0.945531
500	0.832489	0.964967	0.965100	0.786243	0.945249	0.945720
510	0.836801	0.966188	0.966293	0.789927	0.946597	0.946992
520	0.838779	0.966780	0.966879	0.791450	0.947102	0.947455
530	0.840122	0.967206	0.967302	0.792406	0.947271	0.947634
540	0.843895	0.968075	0.968147	0.795780	0.947439	0.947799
550	0.845695	0.968574	0.968651	0.797212	0.947271	0.947647
560	0.849392	0.969703	0.969763	0.800653	0.948282	0.948588
570	0.850679	0.970350	0.970404	0.801659	0.948113	0.948454
580	0.853299	0.971127	0.971176	0.803564	0.948956	0.949282
590	0.855952	0.971774	0.971799	0.805646	0.949966	0.950253
600	0.857290	0.971941	0.971961	0.806843	0.949966	0.950249
610	0.860367	0.972681	0.972699	0.809495	0.949798	0.950059
620	0.862146	0.973291	0.973302	0.810793	0.950472	0.950726
630	0.864599	0.973864	0.973876	0.812937	0.951146	0.951379
640	0.867496	0.974345	0.974342	0.815245	0.951651	0.951872
650	0.868632	0.974734	0.974735	0.816081	0.952493	0.952721
660	0.870852	0.975344	0.975336	0.818050	0.952830	0.952977
670	0.872511	0.975640	0.975624	0.819318	0.952830	0.952973
680	0.874077	0.975899	0.975877	0.820607	0.953167	0.953278
690	0.876119	0.976343	0.976326	0.822277	0.953504	0.953620
700	0.877337	0.976824	0.976813	0.823293	0.954346	0.954477
710	0.879890	0.977397	0.977378	0.825583	0.954515	0.954626
720	0.881019	0.977712	0.977700	0.826775	0.955189	0.955302
730	0.883083	0.978045	0.978025	0.828702	0.955020	0.955180
740	0.884641	0.978396	0.978377	0.829854	0.956031	0.956170
750	0.886691	0.978895	0.978875	0.831527	0.955526	0.955681
760	0.887427	0.979136	0.979118	0.831894	0.955357	0.955479
770	0.889102	0.979339	0.979315	0.833240	0.956031	0.956106
780	0.890508	0.979876	0.979852	0.834274	0.955863	0.955933
790	0.891836	0.980190	0.980166	0.835306	0.955863	0.955923
800	0.892960	0.980579	0.980554	0.836368	0.956199	0.956282
810	0.894114	0.980782	0.980755	0.837232	0.956199	0.956269
820	0.895344	0.981041	0.981007	0.838062	0.955863	0.955948
830	0.896881	0.981503	0.981466	0.839458	0.956536	0.956613
840	0.898292	0.981984	0.981947	0.840553	0.956536	0.956598
850	0.899591	0.982114	0.982078	0.841350	0.956536	0.956563
860	0.900577	0.982706	0.982671	0.842087	0.956536	0.956562
870	0.901893	0.983039	0.983008	0.843041	0.957042	0.957094
880	0.902940	0.983261	0.983230	0.843947	0.957547	0.957576
890	0.904203	0.983557	0.983521	0.845162	0.957716	0.957709
900	0.905068	0.983908	0.983872	0.845816	0.957716	0.957740
910	0.906371	0.984278	0.984243	0.846742	0.958053	0.958061
920	0.907734	0.984759	0.984715	0.847960	0.958389	0.958366
930	0.908854	0.985147	0.985111	0.848647	0.958221	0.958233
940	0.909850	0.985388	0.985345	0.849354	0.958221	0.958210
950	0.911228	0.985628	0.985581	0.850503	0.958558	0.958544
960	0.912090	0.986035	0.985997	0.851314	0.958389	0.958358
970	0.913224	0.986239	0.986204	0.852283	0.958895	0.958877
980	0.914404	0.986608	0.986570	0.853351	0.959232	0.959184
990	0.915343	0.986793	0.986754	0.854139	0.959232	0.959189
1000	0.916368	0.986997	0.986959	0.854997	0.959737	0.959695
1010	0.917447	0.987237	0.987199	0.855899	0.959906	0.959854
1020	0.918507	0.987404	0.987357	0.856608	0.959906	0.959841
1030	0.919292	0.987792	0.987745	0.857224	0.960074	0.960005
1040	0.920080	0.987996	0.987956	0.857750	0.960411	0.960328
1050	0.921025	0.988255	0.988218	0.858412	0.960748	0.960664
1060	0.922041	0.988514	0.988474	0.859111	0.960580	0.960516
1070	0.922832	0.988736	0.988700	0.859836	0.961085	0.961000
1080	0.923856	0.988865	0.988828	0.860709	0.961590	0.961509
1090	0.924565	0.988995	0.988961	0.861143	0.961590	0.961500
1100	0.925472	0.989087	0.989053	0.862017	0.961590	0.961515
1110	0.926438	0.989198	0.989166	0.862769	0.962264	0.962167
1120	0.927315	0.989438	0.989405	0.863389	0.962096	0.962011
1130	0.927940	0.989605	0.989574	0.863882	0.962096	0.962016
1140	0.928663	0.989716	0.989691	0.864611	0.962433	0.962346
1150	0.929662	0.989845	0.989821	0.865341	0.962433	0.962342
1160	0.930491	0.990049	0.990024	0.866015	0.962601	0.962508
1170	0.931290	0.990289	0.990268	0.866593	0.962601	0.962507
1180	0.931900	0.990363	0.990339	0.867043	0.962938	0.962837
1190	0.932633	0.990511	0.990494	0.867520	0.962770	0.962654
1200	0.933423	0.990678	0.990656	0.868156	0.962770	0.962652
1210	0.934062	0.990863	0.990842	0.868683	0.962938	0.962823
1220	0.934850	0.991233	0.991211	0.869321	0.963612	0.963485
1230	0.935621	0.991344	0.991321	0.869995	0.963780	0.963659
1240	0.936368	0.991399	0.991379	0.870532	0.963612	0.963476
1250	0.937102	0.991658	0.991637	0.871161	0.963780	0.963658
1260	0.937832	0.991843	0.991822	0.871687	0.963780	0.963652
1270	0.938392	0.991861	0.991840	0.872226	0.963780	0.963652
1280	0.939133	0.992120	0.992098	0.872837	0.964117	0.963983
1290	0.939781	0.992139	0.992117	0.873549	0.964117	0.963984
1300	0.940295	0.992342	0.992322	0.873896	0.964117	0.963991
1310	0.940773	0.992416	0.992399	0.874265	0.963949	0.963824
1320	0.941453	0.992564	0.992548	0.874800	0.963949	0.963824
1330	0.942008	0.992675	0.992657	0.875095	0.963612	0.963488
1340	0.942548	0.992860	0.992844	0.875534	0.963949	0.963825
1350	0.943153	0.992934	0.992920	0.876070	0.964286	0.964164
1360	0.943738	0.993156	0.993139	0.876484	0.964454	0.964348
1370	0.944385	0.993267	0.993251	0.876962	0.964454	0.964348
1380	0.944970	0.993415	0.993398	0.877441	0.964454	0.964348
1390	0.945534	0.993489	0.993473	0.877876	0.964117	0.964013
1400	0.946139	0.993637	0.993623	0.878314	0.964286	0.964178
1410	0.946751	0.993785	0.993772	0.878822	0.964454	0.964351
1420	0.947377	0.993970	0.993955	0.879266	0.965465	0.965351
1430	0.947881	0.994044	0.994028	0.879643	0.965465	0.965342
1440	0.948368	0.994118	0.994102	0.880049	0.966139	0.966012
1450	0.948861	0.994266	0.994249	0.880360	0.965633	0.965513
1460	0.949297	0.994340	0.994324	0.880653	0.965633	0.965513
1470	0.949789	0.994488	0.994472	0.880986	0.965802	0.965682
1480	0.950259	0.994562	0.994544	0.881335	0.965970	0.965844
1490	0.950823	0.994728	0.994711	0.881708	0.966139	0.966023
1500	0.951259	0.994839	0.994822	0.882061	0.966307	0.966200
1510	0.951621	0.994858	0.994839	0.882316	0.965970	0.965868
1520	0.952084	0.994969	0.994952	0.882684	0.965970	0.965868
1530	0.952467	0.995061	0.995043	0.883029	0.965802	0.965711
1540	0.952912	0.995098	0.995079	0.883445	0.965633	0.965522
1550	0.953298	0.995246	0.995230	0.883698	0.965802	0.965695
1560	0.953715	0.995283	0.995266	0.884068	0.965802	0.965700
1570	0.954132	0.995302	0.995286	0.884465	0.965970	0.965873
1580	0.954498	0.995376	0.995361	0.884675	0.966139	0.966043
1590	0.954892	0.995579	0.995561	0.885033	0.965970	0.965873
1600	0.955289	0.995709	0.995691	0.885391	0.965802	0.965717
1610	0.955721	0.995727	0.995710	0.885736	0.965970	0.965880
1620	0.956093	0.995801	0.995785	0.886069	0.966476	0.966376
1630	0.956495	0.995931	0.995913	0.886460	0.966476	0.966376
1640	0.956861	0.995968	0.995948	0.886680	0.966307	0.966213
1650	0.957166	0.996042	0.996024	0.886992	0.966307	0.966211
1660	0.957506	0.996171	0.996156	0.887195	0.966139	0.966047
1670	0.957847	0.996264	0.996247	0.887260	0.966139	0.966047
1680	0.958186	0.996264	0.996245	0.887546	0.966307	0.966206
1690	0.958565	0.996301	0.996282	0.887813	0.966139	0.966043
1700	0.958835	0.996319	0.996302	0.887951	0.966139	0.966044
1710	0.959209	0.996430	0.996413	0.888330	0.966307	0.966214
1720	0.959543	0.996467	0.996450	0.888617	0.966813	0.966720
1730	0.959902	0.996578	0.996561	0.888786	0.966644	0.966541
1740	0.960199	0.996597	0.996578	0.889089	0.966813	0.966729
1750	0.960537	0.996652	0.996635	0.889397	0.966813	0.966725
1760	0.960851	0.996708	0.996692	0.889521	0.966981	0.966902
1770	0.961272	0.996837	0.996819	0.889887	0.966981	0.966888
1780	0.961530	0.996874	0.996856	0.890086	0.967318	0.967227
1790	0.961857	0.996893	0.996875	0.890321	0.967318	0.967236
1800	0.962058	0.996911	0.996894	0.890593	0.967318	0.967236
1810	0.962346	0.997004	0.996989	0.890793	0.967318	0.967233
1820	0.962600	0.997041	0.997026	0.891064	0.967318	0.967231
1830	0.962849	0.997096	0.997083	0.891250	0.967150	0.967062
1840	0.963212	0.997170	0.997156	0.891507	0.966981	0.966906
1850	0.963502	0.997207	0.997195	0.891685	0.966981	0.966906
1860	0.963802	0.997299	0.997288	0.891935	0.966813	0.966743
1870	0.964039	0.997355	0.997342	0.892084	0.966813	0.966743
1880	0.964298	0.997392	0.997381	0.892319	0.966813	0.966743
1890	0.964559	0.997429	0.997419	0.892616	0.967487	0.967401
1900	0.964786	0.997447	0.997438	0.892728	0.967487	0.967401
1910	0.965049	0.997484	0.997475	0.892983	0.967655	0.967565
1920	0.965327	0.997521	0.997513	0.893167	0.967655	0.967563
1930	0.965596	0.997632	0.997623	0.893412	0.967487	0.967399
1940	0.965833	0.997651	0.997642	0.893554	0.967487	0.967399
1950	0.966100	0.997651	0.997641	0.893772	0.967823	0.967720
1960	0.966310	0.997669	0.997659	0.893979	0.967655	0.967556
1970	0.966526	0.997688	0.997678	0.894072	0.967655	0.967556
1980	0.966753	0.997706	0.997696	0.894245	0.967992	0.967902
1990	0.966984	0.997706	0.997696	0.894450	0.967992	0.967904
2000	0.967220	0.997743	0.997734	0.894637	0.967992	0.967904
2010	0.967457	0.997780	0.997773	0.894842	0.967823	0.967733
2020	0.967675	0.997817	0.997809	0.895018	0.967823	0.967733
2030	0.967910	0.997910	0.997903	0.895205	0.967992	0.967899
2040	0.968155	0.997984	0.997973	0.895385	0.968160	0.968067
2050	0.968321	0.997984	0.997973	0.895563	0.968160	0.968067
2060	0.968514	0.998002	0.997992	0.895791	0.968160	0.968067
2070	0.968676	0.998021	0.998012	0.895867	0.968160	0.968078
2080	0.968862	0.998058	0.998048	0.895992	0.967992	0.967909
2090	0.969077	0.998132	0.998124	0.896220	0.967992	0.967915
2100	0.969271	0.998150	0.998144	0.896382	0.967992	0.967919
2110	0.969481	0.998187	0.998180	0.896513	0.967992	0.967915
2120	0.969689	0.998224	0.998217	0.896715	0.968160	0.968079
2130	0.969899	0.998243	0.998234	0.896875	0.968160	0.968092
2140	0.970101	0.998261	0.998253	0.897036	0.967992	0.967915
2150	0.970308	0.998280	0.998273	0.897158	0.968160	0.968092
2160	0.970530	0.998298	0.998291	0.897353	0.968160	0.968092
2170	0.970726	0.998317	0.998308	0.897488	0.968160	0.968092
2180	0.970918	0.998335	0.998327	0.897632	0.968160	0.968092
2190	0.971110	0.998354	0.998347	0.897776	0.968160	0.968104
2200	0.971298	0.998409	0.998403	0.897936	0.968160	0.968100
2210	0.971445	0.998428	0.998420	0.898073	0.968160	0.968100
2220	0.971607	0.998428	0.998419	0.898188	0.968160	0.968100
2230	0.971771	0.998446	0.998437	0.898349	0.968160	0.968092
2240	0.971918	0.998520	0.998512	0.898488	0.968160	0.968092
2250	0.972117	0.998557	0.998548	0.898659	0.968497	0.968441
2260	0.972272	0.998576	0.998567	0.898788	0.968666	0.968614
2270	0.972440	0.998557	0.998549	0.898928	0.968329	0.968279
2280	0.972628	0.998576	0.998568	0.899131	0.968329	0.968288
2290	0.972807	0.998631	0.998624	0.899289	0.968666	0.968631
2300	0.973000	0.998668	0.998662	0.899443	0.968666	0.968638
2310	0.973146	0.998705	0.998699	0.899563	0.968666	0.968638
2320	0.973285	0.998742	0.998737	0.899697	0.968666	0.968643
2330	0.973474	0.998742	0.998737	0.899861	0.969003	0.968975
2340	0.973664	0.998761	0.998754	0.900047	0.969340	0.969290
2350	0.973815	0.998761	0.998754	0.900178	0.969340	0.969290
2360	0.973993	0.998779	0.998771	0.900362	0.969340	0.969300
2370	0.974169	0.998761	0.998753	0.900510	0.969171	0.969144
2380	0.974354	0.998835	0.998829	0.900709	0.969845	0.969824
2390	0.974494	0.998835	0.998829	0.900882	0.969845	0.969834
2400	0.974619	0.998853	0.998847	0.901004	0.970182	0.970160
2410	0.974745	0.998890	0.998886	0.901107	0.970182	0.970144
2420	0.974903	0.998909	0.998904	0.901219	0.970182	0.970161
2430	0.975042	0.998927	0.998921	0.901358	0.970350	0.970335
2440	0.975208	0.998946	0.998940	0.901502	0.970350	0.970335
2450	0.975333	0.998964	0.998959	0.901630	0.970182	0.970170
2460	0.975455	0.998964	0.998959	0.901723	0.970350	0.970340
2470	0.975563	0.998983	0.998977	0.901787	0.970182	0.970168
2480	0.975711	0.998983	0.998978	0.901919	0.970350	0.970335
2490	0.975851	0.998983	0.998977	0.901999	0.970519	0.970507
2500	0.975968	0.999001	0.998995	0.902088	0.970350	0.970335
2510	0.976115	0.998983	0.998977	0.902217	0.970350	0.970340
2520	0.976257	0.999057	0.999051	0.902369	0.970350	0.970345
2530	0.976380	0.999094	0.999087	0.902575	0.970182	0.970178
2540	0.976517	0.999094	0.999087	0.902699	0.970350	0.970345
2550	0.976653	0.999094	0.999087	0.902887	0.971024	0.970990
2560	0.976798	0.999112	0.999106	0.903047	0.971193	0.971152
2570	0.976911	0.999112	0.999108	0.903145	0.971361	0.971327
2580	0.977027	0.999186	0.999181	0.903238	0.971193	0.971170
2590	0.977160	0.999223	0.999218	0.903318	0.971193	0.971170
2600	0.977274	0.999223	0.999218	0.903402	0.971193	0.971170
2610	0.977371	0.999205	0.999200	0.903482	0.971193	0.971175
2620	0.977490	0.999223	0.999218	0.903599	0.971361	0.971348
2630	0.977619	0.999242	0.999235	0.903727	0.971361	0.971343
2640	0.977758	0.999279	0.999274	0.903806	0.971361	0.971343
2650	0.977876	0.999297	0.999292	0.903922	0.971361	0.971343
2660	0.978015	0.999297	0.999292	0.904004	0.971361	0.971343
2670	0.978119	0.999297	0.999292	0.904089	0.971530	0.971521
2680	0.978233	0.999316	0.999312	0.904226	0.971698	0.971681
2690	0.978320	0.999316	0.999312	0.904288	0.971698	0.971681
2700	0.978415	0.999316	0.999312	0.904364	0.971530	0.971521
2710	0.978520	0.999334	0.999330	0.904436	0.971530	0.971524
2720	0.978634	0.999334	0.999330	0.904549	0.971530	0.971524
2730	0.978742	0.999334	0.999330	0.904678	0.971698	0.971697
2740	0.978855	0.999353	0.999349	0.904748	0.971698	0.971697
2750	0.978972	0.999390	0.999387	0.904848	0.971361	0.971346
2760	0.979114	0.999408	0.999406	0.904991	0.971698	0.971696
2770	0.979204	0.999408	0.999406	0.905066	0.971530	0.971533
2780	0.979305	0.999408	0.999406	0.905182	0.971193	0.971200
2790	0.979409	0.999408	0.999406	0.905303	0.971024	0.971027
2800	0.979524	0.999408	0.999405	0.905398	0.970856	0.970851
2810	0.979621	0.999408	0.999405	0.905493	0.971361	0.971356
2820	0.979722	0.999427	0.999424	0.905591	0.971193	0.971190
2830	0.979814	0.999427	0.999424	0.905678	0.971530	0.971546
2840	0.979911	0.999427	0.999424	0.905762	0.971698	0.971706
2850	0.980017	0.999464	0.999462	0.905849	0.971698	0.971706
2860	0.980112	0.999464	0.999462	0.905917	0.971361	0.971368
2870	0.980187	0.999464	0.999462	0.905988	0.971361	0.971368
2880	0.980312	0.999501	0.999500	0.906102	0.971867	0.971882
2890	0.980409	0.999501	0.999500	0.906205	0.971867	0.971882
2900	0.980493	0.999501	0.999500	0.906303	0.971867	0.971882
2910	0.980588	0.999501	0.999500	0.906362	0.971698	0.971722
2920	0.980667	0.999501	0.999500	0.906473	0.971530	0.971550
2930	0.980742	0.999501	0.999500	0.906554	0.971698	0.971723
2940	0.980821	0.999501	0.999500	0.906665	0.971698	0.971723
2950	0.980913	0.999501	0.999500	0.906732	0.971698	0.971723
2960	0.980987	0.999501	0.999500	0.906790	0.971867	0.971894
2970	0.981083	0.999519	0.999520	0.906924	0.971867	0.971890
2980	0.981175	0.999538	0.999538	0.907039	0.972035	0.972063
2990	0.981262	0.999538	0.999538	0.907113	0.972035	0.972063
3000	0.981346	0.999538	0.999538	0.907197	0.972035	0.972063
3010	0.981436	0.999538	0.999538	0.907305	0.972035	0.972063
3020	0.981527	0.999575	0.999576	0.907421	0.972204	0.972223
3030	0.981624	0.999575	0.999576	0.907483	0.972204	0.972210
3040	0.981705	0.999575	0.999576	0.907554	0.972204	0.972223
3050	0.981796	0.999575	0.999576	0.907633	0.972204	0.972223
3060	0.981889	0.999575	0.999576	0.907686	0.972204	0.972223
3070	0.981962	0.999575	0.999576	0.907723	0.972035	0.972063
3080	0.982038	0.999575	0.999576	0.907802	0.972204	0.972235
3090	0.982121	0.999575	0.999576	0.907897	0.972372	0.972395
3100	0.982193	0.999593	0.999595	0.907946	0.971867	0.971898
3110	0.982263	0.999575	0.999576	0.908000	0.972204	0.972223
3120	0.982326	0.999593	0.999595	0.908057	0.972372	0.972383
3130	0.982401	0.999593	0.999595	0.908136	0.972372	0.972383
3140	0.982464	0.999593	0.999595	0.908189	0.972709	0.972727
3150	0.982550	0.999593	0.999595	0.908258	0.972877	0.972898
3160	0.982619	0.999593	0.999595	0.908334	0.973046	0.973057
3170	0.982693	0.999593	0.999595	0.908420	0.973046	0.973057
3180	0.982775	0.999593	0.999595	0.908525	0.973046	0.973057
3190	0.982846	0.999593	0.999595	0.908583	0.972709	0.972726
3200	0.982914	0.999593	0.999595	0.908617	0.972709	0.972726
3210	0.982986	0.999593	0.999595	0.908696	0.972540	0.972561
3220	0.983068	0.999593	0.999595	0.908805	0.972709	0.972732
3230	0.983136	0.999612	0.999613	0.908921	0.972709	0.972732
3240	0.983203	0.999630	0.999632	0.908981	0.972877	0.972897
3250	0.983270	0.999630	0.999632	0.909023	0.972709	0.972732
3260	0.983347	0.999630	0.999632	0.909099	0.972709	0.972732
3270	0.983420	0.999630	0.999632	0.909182	0.972709	0.972732
3280	0.983486	0.999630	0.999632	0.909270	0.972709	0.972732
3290	0.983552	0.999630	0.999632	0.909326	0.972709	0.972732
3300	0.983622	0.999649	0.999651	0.909408	0.972877	0.972895
3310	0.983682	0.999649	0.999651	0.909458	0.973046	0.973068
3320	0.983740	0.999649	0.999651	0.909543	0.973046	0.973061
3330	0.983806	0.999667	0.999670	0.909616	0.973046	0.973061
3340	0.983860	0.999667	0.999670	0.909651	0.972877	0.972889
3350	0.983922	0.999686	0.999687	0.909670	0.973046	0.973060
3360	0.983981	0.999704	0.999705	0.909731	0.973046	0.973060
3370	0.984034	0.999704	0.999705	0.909812	0.973046	0.973060
3380	0.984094	0.999723	0.999725	0.909872	0.973214	0.973239
3390	0.984149	0.999723	0.999725	0.909922	0.973214	0.973236
3400	0.984213	0.999723	0.999725	0.909963	0.973214	0.973243
3410	0.984281	0.999741	0.999744	0.910009	0.973383	0.973398
3420	0.984331	0.999723	0.999725	0.910070	0.973214	0.973218
3430	0.984386	0.999723	0.999725	0.910139	0.973383	0.973385
3440	0.984444	0.999741	0.999744	0.910114	0.973214	0.973225
3450	0.984503	0.999741	0.999744	0.910145	0.973383	0.973385
3460	0.984564	0.999741	0.999744	0.910210	0.973046	0.973040
3470	0.984628	0.999741	0.999743	0.910281	0.973046	0.973045
3480	0.984678	0.999741	0.999743	0.910342	0.973214	0.973200
3490	0.984736	0.999741	0.999743	0.910398	0.973214	0.973210
3500	0.984789	0.999741	0.999743	0.910443	0.973214	0.973214
3510	0.984853	0.999741	0.999743	0.910481	0.973214	0.973216
3520	0.984916	0.999760	0.999761	0.910502	0.973383	0.973376
3530	0.984975	0.999760	0.999761	0.910548	0.973383	0.973376
3540	0.985041	0.999760	0.999761	0.910638	0.973551	0.973546
3550	0.985097	0.999760	0.999761	0.910699	0.973383	0.973388
3560	0.985148	0.999760	0.999761	0.910735	0.973383	0.973383
3570	0.985197	0.999760	0.999761	0.910757	0.973383	0.973383
3580	0.985247	0.999778	0.999779	0.910818	0.973214	0.973216
3590	0.985298	0.999797	0.999797	0.910843	0.973214	0.973216
3600	0.985353	0.999797	0.999797	0.910890	0.973214	0.973216
3610	0.985418	0.999797	0.999797	0.910951	0.973214	0.973216
3620	0.985472	0.999797	0.999797	0.911030	0.973214	0.973216
3630	0.985535	0.999797	0.999797	0.911074	0.973214	0.973233
3640	0.985585	0.999815	0.999816	0.911135	0.973383	0.973384
3650	0.985647	0.999797	0.999797	0.911208	0.973551	0.973544
3660	0.985698	0.999815	0.999816	0.911262	0.973720	0.973704
3670	0.985741	0.999815	0.999816	0.911306	0.973720	0.973704
3680	0.985789	0.999815	0.999816	0.911375	0.973888	0.973877
3690	0.985839	0.999815	0.999816	0.911440	0.973888	0.973877
3700	0.985885	0.999815	0.999816	0.911536	0.973720	0.973701
3710	0.985938	0.999815	0.999816	0.911571	0.973720	0.973707
3720	0.985995	0.999815	0.999816	0.911619	0.973551	0.973534
3730	0.986047	0.999815	0.999816	0.911670	0.973551	0.973547
3740	0.986097	0.999815	0.999816	0.911738	0.973888	0.973883
3750	0.986148	0.999815	0.999816	0.911778	0.973888	0.973883
3760	0.986194	0.999815	0.999816	0.911800	0.973888	0.973883
3770	0.986241	0.999815	0.999816	0.911848	0.973888	0.973879
3780	0.986283	0.999815	0.999816	0.911888	0.973888	0.973879
3790	0.986329	0.999815	0.999816	0.911926	0.973888	0.973879
3800	0.986375	0.999815	0.999816	0.911976	0.973888	0.973879
3810	0.986415	0.999815	0.999816	0.912046	0.973888	0.973879
3820	0.986465	0.999815	0.999816	0.912101	0.973888	0.973879
3830	0.986506	0.999815	0.999816	0.912171	0.973888	0.973879
3840	0.986550	0.999815	0.999816	0.912229	0.973888	0.973879
3850	0.986601	0.999815	0.999816	0.912314	0.973720	0.973701
3860	0.986642	0.999815	0.999816	0.912346	0.973720	0.973701
3870	0.986684	0.999815	0.999816	0.912375	0.973720	0.973701
3880	0.986726	0.999815	0.999816	0.912419	0.973720	0.973701
3890	0.986766	0.999815	0.999816	0.912467	0.973720	0.973701
3900	0.986812	0.999815	0.999816	0.912502	0.973720	0.973701
3910	0.986862	0.999815	0.999816	0.912523	0.973551	0.973541
3920	0.986907	0.999815	0.999816	0.912574	0.973551	0.973541
3930	0.986948	0.999815	0.999816	0.912608	0.973720	0.973701
3940	0.986991	0.999815	0.999816	0.912609	0.973551	0.973541
3950	0.987027	0.999815	0.999816	0.912633	0.973720	0.973719
3960	0.987069	0.999815	0.999816	0.912695	0.973720	0.973711
3970	0.987105	0.999815	0.999816	0.912757	0.973720	0.973711
3980	0.987147	0.999834	0.999835	0.912791	0.973720	0.973711
3990	0.987186	0.999834	0.999835	0.912865	0.973888	0.973878
4000	0.987220	0.999834	0.999835	0.912907	0.973888	0.973878
