10	0.389882	0.737395	0.700908	0.386795	0.740925	0.701215
20	0.469163	0.783090	0.744685	0.465250	0.784353	0.743207
30	0.501528	0.800693	0.761157	0.495068	0.799602	0.757350
40	0.522926	0.810366	0.770067	0.516303	0.809216	0.766187
50	0.546244	0.821335	0.779967	0.537584	0.817669	0.773839
60	0.563655	0.827061	0.785031	0.554118	0.824963	0.780337
70	0.579844	0.833880	0.790939	0.567802	0.830101	0.784560
80	0.594300	0.840087	0.796583	0.582011	0.834742	0.788834
90	0.605377	0.844479	0.800515	0.592807	0.838720	0.792591
100	0.615888	0.848926	0.804563	0.601562	0.841870	0.795422
110	0.624078	0.852336	0.807609	0.608476	0.842698	0.796127
120	0.632352	0.855523	0.810625	0.615822	0.846842	0.800012
130	0.637938	0.857339	0.812399	0.620153	0.848831	0.801972
140	0.644285	0.859303	0.813963	0.625342	0.851318	0.804048
150	0.649703	0.861749	0.816295	0.629107	0.852810	0.805444
160	0.666221	0.874775	0.880281	0.644249	0.864578	0.868356
170	0.678072	0.893175	0.896839	0.654637	0.881651	0.883941
180	0.691392	0.907703	0.910282	0.666319	0.894083	0.895671
190	0.697167	0.910871	0.913203	0.671267	0.897232	0.898701
200	0.709077	0.920081	0.921822	0.681710	0.906348	0.907467
210	0.714699	0.922953	0.924555	0.686455	0.907674	0.908748
220	0.723886	0.927882	0.929237	0.694712	0.912316	0.913157
230	0.729196	0.930661	0.931850	0.698983	0.915299	0.915950
240	0.732631	0.931625	0.932833	0.701405	0.916957	0.917661
250	0.744911	0.937369	0.938269	0.712370	0.922095	0.922483
260	0.749498	0.939296	0.940150	0.716138	0.924913	0.925351
270	0.752222	0.940334	0.941172	0.717950	0.925576	0.926095
280	0.761379	0.944633	0.945291	0.725685	0.928560	0.928841
290	0.764667	0.945115	0.945758	0.728108	0.929223	0.929438
300	0.772317	0.947598	0.948131	0.734977	0.931709	0.931778
310	0.774794	0.948394	0.948943	0.736855	0.932538	0.932541
320	0.777737	0.949173	0.949703	0.739026	0.933035	0.933121
330	0.785725	0.952174	0.952639	0.745473	0.935024	0.935122
340	0.787994	0.952860	0.953326	0.747306	0.935521	0.935624
350	0.790713	0.953601	0.954058	0.748965	0.936019	0.936085
360	0.797745	0.955751	0.956137	0.754714	0.937179	0.937196
370	0.800023	0.956659	0.957036	0.756404	0.938173	0.938196
380	0.803012	0.957418	0.957787	0.758564	0.939665	0.939645
390	0.808311	0.959123	0.959453	0.762916	0.940660	0.940538
400	0.810613	0.959790	0.960114	0.764368	0.940328	0.940215
410	0.816167	0.961476	0.961740	0.768960	0.941986	0.941777
420	0.818500	0.962644	0.962899	0.770220	0.942483	0.942272
430	0.820158	0.963144	0.963391	0.771109	0.942483	0.942274
440	0.824977	0.964163	0.964365	0.775244	0.943478	0.943224
450	0.826722	0.964497	0.964705	0.776035	0.943975	0.943809
460	0.828627	0.965257	0.965467	0.777249	0.944141	0.943994
470	0.833686	0.966646	0.966812	0.781025	0.945301	0.945148
480	0.835388	0.966998	0.967161	0.782080	0.945301	0.945135
490	0.839167	0.967906	0.968046	0.785256	0.945798	0.945606
500	0.840653	0.968388	0.968532	0.785965	0.946295	0.946114
510	0.842243	0.968851	0.968992	0.787076	0.945964	0.945789
520	0.846640	0.969630	0.969753	0.790516	0.946627	0.946389
530	0.847988	0.970148	0.970255	0.791437	0.946627	0.946364
540	0.852035	0.971131	0.971231	0.794660	0.947290	0.947064
550	0.853358	0.971464	0.971556	0.795656	0.947787	0.947518
560	0.854576	0.971983	0.972085	0.796586	0.947953	0.947602
570	0.857496	0.972594	0.972691	0.798803	0.948947	0.948647
580	0.858621	0.972872	0.972962	0.799433	0.948782	0.948483
590	0.861265	0.973465	0.973543	0.801452	0.949610	0.949315
600	0.862783	0.973725	0.973799	0.802547	0.950108	0.949805
610	0.864280	0.974336	0.974408	0.803494	0.950605	0.950304
620	0.867291	0.974966	0.975028	0.805708	0.950771	0.950438
630	0.868290	0.975226	0.975287	0.806182	0.951434	0.951094
640	0.869823	0.975744	0.975803	0.807217	0.951102	0.950718
650	0.872499	0.976337	0.976389	0.809435	0.951931	0.951571
660	0.874644	0.977042	0.977084	0.811322	0.952926	0.952567
670	0.875867	0.977079	0.977122	0.811884	0.953257	0.952876
680	0.878527	0.977597	0.977628	0.813981	0.953754	0.953385
690	0.879644	0.977894	0.977923	0.815136	0.954086	0.953704
700	0.881719	0.978394	0.978419	0.816822	0.954086	0.953703
710	0.883292	0.978932	0.978958	0.817626	0.954252	0.953828
720	0.884627	0.979154	0.979184	0.818714	0.954749	0.954377
730	0.886147	0.979636	0.979663	0.820070	0.954915	0.954563
740	0.888004	0.980155	0.980174	0.821478	0.954915	0.954537
750	0.888992	0.980451	0.980470	0.822022	0.954915	0.954550
760	0.890531	0.980933	0.980946	0.823096	0.954915	0.954558
770	0.892386	0.981285	0.981297	0.824509	0.955246	0.954878
780	0.893612	0.981470	0.981470	0.825262	0.955578	0.955201
790	0.895171	0.981896	0.981902	0.826657	0.955743	0.955401
800	0.896607	0.982230	0.982229	0.827791	0.955909	0.955524
810	0.897947	0.982656	0.982655	0.828845	0.955743	0.955371
820	0.899053	0.982953	0.982944	0.829541	0.956241	0.955894
830	0.900337	0.983193	0.983187	0.830533	0.956241	0.955872
840	0.901866	0.983490	0.983483	0.831562	0.956738	0.956427
850	0.902990	0.983601	0.983598	0.832614	0.957235	0.956934
860	0.904272	0.984027	0.984022	0.833525	0.957567	0.957278
870	0.905683	0.984509	0.984499	0.834656	0.957401	0.957115
880	0.906855	0.984880	0.984871	0.835490	0.957898	0.957626
890	0.907890	0.985028	0.985017	0.836410	0.958395	0.958181
900	0.909032	0.985287	0.985280	0.837348	0.958893	0.958672
910	0.910385	0.985602	0.985600	0.838320	0.959390	0.959143
920	0.911297	0.985880	0.985880	0.838948	0.959224	0.959015
930	0.912398	0.986251	0.986246	0.839736	0.959722	0.959496
940	0.913533	0.986492	0.986487	0.840431	0.960716	0.960481
950	0.914551	0.986770	0.986768	0.841059	0.960716	0.960514
960	0.915734	0.987251	0.987255	0.841991	0.960716	0.960525
970	0.916895	0.987511	0.987514	0.842758	0.960882	0.960664
980	0.917775	0.987770	0.987772	0.843236	0.960882	0.960636
990	0.918928	0.988067	0.988071	0.844185	0.961545	0.961316
1000	0.919741	0.988178	0.988180	0.844748	0.961876	0.961659
1010	0.920616	0.988400	0.988401	0.845451	0.961545	0.961333
1020	0.921857	0.988734	0.988734	0.846280	0.961711	0.961480
1030	0.922663	0.988864	0.988865	0.846953	0.961711	0.961474
1040	0.923604	0.989030	0.989028	0.847808	0.962042	0.961810
1050	0.924422	0.989104	0.989100	0.848336	0.962374	0.962123
1060	0.925459	0.989290	0.989288	0.848977	0.962374	0.962123
1070	0.926163	0.989512	0.989510	0.849661	0.963037	0.962786
1080	0.927016	0.989716	0.989715	0.850397	0.963534	0.963288
1090	0.927988	0.989920	0.989917	0.851165	0.963368	0.963150
1100	0.928985	0.990198	0.990195	0.852012	0.963534	0.963303
1110	0.929689	0.990161	0.990154	0.852501	0.963534	0.963305
1120	0.930262	0.990364	0.990361	0.852926	0.963865	0.963638
1130	0.931287	0.990624	0.990618	0.853796	0.963865	0.963657
1140	0.931913	0.990754	0.990749	0.854363	0.963865	0.963653
1150	0.932857	0.990883	0.990876	0.855004	0.964031	0.963815
1160	0.933445	0.990994	0.990989	0.855471	0.963700	0.963492
1170	0.934126	0.991106	0.991099	0.855884	0.964197	0.963990
1180	0.935129	0.991328	0.991323	0.856761	0.964528	0.964318
1190	0.935813	0.991550	0.991545	0.857300	0.964694	0.964523
1200	0.936428	0.991754	0.991748	0.857877	0.965026	0.964853
1210	0.936962	0.991773	0.991767	0.858257	0.965191	0.964978
1220	0.937627	0.991884	0.991876	0.858845	0.965026	0.964811
1230	0.938329	0.991977	0.991967	0.859359	0.965026	0.964793
1240	0.938955	0.992088	0.992080	0.859808	0.965357	0.965159
1250	0.939608	0.992255	0.992248	0.860389	0.965357	0.965143
1260	0.940002	0.992310	0.992303	0.860624	0.965357	0.965143
1270	0.940783	0.992607	0.992601	0.861201	0.965523	0.965332
1280	0.941424	0.992773	0.992764	0.861641	0.965523	0.965316
1290	0.942054	0.992866	0.992863	0.862112	0.965523	0.965316
1300	0.942544	0.993014	0.993011	0.862492	0.965689	0.965475
1310	0.943014	0.993088	0.993085	0.862796	0.965689	0.965504
1320	0.943539	0.993144	0.993145	0.863287	0.965523	0.965341
1330	0.944172	0.993329	0.993328	0.863692	0.965357	0.965137
1340	0.944626	0.993385	0.993386	0.864044	0.965854	0.965658
1350	0.945337	0.993496	0.993498	0.864786	0.965689	0.965471
1360	0.945897	0.993607	0.993605	0.865228	0.965689	0.965467
1370	0.946450	0.993644	0.993643	0.865653	0.965357	0.965138
1380	0.946919	0.993737	0.993737	0.866064	0.965357	0.965141
1390	0.947437	0.993811	0.993810	0.866685	0.965357	0.965148
1400	0.947894	0.993793	0.993792	0.867088	0.965523	0.965306
1410	0.948432	0.994015	0.994014	0.867501	0.965854	0.965650
1420	0.948948	0.994108	0.994107	0.867924	0.965689	0.965503
1430	0.949275	0.994089	0.994087	0.868203	0.965689	0.965507
1440	0.949737	0.994163	0.994161	0.868597	0.965689	0.965507
1450	0.950182	0.994237	0.994233	0.868933	0.965689	0.965510
1460	0.950669	0.994348	0.994346	0.869238	0.965854	0.965676
1470	0.951134	0.994552	0.994552	0.869598	0.965854	0.965676
1480	0.951562	0.994645	0.994644	0.869799	0.965854	0.965651
1490	0.952068	0.994700	0.994698	0.870239	0.966352	0.966185
1500	0.952476	0.994775	0.994772	0.870521	0.966352	0.966185
1510	0.952913	0.994867	0.994866	0.870841	0.966683	0.966505
1520	0.953297	0.994941	0.994939	0.871055	0.966683	0.966505
1530	0.953679	0.995015	0.995011	0.871372	0.966683	0.966505
1540	0.954181	0.995071	0.995069	0.871725	0.966517	0.966344
1550	0.954616	0.995201	0.995200	0.872104	0.966352	0.966183
1560	0.955032	0.995330	0.995331	0.872363	0.966517	0.966344
1570	0.955490	0.995423	0.995424	0.872707	0.966186	0.966024
1580	0.955815	0.995497	0.995501	0.873028	0.966517	0.966348
1590	0.956228	0.995571	0.995574	0.873379	0.966849	0.966672
1600	0.956632	0.995720	0.995722	0.873712	0.966849	0.966668
1610	0.957067	0.995812	0.995815	0.874066	0.966849	0.966697
1620	0.957450	0.995905	0.995904	0.874298	0.967015	0.966846
1630	0.957831	0.995998	0.995996	0.874509	0.967181	0.966998
1640	0.958161	0.996053	0.996054	0.874961	0.967512	0.967375
1650	0.958541	0.996109	0.996109	0.875269	0.967512	0.967375
1660	0.958825	0.996164	0.996165	0.875514	0.967015	0.966814
1670	0.959188	0.996220	0.996217	0.875727	0.967015	0.966817
1680	0.959459	0.996331	0.996330	0.875933	0.967181	0.966995
1690	0.959872	0.996313	0.996311	0.876126	0.966849	0.966649
1700	0.960221	0.996387	0.996387	0.876409	0.967181	0.967032
1710	0.960599	0.996479	0.996477	0.876716	0.967346	0.967212
1720	0.960917	0.996535	0.996534	0.876976	0.967512	0.967372
1730	0.961174	0.996609	0.996606	0.877123	0.967512	0.967372
1740	0.961466	0.996609	0.996608	0.877313	0.967512	0.967372
1750	0.961790	0.996702	0.996700	0.877509	0.967346	0.967185
1760	0.962089	0.996757	0.996758	0.877728	0.967346	0.967185
1770	0.962414	0.996813	0.996814	0.877847	0.967346	0.967185
1780	0.962706	0.996813	0.996812	0.878062	0.967512	0.967346
1790	0.962976	0.996887	0.996887	0.878302	0.967678	0.967507
1800	0.963272	0.996998	0.996997	0.878502	0.967844	0.967681
1810	0.963513	0.997035	0.997032	0.878753	0.968175	0.968018
1820	0.963818	0.997091	0.997089	0.878963	0.968341	0.968180
1830	0.964114	0.997109	0.997108	0.879265	0.968009	0.967856
1840	0.964397	0.997128	0.997125	0.879420	0.968175	0.968018
1850	0.964649	0.997165	0.997160	0.879591	0.968175	0.968018
1860	0.964896	0.997221	0.997218	0.879767	0.968175	0.968018
1870	0.965122	0.997239	0.997237	0.879944	0.968009	0.967858
1880	0.965383	0.997295	0.997292	0.880135	0.968009	0.967848
1890	0.965706	0.997332	0.997329	0.880326	0.968009	0.967833
1900	0.966065	0.997369	0.997367	0.880698	0.968341	0.968178
1910	0.966369	0.997517	0.997518	0.880987	0.968009	0.967833
1920	0.966609	0.997517	0.997516	0.881201	0.968175	0.967994
1930	0.966804	0.997591	0.997588	0.881326	0.968175	0.967994
1940	0.967055	0.997610	0.997608	0.881458	0.967844	0.967651
1950	0.967295	0.997665	0.997664	0.881637	0.968175	0.968002
1960	0.967539	0.997758	0.997755	0.881778	0.968009	0.967819
1970	0.967753	0.997758	0.997755	0.881908	0.968009	0.967819
1980	0.967941	0.997758	0.997756	0.881978	0.968009	0.967819
1990	0.968134	0.997832	0.997831	0.882114	0.968009	0.967839
2000	0.968367	0.997832	0.997830	0.882240	0.968175	0.968002
2010	0.968566	0.997906	0.997904	0.882396	0.968175	0.968002
2020	0.968773	0.997925	0.997922	0.882546	0.968175	0.968002
2030	0.968982	0.997943	0.997941	0.882731	0.968009	0.967818
2040	0.969182	0.997925	0.997922	0.882836	0.968009	0.967833
2050	0.969380	0.998054	0.998052	0.882974	0.968175	0.967985
2060	0.969585	0.998091	0.998090	0.883183	0.968009	0.967820
2070	0.969794	0.998110	0.998109	0.883325	0.968009	0.967820
2080	0.970027	0.998110	0.998108	0.883488	0.968175	0.967989
2090	0.970213	0.998128	0.998127	0.883627	0.968175	0.968002
2100	0.970408	0.998128	0.998127	0.883742	0.968175	0.968008
2110	0.970594	0.998147	0.998146	0.883900	0.968009	0.967839
2120	0.970820	0.998184	0.998183	0.884019	0.967844	0.967673
2130	0.971002	0.998184	0.998183	0.884143	0.968009	0.967839
2140	0.971247	0.998240	0.998238	0.884235	0.967844	0.967673
2150	0.971439	0.998277	0.998275	0.884410	0.968009	0.967842
2160	0.971620	0.998314	0.998313	0.884609	0.968341	0.968165
2170	0.971854	0.998295	0.998294	0.884776	0.968341	0.968170
2180	0.972030	0.998332	0.998331	0.884899	0.968507	0.968322
2190	0.972223	0.998314	0.998313	0.885118	0.968507	0.968322
2200	0.972380	0.998351	0.998349	0.885246	0.968672	0.968492
2210	0.972553	0.998351	0.998349	0.885379	0.968672	0.968498
2220	0.972709	0.998332	0.998330	0.885511	0.968507	0.968319
2230	0.972852	0.998425	0.998424	0.885625	0.968507	0.968319
2240	0.973021	0.998425	0.998424	0.885788	0.968672	0.968486
2250	0.973162	0.998406	0.998406	0.885887	0.968838	0.968655
2260	0.973330	0.998481	0.998479	0.885952	0.969004	0.968839
2270	0.973474	0.998462	0.998463	0.886080	0.969170	0.969019
2280	0.973672	0.998499	0.998501	0.886274	0.969170	0.969019
2290	0.973847	0.998573	0.998574	0.886378	0.969004	0.968853
2300	0.974040	0.998684	0.998685	0.886488	0.969004	0.968853
2310	0.974220	0.998684	0.998685	0.886637	0.969501	0.969324
2320	0.974398	0.998721	0.998722	0.886817	0.969170	0.969004
2330	0.974542	0.998703	0.998704	0.886968	0.969501	0.969325
2340	0.974683	0.998721	0.998722	0.887100	0.969501	0.969325
2350	0.974822	0.998759	0.998759	0.887185	0.969667	0.969486
2360	0.974971	0.998777	0.998777	0.887205	0.969501	0.969317
2370	0.975133	0.998814	0.998815	0.887340	0.969667	0.969486
2380	0.975288	0.998833	0.998834	0.887555	0.969501	0.969317
2390	0.975446	0.998851	0.998852	0.887682	0.969501	0.969318
2400	0.975625	0.998870	0.998869	0.887809	0.969667	0.969485
2410	0.975789	0.998907	0.998908	0.887904	0.969501	0.969317
2420	0.975914	0.998907	0.998908	0.888015	0.969501	0.969317
2430	0.976072	0.998925	0.998927	0.888096	0.969335	0.969135
2440	0.976189	0.998944	0.998944	0.888157	0.969170	0.968949
2450	0.976329	0.998962	0.998963	0.888336	0.969335	0.969124
2460	0.976466	0.998981	0.998981	0.888419	0.969501	0.969267
2470	0.976626	0.998999	0.999000	0.888498	0.969335	0.969101
2480	0.976738	0.998981	0.998981	0.888539	0.969833	0.969621
2490	0.976852	0.999055	0.999055	0.888585	0.969833	0.969621
2500	0.976962	0.999074	0.999073	0.888737	0.969667	0.969444
2510	0.977084	0.999092	0.999092	0.888817	0.969501	0.969277
2520	0.977195	0.999111	0.999111	0.888809	0.969667	0.969446
2530	0.977323	0.999111	0.999111	0.888983	0.969833	0.969589
2540	0.977435	0.999129	0.999130	0.889055	0.969833	0.969596
2550	0.977546	0.999148	0.999149	0.889091	0.970164	0.969928
2560	0.977668	0.999148	0.999149	0.889212	0.969667	0.969454
2570	0.977807	0.999166	0.999168	0.889324	0.969833	0.969632
2580	0.977918	0.999166	0.999168	0.889409	0.969833	0.969637
2590	0.978032	0.999185	0.999187	0.889498	0.969998	0.969776
2600	0.978129	0.999166	0.999168	0.889592	0.969501	0.969275
2610	0.978242	0.999185	0.999187	0.889804	0.969833	0.969612
2620	0.978364	0.999185	0.999187	0.889842	0.969667	0.969459
2630	0.978481	0.999185	0.999187	0.889946	0.969833	0.969638
2640	0.978596	0.999185	0.999187	0.890072	0.969833	0.969638
2650	0.978693	0.999203	0.999205	0.890164	0.969833	0.969638
2660	0.978795	0.999240	0.999243	0.890240	0.969667	0.969454
2670	0.978894	0.999259	0.999262	0.890280	0.969667	0.969454
2680	0.978999	0.999296	0.999300	0.890341	0.969833	0.969623
2690	0.979107	0.999333	0.999338	0.890394	0.969501	0.969282
2700	0.979216	0.999333	0.999338	0.890424	0.969667	0.969467
2710	0.979331	0.999351	0.999357	0.890537	0.969335	0.969125
2720	0.979439	0.999351	0.999357	0.890608	0.969501	0.969289
2730	0.979538	0.999389	0.999393	0.890686	0.969501	0.969289
2740	0.979642	0.999389	0.999393	0.890764	0.969833	0.969662
2750	0.979758	0.999389	0.999392	0.890903	0.969833	0.969662
2760	0.979864	0.999389	0.999392	0.891007	0.969998	0.969828
2770	0.979975	0.999407	0.999410	0.891140	0.969998	0.969828
2780	0.980070	0.999407	0.999410	0.891197	0.970164	0.969996
2790	0.980170	0.999426	0.999429	0.891208	0.970164	0.969996
2800	0.980278	0.999444	0.999448	0.891205	0.970164	0.969994
2810	0.980402	0.999463	0.999467	0.891289	0.970164	0.969994
2820	0.980508	0.999481	0.999486	0.891358	0.970164	0.969994
2830	0.980597	0.999481	0.999486	0.891453	0.970164	0.969994
2840	0.980696	0.999500	0.999504	0.891584	0.969998	0.969834
2850	0.980778	0.999500	0.999504	0.891645	0.969998	0.969834
2860	0.980865	0.999537	0.999540	0.891696	0.970330	0.970181
2870	0.980946	0.999537	0.999540	0.891762	0.970330	0.970167
2880	0.981039	0.999537	0.999540	0.891811	0.969998	0.969859
2890	0.981131	0.999555	0.999557	0.891891	0.970330	0.970174
2900	0.981232	0.999555	0.999557	0.892009	0.970164	0.970023
2910	0.981312	0.999574	0.999575	0.892071	0.969833	0.969693
2920	0.981410	0.999611	0.999612	0.892133	0.970164	0.970023
2930	0.981492	0.999592	0.999594	0.892227	0.969998	0.969855
2940	0.981579	0.999592	0.999594	0.892311	0.970164	0.970023
2950	0.981658	0.999611	0.999612	0.892408	0.970164	0.970023
2960	0.981751	0.999629	0.999631	0.892462	0.970330	0.970180
2970	0.981832	0.999629	0.999631	0.892544	0.970496	0.970351
2980	0.981911	0.999611	0.999612	0.892591	0.970330	0.970200
2990	0.981989	0.999629	0.999631	0.892669	0.970496	0.970351
3000	0.982078	0.999648	0.999650	0.892749	0.970496	0.970351
3010	0.982162	0.999629	0.999632	0.892828	0.970164	0.970016
3020	0.982244	0.999629	0.999632	0.892913	0.970330	0.970180
3030	0.982334	0.999629	0.999632	0.892966	0.969998	0.969865
3040	0.982426	0.999629	0.999632	0.892987	0.970330	0.970176
3050	0.982499	0.999648	0.999651	0.893043	0.970164	0.970017
3060	0.982578	0.999648	0.999651	0.893130	0.969998	0.969857
3070	0.982662	0.999648	0.999651	0.893179	0.970164	0.970008
3080	0.982732	0.999648	0.999651	0.893218	0.970164	0.970008
3090	0.982801	0.999648	0.999651	0.893284	0.970164	0.970008
3100	0.982881	0.999648	0.999651	0.893361	0.970164	0.970008
3110	0.982970	0.999648	0.999651	0.893426	0.970330	0.970176
3120	0.983046	0.999666	0.999670	0.893452	0.970330	0.970176
3130	0.983111	0.999685	0.999687	0.893499	0.970330	0.970176
3140	0.983180	0.999704	0.999706	0.893555	0.970496	0.970358
3150	0.983244	0.999704	0.999706	0.893614	0.970330	0.970176
3160	0.983325	0.999722	0.999724	0.893695	0.970164	0.970006
3170	0.983387	0.999722	0.999724	0.893760	0.970330	0.970171
3180	0.983453	0.999741	0.999743	0.893804	0.970330	0.970171
3190	0.983511	0.999722	0.999724	0.893845	0.970330	0.970171
3200	0.983608	0.999722	0.999724	0.893939	0.970330	0.970171
3210	0.983685	0.999741	0.999743	0.894001	0.970330	0.970171
3220	0.983763	0.999741	0.999743	0.894060	0.970330	0.970171
3230	0.983836	0.999741	0.999743	0.894118	0.970330	0.970163
3240	0.983907	0.999741	0.999743	0.894174	0.970330	0.970163
3250	0.983978	0.999741	0.999743	0.894248	0.970164	0.970003
3260	0.984034	0.999741	0.999743	0.894322	0.970330	0.970163
3270	0.984109	0.999741	0.999743	0.894378	0.970164	0.970003
3280	0.984176	0.999741	0.999743	0.894481	0.970330	0.970165
3290	0.984240	0.999759	0.999762	0.894554	0.970330	0.970165
3300	0.984293	0.999759	0.999762	0.894614	0.970330	0.970165
3310	0.984358	0.999778	0.999781	0.894671	0.970330	0.970159
3320	0.984416	0.999778	0.999781	0.894751	0.970496	0.970330
3330	0.984492	0.999778	0.999781	0.894828	0.970661	0.970513
3340	0.984554	0.999778	0.999781	0.894939	0.970827	0.970664
3350	0.984616	0.999778	0.999781	0.894991	0.970827	0.970664
3360	0.984668	0.999778	0.999781	0.895024	0.970661	0.970513
3370	0.984720	0.999778	0.999781	0.895051	0.970661	0.970513
3380	0.984779	0.999796	0.999800	0.895113	0.970661	0.970513
3390	0.984838	0.999778	0.999781	0.895181	0.970661	0.970513
3400	0.984894	0.999833	0.999837	0.895229	0.970827	0.970673
3410	0.984949	0.999833	0.999837	0.895284	0.970827	0.970673
3420	0.985014	0.999833	0.999837	0.895372	0.970661	0.970503
3430	0.985070	0.999833	0.999837	0.895406	0.970827	0.970655
3440	0.985128	0.999833	0.999837	0.895464	0.970993	0.970818
3450	0.985179	0.999833	0.999837	0.895494	0.970993	0.970830
3460	0.985240	0.999833	0.999837	0.895514	0.970993	0.970830
3470	0.985288	0.999833	0.999837	0.895560	0.970993	0.970830
3480	0.985345	0.999833	0.999837	0.895600	0.970993	0.970831
3490	0.985395	0.999833	0.999837	0.895623	0.970993	0.970831
3500	0.985446	0.999833	0.999837	0.895633	0.971159	0.970997
3510	0.985509	0.999833	0.999837	0.895717	0.970993	0.970831
3520	0.985564	0.999833	0.999837	0.895837	0.970993	0.970831
3530	0.985617	0.999833	0.999837	0.895853	0.970993	0.970831
3540	0.985669	0.999833	0.999837	0.895922	0.971159	0.971018
3550	0.985720	0.999815	0.999818	0.895973	0.971324	0.971169
3560	0.985767	0.999833	0.999837	0.896017	0.971324	0.971169
3570	0.985814	0.999833	0.999837	0.896053	0.971159	0.971018
3580	0.985858	0.999833	0.999837	0.896106	0.970993	0.970867
3590	0.985907	0.999852	0.999855	0.896155	0.971159	0.971007
3600	0.985957	0.999852	0.999855	0.896174	0.971159	0.971007
3610	0.986011	0.999852	0.999855	0.896232	0.971324	0.971158
3620	0.986067	0.999870	0.999874	0.896280	0.971324	0.971159
3630	0.986127	0.999870	0.999874	0.896342	0.971159	0.970988
3640	0.986185	0.999870	0.999874	0.896375	0.971159	0.970988
3650	0.986241	0.999870	0.999874	0.896393	0.971159	0.970988
3660	0.986304	0.999889	0.999891	0.896439	0.971159	0.971003
3670	0.986362	0.999889	0.999891	0.896508	0.971159	0.971003
3680	0.986405	0.999889	0.999891	0.896580	0.971159	0.971003
3690	0.986455	0.999889	0.999891	0.896652	0.971159	0.971003
3700	0.986499	0.999889	0.999891	0.896719	0.971159	0.971003
3710	0.986544	0.999889	0.999891	0.896771	0.971159	0.971003
3720	0.986594	0.999889	0.999891	0.896819	0.971324	0.971155
3730	0.986641	0.999889	0.999891	0.896876	0.971324	0.971155
3740	0.986688	0.999889	0.999891	0.896933	0.971159	0.971003
3750	0.986725	0.999889	0.999891	0.896987	0.971324	0.971155
3760	0.986768	0.999889	0.999891	0.897018	0.971159	0.971003
3770	0.986813	0.999889	0.999891	0.897083	0.971159	0.971003
3780	0.986857	0.999889	0.999891	0.897133	0.971159	0.971003
3790	0.986905	0.999907	0.999908	0.897163	0.971159	0.971003
3800	0.986952	0.999907	0.999908	0.897214	0.971159	0.971003
3810	0.987002	0.999907	0.999908	0.897271	0.971159	0.971003
3820	0.987048	0.999907	0.999908	0.897290	0.971159	0.971003
3830	0.987096	0.999907	0.999908	0.897346	0.970993	0.970818
3840	0.987142	0.999907	0.999908	0.897401	0.970993	0.970817
3850	0.987188	0.999907	0.999908	0.897434	0.970993	0.970817
3860	0.987243	0.999907	0.999908	0.897489	0.970993	0.970818
3870	0.987289	0.999907	0.999908	0.897560	0.970993	0.970818
3880	0.987341	0.999907	0.999908	0.897579	0.970993	0.970818
3890	0.987381	0.999907	0.999908	0.897635	0.970993	0.970818
3900	0.987423	0.999926	0.999927	0.897666	0.971324	0.971163
3910	0.987466	0.999926	0.999927	0.897709	0.971324	0.971163
3920	0.987509	0.999926	0.999927	0.897787	0.971324	0.971163
3930	0.987545	0.999926	0.999927	0.897812	0.971159	0.970978
3940	0.987580	0.999926	0.999927	0.897847	0.971324	0.971146
3950	0.987618	0.999926	0.999927	0.897887	0.971324	0.971146
3960	0.987661	0.999926	0.999927	0.897951	0.971324	0.971146
3970	0.987705	0.999926	0.999927	0.897989	0.971324	0.971146
3980	0.987739	0.999926	0.999927	0.898004	0.971324	0.971145
3990	0.987780	0.999944	0.999945	0.898035	0.971324	0.971145
4000	0.987817	0.999963	0.999964	0.898075	0.971324	0.971145
