10	0.388078	0.735918	0.700009	0.381865	0.728228	0.695937
20	0.461859	0.781913	0.742605	0.452466	0.774775	0.738449
30	0.496205	0.800948	0.760353	0.484019	0.794461	0.757469
40	0.526301	0.815039	0.773263	0.510923	0.803971	0.765781
50	0.545526	0.822760	0.780306	0.528092	0.810811	0.771717
60	0.562103	0.829945	0.786997	0.542505	0.816483	0.777438
70	0.579038	0.836166	0.792476	0.557592	0.820320	0.780567
80	0.591936	0.841499	0.797453	0.569273	0.826159	0.786002
90	0.603289	0.845962	0.801557	0.579871	0.830998	0.790354
100	0.611738	0.848924	0.804285	0.587155	0.833667	0.792596
110	0.622219	0.852461	0.807523	0.595702	0.837337	0.795856
120	0.628829	0.854701	0.809630	0.601594	0.839339	0.797768
130	0.634973	0.856960	0.811652	0.607190	0.842176	0.800283
140	0.641951	0.859053	0.813560	0.612566	0.842676	0.800689
150	0.647199	0.861090	0.815490	0.616206	0.844511	0.802382
160	0.651754	0.862793	0.817068	0.619984	0.846680	0.804230
170	0.669745	0.879550	0.884198	0.637149	0.863030	0.870919
180	0.677807	0.887272	0.891174	0.644387	0.872039	0.878753
190	0.687415	0.902307	0.904894	0.653379	0.888388	0.893065
200	0.696075	0.909177	0.911354	0.660793	0.892726	0.897015
210	0.700985	0.911214	0.913354	0.664901	0.895062	0.899253
220	0.714675	0.923379	0.924725	0.678088	0.905906	0.908838
230	0.718256	0.924508	0.925797	0.681032	0.906907	0.909816
240	0.728300	0.930841	0.931831	0.690656	0.911578	0.914081
250	0.732577	0.932137	0.933117	0.694203	0.912579	0.915070
260	0.735749	0.933544	0.934472	0.696393	0.913247	0.915688
270	0.746574	0.937988	0.938715	0.706345	0.917584	0.919660
280	0.750872	0.939970	0.940628	0.709810	0.918752	0.920713
290	0.756475	0.941969	0.942544	0.714741	0.920754	0.922433
300	0.759583	0.942858	0.943425	0.716780	0.921588	0.923300
310	0.766731	0.945117	0.945601	0.723364	0.923924	0.925399
320	0.772031	0.946802	0.947216	0.728359	0.926260	0.927584
330	0.775144	0.947524	0.947921	0.730795	0.927928	0.929265
340	0.782158	0.949913	0.950271	0.737186	0.930597	0.931741
350	0.784971	0.950894	0.951250	0.739407	0.930931	0.932131
360	0.787483	0.951672	0.952022	0.741295	0.930764	0.931965
370	0.793851	0.953950	0.954235	0.747179	0.932933	0.933955
380	0.796382	0.954894	0.955179	0.748600	0.933433	0.934431
390	0.798962	0.955709	0.955989	0.750144	0.933600	0.934626
400	0.805957	0.957634	0.957860	0.756408	0.936270	0.937194
410	0.807973	0.958356	0.958563	0.757756	0.936770	0.937701
420	0.812668	0.959634	0.959815	0.761881	0.938772	0.939597
430	0.816415	0.960727	0.960889	0.765397	0.938939	0.939750
440	0.818451	0.961171	0.961340	0.766538	0.939106	0.939888
450	0.823581	0.962652	0.962771	0.771498	0.940440	0.941165
460	0.825403	0.963467	0.963574	0.772829	0.941775	0.942467
470	0.827566	0.964134	0.964245	0.774674	0.942276	0.942981
480	0.832799	0.965208	0.965285	0.779508	0.942609	0.943246
490	0.834731	0.965689	0.965766	0.781062	0.943277	0.943907
500	0.838295	0.966633	0.966690	0.784292	0.943944	0.944566
510	0.839786	0.967244	0.967302	0.785310	0.944278	0.944879
520	0.843759	0.968355	0.968397	0.789030	0.945112	0.945708
530	0.845116	0.968892	0.968939	0.789718	0.945279	0.945858
540	0.848590	0.970022	0.970049	0.792763	0.946446	0.946955
550	0.850043	0.970466	0.970494	0.793913	0.947614	0.948168
560	0.852394	0.971096	0.971117	0.796245	0.948448	0.948963
570	0.854099	0.971614	0.971629	0.797522	0.948282	0.948800
580	0.856029	0.972133	0.972135	0.798995	0.948282	0.948780
590	0.858280	0.972577	0.972581	0.800228	0.948448	0.948863
600	0.860809	0.973244	0.973235	0.802624	0.949283	0.949678
610	0.862165	0.973466	0.973463	0.803353	0.950450	0.950881
620	0.864477	0.974244	0.974233	0.805217	0.950784	0.951140
630	0.865621	0.974521	0.974509	0.805937	0.951285	0.951632
640	0.868221	0.975336	0.975312	0.808058	0.952119	0.952413
650	0.869443	0.975503	0.975471	0.808719	0.952119	0.952429
660	0.871722	0.976151	0.976121	0.810620	0.952452	0.952727
670	0.872843	0.976354	0.976329	0.811600	0.952953	0.953247
680	0.874810	0.977132	0.977101	0.813284	0.953287	0.953579
690	0.876844	0.977502	0.977472	0.814906	0.953287	0.953556
700	0.877956	0.977762	0.977723	0.815453	0.953620	0.953904
710	0.880481	0.978132	0.978082	0.817584	0.954121	0.954357
720	0.881972	0.978410	0.978367	0.818741	0.954121	0.954360
730	0.883511	0.978910	0.978869	0.820116	0.953954	0.954192
740	0.884952	0.979354	0.979308	0.821357	0.954621	0.954845
750	0.886520	0.979780	0.979735	0.822740	0.954955	0.955178
760	0.887645	0.980039	0.979988	0.823573	0.955622	0.955835
770	0.889281	0.980224	0.980169	0.824970	0.955622	0.955835
780	0.890722	0.980706	0.980652	0.826355	0.956456	0.956669
790	0.891974	0.981021	0.980964	0.827488	0.956456	0.956651
800	0.893240	0.981280	0.981227	0.828666	0.957124	0.957317
810	0.894737	0.981835	0.981774	0.830062	0.957624	0.957807
820	0.896335	0.982224	0.982165	0.831360	0.957791	0.957967
830	0.897332	0.982446	0.982385	0.832276	0.957791	0.957967
840	0.898489	0.982706	0.982637	0.833123	0.958292	0.958460
850	0.900094	0.983169	0.983096	0.834678	0.958625	0.958779
860	0.900981	0.983280	0.983206	0.835234	0.958458	0.958609
870	0.902664	0.983668	0.983603	0.836847	0.958458	0.958580
880	0.903610	0.983835	0.983762	0.837634	0.958792	0.958928
890	0.905038	0.984113	0.984042	0.838980	0.959126	0.959235
900	0.906397	0.984483	0.984415	0.839956	0.960294	0.960365
910	0.907683	0.984891	0.984817	0.841230	0.960627	0.960705
920	0.908809	0.985131	0.985064	0.842222	0.960961	0.961034
930	0.909806	0.985557	0.985481	0.843220	0.960294	0.960382
940	0.911008	0.985835	0.985757	0.844299	0.960794	0.960879
950	0.911959	0.986131	0.986060	0.845073	0.960961	0.961044
960	0.912970	0.986298	0.986227	0.845753	0.960961	0.961044
970	0.913900	0.986409	0.986344	0.846682	0.960794	0.960876
980	0.915095	0.986890	0.986820	0.847634	0.960794	0.960854
990	0.915918	0.987038	0.986978	0.848468	0.960961	0.961036
1000	0.916998	0.987261	0.987201	0.849600	0.961628	0.961718
1010	0.917798	0.987520	0.987461	0.850179	0.961795	0.961866
1020	0.918757	0.987853	0.987795	0.851152	0.962296	0.962339
1030	0.919642	0.988131	0.988078	0.852011	0.961795	0.961868
1040	0.920492	0.988335	0.988277	0.852739	0.962462	0.962522
1050	0.921444	0.988575	0.988522	0.853460	0.962129	0.962166
1060	0.922321	0.988668	0.988615	0.854288	0.962296	0.962323
1070	0.923309	0.988798	0.988745	0.855065	0.962296	0.962332
1080	0.924017	0.988983	0.988936	0.855475	0.962129	0.962157
1090	0.925049	0.989242	0.989191	0.856388	0.962462	0.962487
1100	0.925677	0.989446	0.989397	0.856847	0.962629	0.962648
1110	0.926659	0.989668	0.989620	0.857711	0.962963	0.962983
1120	0.927471	0.989890	0.989842	0.858398	0.962796	0.962816
1130	0.928224	0.989964	0.989916	0.859161	0.962796	0.962817
1140	0.929123	0.990242	0.990190	0.859900	0.962963	0.962974
1150	0.929983	0.990390	0.990338	0.860576	0.963130	0.963136
1160	0.931005	0.990594	0.990539	0.861398	0.963630	0.963625
1170	0.931575	0.990705	0.990652	0.861834	0.963463	0.963451
1180	0.932253	0.990834	0.990786	0.862427	0.963797	0.963786
1190	0.932869	0.990945	0.990896	0.862893	0.963797	0.963792
1200	0.933389	0.991094	0.991042	0.863274	0.963797	0.963791
1210	0.934174	0.991334	0.991287	0.863995	0.963797	0.963783
1220	0.934881	0.991501	0.991457	0.864651	0.964298	0.964290
1230	0.935524	0.991686	0.991644	0.865200	0.964464	0.964455
1240	0.936055	0.991705	0.991661	0.865720	0.964798	0.964772
1250	0.936715	0.991890	0.991845	0.866175	0.964631	0.964607
1260	0.937291	0.992075	0.992031	0.866677	0.964631	0.964599
1270	0.937904	0.992260	0.992216	0.867187	0.965299	0.965281
1280	0.938466	0.992427	0.992381	0.867543	0.965299	0.965271
1290	0.939230	0.992630	0.992586	0.868227	0.964965	0.964927
1300	0.939908	0.992797	0.992757	0.868737	0.965299	0.965263
1310	0.940459	0.992834	0.992793	0.869235	0.965465	0.965430
1320	0.941054	0.993075	0.993038	0.869586	0.965966	0.965938
1330	0.941627	0.993186	0.993148	0.870025	0.966133	0.966102
1340	0.942264	0.993279	0.993244	0.870552	0.966300	0.966269
1350	0.942894	0.993334	0.993303	0.870989	0.966133	0.966100
1360	0.943386	0.993427	0.993393	0.871393	0.966133	0.966101
1370	0.943927	0.993519	0.993490	0.871738	0.966133	0.966107
1380	0.944538	0.993556	0.993524	0.872347	0.966133	0.966110
1390	0.945198	0.993760	0.993727	0.872945	0.966466	0.966452
1400	0.945633	0.993834	0.993801	0.873338	0.966133	0.966108
1410	0.946182	0.993945	0.993917	0.873796	0.965799	0.965760
1420	0.946679	0.994019	0.993988	0.874172	0.965799	0.965758
1430	0.947310	0.994167	0.994136	0.874582	0.965799	0.965763
1440	0.947876	0.994315	0.994288	0.874980	0.965799	0.965760
1450	0.948318	0.994371	0.994344	0.875370	0.965966	0.965933
1460	0.948814	0.994501	0.994475	0.875856	0.966300	0.966250
1470	0.949251	0.994556	0.994531	0.876199	0.966466	0.966431
1480	0.949707	0.994612	0.994587	0.876587	0.967134	0.967109
1490	0.950241	0.994834	0.994813	0.877041	0.966800	0.966780
1500	0.950669	0.994871	0.994849	0.877384	0.966633	0.966614
1510	0.951231	0.994926	0.994904	0.877897	0.966633	0.966608
1520	0.951727	0.995001	0.994980	0.878284	0.966633	0.966605
1530	0.952220	0.995038	0.995015	0.878740	0.966633	0.966605
1540	0.952615	0.995149	0.995127	0.879014	0.967134	0.967110
1550	0.952995	0.995149	0.995128	0.879386	0.967134	0.967104
1560	0.953388	0.995241	0.995219	0.879735	0.967134	0.967105
1570	0.953809	0.995408	0.995389	0.880043	0.967134	0.967116
1580	0.954170	0.995500	0.995483	0.880344	0.967467	0.967445
1590	0.954617	0.995556	0.995537	0.880692	0.967467	0.967445
1600	0.954958	0.995630	0.995613	0.880932	0.967467	0.967445
1610	0.955266	0.995741	0.995722	0.881214	0.967467	0.967450
1620	0.955719	0.995815	0.995799	0.881628	0.967634	0.967608
1630	0.956069	0.995982	0.995966	0.881929	0.967634	0.967608
1640	0.956505	0.996056	0.996038	0.882274	0.968135	0.968101
1650	0.956893	0.996149	0.996133	0.882573	0.967968	0.967938
1660	0.957173	0.996186	0.996171	0.882748	0.967968	0.967935
1670	0.957531	0.996278	0.996267	0.883000	0.967801	0.967769
1680	0.957851	0.996334	0.996324	0.883286	0.968302	0.968269
1690	0.958244	0.996352	0.996343	0.883673	0.968468	0.968440
1700	0.958589	0.996315	0.996305	0.883950	0.968135	0.968095
1710	0.958830	0.996352	0.996342	0.884114	0.968302	0.968270
1720	0.959111	0.996408	0.996398	0.884355	0.968302	0.968272
1730	0.959375	0.996482	0.996474	0.884611	0.968468	0.968438
1740	0.959639	0.996519	0.996509	0.884822	0.968802	0.968776
1750	0.959869	0.996556	0.996546	0.885007	0.968468	0.968438
1760	0.960190	0.996574	0.996563	0.885336	0.969136	0.969112
1770	0.960507	0.996611	0.996600	0.885555	0.968969	0.968953
1780	0.960723	0.996667	0.996657	0.885709	0.968969	0.968948
1790	0.960993	0.996704	0.996692	0.885958	0.968802	0.968786
1800	0.961284	0.996815	0.996801	0.886179	0.968969	0.968938
1810	0.961609	0.996834	0.996819	0.886353	0.968802	0.968766
1820	0.961957	0.996889	0.996876	0.886579	0.968969	0.968939
1830	0.962226	0.997019	0.997006	0.886848	0.969136	0.969106
1840	0.962464	0.997037	0.997026	0.886983	0.968802	0.968773
1850	0.962755	0.997111	0.997098	0.887194	0.969136	0.969097
1860	0.963036	0.997148	0.997137	0.887476	0.969303	0.969261
1870	0.963280	0.997204	0.997191	0.887642	0.969136	0.969097
1880	0.963516	0.997223	0.997210	0.887806	0.969136	0.969097
1890	0.963799	0.997297	0.997283	0.888054	0.969303	0.969261
1900	0.964046	0.997315	0.997299	0.888295	0.969303	0.969261
1910	0.964284	0.997334	0.997319	0.888522	0.969303	0.969261
1920	0.964533	0.997352	0.997337	0.888734	0.969303	0.969261
1930	0.964797	0.997371	0.997356	0.888978	0.969303	0.969272
1940	0.965023	0.997371	0.997357	0.889153	0.969303	0.969272
1950	0.965266	0.997445	0.997431	0.889359	0.969469	0.969429
1960	0.965480	0.997463	0.997450	0.889521	0.969803	0.969761
1970	0.965819	0.997482	0.997469	0.889865	0.969970	0.969933
1980	0.966093	0.997537	0.997525	0.890114	0.970137	0.970091
1990	0.966305	0.997537	0.997527	0.890281	0.970304	0.970256
2000	0.966531	0.997593	0.997583	0.890431	0.970637	0.970589
2010	0.966799	0.997648	0.997637	0.890706	0.970304	0.970248
2020	0.967045	0.997648	0.997639	0.890876	0.970304	0.970260
2030	0.967279	0.997685	0.997678	0.891122	0.969803	0.969757
2040	0.967473	0.997741	0.997734	0.891307	0.969970	0.969947
2050	0.967654	0.997722	0.997715	0.891542	0.970304	0.970288
2060	0.967893	0.997741	0.997730	0.891841	0.970637	0.970610
2070	0.968087	0.997741	0.997731	0.891976	0.970971	0.970936
2080	0.968310	0.997815	0.997806	0.892127	0.970804	0.970772
2090	0.968540	0.997834	0.997825	0.892323	0.971138	0.971107
2100	0.968742	0.997871	0.997863	0.892504	0.971305	0.971275
2110	0.968989	0.997852	0.997844	0.892731	0.971305	0.971275
2120	0.969155	0.997852	0.997845	0.892905	0.971471	0.971445
2130	0.969379	0.997908	0.997902	0.892997	0.971305	0.971280
2140	0.969564	0.997908	0.997900	0.893088	0.971638	0.971605
2150	0.969760	0.997926	0.997919	0.893235	0.971471	0.971432
2160	0.969928	0.997945	0.997938	0.893338	0.971471	0.971432
2170	0.970096	0.997982	0.997975	0.893473	0.971305	0.971262
2180	0.970292	0.997982	0.997974	0.893580	0.971138	0.971102
2190	0.970490	0.998000	0.997992	0.893771	0.971138	0.971097
2200	0.970683	0.998037	0.998030	0.894014	0.971305	0.971270
2210	0.970834	0.998093	0.998085	0.894115	0.971305	0.971254
2220	0.971002	0.998093	0.998085	0.894237	0.971138	0.971097
2230	0.971167	0.998130	0.998122	0.894435	0.971305	0.971254
2240	0.971362	0.998111	0.998104	0.894633	0.971305	0.971262
2250	0.971495	0.998185	0.998179	0.894708	0.971305	0.971262
2260	0.971730	0.998296	0.998291	0.894848	0.971305	0.971262
2270	0.971929	0.998278	0.998272	0.895046	0.971305	0.971262
2280	0.972071	0.998334	0.998328	0.895133	0.971305	0.971262
2290	0.972237	0.998371	0.998366	0.895286	0.971305	0.971262
2300	0.972406	0.998389	0.998384	0.895408	0.971305	0.971262
2310	0.972568	0.998408	0.998402	0.895533	0.971305	0.971262
2320	0.972731	0.998408	0.998402	0.895663	0.971138	0.971095
2330	0.972888	0.998463	0.998458	0.895749	0.971138	0.971103
2340	0.973041	0.998537	0.998534	0.895955	0.971138	0.971103
2350	0.973198	0.998556	0.998552	0.896096	0.970971	0.970927
2360	0.973321	0.998574	0.998571	0.896194	0.971138	0.971098
2370	0.973485	0.998574	0.998571	0.896341	0.971305	0.971262
2380	0.973628	0.998574	0.998572	0.896487	0.971638	0.971595
2390	0.973774	0.998630	0.998629	0.896600	0.971471	0.971431
2400	0.973935	0.998667	0.998668	0.896759	0.971305	0.971258
2410	0.974117	0.998722	0.998723	0.896865	0.971471	0.971431
2420	0.974278	0.998759	0.998759	0.896899	0.971471	0.971431
2430	0.974439	0.998741	0.998740	0.897023	0.971305	0.971260
2440	0.974589	0.998778	0.998780	0.897209	0.971638	0.971596
2450	0.974756	0.998759	0.998761	0.897374	0.971805	0.971761
2460	0.974893	0.998796	0.998799	0.897555	0.971638	0.971590
2470	0.975053	0.998815	0.998817	0.897681	0.971638	0.971590
2480	0.975197	0.998852	0.998855	0.897833	0.971805	0.971748
2490	0.975329	0.998870	0.998874	0.897997	0.971805	0.971748
2500	0.975506	0.998889	0.998891	0.898200	0.971805	0.971748
2510	0.975636	0.998926	0.998928	0.898309	0.971805	0.971754
2520	0.975793	0.998945	0.998947	0.898348	0.971638	0.971588
2530	0.975930	0.998945	0.998947	0.898497	0.971638	0.971588
2540	0.976098	0.998945	0.998946	0.898680	0.971471	0.971419
2550	0.976211	0.998963	0.998964	0.898817	0.971638	0.971584
2560	0.976329	0.998963	0.998964	0.898917	0.971638	0.971588
2570	0.976466	0.998963	0.998964	0.899092	0.971805	0.971761
2580	0.976612	0.999019	0.999020	0.899251	0.971805	0.971761
2590	0.976743	0.999019	0.999020	0.899334	0.971638	0.971602
2600	0.976889	0.999000	0.999001	0.899438	0.971805	0.971763
2610	0.976997	0.999019	0.999020	0.899536	0.971805	0.971763
2620	0.977135	0.999019	0.999020	0.899648	0.972139	0.972089
2630	0.977257	0.999019	0.999020	0.899754	0.972306	0.972260
2640	0.977380	0.999019	0.999020	0.899901	0.972306	0.972260
2650	0.977495	0.999019	0.999020	0.899968	0.972306	0.972260
2660	0.977591	0.999056	0.999057	0.900097	0.972306	0.972260
2670	0.977705	0.999056	0.999057	0.900166	0.972472	0.972437
2680	0.977811	0.999056	0.999057	0.900264	0.972472	0.972443
2690	0.977939	0.999056	0.999057	0.900367	0.972472	0.972443
2700	0.978058	0.999074	0.999077	0.900514	0.972472	0.972439
2710	0.978176	0.999093	0.999095	0.900666	0.972472	0.972439
2720	0.978291	0.999111	0.999113	0.900774	0.972472	0.972439
2730	0.978395	0.999093	0.999095	0.900855	0.972306	0.972282
2740	0.978507	0.999111	0.999115	0.900968	0.972639	0.972619
2750	0.978635	0.999148	0.999152	0.901099	0.973140	0.973112
2760	0.978737	0.999148	0.999152	0.901207	0.972973	0.972944
2770	0.978845	0.999148	0.999152	0.901318	0.972806	0.972776
2780	0.978943	0.999148	0.999152	0.901378	0.972806	0.972776
2790	0.979046	0.999167	0.999171	0.901474	0.972639	0.972608
2800	0.979162	0.999167	0.999171	0.901615	0.972639	0.972608
2810	0.979251	0.999167	0.999171	0.901713	0.972973	0.972944
2820	0.979352	0.999167	0.999171	0.901816	0.973140	0.973103
2830	0.979457	0.999204	0.999208	0.901910	0.972973	0.972935
2840	0.979566	0.999204	0.999207	0.902000	0.973140	0.973103
2850	0.979674	0.999204	0.999209	0.902119	0.973640	0.973614
2860	0.979786	0.999278	0.999282	0.902236	0.973640	0.973614
2870	0.979901	0.999278	0.999282	0.902309	0.973640	0.973614
2880	0.980025	0.999296	0.999302	0.902426	0.973640	0.973614
2890	0.980144	0.999333	0.999337	0.902576	0.973640	0.973618
2900	0.980245	0.999352	0.999354	0.902690	0.973640	0.973618
2910	0.980333	0.999370	0.999374	0.902753	0.973640	0.973618
2920	0.980449	0.999370	0.999374	0.902907	0.973640	0.973618
2930	0.980545	0.999389	0.999392	0.902990	0.973640	0.973618
2940	0.980633	0.999389	0.999392	0.903083	0.973640	0.973618
2950	0.980736	0.999389	0.999392	0.903237	0.973307	0.973281
2960	0.980826	0.999389	0.999392	0.903328	0.973473	0.973450
2970	0.980917	0.999407	0.999411	0.903445	0.973640	0.973613
2980	0.981005	0.999407	0.999411	0.903525	0.973640	0.973613
2990	0.981094	0.999407	0.999411	0.903586	0.973640	0.973606
3000	0.981176	0.999407	0.999411	0.903648	0.973640	0.973606
3010	0.981266	0.999463	0.999466	0.903720	0.973640	0.973614
3020	0.981350	0.999482	0.999484	0.903761	0.973640	0.973613
3030	0.981426	0.999500	0.999503	0.903769	0.973640	0.973613
3040	0.981498	0.999500	0.999503	0.903839	0.973807	0.973782
3050	0.981571	0.999500	0.999503	0.903911	0.973807	0.973782
3060	0.981662	0.999519	0.999522	0.904020	0.973640	0.973613
3070	0.981735	0.999519	0.999522	0.904141	0.973473	0.973444
3080	0.981804	0.999537	0.999540	0.904200	0.973307	0.973277
3090	0.981891	0.999537	0.999540	0.904327	0.973807	0.973774
3100	0.981961	0.999537	0.999540	0.904397	0.973807	0.973774
3110	0.982041	0.999537	0.999540	0.904463	0.973640	0.973606
3120	0.982116	0.999537	0.999540	0.904514	0.973640	0.973599
3130	0.982206	0.999556	0.999558	0.904568	0.973640	0.973599
3140	0.982291	0.999574	0.999576	0.904688	0.973640	0.973606
3150	0.982371	0.999593	0.999594	0.904781	0.973640	0.973606
3160	0.982467	0.999593	0.999594	0.904930	0.973807	0.973774
3170	0.982526	0.999593	0.999594	0.904965	0.973807	0.973774
3180	0.982593	0.999593	0.999594	0.905010	0.973473	0.973441
3190	0.982661	0.999593	0.999594	0.905068	0.973473	0.973438
3200	0.982725	0.999593	0.999594	0.905119	0.973473	0.973438
3210	0.982788	0.999593	0.999594	0.905174	0.973473	0.973438
3220	0.982853	0.999593	0.999594	0.905270	0.973640	0.973608
3230	0.982911	0.999611	0.999614	0.905335	0.973473	0.973435
3240	0.982989	0.999611	0.999614	0.905405	0.973307	0.973264
3250	0.983071	0.999667	0.999670	0.905481	0.973473	0.973437
3260	0.983138	0.999685	0.999688	0.905568	0.973473	0.973437
3270	0.983234	0.999685	0.999688	0.905703	0.973473	0.973432
3280	0.983312	0.999685	0.999688	0.905806	0.973640	0.973600
3290	0.983384	0.999704	0.999707	0.905886	0.973807	0.973773
3300	0.983446	0.999704	0.999707	0.905942	0.973807	0.973773
3310	0.983522	0.999704	0.999707	0.906037	0.973807	0.973773
3320	0.983593	0.999704	0.999707	0.906092	0.973640	0.973612
3330	0.983663	0.999704	0.999707	0.906164	0.973974	0.973941
3340	0.983731	0.999722	0.999726	0.906214	0.973974	0.973941
3350	0.983817	0.999722	0.999726	0.906306	0.973807	0.973773
3360	0.983884	0.999722	0.999726	0.906344	0.973807	0.973773
3370	0.983944	0.999722	0.999726	0.906449	0.973640	0.973614
3380	0.984007	0.999741	0.999744	0.906505	0.973640	0.973614
3390	0.984071	0.999741	0.999744	0.906549	0.973640	0.973614
3400	0.984139	0.999741	0.999744	0.906605	0.973807	0.973783
3410	0.984226	0.999759	0.999761	0.906669	0.973807	0.973783
3420	0.984283	0.999759	0.999761	0.906727	0.973640	0.973606
3430	0.984359	0.999759	0.999761	0.906811	0.973640	0.973606
3440	0.984418	0.999759	0.999761	0.906902	0.973640	0.973616
3450	0.984483	0.999759	0.999761	0.906983	0.973640	0.973616
3460	0.984546	0.999759	0.999761	0.907042	0.973640	0.973616
3470	0.984597	0.999759	0.999761	0.907085	0.973473	0.973455
3480	0.984656	0.999759	0.999761	0.907152	0.973640	0.973621
3490	0.984715	0.999759	0.999761	0.907227	0.973640	0.973621
3500	0.984763	0.999759	0.999761	0.907270	0.973640	0.973621
3510	0.984819	0.999778	0.999781	0.907309	0.973640	0.973621
3520	0.984870	0.999778	0.999781	0.907366	0.973640	0.973621
3530	0.984919	0.999778	0.999781	0.907432	0.973640	0.973621
3540	0.984975	0.999778	0.999781	0.907475	0.973640	0.973621
3550	0.985034	0.999778	0.999781	0.907555	0.973640	0.973621
3560	0.985097	0.999796	0.999799	0.907589	0.973640	0.973621
3570	0.985147	0.999796	0.999799	0.907679	0.973640	0.973621
3580	0.985192	0.999796	0.999799	0.907731	0.973640	0.973621
3590	0.985253	0.999796	0.999799	0.907788	0.973640	0.973621
3600	0.985297	0.999796	0.999799	0.907810	0.973640	0.973621
3610	0.985342	0.999796	0.999799	0.907858	0.973473	0.973458
3620	0.985407	0.999796	0.999799	0.907923	0.973473	0.973458
3630	0.985447	0.999796	0.999799	0.907967	0.973473	0.973458
3640	0.985493	0.999796	0.999799	0.908018	0.973473	0.973458
3650	0.985551	0.999796	0.999799	0.908084	0.973473	0.973458
3660	0.985607	0.999796	0.999799	0.908163	0.973473	0.973458
3670	0.985653	0.999796	0.999799	0.908207	0.973473	0.973458
3680	0.985705	0.999796	0.999799	0.908253	0.973473	0.973458
3690	0.985752	0.999796	0.999799	0.908302	0.973473	0.973458
3700	0.985802	0.999796	0.999799	0.908340	0.973473	0.973458
3710	0.985850	0.999796	0.999799	0.908406	0.973640	0.973626
3720	0.985888	0.999796	0.999799	0.908438	0.973807	0.973789
3730	0.985938	0.999796	0.999799	0.908466	0.973640	0.973626
3740	0.985992	0.999796	0.999799	0.908499	0.973807	0.973795
3750	0.986040	0.999796	0.999799	0.908553	0.973974	0.973958
3760	0.986091	0.999796	0.999799	0.908617	0.973974	0.973958
3770	0.986140	0.999796	0.999799	0.908681	0.973473	0.973460
3780	0.986183	0.999815	0.999818	0.908733	0.973807	0.973795
3790	0.986227	0.999815	0.999818	0.908774	0.973640	0.973629
3800	0.986287	0.999833	0.999836	0.908844	0.973807	0.973795
3810	0.986332	0.999833	0.999836	0.908921	0.973807	0.973795
3820	0.986374	0.999833	0.999836	0.908947	0.973807	0.973795
3830	0.986423	0.999833	0.999836	0.909004	0.973807	0.973795
3840	0.986460	0.999833	0.999836	0.909038	0.973807	0.973795
3850	0.986498	0.999833	0.999836	0.909070	0.973807	0.973795
3860	0.986541	0.999833	0.999836	0.909127	0.973807	0.973795
3870	0.986585	0.999833	0.999836	0.909164	0.973807	0.973795
3880	0.986627	0.999833	0.999836	0.909187	0.973807	0.973795
3890	0.986683	0.999833	0.999836	0.909266	0.973807	0.973795
3900	0.986727	0.999833	0.999836	0.909330	0.973807	0.973795
3910	0.986773	0.999833	0.999836	0.909405	0.973807	0.973795
3920	0.986817	0.999833	0.999836	0.909452	0.973807	0.973795
3930	0.986860	0.999833	0.999836	0.909502	0.973974	0.973968
3940	0.986905	0.999833	0.999836	0.909529	0.973974	0.973968
3950	0.986953	0.999833	0.999836	0.909598	0.973807	0.973802
3960	0.986992	0.999833	0.999836	0.909678	0.973974	0.973968
3970	0.987029	0.999833	0.999836	0.909723	0.973974	0.973968
3980	0.987072	0.999852	0.999855	0.909785	0.973974	0.973968
3990	0.987124	0.999852	0.999855	0.909858	0.973974	0.973968
4000	0.987163	0.999852	0.999855	0.909874	0.973974	0.973968
