10	0.396386	0.741949	0.706838	0.382323	0.721702	0.689034
20	0.464531	0.786439	0.747661	0.447972	0.771574	0.735929
30	0.504107	0.806171	0.766556	0.484227	0.792681	0.755677
40	0.532719	0.819012	0.778011	0.510720	0.806638	0.768270
50	0.553397	0.827381	0.785543	0.530433	0.814809	0.775761
60	0.570378	0.834550	0.792014	0.545422	0.818894	0.779208
70	0.587112	0.840259	0.797001	0.558770	0.824340	0.784243
80	0.597898	0.844767	0.801135	0.569060	0.827745	0.787265
90	0.607937	0.848462	0.804304	0.578134	0.829957	0.789010
100	0.618903	0.852582	0.808008	0.586877	0.834723	0.793296
110	0.626316	0.855169	0.810421	0.593829	0.838128	0.796645
120	0.633457	0.857570	0.812503	0.599704	0.838298	0.796633
130	0.639990	0.860028	0.814881	0.605503	0.840340	0.798425
140	0.646073	0.861857	0.816582	0.610685	0.842213	0.800116
150	0.652763	0.863723	0.818190	0.616346	0.844085	0.801701
160	0.666641	0.873921	0.879260	0.629504	0.854128	0.862360
170	0.674692	0.883972	0.888217	0.636754	0.862979	0.870149
180	0.685060	0.900785	0.903660	0.646548	0.877447	0.882665
190	0.689984	0.902171	0.904963	0.650766	0.877957	0.883178
200	0.703759	0.917506	0.919218	0.664082	0.894979	0.898387
210	0.708158	0.919021	0.920688	0.666967	0.895830	0.899204
220	0.721310	0.927372	0.928556	0.679377	0.905362	0.907642
230	0.725308	0.928684	0.929832	0.683226	0.906894	0.909153
240	0.731464	0.932028	0.932988	0.688728	0.910809	0.912817
250	0.739374	0.935686	0.936477	0.695823	0.914553	0.916209
260	0.742680	0.936443	0.937214	0.698868	0.914723	0.916456
270	0.752047	0.940397	0.941039	0.707783	0.918638	0.920009
280	0.754993	0.941155	0.941788	0.709712	0.919489	0.920791
290	0.763265	0.944259	0.944810	0.717156	0.921532	0.922673
300	0.766259	0.944905	0.945429	0.719202	0.922383	0.923579
310	0.768670	0.945570	0.946103	0.720879	0.922043	0.923254
320	0.776954	0.948730	0.949165	0.728309	0.925787	0.926764
330	0.781484	0.950171	0.950573	0.731770	0.926979	0.927893
340	0.786426	0.951908	0.952241	0.736516	0.929362	0.930054
350	0.789923	0.953145	0.953464	0.739652	0.930723	0.931362
360	0.792249	0.953885	0.954223	0.741139	0.931064	0.931707
370	0.798861	0.956065	0.956350	0.747423	0.932766	0.933335
380	0.801428	0.956711	0.956978	0.749719	0.933787	0.934325
390	0.805216	0.958189	0.958384	0.753166	0.934298	0.934790
400	0.808894	0.959076	0.959263	0.756446	0.936340	0.936820
410	0.810907	0.959501	0.959694	0.757918	0.936340	0.936820
420	0.816170	0.960979	0.961136	0.762549	0.936851	0.937252
430	0.818307	0.961478	0.961626	0.764289	0.937532	0.937952
440	0.822323	0.962661	0.962774	0.768055	0.938213	0.938635
450	0.824900	0.963584	0.963684	0.769747	0.938553	0.938982
460	0.826587	0.964139	0.964242	0.770936	0.939064	0.939446
470	0.831304	0.965413	0.965494	0.775132	0.940085	0.940406
480	0.833050	0.965709	0.965797	0.776689	0.940936	0.941291
490	0.835505	0.966818	0.966872	0.778465	0.940596	0.940938
500	0.838931	0.967686	0.967738	0.781485	0.941106	0.941424
510	0.840617	0.968388	0.968435	0.782515	0.941106	0.941441
520	0.844566	0.969570	0.969603	0.785790	0.942298	0.942557
530	0.846098	0.970162	0.970193	0.786655	0.942298	0.942572
540	0.848685	0.970827	0.970845	0.789014	0.943660	0.943877
550	0.850709	0.971436	0.971444	0.790388	0.944340	0.944606
560	0.853804	0.972065	0.972068	0.793270	0.944851	0.945048
570	0.854972	0.972379	0.972382	0.793975	0.945532	0.945738
580	0.858158	0.972988	0.972989	0.796817	0.946213	0.946425
590	0.859391	0.973395	0.973407	0.797746	0.945362	0.945565
600	0.862305	0.973986	0.973992	0.800404	0.947064	0.947211
610	0.863453	0.974411	0.974425	0.800982	0.947064	0.947206
620	0.866030	0.975076	0.975072	0.803098	0.947064	0.947158
630	0.868070	0.975464	0.975444	0.804308	0.947234	0.947371
640	0.869503	0.975815	0.975793	0.805536	0.947915	0.948020
650	0.871730	0.976296	0.976273	0.807249	0.948766	0.948865
660	0.873153	0.976628	0.976601	0.808434	0.948766	0.948866
670	0.875331	0.976998	0.976966	0.810263	0.948596	0.948691
680	0.876728	0.977607	0.977573	0.811612	0.949787	0.949855
690	0.878765	0.977995	0.977958	0.813596	0.950128	0.950188
700	0.881085	0.978383	0.978343	0.815780	0.951149	0.951190
710	0.882689	0.979085	0.979047	0.816745	0.951319	0.951350
720	0.884244	0.979492	0.979457	0.818108	0.951489	0.951530
730	0.885677	0.979658	0.979616	0.819340	0.950809	0.950827
740	0.887350	0.980194	0.980162	0.820590	0.951660	0.951681
750	0.888370	0.980379	0.980346	0.821378	0.950638	0.950669
760	0.890102	0.980878	0.980840	0.822959	0.952000	0.952001
770	0.891368	0.981155	0.981118	0.824007	0.953021	0.953004
780	0.892625	0.981598	0.981559	0.824891	0.953362	0.953336
790	0.894558	0.982023	0.981978	0.826568	0.954213	0.954190
800	0.896087	0.982189	0.982145	0.827977	0.954043	0.953962
810	0.896873	0.982503	0.982461	0.828625	0.953702	0.953657
820	0.898529	0.982947	0.982900	0.829857	0.953702	0.953617
830	0.899563	0.983187	0.983139	0.830742	0.954213	0.954148
840	0.900942	0.983612	0.983556	0.832035	0.955234	0.955178
850	0.901832	0.983926	0.983870	0.832651	0.955234	0.955160
860	0.903426	0.984166	0.984112	0.833984	0.955574	0.955489
870	0.904848	0.984554	0.984502	0.835298	0.955574	0.955485
880	0.906094	0.984813	0.984760	0.836618	0.955745	0.955647
890	0.907181	0.985053	0.984995	0.837651	0.956255	0.956151
900	0.908215	0.985441	0.985388	0.838588	0.956766	0.956689
910	0.909255	0.985552	0.985491	0.839216	0.956596	0.956507
920	0.910517	0.985755	0.985698	0.840233	0.956766	0.956669
930	0.911504	0.985774	0.985719	0.841132	0.956426	0.956307
940	0.912419	0.985940	0.985885	0.841924	0.956766	0.956660
950	0.913445	0.986199	0.986143	0.842812	0.956936	0.956823
960	0.914134	0.986457	0.986404	0.843375	0.956596	0.956475
970	0.915109	0.986753	0.986700	0.843913	0.957447	0.957322
980	0.916330	0.987030	0.986977	0.845083	0.957447	0.957317
990	0.917453	0.987381	0.987332	0.846028	0.957447	0.957313
1000	0.918212	0.987473	0.987425	0.846754	0.957957	0.957846
1010	0.919017	0.987824	0.987777	0.847435	0.957617	0.957482
1020	0.919838	0.987954	0.987910	0.848053	0.957277	0.957149
1030	0.921029	0.988176	0.988123	0.849048	0.957957	0.957827
1040	0.921975	0.988397	0.988346	0.849868	0.958809	0.958659
1050	0.922857	0.988637	0.988592	0.850527	0.958638	0.958464
1060	0.923671	0.988767	0.988724	0.851123	0.958468	0.958306
1070	0.924600	0.988896	0.988852	0.851931	0.958809	0.958621
1080	0.925394	0.989192	0.989147	0.852450	0.958809	0.958624
1090	0.926117	0.989487	0.989444	0.852978	0.959489	0.959313
1100	0.926965	0.989580	0.989536	0.853571	0.959319	0.959136
1110	0.927641	0.989764	0.989728	0.854096	0.959149	0.958968
1120	0.928797	0.989968	0.989933	0.855067	0.959830	0.959624
1130	0.929516	0.990115	0.990079	0.855893	0.959660	0.959458
1140	0.930281	0.990282	0.990246	0.856462	0.959660	0.959445
1150	0.931010	0.990503	0.990463	0.857117	0.959489	0.959269
1160	0.931869	0.990725	0.990690	0.857989	0.959830	0.959594
1170	0.932579	0.990910	0.990872	0.858516	0.960000	0.959733
1180	0.933410	0.991076	0.991041	0.859173	0.960170	0.959936
1190	0.934047	0.991261	0.991222	0.859638	0.960000	0.959771
1200	0.934947	0.991409	0.991373	0.860482	0.960340	0.960114
1210	0.935606	0.991649	0.991619	0.861025	0.960340	0.960114
1220	0.936219	0.991760	0.991732	0.861600	0.960511	0.960287
1230	0.936868	0.991926	0.991898	0.862085	0.960511	0.960275
1240	0.937560	0.992018	0.991988	0.862731	0.961021	0.960788
1250	0.938375	0.992111	0.992081	0.863428	0.961532	0.961278
1260	0.938969	0.992333	0.992304	0.863872	0.961702	0.961455
1270	0.939704	0.992573	0.992542	0.864400	0.961702	0.961456
1280	0.940492	0.992721	0.992692	0.865128	0.961702	0.961456
1290	0.941072	0.992905	0.992877	0.865689	0.961702	0.961456
1300	0.941685	0.993053	0.993024	0.866275	0.962043	0.961789
1310	0.942256	0.993145	0.993120	0.866762	0.961872	0.961621
1320	0.942832	0.993256	0.993229	0.867297	0.962043	0.961783
1330	0.943400	0.993423	0.993396	0.867714	0.962553	0.962300
1340	0.943892	0.993533	0.993506	0.868126	0.962553	0.962290
1350	0.944448	0.993644	0.993619	0.868522	0.962383	0.962112
1360	0.944971	0.993755	0.993729	0.869057	0.962383	0.962112
1370	0.945701	0.993866	0.993838	0.869562	0.962383	0.962103
1380	0.946190	0.994032	0.994005	0.870114	0.962723	0.962451
1390	0.946696	0.994162	0.994135	0.870538	0.962723	0.962459
1400	0.947365	0.994273	0.994246	0.871183	0.962894	0.962644
1410	0.947807	0.994346	0.994325	0.871553	0.962894	0.962639
1420	0.948245	0.994365	0.994343	0.871997	0.963404	0.963146
1430	0.948759	0.994439	0.994415	0.872475	0.963404	0.963146
1440	0.949162	0.994550	0.994526	0.872836	0.963234	0.962969
1450	0.949633	0.994679	0.994658	0.873102	0.963064	0.962794
1460	0.950093	0.994734	0.994711	0.873550	0.963234	0.962969
1470	0.950600	0.994864	0.994837	0.873975	0.963234	0.962965
1480	0.950931	0.994919	0.994892	0.874259	0.963404	0.963140
1490	0.951437	0.995012	0.994988	0.874749	0.963745	0.963473
1500	0.951764	0.995048	0.995027	0.875088	0.963915	0.963643
1510	0.952117	0.995159	0.995137	0.875413	0.963915	0.963643
1520	0.952492	0.995196	0.995174	0.875802	0.963915	0.963643
1530	0.952884	0.995270	0.995249	0.876113	0.963915	0.963643
1540	0.953294	0.995363	0.995345	0.876433	0.963915	0.963658
1550	0.953688	0.995381	0.995364	0.876742	0.963915	0.963645
1560	0.954143	0.995473	0.995458	0.877230	0.963915	0.963645
1570	0.954595	0.995547	0.995532	0.877719	0.963915	0.963638
1580	0.954963	0.995621	0.995607	0.878094	0.963915	0.963638
1590	0.955350	0.995658	0.995644	0.878351	0.964255	0.963980
1600	0.955725	0.995658	0.995642	0.878582	0.964255	0.963986
1610	0.956156	0.995732	0.995718	0.878989	0.964085	0.963809
1620	0.956500	0.995806	0.995794	0.879231	0.964255	0.963985
1630	0.956872	0.995917	0.995904	0.879500	0.964426	0.964157
1640	0.957255	0.995917	0.995904	0.879736	0.964596	0.964329
1650	0.957625	0.995991	0.995979	0.880083	0.964936	0.964676
1660	0.957975	0.996046	0.996033	0.880384	0.964766	0.964504
1670	0.958332	0.996120	0.996106	0.880770	0.964766	0.964504
1680	0.958642	0.996139	0.996124	0.881091	0.964596	0.964334
1690	0.958953	0.996194	0.996181	0.881386	0.965106	0.964855
1700	0.959297	0.996305	0.996291	0.881623	0.964936	0.964684
1710	0.959683	0.996416	0.996405	0.881790	0.965277	0.965015
1720	0.960034	0.996527	0.996516	0.882062	0.964936	0.964676
1730	0.960411	0.996545	0.996534	0.882370	0.965277	0.965032
1740	0.960682	0.996527	0.996515	0.882611	0.965106	0.964859
1750	0.961070	0.996656	0.996647	0.882919	0.964936	0.964679
1760	0.961393	0.996693	0.996684	0.883218	0.964766	0.964511
1770	0.961675	0.996730	0.996721	0.883450	0.965106	0.964868
1780	0.962000	0.996859	0.996852	0.883735	0.965106	0.964868
1790	0.962357	0.996878	0.996870	0.884081	0.964936	0.964690
1800	0.962737	0.996915	0.996908	0.884330	0.964936	0.964688
1810	0.962980	0.996970	0.996966	0.884529	0.964936	0.964688
1820	0.963258	0.997025	0.997022	0.884795	0.965277	0.965024
1830	0.963574	0.997025	0.997021	0.885144	0.965447	0.965199
1840	0.963853	0.997081	0.997078	0.885386	0.965957	0.965729
1850	0.964117	0.997118	0.997116	0.885607	0.965957	0.965737
1860	0.964390	0.997155	0.997153	0.885828	0.966468	0.966241
1870	0.964627	0.997210	0.997206	0.886012	0.966128	0.965892
1880	0.964920	0.997247	0.997243	0.886239	0.966298	0.966079
1890	0.965185	0.997303	0.997299	0.886440	0.966128	0.965900
1900	0.965440	0.997339	0.997336	0.886682	0.966468	0.966242
1910	0.965630	0.997358	0.997356	0.886848	0.966638	0.966413
1920	0.965894	0.997487	0.997486	0.887026	0.966638	0.966413
1930	0.966113	0.997524	0.997523	0.887314	0.966809	0.966591
1940	0.966353	0.997543	0.997541	0.887528	0.966298	0.966078
1950	0.966598	0.997543	0.997541	0.887724	0.966468	0.966249
1960	0.966867	0.997598	0.997597	0.888012	0.966468	0.966249
1970	0.967128	0.997654	0.997651	0.888183	0.966128	0.965907
1980	0.967406	0.997709	0.997706	0.888401	0.965787	0.965566
1990	0.967764	0.997746	0.997742	0.888792	0.966128	0.965908
2000	0.967984	0.997764	0.997762	0.889000	0.965957	0.965743
2010	0.968178	0.997801	0.997797	0.889220	0.966128	0.965915
2020	0.968377	0.997838	0.997837	0.889349	0.966809	0.966610
2030	0.968657	0.997931	0.997928	0.889545	0.966809	0.966596
2040	0.968893	0.997949	0.997947	0.889684	0.966979	0.966784
2050	0.969087	0.998023	0.998024	0.889967	0.966979	0.966784
2060	0.969299	0.998023	0.998024	0.890148	0.967319	0.967136
2070	0.969553	0.998079	0.998079	0.890411	0.967319	0.967136
2080	0.969800	0.998115	0.998116	0.890599	0.967319	0.967133
2090	0.969988	0.998152	0.998152	0.890766	0.967489	0.967306
2100	0.970179	0.998134	0.998134	0.890879	0.967489	0.967306
2110	0.970407	0.998189	0.998188	0.891004	0.967319	0.967136
2120	0.970640	0.998226	0.998224	0.891210	0.967489	0.967306
2130	0.970836	0.998226	0.998223	0.891341	0.967489	0.967306
2140	0.971037	0.998226	0.998223	0.891550	0.967319	0.967138
2150	0.971204	0.998245	0.998241	0.891795	0.967489	0.967298
2160	0.971390	0.998263	0.998259	0.891956	0.967489	0.967298
2170	0.971560	0.998263	0.998259	0.892136	0.967489	0.967303
2180	0.971717	0.998282	0.998278	0.892265	0.967489	0.967298
2190	0.971889	0.998319	0.998315	0.892410	0.967660	0.967472
2200	0.972037	0.998374	0.998371	0.892562	0.967830	0.967648
2210	0.972244	0.998448	0.998444	0.892759	0.967830	0.967648
2220	0.972416	0.998448	0.998444	0.892862	0.967830	0.967648
2230	0.972585	0.998467	0.998462	0.892956	0.967830	0.967648
2240	0.972804	0.998503	0.998500	0.893096	0.967830	0.967629
2250	0.972977	0.998559	0.998555	0.893342	0.967660	0.967473
2260	0.973157	0.998596	0.998593	0.893514	0.967830	0.967647
2270	0.973330	0.998614	0.998612	0.893665	0.968340	0.968147
2280	0.973487	0.998614	0.998612	0.893739	0.968170	0.967987
2290	0.973630	0.998633	0.998631	0.893920	0.968000	0.967810
2300	0.973773	0.998651	0.998650	0.894058	0.968000	0.967819
2310	0.973930	0.998651	0.998650	0.894207	0.968000	0.967819
2320	0.974090	0.998688	0.998687	0.894385	0.968000	0.967819
2330	0.974236	0.998688	0.998687	0.894547	0.968000	0.967823
2340	0.974402	0.998670	0.998668	0.894682	0.968170	0.967994
2350	0.974551	0.998688	0.998687	0.894804	0.968000	0.967821
2360	0.974743	0.998725	0.998725	0.894987	0.968000	0.967821
2370	0.974869	0.998762	0.998761	0.895095	0.968170	0.967989
2380	0.975012	0.998781	0.998780	0.895244	0.968170	0.967989
2390	0.975138	0.998818	0.998817	0.895362	0.968000	0.967821
2400	0.975267	0.998836	0.998836	0.895449	0.968000	0.967821
2410	0.975411	0.998836	0.998836	0.895550	0.968170	0.967998
2420	0.975559	0.998873	0.998873	0.895651	0.968170	0.967998
2430	0.975697	0.998891	0.998892	0.895781	0.968170	0.967998
2440	0.975830	0.998891	0.998891	0.895908	0.968000	0.967828
2450	0.975946	0.998891	0.998892	0.896014	0.968170	0.967992
2460	0.976069	0.998891	0.998891	0.896113	0.968340	0.968162
2470	0.976201	0.998928	0.998929	0.896223	0.968511	0.968338
2480	0.976332	0.998965	0.998966	0.896330	0.968681	0.968497
2490	0.976465	0.999002	0.999004	0.896457	0.968681	0.968496
2500	0.976562	0.999021	0.999021	0.896484	0.968851	0.968666
2510	0.976689	0.999021	0.999021	0.896513	0.968681	0.968497
2520	0.976831	0.999039	0.999040	0.896653	0.968511	0.968324
2530	0.976959	0.999039	0.999040	0.896753	0.968681	0.968491
2540	0.977079	0.999039	0.999040	0.896852	0.968511	0.968332
2550	0.977199	0.999095	0.999095	0.897000	0.968340	0.968165
2560	0.977307	0.999150	0.999150	0.897109	0.968681	0.968523
2570	0.977441	0.999169	0.999168	0.897244	0.968511	0.968354
2580	0.977551	0.999169	0.999168	0.897325	0.968511	0.968342
2590	0.977662	0.999187	0.999186	0.897426	0.968681	0.968504
2600	0.977821	0.999187	0.999188	0.897623	0.968851	0.968676
2610	0.977998	0.999206	0.999206	0.897868	0.968851	0.968678
2620	0.978144	0.999224	0.999225	0.898007	0.968681	0.968514
2630	0.978271	0.999261	0.999261	0.898125	0.968681	0.968514
2640	0.978378	0.999242	0.999243	0.898204	0.968851	0.968673
2650	0.978463	0.999242	0.999243	0.898295	0.968851	0.968674
2660	0.978562	0.999298	0.999298	0.898399	0.969021	0.968857
2670	0.978676	0.999335	0.999335	0.898539	0.969191	0.969023
2680	0.978780	0.999353	0.999353	0.898634	0.969191	0.969023
2690	0.978908	0.999409	0.999410	0.898730	0.969191	0.969023
2700	0.979029	0.999427	0.999429	0.898831	0.969191	0.969022
2710	0.979136	0.999446	0.999447	0.898905	0.969191	0.969022
2720	0.979242	0.999446	0.999447	0.899009	0.969532	0.969363
2730	0.979332	0.999446	0.999447	0.899118	0.969362	0.969180
2740	0.979455	0.999483	0.999484	0.899226	0.969362	0.969180
2750	0.979566	0.999501	0.999502	0.899321	0.969362	0.969180
2760	0.979662	0.999501	0.999502	0.899417	0.969532	0.969350
2770	0.979758	0.999501	0.999502	0.899491	0.969872	0.969706
2780	0.979864	0.999538	0.999539	0.899613	0.969532	0.969376
2790	0.979957	0.999538	0.999539	0.899753	0.969702	0.969523
2800	0.980064	0.999557	0.999558	0.899813	0.969532	0.969347
2810	0.980160	0.999557	0.999558	0.899956	0.969702	0.969518
2820	0.980262	0.999557	0.999558	0.900009	0.969362	0.969175
2830	0.980347	0.999557	0.999558	0.900140	0.969532	0.969356
2840	0.980448	0.999557	0.999558	0.900235	0.969702	0.969528
2850	0.980537	0.999557	0.999558	0.900345	0.969872	0.969695
2860	0.980628	0.999557	0.999558	0.900454	0.969702	0.969533
2870	0.980716	0.999575	0.999577	0.900554	0.969702	0.969528
2880	0.980806	0.999575	0.999577	0.900647	0.969532	0.969350
2890	0.980911	0.999594	0.999596	0.900713	0.969702	0.969527
2900	0.981004	0.999612	0.999616	0.900781	0.970043	0.969876
2910	0.981110	0.999612	0.999616	0.900860	0.970043	0.969876
2920	0.981183	0.999612	0.999616	0.900884	0.969872	0.969699
2930	0.981280	0.999612	0.999616	0.900935	0.970043	0.969881
2940	0.981371	0.999612	0.999614	0.900990	0.970043	0.969881
2950	0.981456	0.999612	0.999614	0.901060	0.969872	0.969712
2960	0.981547	0.999612	0.999616	0.901193	0.969872	0.969712
2970	0.981633	0.999612	0.999614	0.901260	0.969872	0.969712
2980	0.981733	0.999612	0.999613	0.901348	0.969872	0.969731
2990	0.981831	0.999612	0.999612	0.901506	0.970043	0.969900
3000	0.981910	0.999612	0.999612	0.901559	0.969872	0.969723
3010	0.982012	0.999630	0.999631	0.901674	0.969872	0.969725
3020	0.982085	0.999630	0.999631	0.901746	0.969702	0.969548
3030	0.982167	0.999630	0.999631	0.901884	0.969702	0.969548
3040	0.982228	0.999630	0.999631	0.901954	0.969872	0.969725
3050	0.982300	0.999630	0.999631	0.902032	0.970213	0.970079
3060	0.982372	0.999630	0.999631	0.902127	0.970383	0.970257
3070	0.982452	0.999630	0.999631	0.902243	0.970213	0.970080
3080	0.982526	0.999630	0.999631	0.902309	0.970043	0.969903
3090	0.982616	0.999649	0.999650	0.902420	0.970043	0.969903
3100	0.982698	0.999649	0.999650	0.902521	0.970213	0.970080
3110	0.982778	0.999649	0.999650	0.902639	0.970213	0.970084
3120	0.982862	0.999649	0.999650	0.902732	0.970043	0.969913
3130	0.982936	0.999649	0.999650	0.902779	0.970213	0.970089
3140	0.983027	0.999649	0.999650	0.902878	0.970213	0.970089
3150	0.983101	0.999667	0.999668	0.902947	0.970213	0.970073
3160	0.983169	0.999667	0.999668	0.902992	0.970213	0.970073
3170	0.983243	0.999667	0.999668	0.903043	0.970213	0.970078
3180	0.983330	0.999704	0.999705	0.903159	0.970383	0.970250
3190	0.983403	0.999704	0.999705	0.903244	0.970383	0.970250
3200	0.983483	0.999723	0.999724	0.903305	0.970383	0.970250
3210	0.983555	0.999741	0.999743	0.903418	0.970383	0.970250
3220	0.983617	0.999723	0.999724	0.903461	0.970383	0.970250
3230	0.983702	0.999723	0.999724	0.903555	0.970383	0.970250
3240	0.983781	0.999741	0.999743	0.903649	0.970383	0.970250
3250	0.983855	0.999723	0.999724	0.903707	0.970383	0.970250
3260	0.983913	0.999741	0.999743	0.903773	0.970213	0.970082
3270	0.983971	0.999741	0.999743	0.903834	0.970383	0.970249
3280	0.984032	0.999760	0.999761	0.903919	0.970383	0.970249
3290	0.984096	0.999760	0.999761	0.903948	0.970553	0.970426
3300	0.984175	0.999760	0.999761	0.904023	0.970213	0.970087
3310	0.984251	0.999760	0.999761	0.904128	0.970213	0.970087
3320	0.984306	0.999760	0.999761	0.904230	0.970553	0.970426
3330	0.984368	0.999760	0.999761	0.904302	0.970383	0.970265
3340	0.984429	0.999778	0.999779	0.904368	0.970383	0.970265
3350	0.984489	0.999778	0.999779	0.904454	0.970383	0.970265
3360	0.984540	0.999778	0.999779	0.904507	0.970043	0.969904
3370	0.984587	0.999778	0.999779	0.904551	0.970383	0.970255
3380	0.984650	0.999797	0.999796	0.904620	0.970213	0.970073
3390	0.984713	0.999797	0.999798	0.904664	0.970383	0.970253
3400	0.984776	0.999797	0.999798	0.904737	0.970383	0.970253
3410	0.984838	0.999815	0.999816	0.904811	0.970553	0.970432
3420	0.984894	0.999815	0.999816	0.904857	0.970553	0.970432
3430	0.984954	0.999815	0.999816	0.904922	0.970553	0.970432
3440	0.985017	0.999815	0.999816	0.904937	0.970553	0.970432
3450	0.985088	0.999815	0.999815	0.905037	0.970723	0.970592
3460	0.985149	0.999815	0.999815	0.905107	0.970723	0.970592
3470	0.985202	0.999815	0.999815	0.905182	0.970894	0.970775
3480	0.985259	0.999815	0.999815	0.905217	0.970894	0.970775
3490	0.985305	0.999815	0.999815	0.905217	0.970894	0.970775
3500	0.985351	0.999815	0.999815	0.905229	0.970723	0.970590
3510	0.985407	0.999815	0.999815	0.905252	0.970723	0.970590
3520	0.985460	0.999815	0.999815	0.905318	0.970894	0.970770
3530	0.985524	0.999815	0.999815	0.905383	0.970723	0.970590
3540	0.985591	0.999834	0.999835	0.905473	0.970723	0.970590
3550	0.985653	0.999834	0.999835	0.905554	0.970723	0.970590
3560	0.985706	0.999834	0.999835	0.905584	0.970723	0.970590
3570	0.985758	0.999834	0.999835	0.905633	0.970723	0.970584
3580	0.985822	0.999834	0.999835	0.905730	0.970723	0.970584
3590	0.985879	0.999834	0.999834	0.905775	0.970723	0.970584
3600	0.985928	0.999834	0.999834	0.905815	0.970723	0.970590
3610	0.985981	0.999834	0.999834	0.905857	0.970894	0.970767
3620	0.986034	0.999834	0.999834	0.905901	0.970723	0.970590
3630	0.986091	0.999834	0.999834	0.905977	0.970894	0.970770
3640	0.986135	0.999834	0.999834	0.906049	0.970723	0.970584
3650	0.986183	0.999834	0.999834	0.906100	0.970723	0.970590
3660	0.986233	0.999852	0.999852	0.906164	0.970553	0.970422
3670	0.986281	0.999871	0.999870	0.906247	0.970723	0.970590
3680	0.986322	0.999871	0.999870	0.906270	0.970723	0.970590
3690	0.986381	0.999871	0.999870	0.906332	0.970723	0.970590
3700	0.986429	0.999889	0.999888	0.906379	0.970723	0.970602
3710	0.986485	0.999889	0.999888	0.906434	0.970894	0.970779
3720	0.986528	0.999889	0.999888	0.906489	0.970723	0.970600
3730	0.986585	0.999889	0.999888	0.906434	0.970894	0.970777
3740	0.986629	0.999889	0.999888	0.906465	0.970723	0.970596
3750	0.986670	0.999889	0.999888	0.906521	0.970553	0.970419
3760	0.986724	0.999889	0.999888	0.906606	0.970723	0.970599
3770	0.986766	0.999889	0.999888	0.906663	0.970723	0.970596
3780	0.986811	0.999889	0.999888	0.906701	0.970723	0.970596
3790	0.986858	0.999889	0.999888	0.906712	0.970723	0.970596
3800	0.986901	0.999889	0.999888	0.906744	0.971064	0.970956
3810	0.986946	0.999889	0.999888	0.906836	0.971064	0.970953
3820	0.986986	0.999889	0.999888	0.906896	0.971064	0.970941
3830	0.987026	0.999889	0.999888	0.906939	0.971064	0.970944
3840	0.987064	0.999889	0.999888	0.906993	0.971064	0.970944
3850	0.987104	0.999889	0.999888	0.907090	0.971064	0.970944
3860	0.987149	0.999889	0.999888	0.907133	0.971064	0.970944
3870	0.987192	0.999889	0.999888	0.907153	0.971064	0.970941
3880	0.987240	0.999908	0.999908	0.907171	0.971064	0.970941
3890	0.987284	0.999908	0.999908	0.907261	0.971064	0.970941
3900	0.987326	0.999908	0.999908	0.907290	0.971064	0.970941
3910	0.987368	0.999908	0.999908	0.907336	0.971064	0.970941
3920	0.987405	0.999908	0.999908	0.907362	0.971064	0.970941
3930	0.987450	0.999908	0.999908	0.907402	0.970894	0.970774
3940	0.987492	0.999908	0.999908	0.907451	0.970894	0.970774
3950	0.987534	0.999908	0.999908	0.907504	0.970894	0.970774
3960	0.987586	0.999926	0.999927	0.907567	0.970894	0.970774
3970	0.987648	0.999945	0.999945	0.907575	0.970894	0.970774
3980	0.987688	0.999945	0.999945	0.907637	0.970894	0.970776
3990	0.987736	0.999945	0.999945	0.907708	0.970894	0.970776
4000	0.987764	0.999945	0.999945	0.907732	0.970894	0.970781
