10	0.422009	0.818052	0.764597	0.412416	0.819444	0.774853
20	0.555107	0.841929	0.796655	0.529521	0.824074	0.790654
30	0.633339	0.985196	0.985621	0.605325	0.981481	0.978481
40	0.695144	0.989016	0.989227	0.662671	0.981481	0.978481
50	0.741113	0.992359	0.992459	0.707592	0.981481	0.978481
60	0.777298	0.993792	0.993845	0.742698	0.981481	0.978481
70	0.804206	0.994269	0.994330	0.771838	0.981481	0.978481
80	0.826187	0.994747	0.994809	0.791516	0.981481	0.978481
90	0.841821	0.996657	0.996701	0.805645	0.981481	0.978664
100	0.855666	0.997612	0.997636	0.819841	0.981481	0.978664
110	0.867282	0.998090	0.998119	0.830037	0.981481	0.978481
120	0.876949	0.998567	0.998592	0.839361	0.981481	0.978481
130	0.887270	0.998567	0.998592	0.848897	0.986111	0.983861
140	0.897157	0.999045	0.999058	0.860269	0.986111	0.983861
150	0.903539	1.000000	1.000000	0.865750	0.986111	0.983861
160	0.911150	1.000000	1.000000	0.874980	0.990741	0.989158
170	0.917245	1.000000	1.000000	0.881380	0.990741	0.989158
180	0.922001	1.000000	1.000000	0.886802	0.990741	0.989158
190	0.926081	1.000000	1.000000	0.890675	0.990741	0.989158
200	0.930261	1.000000	1.000000	0.895138	0.990741	0.989158
210	0.932321	1.000000	1.000000	0.897140	0.990741	0.989158
220	0.935456	1.000000	1.000000	0.899676	0.990741	0.989158
230	0.938785	1.000000	1.000000	0.903700	0.990741	0.989158
240	0.941548	1.000000	1.000000	0.906018	0.990741	0.989158
250	0.944202	1.000000	1.000000	0.908830	0.990741	0.989158
260	0.946529	1.000000	1.000000	0.911275	0.990741	0.989158
270	0.948597	1.000000	1.000000	0.913299	0.990741	0.989158
280	0.951041	1.000000	1.000000	0.916074	0.990741	0.989158
290	0.952487	1.000000	1.000000	0.917514	0.990741	0.989158
300	0.953844	1.000000	1.000000	0.918420	0.990741	0.989158
310	0.955036	1.000000	1.000000	0.919254	0.990741	0.989158
320	0.956327	1.000000	1.000000	0.920473	0.990741	0.989158
330	0.957510	1.000000	1.000000	0.921693	0.990741	0.989158
340	0.959069	1.000000	1.000000	0.922974	0.990741	0.989158
350	0.960062	1.000000	1.000000	0.923550	0.990741	0.989158
360	0.961309	1.000000	1.000000	0.925071	0.990741	0.989158
370	0.962477	1.000000	1.000000	0.925955	0.990741	0.989158
380	0.963425	1.000000	1.000000	0.926412	0.990741	0.989158
390	0.964335	1.000000	1.000000	0.927311	0.990741	0.989158
400	0.965558	1.000000	1.000000	0.928345	0.990741	0.989158
410	0.966315	1.000000	1.000000	0.928723	0.990741	0.989158
420	0.967347	1.000000	1.000000	0.929964	0.990741	0.989158
430	0.968151	1.000000	1.000000	0.931022	0.990741	0.989158
440	0.968996	1.000000	1.000000	0.931774	0.990741	0.989158
450	0.969753	1.000000	1.000000	0.933023	0.990741	0.989158
460	0.970256	1.000000	1.000000	0.933338	0.990741	0.989158
470	0.971021	1.000000	1.000000	0.933945	0.990741	0.989158
480	0.971636	1.000000	1.000000	0.934277	0.990741	0.989158
490	0.972308	1.000000	1.000000	0.934995	0.990741	0.989158
500	0.972875	1.000000	1.000000	0.935423	0.990741	0.989158
510	0.973400	1.000000	1.000000	0.936193	0.990741	0.989158
520	0.973772	1.000000	1.000000	0.936409	0.990741	0.989158
530	0.974185	1.000000	1.000000	0.936524	0.990741	0.989158
540	0.974742	1.000000	1.000000	0.936755	0.990741	0.989158
550	0.975155	1.000000	1.000000	0.937068	0.990741	0.989158
560	0.975686	1.000000	1.000000	0.936934	0.990741	0.989158
570	0.976060	1.000000	1.000000	0.937007	0.990741	0.989158
580	0.976490	1.000000	1.000000	0.937257	0.990741	0.989158
590	0.976931	1.000000	1.000000	0.937781	0.990741	0.989158
600	0.977277	1.000000	1.000000	0.938184	0.990741	0.989158
610	0.977645	1.000000	1.000000	0.938463	0.990741	0.989158
620	0.978048	1.000000	1.000000	0.938704	0.990741	0.989158
630	0.978318	1.000000	1.000000	0.939207	0.990741	0.989158
640	0.978671	1.000000	1.000000	0.939476	0.990741	0.989158
650	0.978939	1.000000	1.000000	0.939734	0.990741	0.989158
660	0.979250	1.000000	1.000000	0.939740	0.990741	0.989158
670	0.979630	1.000000	1.000000	0.940195	0.990741	0.989158
680	0.979974	1.000000	1.000000	0.940617	0.990741	0.989158
690	0.980220	1.000000	1.000000	0.940870	0.990741	0.989158
700	0.980418	1.000000	1.000000	0.940683	0.990741	0.989158
710	0.980791	1.000000	1.000000	0.941084	0.990741	0.989158
720	0.981024	1.000000	1.000000	0.941132	0.990741	0.989158
730	0.981264	1.000000	1.000000	0.941348	0.990741	0.989158
740	0.981584	1.000000	1.000000	0.941922	0.990741	0.989158
750	0.981850	1.000000	1.000000	0.942153	0.990741	0.989158
760	0.982109	1.000000	1.000000	0.942435	0.990741	0.989158
770	0.982329	1.000000	1.000000	0.942711	0.990741	0.989158
780	0.982615	1.000000	1.000000	0.942922	0.990741	0.989158
790	0.982894	1.000000	1.000000	0.943050	0.990741	0.989158
800	0.983042	1.000000	1.000000	0.943149	0.990741	0.989158
810	0.983164	1.000000	1.000000	0.943261	0.990741	0.989158
820	0.983326	1.000000	1.000000	0.943459	0.990741	0.989158
830	0.983494	1.000000	1.000000	0.943692	0.990741	0.989158
840	0.983731	1.000000	1.000000	0.943871	0.990741	0.989158
850	0.983967	1.000000	1.000000	0.944072	0.990741	0.989158
860	0.984158	1.000000	1.000000	0.944343	0.990741	0.989158
870	0.984303	1.000000	1.000000	0.944419	0.990741	0.989158
880	0.984499	1.000000	1.000000	0.944528	0.990741	0.989158
890	0.984603	1.000000	1.000000	0.944549	0.990741	0.989158
900	0.984800	1.000000	1.000000	0.944865	0.990741	0.989158
910	0.985020	1.000000	1.000000	0.945131	0.990741	0.989158
920	0.985100	1.000000	1.000000	0.945254	0.990741	0.989158
930	0.985205	1.000000	1.000000	0.945442	0.990741	0.989158
940	0.985373	1.000000	1.000000	0.945385	0.990741	0.989158
950	0.985526	1.000000	1.000000	0.945438	0.990741	0.989158
960	0.985672	1.000000	1.000000	0.945409	0.990741	0.989158
970	0.985818	1.000000	1.000000	0.945492	0.990741	0.989158
980	0.985998	1.000000	1.000000	0.945612	0.990741	0.989158
990	0.986227	1.000000	1.000000	0.945865	0.990741	0.989158
1000	0.986342	1.000000	1.000000	0.945918	0.990741	0.989158
1010	0.986437	1.000000	1.000000	0.945780	0.990741	0.989158
1020	0.986590	1.000000	1.000000	0.945823	0.990741	0.989158
1030	0.986696	1.000000	1.000000	0.946045	0.990741	0.989158
1040	0.986840	1.000000	1.000000	0.946146	0.990741	0.989158
1050	0.986978	1.000000	1.000000	0.946235	0.990741	0.989158
1060	0.987083	1.000000	1.000000	0.946219	0.990741	0.989158
1070	0.987174	1.000000	1.000000	0.946270	0.990741	0.989158
1080	0.987273	1.000000	1.000000	0.946255	0.990741	0.989158
1090	0.987401	1.000000	1.000000	0.946313	0.990741	0.989158
1100	0.987524	1.000000	1.000000	0.946364	0.990741	0.989158
1110	0.987589	1.000000	1.000000	0.946259	0.990741	0.989158
1120	0.987713	1.000000	1.000000	0.946414	0.990741	0.989158
1130	0.987782	1.000000	1.000000	0.946388	0.990741	0.989158
1140	0.987877	1.000000	1.000000	0.946332	0.990741	0.989158
1150	0.988005	1.000000	1.000000	0.946363	0.990741	0.989158
1160	0.988097	1.000000	1.000000	0.946251	0.990741	0.989158
1170	0.988185	1.000000	1.000000	0.946175	0.990741	0.989158
1180	0.988259	1.000000	1.000000	0.946083	0.990741	0.989158
1190	0.988339	1.000000	1.000000	0.946033	0.990741	0.989158
1200	0.988417	1.000000	1.000000	0.946132	0.990741	0.989158
1210	0.988510	1.000000	1.000000	0.946263	0.990741	0.989158
1220	0.988618	1.000000	1.000000	0.946352	0.990741	0.989158
1230	0.988708	1.000000	1.000000	0.946465	0.990741	0.989158
1240	0.988779	1.000000	1.000000	0.946550	0.990741	0.989158
1250	0.988862	1.000000	1.000000	0.946634	0.990741	0.989158
1260	0.988950	1.000000	1.000000	0.946717	0.990741	0.989158
1270	0.989062	1.000000	1.000000	0.946714	0.990741	0.989158
1280	0.989132	1.000000	1.000000	0.946691	0.990741	0.989158
1290	0.989207	1.000000	1.000000	0.946801	0.990741	0.989158
1300	0.989286	1.000000	1.000000	0.946896	0.990741	0.989158
1310	0.989346	1.000000	1.000000	0.947090	0.990741	0.989158
1320	0.989424	1.000000	1.000000	0.947148	0.990741	0.989158
1330	0.989517	1.000000	1.000000	0.947139	0.990741	0.989158
1340	0.989589	1.000000	1.000000	0.947161	0.990741	0.989158
1350	0.989657	1.000000	1.000000	0.947202	0.990741	0.989158
1360	0.989729	1.000000	1.000000	0.947279	0.990741	0.989158
1370	0.989798	1.000000	1.000000	0.947388	0.990741	0.989158
1380	0.989873	1.000000	1.000000	0.947408	0.990741	0.989158
1390	0.989959	1.000000	1.000000	0.947446	0.990741	0.989158
1400	0.990019	1.000000	1.000000	0.947377	0.990741	0.989158
1410	0.990078	1.000000	1.000000	0.947199	0.990741	0.989158
1420	0.990131	1.000000	1.000000	0.947082	0.990741	0.989158
1430	0.990195	1.000000	1.000000	0.947090	0.990741	0.989158
1440	0.990262	1.000000	1.000000	0.947151	0.990741	0.989158
1450	0.990344	1.000000	1.000000	0.947200	0.990741	0.989158
1460	0.990430	1.000000	1.000000	0.947305	0.990741	0.989158
1470	0.990498	1.000000	1.000000	0.947295	0.990741	0.989158
1480	0.990558	1.000000	1.000000	0.947346	0.990741	0.989158
1490	0.990618	1.000000	1.000000	0.947376	0.990741	0.989158
1500	0.990679	1.000000	1.000000	0.947429	0.990741	0.989158
1510	0.990769	1.000000	1.000000	0.947523	0.990741	0.989158
1520	0.990853	1.000000	1.000000	0.947645	0.990741	0.989158
1530	0.990904	1.000000	1.000000	0.947640	0.990741	0.989158
1540	0.990954	1.000000	1.000000	0.947648	0.990741	0.989158
1550	0.991014	1.000000	1.000000	0.947689	0.990741	0.989158
1560	0.991065	1.000000	1.000000	0.947748	0.990741	0.989158
1570	0.991112	1.000000	1.000000	0.947780	0.990741	0.989158
1580	0.991171	1.000000	1.000000	0.947842	0.990741	0.989158
1590	0.991231	1.000000	1.000000	0.947928	0.990741	0.989158
1600	0.991281	1.000000	1.000000	0.947910	0.990741	0.989158
1610	0.991309	1.000000	1.000000	0.947818	0.990741	0.989158
1620	0.991384	1.000000	1.000000	0.947889	0.990741	0.989158
1630	0.991423	1.000000	1.000000	0.947789	0.990741	0.989158
1640	0.991465	1.000000	1.000000	0.947876	0.990741	0.989158
1650	0.991526	1.000000	1.000000	0.947892	0.990741	0.989158
1660	0.991575	1.000000	1.000000	0.947907	0.990741	0.989158
1670	0.991616	1.000000	1.000000	0.947952	0.990741	0.989158
1680	0.991666	1.000000	1.000000	0.947888	0.990741	0.989158
1690	0.991709	1.000000	1.000000	0.947898	0.990741	0.989158
1700	0.991756	1.000000	1.000000	0.947876	0.990741	0.989158
1710	0.991810	1.000000	1.000000	0.947979	0.990741	0.989158
1720	0.991864	1.000000	1.000000	0.948029	0.990741	0.989158
1730	0.991905	1.000000	1.000000	0.948077	0.990741	0.989158
1740	0.991962	1.000000	1.000000	0.948117	0.990741	0.989158
1750	0.991995	1.000000	1.000000	0.948151	0.990741	0.989158
1760	0.992036	1.000000	1.000000	0.948220	0.990741	0.989158
1770	0.992098	1.000000	1.000000	0.948218	0.990741	0.989158
1780	0.992150	1.000000	1.000000	0.948255	0.990741	0.989158
1790	0.992188	1.000000	1.000000	0.948325	0.990741	0.989158
1800	0.992235	1.000000	1.000000	0.948385	0.990741	0.989158
1810	0.992280	1.000000	1.000000	0.948357	0.990741	0.989158
1820	0.992308	1.000000	1.000000	0.948368	0.990741	0.989158
1830	0.992339	1.000000	1.000000	0.948286	0.990741	0.989158
1840	0.992373	1.000000	1.000000	0.948272	0.990741	0.989158
1850	0.992425	1.000000	1.000000	0.948265	0.990741	0.989158
1860	0.992456	1.000000	1.000000	0.948304	0.990741	0.989158
1870	0.992494	1.000000	1.000000	0.948373	0.990741	0.989158
1880	0.992536	1.000000	1.000000	0.948395	0.990741	0.989158
1890	0.992592	1.000000	1.000000	0.948495	0.990741	0.989158
1900	0.992629	1.000000	1.000000	0.948446	0.990741	0.989158
1910	0.992670	1.000000	1.000000	0.948478	0.990741	0.989158
1920	0.992712	1.000000	1.000000	0.948518	0.990741	0.989158
1930	0.992740	1.000000	1.000000	0.948583	0.990741	0.989158
1940	0.992766	1.000000	1.000000	0.948622	0.990741	0.989158
1950	0.992819	1.000000	1.000000	0.948660	0.990741	0.989158
1960	0.992875	1.000000	1.000000	0.948690	0.990741	0.989158
1970	0.992906	1.000000	1.000000	0.948697	0.990741	0.989158
1980	0.992936	1.000000	1.000000	0.948719	0.990741	0.989158
1990	0.992964	1.000000	1.000000	0.948675	0.990741	0.989158
2000	0.993004	1.000000	1.000000	0.948626	0.990741	0.989158
2010	0.993041	1.000000	1.000000	0.948636	0.990741	0.989158
2020	0.993079	1.000000	1.000000	0.948618	0.990741	0.989158
2030	0.993111	1.000000	1.000000	0.948571	0.990741	0.989158
2040	0.993137	1.000000	1.000000	0.948576	0.990741	0.989158
2050	0.993157	1.000000	1.000000	0.948492	0.990741	0.989158
2060	0.993193	1.000000	1.000000	0.948547	0.990741	0.989158
2070	0.993218	1.000000	1.000000	0.948498	0.990741	0.989158
2080	0.993247	1.000000	1.000000	0.948506	0.990741	0.989158
2090	0.993276	1.000000	1.000000	0.948450	0.990741	0.989158
2100	0.993307	1.000000	1.000000	0.948416	0.990741	0.989158
2110	0.993341	1.000000	1.000000	0.948427	0.990741	0.989158
2120	0.993367	1.000000	1.000000	0.948465	0.990741	0.989158
2130	0.993396	1.000000	1.000000	0.948493	0.990741	0.989158
2140	0.993425	1.000000	1.000000	0.948586	0.990741	0.989158
2150	0.993446	1.000000	1.000000	0.948452	0.990741	0.989158
2160	0.993471	1.000000	1.000000	0.948417	0.990741	0.989158
2170	0.993508	1.000000	1.000000	0.948399	0.990741	0.989158
2180	0.993539	1.000000	1.000000	0.948406	0.990741	0.989158
2190	0.993589	1.000000	1.000000	0.948421	0.990741	0.989158
2200	0.993610	1.000000	1.000000	0.948497	0.990741	0.989158
2210	0.993628	1.000000	1.000000	0.948372	0.990741	0.989158
2220	0.993651	1.000000	1.000000	0.948432	0.990741	0.989158
2230	0.993678	1.000000	1.000000	0.948447	0.990741	0.989158
2240	0.993698	1.000000	1.000000	0.948423	0.990741	0.989158
2250	0.993721	1.000000	1.000000	0.948464	0.990741	0.989158
2260	0.993746	1.000000	1.000000	0.948479	0.990741	0.989158
2270	0.993773	1.000000	1.000000	0.948500	0.990741	0.989158
2280	0.993799	1.000000	1.000000	0.948516	0.990741	0.989158
2290	0.993839	1.000000	1.000000	0.948540	0.990741	0.989158
2300	0.993865	1.000000	1.000000	0.948517	0.990741	0.989158
2310	0.993899	1.000000	1.000000	0.948513	0.990741	0.989158
2320	0.993921	1.000000	1.000000	0.948509	0.990741	0.989158
2330	0.993943	1.000000	1.000000	0.948520	0.990741	0.989158
2340	0.993966	1.000000	1.000000	0.948584	0.990741	0.989158
2350	0.993995	1.000000	1.000000	0.948640	0.990741	0.989158
2360	0.994014	1.000000	1.000000	0.948700	0.990741	0.989158
2370	0.994041	1.000000	1.000000	0.948634	0.990741	0.989158
2380	0.994067	1.000000	1.000000	0.948614	0.990741	0.989158
2390	0.994089	1.000000	1.000000	0.948584	0.990741	0.989158
2400	0.994111	1.000000	1.000000	0.948510	0.990741	0.989158
2410	0.994137	1.000000	1.000000	0.948447	0.990741	0.989158
2420	0.994158	1.000000	1.000000	0.948456	0.990741	0.989158
2430	0.994178	1.000000	1.000000	0.948417	0.990741	0.989158
2440	0.994206	1.000000	1.000000	0.948415	0.990741	0.989158
2450	0.994223	1.000000	1.000000	0.948373	0.990741	0.989158
2460	0.994244	1.000000	1.000000	0.948310	0.990741	0.989158
2470	0.994269	1.000000	1.000000	0.948296	0.990741	0.989158
2480	0.994290	1.000000	1.000000	0.948342	0.990741	0.989158
2490	0.994310	1.000000	1.000000	0.948330	0.990741	0.989158
2500	0.994330	1.000000	1.000000	0.948331	0.990741	0.989158
