10	0.433913	0.815333	0.765890	0.443520	0.830508	0.775610
20	0.559226	0.837994	0.787650	0.554161	0.843220	0.792096
30	0.629967	0.980714	0.980984	0.618287	0.978814	0.981151
40	0.690235	0.990357	0.990368	0.670623	0.983051	0.985110
50	0.737762	0.993250	0.993262	0.713808	0.987288	0.989106
60	0.770014	0.994696	0.994712	0.745108	0.987288	0.989106
70	0.792984	0.995178	0.995193	0.764539	0.987288	0.989106
80	0.813512	0.995661	0.995668	0.783555	0.987288	0.989106
90	0.835695	0.997107	0.997109	0.802031	0.987288	0.989106
100	0.850518	0.997589	0.997600	0.815989	0.987288	0.989106
110	0.865527	0.997589	0.997600	0.829376	0.987288	0.989106
120	0.875585	0.998554	0.998557	0.837099	0.987288	0.989106
130	0.883908	0.998554	0.998557	0.843554	0.987288	0.989106
140	0.892261	0.998554	0.998557	0.851729	0.987288	0.989106
150	0.900464	0.999036	0.999038	0.859509	0.987288	0.989106
160	0.905728	0.999036	0.999038	0.864257	0.987288	0.989106
170	0.911049	0.999036	0.999038	0.868622	0.987288	0.989106
180	0.916890	0.999036	0.999038	0.874037	0.987288	0.989106
190	0.922083	0.999518	0.999517	0.878716	0.987288	0.989106
200	0.926408	1.000000	1.000000	0.880466	0.987288	0.989106
210	0.930641	1.000000	1.000000	0.884614	0.987288	0.989106
220	0.933425	1.000000	1.000000	0.886376	0.987288	0.989106
230	0.937482	1.000000	1.000000	0.889698	0.987288	0.989106
240	0.940476	1.000000	1.000000	0.893511	0.987288	0.989106
250	0.943045	1.000000	1.000000	0.895298	0.987288	0.989106
260	0.945619	1.000000	1.000000	0.897185	0.987288	0.989106
270	0.947559	1.000000	1.000000	0.898813	0.987288	0.989106
280	0.949149	1.000000	1.000000	0.900349	0.987288	0.989106
290	0.951179	1.000000	1.000000	0.901748	0.987288	0.989106
300	0.953015	1.000000	1.000000	0.902945	0.987288	0.989106
310	0.954662	1.000000	1.000000	0.904296	0.987288	0.989106
320	0.956616	1.000000	1.000000	0.906019	0.987288	0.989106
330	0.958196	1.000000	1.000000	0.907301	0.987288	0.989106
340	0.959227	1.000000	1.000000	0.907514	0.987288	0.989106
350	0.960609	1.000000	1.000000	0.908574	0.987288	0.989106
360	0.961854	1.000000	1.000000	0.909307	0.987288	0.989106
370	0.962679	1.000000	1.000000	0.909486	0.987288	0.989106
380	0.963876	1.000000	1.000000	0.910590	0.987288	0.989106
390	0.964707	1.000000	1.000000	0.911200	0.987288	0.989106
400	0.966125	1.000000	1.000000	0.912298	0.987288	0.989106
410	0.967010	1.000000	1.000000	0.913198	0.987288	0.989106
420	0.967861	1.000000	1.000000	0.914010	0.987288	0.989106
430	0.968566	1.000000	1.000000	0.914622	0.987288	0.989106
440	0.969135	1.000000	1.000000	0.914657	0.987288	0.989106
450	0.969867	1.000000	1.000000	0.915010	0.987288	0.989106
460	0.970878	1.000000	1.000000	0.915809	0.987288	0.989106
470	0.971638	1.000000	1.000000	0.916862	0.987288	0.989106
480	0.972220	1.000000	1.000000	0.917457	0.987288	0.989106
490	0.972719	1.000000	1.000000	0.917942	0.987288	0.989106
500	0.973227	1.000000	1.000000	0.918293	0.987288	0.989106
510	0.973787	1.000000	1.000000	0.918695	0.987288	0.989106
520	0.974390	1.000000	1.000000	0.919360	0.987288	0.989106
530	0.975030	1.000000	1.000000	0.919702	0.987288	0.989106
540	0.975410	1.000000	1.000000	0.920114	0.987288	0.989106
550	0.975892	1.000000	1.000000	0.920461	0.987288	0.989106
560	0.976319	1.000000	1.000000	0.920841	0.987288	0.989106
570	0.976734	1.000000	1.000000	0.921228	0.987288	0.989106
580	0.977070	1.000000	1.000000	0.921462	0.987288	0.989106
590	0.977420	1.000000	1.000000	0.921592	0.987288	0.989106
600	0.977741	1.000000	1.000000	0.921466	0.987288	0.989106
610	0.978035	1.000000	1.000000	0.921851	0.991525	0.992655
620	0.978474	1.000000	1.000000	0.922261	0.991525	0.992655
630	0.978899	1.000000	1.000000	0.922681	0.991525	0.992655
640	0.979341	1.000000	1.000000	0.923001	0.991525	0.992655
650	0.979652	1.000000	1.000000	0.923242	0.991525	0.992655
660	0.980071	1.000000	1.000000	0.923662	0.991525	0.992655
670	0.980257	1.000000	1.000000	0.923822	0.991525	0.992655
680	0.980504	1.000000	1.000000	0.924007	0.991525	0.992655
690	0.980784	1.000000	1.000000	0.924055	0.991525	0.992655
700	0.981057	1.000000	1.000000	0.924282	0.991525	0.992655
710	0.981248	1.000000	1.000000	0.924471	0.991525	0.992655
720	0.981563	1.000000	1.000000	0.924605	0.991525	0.992655
730	0.981979	1.000000	1.000000	0.925017	0.991525	0.992655
740	0.982212	1.000000	1.000000	0.925331	0.991525	0.992655
750	0.982434	1.000000	1.000000	0.925636	0.991525	0.992655
760	0.982628	1.000000	1.000000	0.925519	0.991525	0.992655
770	0.982878	1.000000	1.000000	0.925542	0.991525	0.992655
780	0.983164	1.000000	1.000000	0.925958	0.991525	0.992655
790	0.983423	1.000000	1.000000	0.926191	0.991525	0.992655
800	0.983646	1.000000	1.000000	0.926532	0.991525	0.992655
810	0.983833	1.000000	1.000000	0.926533	0.991525	0.992655
820	0.984001	1.000000	1.000000	0.926516	0.991525	0.992655
830	0.984206	1.000000	1.000000	0.926684	0.991525	0.992655
840	0.984348	1.000000	1.000000	0.926791	0.991525	0.992655
850	0.984562	1.000000	1.000000	0.926820	0.991525	0.992655
860	0.984698	1.000000	1.000000	0.926738	0.991525	0.992655
870	0.984923	1.000000	1.000000	0.926961	0.991525	0.992655
880	0.985142	1.000000	1.000000	0.927077	0.991525	0.992655
890	0.985306	1.000000	1.000000	0.927003	0.991525	0.992655
900	0.985467	1.000000	1.000000	0.927093	0.991525	0.992655
910	0.985609	1.000000	1.000000	0.927178	0.991525	0.992655
920	0.985790	1.000000	1.000000	0.927254	0.991525	0.992655
930	0.985951	1.000000	1.000000	0.927499	0.991525	0.992655
940	0.986096	1.000000	1.000000	0.927541	0.991525	0.992655
950	0.986218	1.000000	1.000000	0.927616	0.991525	0.992655
960	0.986407	1.000000	1.000000	0.927936	0.991525	0.992655
970	0.986537	1.000000	1.000000	0.928026	0.991525	0.992655
980	0.986676	1.000000	1.000000	0.928134	0.991525	0.992655
990	0.986853	1.000000	1.000000	0.928260	0.991525	0.992655
1000	0.986972	1.000000	1.000000	0.928368	0.991525	0.992655
1010	0.987119	1.000000	1.000000	0.928369	0.991525	0.992655
1020	0.987252	1.000000	1.000000	0.928451	0.991525	0.992655
1030	0.987338	1.000000	1.000000	0.928332	0.991525	0.992655
1040	0.987491	1.000000	1.000000	0.928353	0.991525	0.992655
1050	0.987604	1.000000	1.000000	0.928268	0.991525	0.992655
1060	0.987731	1.000000	1.000000	0.928261	0.991525	0.992655
1070	0.987891	1.000000	1.000000	0.928491	0.991525	0.992655
1080	0.987992	1.000000	1.000000	0.928542	0.991525	0.992655
1090	0.988094	1.000000	1.000000	0.928495	0.991525	0.992655
1100	0.988175	1.000000	1.000000	0.928478	0.991525	0.992655
1110	0.988254	1.000000	1.000000	0.928456	0.991525	0.992655
1120	0.988348	1.000000	1.000000	0.928237	0.991525	0.992655
1130	0.988486	1.000000	1.000000	0.928276	0.991525	0.992655
1140	0.988658	1.000000	1.000000	0.928363	0.991525	0.992655
1150	0.988747	1.000000	1.000000	0.928479	0.991525	0.992655
1160	0.988833	1.000000	1.000000	0.928601	0.991525	0.992655
1170	0.988921	1.000000	1.000000	0.928578	0.991525	0.992655
1180	0.989036	1.000000	1.000000	0.928628	0.991525	0.992655
1190	0.989131	1.000000	1.000000	0.928620	0.991525	0.992655
1200	0.989211	1.000000	1.000000	0.928600	0.991525	0.992655
1210	0.989300	1.000000	1.000000	0.928791	0.991525	0.992655
1220	0.989396	1.000000	1.000000	0.928752	0.991525	0.992655
1230	0.989482	1.000000	1.000000	0.928692	0.991525	0.992655
1240	0.989563	1.000000	1.000000	0.928714	0.991525	0.992655
1250	0.989667	1.000000	1.000000	0.928727	0.991525	0.992655
1260	0.989746	1.000000	1.000000	0.928761	0.991525	0.992655
1270	0.989858	1.000000	1.000000	0.928976	0.991525	0.992655
1280	0.989922	1.000000	1.000000	0.929015	0.991525	0.992655
1290	0.990013	1.000000	1.000000	0.929050	0.991525	0.992655
1300	0.990097	1.000000	1.000000	0.929109	0.991525	0.992655
1310	0.990152	1.000000	1.000000	0.929051	0.991525	0.992655
1320	0.990236	1.000000	1.000000	0.929129	0.991525	0.992655
1330	0.990294	1.000000	1.000000	0.929264	0.991525	0.992655
1340	0.990345	1.000000	1.000000	0.929233	0.991525	0.992655
1350	0.990420	1.000000	1.000000	0.929279	0.991525	0.992655
1360	0.990498	1.000000	1.000000	0.929334	0.991525	0.992655
1370	0.990551	1.000000	1.000000	0.929292	0.991525	0.992655
1380	0.990627	1.000000	1.000000	0.929271	0.991525	0.992655
1390	0.990707	1.000000	1.000000	0.929326	0.991525	0.992655
1400	0.990786	1.000000	1.000000	0.929427	0.991525	0.992655
1410	0.990834	1.000000	1.000000	0.929454	0.991525	0.992655
1420	0.990902	1.000000	1.000000	0.929573	0.991525	0.992655
1430	0.990951	1.000000	1.000000	0.929615	0.991525	0.992655
1440	0.991008	1.000000	1.000000	0.929551	0.991525	0.992655
1450	0.991051	1.000000	1.000000	0.929591	0.991525	0.992655
1460	0.991104	1.000000	1.000000	0.929580	0.991525	0.992655
1470	0.991151	1.000000	1.000000	0.929540	0.991525	0.992655
1480	0.991212	1.000000	1.000000	0.929567	0.991525	0.992655
1490	0.991272	1.000000	1.000000	0.929576	0.991525	0.992655
1500	0.991328	1.000000	1.000000	0.929639	0.991525	0.992655
1510	0.991388	1.000000	1.000000	0.929704	0.991525	0.992655
1520	0.991458	1.000000	1.000000	0.929859	0.991525	0.992655
1530	0.991519	1.000000	1.000000	0.929841	0.991525	0.992655
1540	0.991567	1.000000	1.000000	0.929786	0.991525	0.992655
1550	0.991625	1.000000	1.000000	0.929882	0.991525	0.992655
1560	0.991685	1.000000	1.000000	0.929951	0.991525	0.992655
1570	0.991740	1.000000	1.000000	0.929908	0.991525	0.992655
1580	0.991786	1.000000	1.000000	0.929880	0.991525	0.992655
1590	0.991842	1.000000	1.000000	0.929902	0.991525	0.992655
1600	0.991895	1.000000	1.000000	0.929913	0.991525	0.992655
1610	0.991950	1.000000	1.000000	0.930058	0.991525	0.992655
1620	0.991980	1.000000	1.000000	0.929973	0.991525	0.992655
1630	0.992030	1.000000	1.000000	0.930005	0.991525	0.992655
1640	0.992075	1.000000	1.000000	0.930039	0.991525	0.992655
1650	0.992121	1.000000	1.000000	0.930076	0.991525	0.992655
1660	0.992171	1.000000	1.000000	0.930074	0.991525	0.992655
1670	0.992209	1.000000	1.000000	0.930069	0.991525	0.992655
1680	0.992263	1.000000	1.000000	0.930123	0.991525	0.992655
1690	0.992325	1.000000	1.000000	0.930039	0.991525	0.992655
1700	0.992376	1.000000	1.000000	0.930009	0.991525	0.992655
1710	0.992416	1.000000	1.000000	0.930004	0.991525	0.992655
1720	0.992463	1.000000	1.000000	0.930071	0.991525	0.992655
1730	0.992501	1.000000	1.000000	0.930032	0.991525	0.992655
1740	0.992550	1.000000	1.000000	0.930089	0.991525	0.992655
1750	0.992580	1.000000	1.000000	0.930089	0.991525	0.992655
1760	0.992623	1.000000	1.000000	0.930090	0.991525	0.992655
1770	0.992656	1.000000	1.000000	0.930017	0.991525	0.992655
1780	0.992692	1.000000	1.000000	0.930067	0.991525	0.992655
1790	0.992732	1.000000	1.000000	0.930068	0.991525	0.992655
1800	0.992778	1.000000	1.000000	0.930014	0.991525	0.992655
1810	0.992816	1.000000	1.000000	0.929995	0.991525	0.992655
1820	0.992854	1.000000	1.000000	0.930088	0.991525	0.992655
1830	0.992896	1.000000	1.000000	0.930074	0.991525	0.992655
1840	0.992926	1.000000	1.000000	0.930038	0.991525	0.992655
1850	0.992963	1.000000	1.000000	0.930042	0.991525	0.992655
1860	0.993002	1.000000	1.000000	0.930026	0.991525	0.992655
1870	0.993044	1.000000	1.000000	0.930112	0.991525	0.992655
1880	0.993094	1.000000	1.000000	0.930125	0.991525	0.992655
1890	0.993134	1.000000	1.000000	0.930194	0.991525	0.992655
1900	0.993166	1.000000	1.000000	0.929972	0.991525	0.992655
1910	0.993195	1.000000	1.000000	0.929863	0.991525	0.992655
1920	0.993227	1.000000	1.000000	0.929794	0.991525	0.992655
1930	0.993266	1.000000	1.000000	0.929729	0.991525	0.992655
1940	0.993294	1.000000	1.000000	0.929691	0.991525	0.992655
1950	0.993326	1.000000	1.000000	0.929708	0.991525	0.992655
1960	0.993366	1.000000	1.000000	0.929716	0.991525	0.992655
1970	0.993393	1.000000	1.000000	0.929730	0.991525	0.992655
1980	0.993424	1.000000	1.000000	0.929689	0.991525	0.992655
1990	0.993440	1.000000	1.000000	0.929626	0.991525	0.992655
2000	0.993460	1.000000	1.000000	0.929672	0.991525	0.992655
2010	0.993498	1.000000	1.000000	0.929667	0.991525	0.992655
2020	0.993525	1.000000	1.000000	0.929664	0.991525	0.992655
2030	0.993558	1.000000	1.000000	0.929634	0.991525	0.992655
2040	0.993590	1.000000	1.000000	0.929634	0.991525	0.992655
2050	0.993617	1.000000	1.000000	0.929627	0.991525	0.992655
2060	0.993650	1.000000	1.000000	0.929622	0.991525	0.992655
2070	0.993673	1.000000	1.000000	0.929572	0.991525	0.992655
2080	0.993701	1.000000	1.000000	0.929559	0.991525	0.992655
2090	0.993727	1.000000	1.000000	0.929555	0.991525	0.992655
2100	0.993761	1.000000	1.000000	0.929568	0.991525	0.992655
2110	0.993801	1.000000	1.000000	0.929602	0.991525	0.992655
2120	0.993835	1.000000	1.000000	0.929595	0.991525	0.992655
2130	0.993856	1.000000	1.000000	0.929553	0.991525	0.992655
2140	0.993888	1.000000	1.000000	0.929516	0.991525	0.992655
2150	0.993911	1.000000	1.000000	0.929591	0.991525	0.992655
2160	0.993958	1.000000	1.000000	0.929636	0.991525	0.992655
2170	0.993980	1.000000	1.000000	0.929599	0.991525	0.992655
2180	0.994004	1.000000	1.000000	0.929602	0.991525	0.992655
2190	0.994028	1.000000	1.000000	0.929515	0.991525	0.992655
2200	0.994055	1.000000	1.000000	0.929568	0.991525	0.992655
2210	0.994082	1.000000	1.000000	0.929584	0.991525	0.992655
2220	0.994106	1.000000	1.000000	0.929514	0.991525	0.992655
2230	0.994130	1.000000	1.000000	0.929509	0.991525	0.992655
2240	0.994157	1.000000	1.000000	0.929498	0.991525	0.992655
2250	0.994183	1.000000	1.000000	0.929460	0.991525	0.992655
2260	0.994205	1.000000	1.000000	0.929460	0.991525	0.992655
2270	0.994229	1.000000	1.000000	0.929479	0.991525	0.992655
2280	0.994251	1.000000	1.000000	0.929389	0.991525	0.992655
2290	0.994276	1.000000	1.000000	0.929308	0.991525	0.992655
2300	0.994293	1.000000	1.000000	0.929261	0.991525	0.992655
2310	0.994316	1.000000	1.000000	0.929203	0.991525	0.992655
2320	0.994344	1.000000	1.000000	0.929207	0.991525	0.992655
2330	0.994367	1.000000	1.000000	0.929230	0.991525	0.992655
2340	0.994390	1.000000	1.000000	0.929171	0.991525	0.992655
2350	0.994416	1.000000	1.000000	0.929152	0.991525	0.992655
2360	0.994449	1.000000	1.000000	0.929183	0.991525	0.992655
2370	0.994472	1.000000	1.000000	0.929177	0.991525	0.992655
2380	0.994497	1.000000	1.000000	0.929126	0.991525	0.992655
2390	0.994523	1.000000	1.000000	0.929162	0.991525	0.992655
2400	0.994543	1.000000	1.000000	0.929240	0.991525	0.992655
2410	0.994559	1.000000	1.000000	0.929177	0.991525	0.992655
2420	0.994592	1.000000	1.000000	0.929174	0.991525	0.992655
2430	0.994613	1.000000	1.000000	0.929152	0.987288	0.989106
2440	0.994638	1.000000	1.000000	0.929167	0.991525	0.992655
2450	0.994658	1.000000	1.000000	0.929160	0.991525	0.992655
2460	0.994674	1.000000	1.000000	0.929185	0.991525	0.992655
2470	0.994688	1.000000	1.000000	0.929131	0.991525	0.992655
2480	0.994708	1.000000	1.000000	0.929166	0.991525	0.992655
2490	0.994728	1.000000	1.000000	0.929147	0.991525	0.992655
2500	0.994747	1.000000	1.000000	0.929145	0.991525	0.992655
