10	0.436960	0.824604	0.772594	0.391268	0.772926	0.745729
20	0.564789	0.859202	0.880152	0.496912	0.812227	0.856382
30	0.644251	0.984142	0.984197	0.579455	0.956332	0.959687
40	0.699657	0.987025	0.987001	0.630977	0.956332	0.959893
50	0.746548	0.988948	0.988946	0.677368	0.956332	0.959481
60	0.779645	0.993753	0.993741	0.705108	0.965066	0.967375
70	0.806516	0.995675	0.995677	0.728328	0.960699	0.963059
80	0.830416	0.997117	0.997114	0.750088	0.960699	0.963059
90	0.845737	0.998078	0.998073	0.764380	0.960699	0.963059
100	0.861175	0.998078	0.998073	0.777846	0.960699	0.963059
110	0.873254	0.998558	0.998557	0.789264	0.960699	0.963059
120	0.883699	0.999039	0.999033	0.798108	0.960699	0.963059
130	0.894195	0.999519	0.999518	0.809018	0.969432	0.971222
140	0.902856	0.999519	0.999518	0.817920	0.969432	0.971222
150	0.908112	0.999519	0.999518	0.823022	0.969432	0.971222
160	0.913740	0.999519	0.999518	0.827167	0.965066	0.967052
170	0.919803	0.999519	0.999518	0.831735	0.965066	0.967052
180	0.925078	1.000000	1.000000	0.836978	0.965066	0.967052
190	0.928948	0.999519	0.999518	0.840185	0.965066	0.967052
200	0.932257	1.000000	1.000000	0.843446	0.965066	0.967052
210	0.934832	1.000000	1.000000	0.846240	0.965066	0.967052
220	0.938591	1.000000	1.000000	0.850313	0.965066	0.967052
230	0.941532	1.000000	1.000000	0.853559	0.965066	0.967052
240	0.944734	1.000000	1.000000	0.856692	0.965066	0.967052
250	0.946944	1.000000	1.000000	0.858970	0.965066	0.967052
260	0.948726	1.000000	1.000000	0.860537	0.965066	0.967052
270	0.950542	1.000000	1.000000	0.860482	0.965066	0.967052
280	0.952495	1.000000	1.000000	0.862443	0.969432	0.971222
290	0.954129	1.000000	1.000000	0.863629	0.969432	0.971222
300	0.955716	1.000000	1.000000	0.865639	0.969432	0.971222
310	0.956784	1.000000	1.000000	0.866497	0.973799	0.975450
320	0.958036	1.000000	1.000000	0.867499	0.973799	0.975450
330	0.959750	1.000000	1.000000	0.869615	0.973799	0.975450
340	0.961274	1.000000	1.000000	0.871336	0.973799	0.975450
350	0.962239	1.000000	1.000000	0.872568	0.973799	0.975450
360	0.963254	1.000000	1.000000	0.872741	0.973799	0.975450
370	0.964245	1.000000	1.000000	0.873854	0.973799	0.975450
380	0.965202	1.000000	1.000000	0.874757	0.973799	0.975450
390	0.966216	1.000000	1.000000	0.876594	0.973799	0.975450
400	0.967148	1.000000	1.000000	0.877337	0.973799	0.975450
410	0.967925	1.000000	1.000000	0.878009	0.973799	0.975450
420	0.968655	1.000000	1.000000	0.878379	0.973799	0.975450
430	0.969442	1.000000	1.000000	0.879319	0.973799	0.975450
440	0.970219	1.000000	1.000000	0.879483	0.973799	0.975450
450	0.971085	1.000000	1.000000	0.880274	0.973799	0.975450
460	0.971697	1.000000	1.000000	0.880892	0.973799	0.975450
470	0.972250	1.000000	1.000000	0.881656	0.973799	0.975450
480	0.972705	1.000000	1.000000	0.881960	0.973799	0.975450
490	0.973512	1.000000	1.000000	0.882500	0.973799	0.975450
500	0.974199	1.000000	1.000000	0.883449	0.973799	0.975450
510	0.974864	1.000000	1.000000	0.884010	0.973799	0.975450
520	0.975427	1.000000	1.000000	0.884649	0.973799	0.975450
530	0.975680	1.000000	1.000000	0.884407	0.973799	0.975450
540	0.976149	1.000000	1.000000	0.884889	0.973799	0.975450
550	0.976527	1.000000	1.000000	0.884964	0.973799	0.975450
560	0.976957	1.000000	1.000000	0.885362	0.973799	0.975450
570	0.977397	1.000000	1.000000	0.885937	0.973799	0.975450
580	0.977823	1.000000	1.000000	0.886231	0.973799	0.975450
590	0.978266	1.000000	1.000000	0.886499	0.973799	0.975450
600	0.978590	1.000000	1.000000	0.887002	0.973799	0.975450
610	0.978873	1.000000	1.000000	0.887420	0.973799	0.975450
620	0.979164	1.000000	1.000000	0.887489	0.973799	0.975450
630	0.979543	1.000000	1.000000	0.888018	0.973799	0.975450
640	0.979841	1.000000	1.000000	0.888225	0.973799	0.975450
650	0.980231	1.000000	1.000000	0.888836	0.973799	0.975450
660	0.980531	1.000000	1.000000	0.888756	0.973799	0.975450
670	0.980837	1.000000	1.000000	0.889339	0.973799	0.975450
680	0.981124	1.000000	1.000000	0.889418	0.973799	0.975450
690	0.981477	1.000000	1.000000	0.889264	0.973799	0.975450
700	0.981797	1.000000	1.000000	0.889671	0.973799	0.975450
710	0.982144	1.000000	1.000000	0.890093	0.973799	0.975450
720	0.982468	1.000000	1.000000	0.890429	0.973799	0.975450
730	0.982704	1.000000	1.000000	0.890650	0.973799	0.975450
740	0.982899	1.000000	1.000000	0.891161	0.973799	0.975450
750	0.983041	1.000000	1.000000	0.891268	0.973799	0.975450
760	0.983217	1.000000	1.000000	0.891271	0.973799	0.975450
770	0.983477	1.000000	1.000000	0.891801	0.973799	0.975450
780	0.983799	1.000000	1.000000	0.892130	0.973799	0.975450
790	0.984017	1.000000	1.000000	0.892552	0.973799	0.975450
800	0.984298	1.000000	1.000000	0.892856	0.973799	0.975450
810	0.984436	1.000000	1.000000	0.893142	0.973799	0.975450
820	0.984654	1.000000	1.000000	0.893380	0.973799	0.975450
830	0.984839	1.000000	1.000000	0.893603	0.973799	0.975450
840	0.984960	1.000000	1.000000	0.893434	0.973799	0.975450
850	0.985131	1.000000	1.000000	0.893314	0.973799	0.975450
860	0.985335	1.000000	1.000000	0.893678	0.973799	0.975450
870	0.985458	1.000000	1.000000	0.893824	0.973799	0.975450
880	0.985638	1.000000	1.000000	0.893966	0.973799	0.975450
890	0.985800	1.000000	1.000000	0.894225	0.973799	0.975450
900	0.985992	1.000000	1.000000	0.894552	0.973799	0.975450
910	0.986151	1.000000	1.000000	0.894671	0.973799	0.975450
920	0.986248	1.000000	1.000000	0.894437	0.973799	0.975450
930	0.986395	1.000000	1.000000	0.894572	0.973799	0.975450
940	0.986569	1.000000	1.000000	0.894846	0.973799	0.975450
950	0.986757	1.000000	1.000000	0.894907	0.973799	0.975450
960	0.986923	1.000000	1.000000	0.895005	0.973799	0.975450
970	0.987041	1.000000	1.000000	0.895256	0.973799	0.975450
980	0.987135	1.000000	1.000000	0.895266	0.973799	0.975450
990	0.987256	1.000000	1.000000	0.895323	0.973799	0.975450
1000	0.987356	1.000000	1.000000	0.895360	0.973799	0.975450
1010	0.987465	1.000000	1.000000	0.895626	0.973799	0.975450
1020	0.987599	1.000000	1.000000	0.895503	0.973799	0.975450
1030	0.987683	1.000000	1.000000	0.895579	0.973799	0.975450
1040	0.987761	1.000000	1.000000	0.895590	0.973799	0.975450
1050	0.987890	1.000000	1.000000	0.895842	0.973799	0.975450
1060	0.988025	1.000000	1.000000	0.895968	0.973799	0.975450
1070	0.988153	1.000000	1.000000	0.896105	0.973799	0.975450
1080	0.988236	1.000000	1.000000	0.896235	0.973799	0.975450
1090	0.988312	1.000000	1.000000	0.896243	0.973799	0.975450
1100	0.988405	1.000000	1.000000	0.896362	0.973799	0.975450
1110	0.988507	1.000000	1.000000	0.896513	0.973799	0.975450
1120	0.988623	1.000000	1.000000	0.896655	0.973799	0.975450
1130	0.988805	1.000000	1.000000	0.897025	0.973799	0.975450
1140	0.988912	1.000000	1.000000	0.897071	0.973799	0.975450
1150	0.988989	1.000000	1.000000	0.896946	0.973799	0.975450
1160	0.989087	1.000000	1.000000	0.897017	0.973799	0.975450
1170	0.989197	1.000000	1.000000	0.897057	0.973799	0.975450
1180	0.989317	1.000000	1.000000	0.897198	0.973799	0.975450
1190	0.989397	1.000000	1.000000	0.897320	0.973799	0.975450
1200	0.989491	1.000000	1.000000	0.897466	0.973799	0.975450
1210	0.989595	1.000000	1.000000	0.897650	0.973799	0.975450
1220	0.989689	1.000000	1.000000	0.897674	0.973799	0.975450
1230	0.989768	1.000000	1.000000	0.897673	0.973799	0.975450
1240	0.989823	1.000000	1.000000	0.897805	0.973799	0.975450
1250	0.989887	1.000000	1.000000	0.897796	0.973799	0.975450
1260	0.989946	1.000000	1.000000	0.897771	0.973799	0.975450
1270	0.990011	1.000000	1.000000	0.897877	0.973799	0.975450
1280	0.990080	1.000000	1.000000	0.897872	0.973799	0.975450
1290	0.990156	1.000000	1.000000	0.897953	0.973799	0.975450
1300	0.990218	1.000000	1.000000	0.897961	0.973799	0.975450
1310	0.990279	1.000000	1.000000	0.898031	0.973799	0.975450
1320	0.990350	1.000000	1.000000	0.898060	0.973799	0.975450
1330	0.990393	1.000000	1.000000	0.898130	0.973799	0.975450
1340	0.990467	1.000000	1.000000	0.898237	0.973799	0.975450
1350	0.990571	1.000000	1.000000	0.898418	0.973799	0.975450
1360	0.990647	1.000000	1.000000	0.898520	0.973799	0.975450
1370	0.990734	1.000000	1.000000	0.898518	0.973799	0.975450
1380	0.990815	1.000000	1.000000	0.898643	0.973799	0.975450
1390	0.990886	1.000000	1.000000	0.898723	0.973799	0.975450
1400	0.990939	1.000000	1.000000	0.898800	0.973799	0.975450
1410	0.990987	1.000000	1.000000	0.898836	0.973799	0.975450
1420	0.991043	1.000000	1.000000	0.898960	0.973799	0.975450
1430	0.991116	1.000000	1.000000	0.898798	0.973799	0.975450
1440	0.991170	1.000000	1.000000	0.898752	0.973799	0.975450
1450	0.991230	1.000000	1.000000	0.898918	0.973799	0.975450
1460	0.991282	1.000000	1.000000	0.899158	0.973799	0.975450
1470	0.991346	1.000000	1.000000	0.899171	0.973799	0.975450
1480	0.991386	1.000000	1.000000	0.899090	0.973799	0.975450
1490	0.991457	1.000000	1.000000	0.899138	0.973799	0.975450
1500	0.991511	1.000000	1.000000	0.899091	0.973799	0.975450
1510	0.991565	1.000000	1.000000	0.899097	0.973799	0.975450
1520	0.991634	1.000000	1.000000	0.899054	0.973799	0.975450
1530	0.991703	1.000000	1.000000	0.899156	0.973799	0.975450
1540	0.991753	1.000000	1.000000	0.899090	0.973799	0.975450
1550	0.991799	1.000000	1.000000	0.899215	0.973799	0.975450
1560	0.991849	1.000000	1.000000	0.899194	0.973799	0.975450
1570	0.991908	1.000000	1.000000	0.899279	0.973799	0.975450
1580	0.991974	1.000000	1.000000	0.899340	0.973799	0.975450
1590	0.992041	1.000000	1.000000	0.899429	0.973799	0.975450
1600	0.992079	1.000000	1.000000	0.899423	0.973799	0.975450
1610	0.992127	1.000000	1.000000	0.899597	0.973799	0.975450
1620	0.992169	1.000000	1.000000	0.899491	0.973799	0.975450
1630	0.992241	1.000000	1.000000	0.899588	0.973799	0.975450
1640	0.992276	1.000000	1.000000	0.899486	0.973799	0.975450
1650	0.992346	1.000000	1.000000	0.899657	0.973799	0.975450
1660	0.992391	1.000000	1.000000	0.899607	0.973799	0.975450
1670	0.992429	1.000000	1.000000	0.899626	0.973799	0.975450
1680	0.992479	1.000000	1.000000	0.899662	0.973799	0.975450
1690	0.992517	1.000000	1.000000	0.899668	0.973799	0.975450
1700	0.992549	1.000000	1.000000	0.899723	0.973799	0.975450
1710	0.992584	1.000000	1.000000	0.899725	0.973799	0.975450
1720	0.992629	1.000000	1.000000	0.899711	0.973799	0.975450
1730	0.992678	1.000000	1.000000	0.899805	0.973799	0.975450
1740	0.992707	1.000000	1.000000	0.899856	0.973799	0.975450
1750	0.992745	1.000000	1.000000	0.899888	0.973799	0.975450
1760	0.992785	1.000000	1.000000	0.899839	0.973799	0.975450
1770	0.992821	1.000000	1.000000	0.899714	0.973799	0.975450
1780	0.992868	1.000000	1.000000	0.899784	0.973799	0.975450
1790	0.992905	1.000000	1.000000	0.899989	0.973799	0.975450
1800	0.992949	1.000000	1.000000	0.899953	0.973799	0.975450
1810	0.992980	1.000000	1.000000	0.899836	0.973799	0.975450
1820	0.993018	1.000000	1.000000	0.899835	0.973799	0.975450
1830	0.993059	1.000000	1.000000	0.899675	0.973799	0.975450
1840	0.993101	1.000000	1.000000	0.899729	0.973799	0.975450
1850	0.993145	1.000000	1.000000	0.899780	0.973799	0.975450
1860	0.993172	1.000000	1.000000	0.899748	0.973799	0.975450
1870	0.993208	1.000000	1.000000	0.899644	0.973799	0.975450
1880	0.993244	1.000000	1.000000	0.899707	0.973799	0.975450
1890	0.993277	1.000000	1.000000	0.899674	0.973799	0.975450
1900	0.993316	1.000000	1.000000	0.899723	0.973799	0.975450
1910	0.993351	1.000000	1.000000	0.899777	0.973799	0.975450
1920	0.993385	1.000000	1.000000	0.899871	0.973799	0.975450
1930	0.993416	1.000000	1.000000	0.899956	0.973799	0.975450
1940	0.993445	1.000000	1.000000	0.900039	0.973799	0.975450
1950	0.993477	1.000000	1.000000	0.900016	0.973799	0.975450
1960	0.993520	1.000000	1.000000	0.900066	0.973799	0.975450
1970	0.993554	1.000000	1.000000	0.900024	0.973799	0.975450
1980	0.993586	1.000000	1.000000	0.900087	0.973799	0.975450
1990	0.993623	1.000000	1.000000	0.900074	0.973799	0.975450
2000	0.993648	1.000000	1.000000	0.900039	0.973799	0.975450
2010	0.993678	1.000000	1.000000	0.899924	0.973799	0.975450
2020	0.993703	1.000000	1.000000	0.899868	0.973799	0.975450
2030	0.993730	1.000000	1.000000	0.899683	0.973799	0.975450
2040	0.993768	1.000000	1.000000	0.899758	0.973799	0.975450
2050	0.993799	1.000000	1.000000	0.899694	0.973799	0.975450
2060	0.993826	1.000000	1.000000	0.899649	0.973799	0.975450
2070	0.993850	1.000000	1.000000	0.899543	0.973799	0.975450
2080	0.993892	1.000000	1.000000	0.899569	0.973799	0.975450
2090	0.993923	1.000000	1.000000	0.899429	0.973799	0.975450
2100	0.993960	1.000000	1.000000	0.899326	0.973799	0.975450
2110	0.993992	1.000000	1.000000	0.899411	0.973799	0.975450
2120	0.994019	1.000000	1.000000	0.899431	0.973799	0.975450
2130	0.994059	1.000000	1.000000	0.899508	0.973799	0.975450
2140	0.994091	1.000000	1.000000	0.899541	0.973799	0.975450
2150	0.994122	1.000000	1.000000	0.899561	0.973799	0.975450
2160	0.994152	1.000000	1.000000	0.899611	0.973799	0.975450
2170	0.994178	1.000000	1.000000	0.899590	0.973799	0.975450
2180	0.994203	1.000000	1.000000	0.899558	0.973799	0.975450
2190	0.994230	1.000000	1.000000	0.899541	0.973799	0.975450
2200	0.994254	1.000000	1.000000	0.899488	0.973799	0.975450
2210	0.994278	1.000000	1.000000	0.899533	0.973799	0.975450
2220	0.994303	1.000000	1.000000	0.899562	0.973799	0.975450
2230	0.994333	1.000000	1.000000	0.899558	0.973799	0.975450
2240	0.994351	1.000000	1.000000	0.899542	0.973799	0.975450
2250	0.994382	1.000000	1.000000	0.899555	0.973799	0.975450
2260	0.994408	1.000000	1.000000	0.899561	0.973799	0.975450
2270	0.994428	1.000000	1.000000	0.899550	0.973799	0.975450
2280	0.994450	1.000000	1.000000	0.899472	0.973799	0.975450
2290	0.994476	1.000000	1.000000	0.899487	0.973799	0.975450
2300	0.994502	1.000000	1.000000	0.899277	0.973799	0.975450
2310	0.994525	1.000000	1.000000	0.899224	0.973799	0.975450
2320	0.994553	1.000000	1.000000	0.899186	0.973799	0.975450
2330	0.994574	1.000000	1.000000	0.899169	0.973799	0.975450
2340	0.994597	1.000000	1.000000	0.899174	0.973799	0.975450
2350	0.994621	1.000000	1.000000	0.899194	0.973799	0.975450
2360	0.994643	1.000000	1.000000	0.899079	0.973799	0.975450
2370	0.994665	1.000000	1.000000	0.899043	0.973799	0.975450
2380	0.994682	1.000000	1.000000	0.899028	0.973799	0.975450
2390	0.994705	1.000000	1.000000	0.898980	0.973799	0.975450
2400	0.994733	1.000000	1.000000	0.898819	0.973799	0.975450
2410	0.994753	1.000000	1.000000	0.898825	0.973799	0.975450
2420	0.994771	1.000000	1.000000	0.898743	0.973799	0.975450
2430	0.994791	1.000000	1.000000	0.898660	0.973799	0.975450
2440	0.994814	1.000000	1.000000	0.898645	0.973799	0.975450
2450	0.994831	1.000000	1.000000	0.898630	0.973799	0.975450
2460	0.994847	1.000000	1.000000	0.898609	0.973799	0.975450
2470	0.994869	1.000000	1.000000	0.898590	0.973799	0.975450
2480	0.994888	1.000000	1.000000	0.898589	0.973799	0.975450
2490	0.994908	1.000000	1.000000	0.898584	0.973799	0.975450
2500	0.994923	1.000000	1.000000	0.898621	0.973799	0.975450
