10	0.440223	0.825458	0.780007	0.428200	0.796610	0.748644
20	0.560712	0.950338	0.953047	0.534354	0.927966	0.930575
30	0.637958	0.985053	0.985258	0.608787	0.957627	0.957768
40	0.706056	0.989392	0.989478	0.669769	0.957627	0.957768
50	0.742464	0.990357	0.990436	0.699863	0.961864	0.961715
60	0.767406	0.993250	0.993297	0.719073	0.961864	0.961715
70	0.799700	0.995178	0.995227	0.745363	0.961864	0.961715
80	0.824213	0.996143	0.996178	0.765832	0.961864	0.961602
90	0.841718	0.996625	0.996654	0.779961	0.961864	0.961602
100	0.855067	0.997107	0.997131	0.790733	0.961864	0.961602
110	0.869739	0.997589	0.997609	0.803724	0.961864	0.961602
120	0.881303	0.997589	0.997609	0.813721	0.961864	0.961715
130	0.886414	0.998071	0.998085	0.818005	0.961864	0.961602
140	0.895236	0.998554	0.998562	0.825577	0.961864	0.961602
150	0.901842	0.998554	0.998562	0.830466	0.961864	0.961602
160	0.908999	0.999036	0.999040	0.836963	0.961864	0.961602
170	0.912918	0.999036	0.999040	0.840530	0.961864	0.961602
180	0.917892	0.999518	0.999517	0.844772	0.961864	0.961602
190	0.921943	0.999518	0.999517	0.848542	0.961864	0.961602
200	0.926788	0.999518	0.999517	0.852831	0.961864	0.961602
210	0.929934	0.999518	0.999517	0.856770	0.961864	0.961602
220	0.933008	0.999518	0.999517	0.860144	0.961864	0.961602
230	0.935510	0.999518	0.999517	0.862712	0.961864	0.961602
240	0.938885	0.999518	0.999517	0.866394	0.961864	0.961602
250	0.940808	0.999518	0.999517	0.868576	0.961864	0.961602
260	0.943821	1.000000	1.000000	0.871305	0.961864	0.961602
270	0.946042	1.000000	1.000000	0.873800	0.961864	0.961602
280	0.948453	1.000000	1.000000	0.875615	0.966102	0.966368
290	0.950452	1.000000	1.000000	0.879487	0.966102	0.966368
300	0.952718	1.000000	1.000000	0.881624	0.966102	0.966368
310	0.954277	1.000000	1.000000	0.882671	0.966102	0.966368
320	0.955523	1.000000	1.000000	0.883753	0.966102	0.966368
330	0.956929	1.000000	1.000000	0.885002	0.966102	0.966368
340	0.958641	1.000000	1.000000	0.888089	0.966102	0.966368
350	0.959591	1.000000	1.000000	0.889364	0.966102	0.966368
360	0.960737	1.000000	1.000000	0.890299	0.966102	0.966368
370	0.961921	1.000000	1.000000	0.892382	0.966102	0.966368
380	0.962896	1.000000	1.000000	0.893466	0.966102	0.966368
390	0.964310	1.000000	1.000000	0.895857	0.966102	0.966368
400	0.965575	1.000000	1.000000	0.897108	0.966102	0.966368
410	0.966681	1.000000	1.000000	0.897954	0.966102	0.966368
420	0.967335	1.000000	1.000000	0.899074	0.966102	0.966368
430	0.968660	1.000000	1.000000	0.901019	0.966102	0.966368
440	0.969474	1.000000	1.000000	0.902139	0.966102	0.966368
450	0.970153	1.000000	1.000000	0.902670	0.966102	0.966368
460	0.970759	1.000000	1.000000	0.903555	0.966102	0.966368
470	0.971654	1.000000	1.000000	0.904338	0.966102	0.966368
480	0.972301	1.000000	1.000000	0.905378	0.966102	0.966368
490	0.972957	1.000000	1.000000	0.905920	0.966102	0.966368
500	0.973447	1.000000	1.000000	0.906837	0.966102	0.966368
510	0.973969	1.000000	1.000000	0.907117	0.966102	0.966368
520	0.974556	1.000000	1.000000	0.908441	0.966102	0.966368
530	0.975174	1.000000	1.000000	0.909338	0.966102	0.966368
540	0.975469	1.000000	1.000000	0.909397	0.966102	0.966368
550	0.976058	1.000000	1.000000	0.909556	0.966102	0.966368
560	0.976559	1.000000	1.000000	0.910064	0.966102	0.966368
570	0.977003	1.000000	1.000000	0.911040	0.966102	0.966368
580	0.977328	1.000000	1.000000	0.911505	0.966102	0.966368
590	0.977756	1.000000	1.000000	0.911767	0.966102	0.966368
600	0.978162	1.000000	1.000000	0.911931	0.966102	0.966368
610	0.978672	1.000000	1.000000	0.912982	0.966102	0.966368
620	0.979120	1.000000	1.000000	0.913874	0.966102	0.966368
630	0.979501	1.000000	1.000000	0.914201	0.966102	0.966368
640	0.979892	1.000000	1.000000	0.914778	0.966102	0.966368
650	0.980160	1.000000	1.000000	0.915986	0.966102	0.966368
660	0.980477	1.000000	1.000000	0.916361	0.966102	0.966368
670	0.980880	1.000000	1.000000	0.916415	0.966102	0.966368
680	0.981084	1.000000	1.000000	0.916448	0.966102	0.966368
690	0.981409	1.000000	1.000000	0.916623	0.966102	0.966368
700	0.981667	1.000000	1.000000	0.916957	0.966102	0.966368
710	0.981980	1.000000	1.000000	0.917370	0.966102	0.966368
720	0.982226	1.000000	1.000000	0.917767	0.966102	0.966368
730	0.982423	1.000000	1.000000	0.918072	0.966102	0.966368
740	0.982692	1.000000	1.000000	0.918152	0.966102	0.966368
750	0.982888	1.000000	1.000000	0.918870	0.966102	0.966368
760	0.983114	1.000000	1.000000	0.919003	0.966102	0.966368
770	0.983318	1.000000	1.000000	0.919816	0.966102	0.966368
780	0.983570	1.000000	1.000000	0.919984	0.966102	0.966368
790	0.983767	1.000000	1.000000	0.920343	0.966102	0.966368
800	0.983934	1.000000	1.000000	0.920537	0.966102	0.966368
810	0.984167	1.000000	1.000000	0.920710	0.966102	0.966368
820	0.984373	1.000000	1.000000	0.920935	0.966102	0.966368
830	0.984505	1.000000	1.000000	0.921260	0.966102	0.966368
840	0.984681	1.000000	1.000000	0.921586	0.966102	0.966368
850	0.984913	1.000000	1.000000	0.921885	0.966102	0.966368
860	0.985085	1.000000	1.000000	0.921989	0.966102	0.966368
870	0.985275	1.000000	1.000000	0.922198	0.966102	0.966368
880	0.985456	1.000000	1.000000	0.922456	0.966102	0.966368
890	0.985607	1.000000	1.000000	0.922449	0.966102	0.966368
900	0.985792	1.000000	1.000000	0.922768	0.966102	0.966368
910	0.985899	1.000000	1.000000	0.923015	0.966102	0.966368
920	0.986116	1.000000	1.000000	0.923033	0.966102	0.966368
930	0.986272	1.000000	1.000000	0.923205	0.966102	0.966368
940	0.986412	1.000000	1.000000	0.923282	0.966102	0.966368
950	0.986533	1.000000	1.000000	0.923436	0.966102	0.966368
960	0.986659	1.000000	1.000000	0.923812	0.966102	0.966368
970	0.986836	1.000000	1.000000	0.923853	0.966102	0.966368
980	0.986953	1.000000	1.000000	0.923804	0.966102	0.966368
990	0.987121	1.000000	1.000000	0.924136	0.966102	0.966368
1000	0.987195	1.000000	1.000000	0.924476	0.966102	0.966368
1010	0.987337	1.000000	1.000000	0.924515	0.966102	0.966368
1020	0.987465	1.000000	1.000000	0.924724	0.966102	0.966368
1030	0.987595	1.000000	1.000000	0.924890	0.966102	0.966368
1040	0.987765	1.000000	1.000000	0.924992	0.966102	0.966368
1050	0.987928	1.000000	1.000000	0.925192	0.966102	0.966368
1060	0.988004	1.000000	1.000000	0.925347	0.966102	0.966368
1070	0.988097	1.000000	1.000000	0.925497	0.966102	0.966368
1080	0.988195	1.000000	1.000000	0.925449	0.966102	0.966368
1090	0.988344	1.000000	1.000000	0.925568	0.966102	0.966368
1100	0.988414	1.000000	1.000000	0.925737	0.966102	0.966368
1110	0.988547	1.000000	1.000000	0.925881	0.966102	0.966368
1120	0.988644	1.000000	1.000000	0.926045	0.966102	0.966368
1130	0.988739	1.000000	1.000000	0.926171	0.966102	0.966368
1140	0.988855	1.000000	1.000000	0.926376	0.966102	0.966368
1150	0.988960	1.000000	1.000000	0.926562	0.966102	0.966368
1160	0.989055	1.000000	1.000000	0.926654	0.966102	0.966368
1170	0.989170	1.000000	1.000000	0.927040	0.974576	0.974071
1180	0.989322	1.000000	1.000000	0.927337	0.974576	0.974071
1190	0.989419	1.000000	1.000000	0.927370	0.974576	0.974071
1200	0.989517	1.000000	1.000000	0.927429	0.974576	0.974071
1210	0.989612	1.000000	1.000000	0.927511	0.974576	0.974071
1220	0.989694	1.000000	1.000000	0.927606	0.974576	0.974071
1230	0.989761	1.000000	1.000000	0.927775	0.974576	0.974071
1240	0.989819	1.000000	1.000000	0.927924	0.974576	0.974071
1250	0.989924	1.000000	1.000000	0.928090	0.974576	0.974071
1260	0.990016	1.000000	1.000000	0.928227	0.974576	0.974071
1270	0.990070	1.000000	1.000000	0.928403	0.974576	0.974071
1280	0.990184	1.000000	1.000000	0.928780	0.974576	0.974071
1290	0.990268	1.000000	1.000000	0.928727	0.974576	0.974071
1300	0.990340	1.000000	1.000000	0.928794	0.974576	0.974071
1310	0.990405	1.000000	1.000000	0.928805	0.974576	0.974071
1320	0.990483	1.000000	1.000000	0.928992	0.974576	0.974071
1330	0.990583	1.000000	1.000000	0.929183	0.974576	0.974071
1340	0.990665	1.000000	1.000000	0.929214	0.974576	0.974071
1350	0.990748	1.000000	1.000000	0.929495	0.974576	0.974071
1360	0.990803	1.000000	1.000000	0.929567	0.974576	0.974071
1370	0.990878	1.000000	1.000000	0.929628	0.974576	0.974071
1380	0.990934	1.000000	1.000000	0.929767	0.974576	0.974071
1390	0.991002	1.000000	1.000000	0.929762	0.974576	0.974071
1400	0.991065	1.000000	1.000000	0.929847	0.974576	0.974071
1410	0.991124	1.000000	1.000000	0.929995	0.974576	0.974071
1420	0.991188	1.000000	1.000000	0.930131	0.974576	0.974071
1430	0.991240	1.000000	1.000000	0.930251	0.974576	0.974071
1440	0.991309	1.000000	1.000000	0.930375	0.974576	0.974071
1450	0.991347	1.000000	1.000000	0.930340	0.974576	0.974071
1460	0.991399	1.000000	1.000000	0.930407	0.974576	0.974071
1470	0.991444	1.000000	1.000000	0.930447	0.974576	0.974071
1480	0.991487	1.000000	1.000000	0.930482	0.974576	0.974071
1490	0.991560	1.000000	1.000000	0.930676	0.974576	0.974071
1500	0.991627	1.000000	1.000000	0.930671	0.974576	0.974071
1510	0.991691	1.000000	1.000000	0.930711	0.974576	0.974071
1520	0.991766	1.000000	1.000000	0.930876	0.974576	0.974071
1530	0.991809	1.000000	1.000000	0.931100	0.974576	0.974071
1540	0.991849	1.000000	1.000000	0.930939	0.974576	0.974071
1550	0.991918	1.000000	1.000000	0.931001	0.974576	0.974071
1560	0.991973	1.000000	1.000000	0.931101	0.974576	0.974071
1570	0.992023	1.000000	1.000000	0.931213	0.974576	0.974071
1580	0.992089	1.000000	1.000000	0.931321	0.974576	0.974071
1590	0.992132	1.000000	1.000000	0.931304	0.974576	0.974071
1600	0.992205	1.000000	1.000000	0.931423	0.974576	0.974071
1610	0.992262	1.000000	1.000000	0.931426	0.974576	0.974071
1620	0.992305	1.000000	1.000000	0.931467	0.974576	0.974071
1630	0.992349	1.000000	1.000000	0.931496	0.974576	0.974071
1640	0.992407	1.000000	1.000000	0.931523	0.974576	0.974071
1650	0.992436	1.000000	1.000000	0.931499	0.974576	0.974071
1660	0.992474	1.000000	1.000000	0.931557	0.974576	0.974071
1670	0.992529	1.000000	1.000000	0.931631	0.974576	0.974071
1680	0.992557	1.000000	1.000000	0.931641	0.974576	0.974071
1690	0.992597	1.000000	1.000000	0.931636	0.974576	0.974071
1700	0.992659	1.000000	1.000000	0.931987	0.974576	0.974071
1710	0.992709	1.000000	1.000000	0.932098	0.974576	0.974071
1720	0.992748	1.000000	1.000000	0.932070	0.974576	0.974071
1730	0.992805	1.000000	1.000000	0.932148	0.974576	0.974071
1740	0.992836	1.000000	1.000000	0.932106	0.974576	0.974071
1750	0.992878	1.000000	1.000000	0.932026	0.974576	0.974071
1760	0.992915	1.000000	1.000000	0.931980	0.974576	0.974071
1770	0.992954	1.000000	1.000000	0.931966	0.974576	0.974071
1780	0.992996	1.000000	1.000000	0.931941	0.974576	0.974071
1790	0.993038	1.000000	1.000000	0.931969	0.974576	0.974071
1800	0.993061	1.000000	1.000000	0.931977	0.974576	0.974071
1810	0.993096	1.000000	1.000000	0.932074	0.974576	0.974071
1820	0.993136	1.000000	1.000000	0.932067	0.974576	0.974071
1830	0.993168	1.000000	1.000000	0.932047	0.974576	0.974071
1840	0.993199	1.000000	1.000000	0.932097	0.974576	0.974071
1850	0.993230	1.000000	1.000000	0.932132	0.974576	0.974071
1860	0.993265	1.000000	1.000000	0.932122	0.974576	0.974071
1870	0.993300	1.000000	1.000000	0.932245	0.974576	0.974071
1880	0.993336	1.000000	1.000000	0.932313	0.974576	0.974071
1890	0.993361	1.000000	1.000000	0.932319	0.974576	0.974071
1900	0.993394	1.000000	1.000000	0.932323	0.974576	0.974071
1910	0.993423	1.000000	1.000000	0.932365	0.974576	0.974071
1920	0.993451	1.000000	1.000000	0.932386	0.974576	0.974071
1930	0.993499	1.000000	1.000000	0.932443	0.974576	0.974071
1940	0.993533	1.000000	1.000000	0.932460	0.974576	0.974071
1950	0.993556	1.000000	1.000000	0.932577	0.974576	0.974071
1960	0.993576	1.000000	1.000000	0.932536	0.974576	0.974071
1970	0.993600	1.000000	1.000000	0.932572	0.974576	0.974071
1980	0.993647	1.000000	1.000000	0.932593	0.974576	0.974071
1990	0.993692	1.000000	1.000000	0.932655	0.974576	0.974071
2000	0.993732	1.000000	1.000000	0.932752	0.974576	0.974071
2010	0.993766	1.000000	1.000000	0.932824	0.974576	0.974071
2020	0.993797	1.000000	1.000000	0.932879	0.974576	0.974071
2030	0.993828	1.000000	1.000000	0.932936	0.974576	0.974071
2040	0.993858	1.000000	1.000000	0.933014	0.974576	0.974071
2050	0.993884	1.000000	1.000000	0.933038	0.974576	0.974071
2060	0.993918	1.000000	1.000000	0.933095	0.974576	0.974071
2070	0.993946	1.000000	1.000000	0.933007	0.974576	0.974071
2080	0.993977	1.000000	1.000000	0.933088	0.974576	0.974071
2090	0.994000	1.000000	1.000000	0.933162	0.974576	0.974071
2100	0.994024	1.000000	1.000000	0.933164	0.974576	0.974071
2110	0.994052	1.000000	1.000000	0.933160	0.974576	0.974071
2120	0.994088	1.000000	1.000000	0.933254	0.974576	0.974071
2130	0.994112	1.000000	1.000000	0.933303	0.974576	0.974071
2140	0.994142	1.000000	1.000000	0.933328	0.974576	0.974071
2150	0.994174	1.000000	1.000000	0.933356	0.974576	0.974071
2160	0.994207	1.000000	1.000000	0.933372	0.974576	0.974071
2170	0.994230	1.000000	1.000000	0.933455	0.974576	0.974071
2180	0.994255	1.000000	1.000000	0.933525	0.974576	0.974071
2190	0.994281	1.000000	1.000000	0.933520	0.974576	0.974071
2200	0.994301	1.000000	1.000000	0.933508	0.974576	0.974071
2210	0.994321	1.000000	1.000000	0.933484	0.974576	0.974071
2220	0.994341	1.000000	1.000000	0.933528	0.974576	0.974071
2230	0.994366	1.000000	1.000000	0.933635	0.974576	0.974071
2240	0.994392	1.000000	1.000000	0.933671	0.974576	0.974071
2250	0.994418	1.000000	1.000000	0.933628	0.974576	0.974071
2260	0.994446	1.000000	1.000000	0.933619	0.974576	0.974071
2270	0.994474	1.000000	1.000000	0.933708	0.974576	0.974071
2280	0.994498	1.000000	1.000000	0.933778	0.974576	0.974071
2290	0.994522	1.000000	1.000000	0.933894	0.974576	0.974071
2300	0.994548	1.000000	1.000000	0.934006	0.974576	0.974071
2310	0.994571	1.000000	1.000000	0.934015	0.974576	0.974071
2320	0.994593	1.000000	1.000000	0.934075	0.974576	0.974071
2330	0.994617	1.000000	1.000000	0.934225	0.974576	0.974071
2340	0.994637	1.000000	1.000000	0.934182	0.974576	0.974071
2350	0.994661	1.000000	1.000000	0.934263	0.974576	0.974071
2360	0.994692	1.000000	1.000000	0.934277	0.974576	0.974071
2370	0.994713	1.000000	1.000000	0.934304	0.974576	0.974071
2380	0.994745	1.000000	1.000000	0.934299	0.974576	0.974071
2390	0.994773	1.000000	1.000000	0.934323	0.974576	0.974071
2400	0.994796	1.000000	1.000000	0.934313	0.974576	0.974071
2410	0.994814	1.000000	1.000000	0.934374	0.974576	0.974071
2420	0.994839	1.000000	1.000000	0.934409	0.974576	0.974021
2430	0.994867	1.000000	1.000000	0.934445	0.974576	0.974021
2440	0.994886	1.000000	1.000000	0.934485	0.974576	0.974021
2450	0.994904	1.000000	1.000000	0.934544	0.974576	0.974021
2460	0.994925	1.000000	1.000000	0.934652	0.974576	0.974021
2470	0.994948	1.000000	1.000000	0.934691	0.974576	0.974021
2480	0.994964	1.000000	1.000000	0.934711	0.974576	0.974021
2490	0.994978	1.000000	1.000000	0.934757	0.974576	0.974021
2500	0.994999	1.000000	1.000000	0.934774	0.974576	0.974021
