10	0.427869	0.819971	0.779690	0.423081	0.810573	0.763827
20	0.551588	0.835814	0.792449	0.531025	0.823789	0.778225
30	0.626792	0.983677	0.983818	0.598174	0.960352	0.961386
40	0.684665	0.990398	0.990434	0.642426	0.964758	0.966623
50	0.732230	0.992799	0.992842	0.683370	0.969163	0.971265
60	0.770971	0.993759	0.993763	0.716244	0.969163	0.971265
70	0.796084	0.994239	0.994233	0.740729	0.973568	0.976028
80	0.822153	0.994719	0.994735	0.761037	0.969163	0.971265
90	0.839955	0.995679	0.995687	0.775324	0.973568	0.976028
100	0.852035	0.997120	0.997110	0.786276	0.973568	0.976028
110	0.869010	0.998080	0.998077	0.800670	0.973568	0.976028
120	0.877893	0.999040	0.999031	0.807328	0.969163	0.971265
130	0.888717	0.999520	0.999515	0.816685	0.973568	0.976028
140	0.896867	0.999520	0.999515	0.822498	0.969163	0.971265
150	0.902572	0.999520	0.999515	0.827065	0.973568	0.976028
160	0.910685	0.999520	0.999515	0.834618	0.973568	0.976028
170	0.914928	0.999520	0.999515	0.837134	0.969163	0.971265
180	0.920522	1.000000	1.000000	0.840673	0.973568	0.976028
190	0.924682	1.000000	1.000000	0.844191	0.973568	0.976028
200	0.928783	1.000000	1.000000	0.846626	0.973568	0.976028
210	0.931816	1.000000	1.000000	0.849432	0.973568	0.976028
220	0.935558	1.000000	1.000000	0.852066	0.973568	0.976028
230	0.937901	1.000000	1.000000	0.854080	0.973568	0.976028
240	0.940878	1.000000	1.000000	0.856400	0.973568	0.976028
250	0.943129	1.000000	1.000000	0.858272	0.973568	0.976028
260	0.945952	1.000000	1.000000	0.859328	0.973568	0.976028
270	0.947596	1.000000	1.000000	0.860631	0.973568	0.976028
280	0.949907	1.000000	1.000000	0.862025	0.973568	0.976028
290	0.951316	1.000000	1.000000	0.863457	0.973568	0.976028
300	0.952681	1.000000	1.000000	0.864164	0.973568	0.976028
310	0.954412	1.000000	1.000000	0.865171	0.973568	0.976028
320	0.956125	1.000000	1.000000	0.867048	0.973568	0.976028
330	0.957784	1.000000	1.000000	0.867872	0.973568	0.976028
340	0.959080	1.000000	1.000000	0.868679	0.973568	0.976028
350	0.960491	1.000000	1.000000	0.870632	0.973568	0.976028
360	0.961771	1.000000	1.000000	0.871920	0.973568	0.976028
370	0.962741	1.000000	1.000000	0.872343	0.973568	0.976028
380	0.963535	1.000000	1.000000	0.872395	0.973568	0.976028
390	0.964963	1.000000	1.000000	0.873914	0.973568	0.976028
400	0.965880	1.000000	1.000000	0.874363	0.973568	0.976028
410	0.966784	1.000000	1.000000	0.874720	0.973568	0.976028
420	0.967453	1.000000	1.000000	0.875122	0.973568	0.976028
430	0.968010	1.000000	1.000000	0.875099	0.973568	0.976028
440	0.968830	1.000000	1.000000	0.876279	0.973568	0.976028
450	0.969615	1.000000	1.000000	0.876357	0.973568	0.976028
460	0.970199	1.000000	1.000000	0.876688	0.973568	0.976028
470	0.970681	1.000000	1.000000	0.876304	0.973568	0.976028
480	0.971204	1.000000	1.000000	0.876789	0.973568	0.976028
490	0.971884	1.000000	1.000000	0.877285	0.973568	0.976028
500	0.972498	1.000000	1.000000	0.877751	0.973568	0.976028
510	0.973011	1.000000	1.000000	0.878422	0.973568	0.976028
520	0.973579	1.000000	1.000000	0.878462	0.973568	0.976028
530	0.974102	1.000000	1.000000	0.877990	0.973568	0.976028
540	0.974730	1.000000	1.000000	0.878395	0.973568	0.976028
550	0.975136	1.000000	1.000000	0.878806	0.973568	0.976028
560	0.975435	1.000000	1.000000	0.878790	0.973568	0.976028
570	0.975772	1.000000	1.000000	0.878977	0.969163	0.971265
580	0.976235	1.000000	1.000000	0.879426	0.969163	0.971265
590	0.976578	1.000000	1.000000	0.879523	0.969163	0.971265
600	0.976855	1.000000	1.000000	0.879299	0.969163	0.971265
610	0.977267	1.000000	1.000000	0.879820	0.969163	0.971265
620	0.977654	1.000000	1.000000	0.880031	0.969163	0.971265
630	0.978135	1.000000	1.000000	0.880036	0.969163	0.971265
640	0.978437	1.000000	1.000000	0.879892	0.969163	0.971265
650	0.978851	1.000000	1.000000	0.879811	0.969163	0.971265
660	0.979211	1.000000	1.000000	0.880145	0.969163	0.971265
670	0.979540	1.000000	1.000000	0.880238	0.969163	0.971265
680	0.979765	1.000000	1.000000	0.880372	0.969163	0.971265
690	0.980080	1.000000	1.000000	0.880329	0.969163	0.971265
700	0.980342	1.000000	1.000000	0.880446	0.969163	0.971265
710	0.980537	1.000000	1.000000	0.880428	0.969163	0.971265
720	0.980727	1.000000	1.000000	0.880408	0.969163	0.971265
730	0.980973	1.000000	1.000000	0.880554	0.969163	0.971265
740	0.981183	1.000000	1.000000	0.880668	0.969163	0.971265
750	0.981527	1.000000	1.000000	0.880602	0.969163	0.971265
760	0.981789	1.000000	1.000000	0.880754	0.969163	0.971265
770	0.982001	1.000000	1.000000	0.880859	0.969163	0.971265
780	0.982336	1.000000	1.000000	0.880836	0.969163	0.971265
790	0.982562	1.000000	1.000000	0.880601	0.969163	0.971265
800	0.982758	1.000000	1.000000	0.880764	0.969163	0.971265
810	0.983021	1.000000	1.000000	0.880857	0.969163	0.971265
820	0.983187	1.000000	1.000000	0.880830	0.969163	0.971265
830	0.983404	1.000000	1.000000	0.880865	0.969163	0.971265
840	0.983580	1.000000	1.000000	0.880773	0.969163	0.971265
850	0.983775	1.000000	1.000000	0.880761	0.969163	0.971265
860	0.983967	1.000000	1.000000	0.880997	0.969163	0.971265
870	0.984202	1.000000	1.000000	0.881130	0.969163	0.971265
880	0.984375	1.000000	1.000000	0.880983	0.969163	0.971265
890	0.984546	1.000000	1.000000	0.881113	0.969163	0.971265
900	0.984699	1.000000	1.000000	0.881109	0.969163	0.971265
910	0.984910	1.000000	1.000000	0.881195	0.969163	0.971265
920	0.985044	1.000000	1.000000	0.881155	0.969163	0.971265
930	0.985173	1.000000	1.000000	0.881032	0.969163	0.971265
940	0.985328	1.000000	1.000000	0.881197	0.969163	0.971265
950	0.985426	1.000000	1.000000	0.881243	0.969163	0.971265
960	0.985590	1.000000	1.000000	0.881190	0.969163	0.971265
970	0.985731	1.000000	1.000000	0.881066	0.969163	0.971265
980	0.985894	1.000000	1.000000	0.881084	0.969163	0.971265
990	0.986024	1.000000	1.000000	0.881123	0.969163	0.971265
1000	0.986093	1.000000	1.000000	0.881123	0.969163	0.971265
1010	0.986193	1.000000	1.000000	0.880676	0.969163	0.971265
1020	0.986346	1.000000	1.000000	0.880661	0.969163	0.971265
1030	0.986527	1.000000	1.000000	0.880771	0.969163	0.971265
1040	0.986652	1.000000	1.000000	0.880858	0.969163	0.971265
1050	0.986765	1.000000	1.000000	0.880658	0.969163	0.971265
1060	0.986834	1.000000	1.000000	0.880566	0.969163	0.971265
1070	0.986984	1.000000	1.000000	0.880599	0.969163	0.971265
1080	0.987096	1.000000	1.000000	0.880888	0.969163	0.971265
1090	0.987174	1.000000	1.000000	0.880804	0.969163	0.971265
1100	0.987307	1.000000	1.000000	0.880795	0.969163	0.971265
1110	0.987456	1.000000	1.000000	0.881026	0.969163	0.971265
1120	0.987570	1.000000	1.000000	0.881095	0.969163	0.971265
1130	0.987660	1.000000	1.000000	0.881235	0.969163	0.971265
1140	0.987743	1.000000	1.000000	0.881321	0.969163	0.971265
1150	0.987848	1.000000	1.000000	0.881415	0.969163	0.971265
1160	0.987982	1.000000	1.000000	0.881409	0.969163	0.971265
1170	0.988088	1.000000	1.000000	0.881366	0.969163	0.971265
1180	0.988173	1.000000	1.000000	0.881250	0.969163	0.971265
1190	0.988308	1.000000	1.000000	0.881132	0.969163	0.971265
1200	0.988393	1.000000	1.000000	0.881174	0.969163	0.971265
1210	0.988460	1.000000	1.000000	0.881192	0.969163	0.971265
1220	0.988570	1.000000	1.000000	0.881489	0.969163	0.971265
1230	0.988635	1.000000	1.000000	0.881480	0.969163	0.971265
1240	0.988716	1.000000	1.000000	0.881463	0.969163	0.971265
1250	0.988841	1.000000	1.000000	0.881537	0.969163	0.971265
1260	0.988943	1.000000	1.000000	0.881567	0.969163	0.971265
1270	0.989001	1.000000	1.000000	0.881407	0.969163	0.971265
1280	0.989109	1.000000	1.000000	0.881580	0.969163	0.971265
1290	0.989212	1.000000	1.000000	0.881509	0.969163	0.971265
1300	0.989281	1.000000	1.000000	0.881479	0.969163	0.971265
1310	0.989343	1.000000	1.000000	0.881411	0.969163	0.971265
1320	0.989404	1.000000	1.000000	0.881503	0.969163	0.971265
1330	0.989502	1.000000	1.000000	0.881614	0.969163	0.971265
1340	0.989595	1.000000	1.000000	0.881571	0.969163	0.971265
1350	0.989655	1.000000	1.000000	0.881616	0.969163	0.971265
1360	0.989704	1.000000	1.000000	0.881622	0.969163	0.971265
1370	0.989787	1.000000	1.000000	0.881628	0.969163	0.971265
1380	0.989862	1.000000	1.000000	0.881595	0.969163	0.971265
1390	0.989909	1.000000	1.000000	0.881630	0.969163	0.971265
1400	0.989983	1.000000	1.000000	0.881725	0.969163	0.971265
1410	0.990077	1.000000	1.000000	0.881784	0.969163	0.971265
1420	0.990167	1.000000	1.000000	0.881795	0.969163	0.971265
1430	0.990228	1.000000	1.000000	0.881681	0.969163	0.971265
1440	0.990306	1.000000	1.000000	0.881675	0.969163	0.971265
1450	0.990386	1.000000	1.000000	0.881701	0.969163	0.971265
1460	0.990436	1.000000	1.000000	0.881791	0.969163	0.971265
1470	0.990494	1.000000	1.000000	0.881593	0.969163	0.971265
1480	0.990538	1.000000	1.000000	0.881576	0.969163	0.971265
1490	0.990622	1.000000	1.000000	0.881663	0.969163	0.971265
1500	0.990660	1.000000	1.000000	0.881723	0.969163	0.971265
1510	0.990707	1.000000	1.000000	0.881724	0.969163	0.971265
1520	0.990756	1.000000	1.000000	0.881681	0.969163	0.971265
1530	0.990837	1.000000	1.000000	0.881772	0.969163	0.971265
1540	0.990890	1.000000	1.000000	0.881801	0.969163	0.971265
1550	0.990937	1.000000	1.000000	0.881769	0.969163	0.971265
1560	0.991018	1.000000	1.000000	0.881844	0.969163	0.971265
1570	0.991072	1.000000	1.000000	0.881700	0.969163	0.971265
1580	0.991127	1.000000	1.000000	0.881807	0.969163	0.971265
1590	0.991170	1.000000	1.000000	0.881743	0.969163	0.971265
1600	0.991232	1.000000	1.000000	0.881686	0.969163	0.971265
1610	0.991273	1.000000	1.000000	0.881692	0.969163	0.971265
1620	0.991311	1.000000	1.000000	0.881706	0.969163	0.971265
1630	0.991352	1.000000	1.000000	0.881718	0.969163	0.971265
1640	0.991415	1.000000	1.000000	0.881673	0.969163	0.971265
1650	0.991475	1.000000	1.000000	0.881683	0.969163	0.971265
1660	0.991553	1.000000	1.000000	0.881566	0.969163	0.971265
1670	0.991590	1.000000	1.000000	0.881488	0.969163	0.971265
1680	0.991651	1.000000	1.000000	0.881600	0.969163	0.971265
1690	0.991693	1.000000	1.000000	0.881627	0.969163	0.971265
1700	0.991730	1.000000	1.000000	0.881540	0.969163	0.971265
1710	0.991770	1.000000	1.000000	0.881492	0.969163	0.971265
1720	0.991813	1.000000	1.000000	0.881439	0.969163	0.971265
1730	0.991859	1.000000	1.000000	0.881337	0.969163	0.971265
1740	0.991893	1.000000	1.000000	0.881351	0.969163	0.971265
1750	0.991932	1.000000	1.000000	0.881312	0.969163	0.971265
1760	0.991983	1.000000	1.000000	0.881339	0.969163	0.971265
1770	0.992030	1.000000	1.000000	0.881397	0.969163	0.971265
1780	0.992070	1.000000	1.000000	0.881430	0.969163	0.971265
1790	0.992123	1.000000	1.000000	0.881417	0.969163	0.971265
1800	0.992166	1.000000	1.000000	0.881412	0.969163	0.971265
1810	0.992195	1.000000	1.000000	0.881314	0.969163	0.971265
1820	0.992228	1.000000	1.000000	0.881253	0.969163	0.971265
1830	0.992257	1.000000	1.000000	0.881030	0.969163	0.971265
1840	0.992296	1.000000	1.000000	0.881005	0.969163	0.971265
1850	0.992336	1.000000	1.000000	0.880907	0.969163	0.971265
1860	0.992394	1.000000	1.000000	0.880852	0.969163	0.971265
1870	0.992456	1.000000	1.000000	0.880894	0.969163	0.971265
1880	0.992488	1.000000	1.000000	0.880798	0.969163	0.971265
1890	0.992513	1.000000	1.000000	0.880832	0.969163	0.971265
1900	0.992546	1.000000	1.000000	0.880838	0.969163	0.971265
1910	0.992579	1.000000	1.000000	0.880877	0.969163	0.971265
1920	0.992607	1.000000	1.000000	0.880758	0.969163	0.971265
1930	0.992656	1.000000	1.000000	0.880759	0.969163	0.971265
1940	0.992695	1.000000	1.000000	0.880793	0.969163	0.971265
1950	0.992722	1.000000	1.000000	0.880708	0.969163	0.971265
1960	0.992740	1.000000	1.000000	0.880635	0.969163	0.971265
1970	0.992769	1.000000	1.000000	0.880672	0.969163	0.971265
1980	0.992805	1.000000	1.000000	0.880699	0.969163	0.971265
1990	0.992843	1.000000	1.000000	0.880724	0.969163	0.971265
2000	0.992871	1.000000	1.000000	0.880629	0.969163	0.971265
2010	0.992918	1.000000	1.000000	0.880679	0.969163	0.971265
2020	0.992948	1.000000	1.000000	0.880688	0.969163	0.971265
2030	0.992981	1.000000	1.000000	0.880607	0.969163	0.971265
2040	0.993014	1.000000	1.000000	0.880615	0.969163	0.971265
2050	0.993043	1.000000	1.000000	0.880595	0.969163	0.971265
2060	0.993075	1.000000	1.000000	0.880622	0.969163	0.971265
2070	0.993111	1.000000	1.000000	0.880463	0.969163	0.971265
2080	0.993146	1.000000	1.000000	0.880428	0.969163	0.971265
2090	0.993187	1.000000	1.000000	0.880406	0.969163	0.971265
2100	0.993219	1.000000	1.000000	0.880336	0.969163	0.971265
2110	0.993257	1.000000	1.000000	0.880323	0.969163	0.971265
2120	0.993303	1.000000	1.000000	0.880330	0.969163	0.971265
2130	0.993321	1.000000	1.000000	0.880308	0.969163	0.971265
2140	0.993336	1.000000	1.000000	0.880194	0.969163	0.971265
2150	0.993366	1.000000	1.000000	0.880203	0.969163	0.971265
2160	0.993399	1.000000	1.000000	0.880265	0.969163	0.971265
2170	0.993433	1.000000	1.000000	0.880289	0.969163	0.971265
2180	0.993462	1.000000	1.000000	0.880236	0.969163	0.971265
2190	0.993486	1.000000	1.000000	0.880150	0.969163	0.971265
2200	0.993505	1.000000	1.000000	0.880108	0.969163	0.971265
2210	0.993536	1.000000	1.000000	0.880136	0.969163	0.971265
2220	0.993560	1.000000	1.000000	0.880124	0.969163	0.971265
2230	0.993582	1.000000	1.000000	0.879963	0.973568	0.974982
2240	0.993615	1.000000	1.000000	0.879970	0.973568	0.974982
2250	0.993641	1.000000	1.000000	0.879951	0.973568	0.974982
2260	0.993669	1.000000	1.000000	0.880014	0.973568	0.974982
2270	0.993695	1.000000	1.000000	0.880060	0.973568	0.974982
2280	0.993725	1.000000	1.000000	0.880051	0.973568	0.974982
2290	0.993750	1.000000	1.000000	0.879917	0.973568	0.974982
2300	0.993789	1.000000	1.000000	0.879823	0.973568	0.974982
2310	0.993813	1.000000	1.000000	0.879828	0.973568	0.974982
2320	0.993842	1.000000	1.000000	0.879770	0.973568	0.974982
2330	0.993870	1.000000	1.000000	0.879730	0.973568	0.974982
2340	0.993894	1.000000	1.000000	0.879716	0.973568	0.974982
2350	0.993921	1.000000	1.000000	0.879602	0.973568	0.974982
2360	0.993950	1.000000	1.000000	0.879602	0.973568	0.974982
2370	0.993966	1.000000	1.000000	0.879560	0.973568	0.974982
2380	0.993990	1.000000	1.000000	0.879524	0.973568	0.974982
2390	0.994012	1.000000	1.000000	0.879426	0.973568	0.974982
2400	0.994033	1.000000	1.000000	0.879335	0.973568	0.974982
2410	0.994055	1.000000	1.000000	0.879374	0.973568	0.974982
2420	0.994075	1.000000	1.000000	0.879301	0.973568	0.974982
2430	0.994095	1.000000	1.000000	0.879226	0.973568	0.974982
2440	0.994114	1.000000	1.000000	0.879235	0.973568	0.974982
2450	0.994140	1.000000	1.000000	0.879268	0.973568	0.974982
2460	0.994155	1.000000	1.000000	0.879256	0.973568	0.974982
2470	0.994176	1.000000	1.000000	0.879298	0.973568	0.974982
2480	0.994205	1.000000	1.000000	0.879279	0.973568	0.974982
2490	0.994219	1.000000	1.000000	0.879267	0.973568	0.974982
2500	0.994241	1.000000	1.000000	0.879239	0.973568	0.974982
