10	0.420418	0.808541	0.756366	0.454017	0.867257	0.780124
20	0.538973	0.825816	0.777381	0.591565	0.884956	0.797472
30	0.618574	0.974088	0.975105	0.663711	0.977876	0.976585
40	0.672350	0.984165	0.984290	0.702548	0.982301	0.982120
50	0.720309	0.988484	0.988614	0.739475	0.986726	0.986215
60	0.750784	0.989923	0.990012	0.765026	0.977876	0.976436
70	0.783422	0.992802	0.992861	0.790503	0.973451	0.972306
80	0.806523	0.994242	0.994302	0.808471	0.977876	0.977613
90	0.828962	0.995202	0.995238	0.825106	0.973451	0.972306
100	0.842997	0.995681	0.995709	0.834973	0.982301	0.981679
110	0.856921	0.995681	0.995709	0.848068	0.982301	0.980729
120	0.867413	0.996641	0.996666	0.855584	0.982301	0.980729
130	0.878036	0.997601	0.997628	0.864408	0.982301	0.980729
140	0.885457	0.998081	0.998101	0.870357	0.982301	0.980729
150	0.890871	0.998560	0.998579	0.875240	0.982301	0.980729
160	0.899500	0.998560	0.998579	0.882743	0.986726	0.985897
170	0.905384	0.999520	0.999526	0.887790	0.986726	0.985897
180	0.910785	0.999040	0.999056	0.891308	0.986726	0.985897
190	0.916210	1.000000	1.000000	0.897163	0.986726	0.985897
200	0.920576	1.000000	1.000000	0.900200	0.986726	0.985897
210	0.925057	1.000000	1.000000	0.904567	0.986726	0.985897
220	0.928048	1.000000	1.000000	0.907251	0.986726	0.985897
230	0.932487	1.000000	1.000000	0.910991	0.986726	0.985897
240	0.934471	1.000000	1.000000	0.912944	0.986726	0.985897
250	0.936990	1.000000	1.000000	0.915172	0.986726	0.985897
260	0.938961	1.000000	1.000000	0.916891	0.986726	0.985897
270	0.941123	1.000000	1.000000	0.918640	0.986726	0.985897
280	0.943558	1.000000	1.000000	0.920517	0.986726	0.985897
290	0.945325	1.000000	1.000000	0.922481	0.986726	0.985897
300	0.948055	1.000000	1.000000	0.924718	0.991150	0.990658
310	0.950229	1.000000	1.000000	0.926518	0.991150	0.990658
320	0.952111	1.000000	1.000000	0.928000	0.991150	0.990658
330	0.953617	1.000000	1.000000	0.929021	0.986726	0.985897
340	0.954932	1.000000	1.000000	0.930341	0.991150	0.990658
350	0.956739	1.000000	1.000000	0.932605	0.991150	0.990658
360	0.958273	1.000000	1.000000	0.933960	0.991150	0.990658
370	0.959596	1.000000	1.000000	0.935940	0.991150	0.990658
380	0.960685	1.000000	1.000000	0.936920	0.991150	0.990658
390	0.961851	1.000000	1.000000	0.937817	0.991150	0.990658
400	0.962947	1.000000	1.000000	0.938795	0.991150	0.990658
410	0.963938	1.000000	1.000000	0.939804	0.991150	0.990658
420	0.964899	1.000000	1.000000	0.940849	0.991150	0.990658
430	0.966065	1.000000	1.000000	0.941558	0.991150	0.990658
440	0.967068	1.000000	1.000000	0.942657	0.991150	0.990658
450	0.967624	1.000000	1.000000	0.943393	0.991150	0.990658
460	0.968521	1.000000	1.000000	0.944248	0.991150	0.990658
470	0.969271	1.000000	1.000000	0.945293	0.991150	0.990658
480	0.970009	1.000000	1.000000	0.946216	0.991150	0.990658
490	0.970783	1.000000	1.000000	0.947322	0.991150	0.990658
500	0.971252	1.000000	1.000000	0.947701	0.991150	0.990658
510	0.971805	1.000000	1.000000	0.948347	0.991150	0.990658
520	0.972458	1.000000	1.000000	0.949047	0.991150	0.990658
530	0.972886	1.000000	1.000000	0.949715	0.991150	0.990658
540	0.973405	1.000000	1.000000	0.949890	0.991150	0.990658
550	0.973861	1.000000	1.000000	0.950266	0.991150	0.990658
560	0.974338	1.000000	1.000000	0.950711	0.991150	0.990658
570	0.974852	1.000000	1.000000	0.951188	0.991150	0.990658
580	0.975290	1.000000	1.000000	0.951641	0.991150	0.990658
590	0.975722	1.000000	1.000000	0.952119	0.991150	0.990658
600	0.976062	1.000000	1.000000	0.953218	0.991150	0.990658
610	0.976392	1.000000	1.000000	0.953650	0.991150	0.990658
620	0.976820	1.000000	1.000000	0.953684	0.991150	0.990658
630	0.977366	1.000000	1.000000	0.954067	0.991150	0.990658
640	0.977680	1.000000	1.000000	0.954105	0.991150	0.990658
650	0.977968	1.000000	1.000000	0.954468	0.991150	0.990658
660	0.978293	1.000000	1.000000	0.954983	0.991150	0.990658
670	0.978560	1.000000	1.000000	0.955100	0.991150	0.990658
680	0.978937	1.000000	1.000000	0.955411	0.991150	0.990658
690	0.979288	1.000000	1.000000	0.956111	0.991150	0.990658
700	0.979489	1.000000	1.000000	0.956081	0.991150	0.990658
710	0.979927	1.000000	1.000000	0.956644	0.991150	0.990658
720	0.980228	1.000000	1.000000	0.956789	0.991150	0.990658
730	0.980591	1.000000	1.000000	0.957150	0.991150	0.990658
740	0.980817	1.000000	1.000000	0.957531	0.991150	0.990658
750	0.981027	1.000000	1.000000	0.957908	0.991150	0.990658
760	0.981305	1.000000	1.000000	0.958018	0.991150	0.990658
770	0.981574	1.000000	1.000000	0.958407	0.991150	0.990658
780	0.981832	1.000000	1.000000	0.958624	0.991150	0.990658
790	0.982062	1.000000	1.000000	0.959083	0.991150	0.990658
800	0.982255	1.000000	1.000000	0.959416	0.991150	0.990658
810	0.982595	1.000000	1.000000	0.959890	0.991150	0.990658
820	0.982826	1.000000	1.000000	0.959996	0.991150	0.990658
830	0.983039	1.000000	1.000000	0.960224	0.991150	0.990658
840	0.983251	1.000000	1.000000	0.960292	0.991150	0.990658
850	0.983427	1.000000	1.000000	0.960396	0.991150	0.990658
860	0.983628	1.000000	1.000000	0.960604	0.991150	0.990658
870	0.983855	1.000000	1.000000	0.960945	0.991150	0.990658
880	0.984057	1.000000	1.000000	0.961267	0.991150	0.990658
890	0.984293	1.000000	1.000000	0.961309	0.991150	0.990658
900	0.984488	1.000000	1.000000	0.961340	0.991150	0.990658
910	0.984684	1.000000	1.000000	0.961518	0.991150	0.990658
920	0.984878	1.000000	1.000000	0.961739	0.991150	0.990658
930	0.984990	1.000000	1.000000	0.961688	0.991150	0.990658
940	0.985151	1.000000	1.000000	0.961861	0.991150	0.990658
950	0.985319	1.000000	1.000000	0.962013	0.991150	0.990658
960	0.985469	1.000000	1.000000	0.962207	0.991150	0.990658
970	0.985624	1.000000	1.000000	0.962431	0.991150	0.990658
980	0.985773	1.000000	1.000000	0.962567	0.991150	0.990658
990	0.985922	1.000000	1.000000	0.962781	0.991150	0.990658
1000	0.986036	1.000000	1.000000	0.963327	0.991150	0.990658
1010	0.986155	1.000000	1.000000	0.963258	0.991150	0.990658
1020	0.986279	1.000000	1.000000	0.963395	0.991150	0.990658
1030	0.986427	1.000000	1.000000	0.963513	0.991150	0.990658
1040	0.986557	1.000000	1.000000	0.963667	0.991150	0.990658
1050	0.986729	1.000000	1.000000	0.963716	0.991150	0.990658
1060	0.986816	1.000000	1.000000	0.963757	0.991150	0.990658
1070	0.986936	1.000000	1.000000	0.963796	0.991150	0.990658
1080	0.987077	1.000000	1.000000	0.963905	0.991150	0.990658
1090	0.987136	1.000000	1.000000	0.963967	0.991150	0.990658
1100	0.987262	1.000000	1.000000	0.963940	0.991150	0.990658
1110	0.987367	1.000000	1.000000	0.963971	0.991150	0.990658
1120	0.987458	1.000000	1.000000	0.964115	0.991150	0.990658
1130	0.987552	1.000000	1.000000	0.964196	0.991150	0.990658
1140	0.987642	1.000000	1.000000	0.964339	0.991150	0.990658
1150	0.987751	1.000000	1.000000	0.964445	0.991150	0.990658
1160	0.987812	1.000000	1.000000	0.964615	0.991150	0.990658
1170	0.987956	1.000000	1.000000	0.964783	0.991150	0.990658
1180	0.988078	1.000000	1.000000	0.964951	0.991150	0.990658
1190	0.988148	1.000000	1.000000	0.964962	0.991150	0.990658
1200	0.988254	1.000000	1.000000	0.965045	0.991150	0.990658
1210	0.988362	1.000000	1.000000	0.965269	0.991150	0.990658
1220	0.988453	1.000000	1.000000	0.965355	0.991150	0.990658
1230	0.988545	1.000000	1.000000	0.965454	0.991150	0.990658
1240	0.988618	1.000000	1.000000	0.965578	0.991150	0.990658
1250	0.988695	1.000000	1.000000	0.965579	0.991150	0.990658
1260	0.988790	1.000000	1.000000	0.965656	0.991150	0.990658
1270	0.988854	1.000000	1.000000	0.965592	0.991150	0.990658
1280	0.988938	1.000000	1.000000	0.965746	0.991150	0.990658
1290	0.989074	1.000000	1.000000	0.965954	0.991150	0.990658
1300	0.989147	1.000000	1.000000	0.966015	0.991150	0.990658
1310	0.989214	1.000000	1.000000	0.966133	0.991150	0.990658
1320	0.989266	1.000000	1.000000	0.966208	0.991150	0.990658
1330	0.989307	1.000000	1.000000	0.966325	0.991150	0.990658
1340	0.989356	1.000000	1.000000	0.966385	0.991150	0.990658
1350	0.989453	1.000000	1.000000	0.966534	0.991150	0.990658
1360	0.989534	1.000000	1.000000	0.966611	0.991150	0.990658
1370	0.989619	1.000000	1.000000	0.966676	0.991150	0.990658
1380	0.989704	1.000000	1.000000	0.967076	0.991150	0.990658
1390	0.989767	1.000000	1.000000	0.967164	0.991150	0.990658
1400	0.989828	1.000000	1.000000	0.967094	0.991150	0.990658
1410	0.989912	1.000000	1.000000	0.967197	0.991150	0.990658
1420	0.989982	1.000000	1.000000	0.967214	0.991150	0.990658
1430	0.990046	1.000000	1.000000	0.967399	0.991150	0.990658
1440	0.990129	1.000000	1.000000	0.967474	0.991150	0.990658
1450	0.990201	1.000000	1.000000	0.967410	0.991150	0.990658
1460	0.990288	1.000000	1.000000	0.967279	0.991150	0.990658
1470	0.990344	1.000000	1.000000	0.967399	0.991150	0.990658
1480	0.990410	1.000000	1.000000	0.967552	0.991150	0.990658
1490	0.990467	1.000000	1.000000	0.967627	0.991150	0.990658
1500	0.990526	1.000000	1.000000	0.967674	0.991150	0.990658
1510	0.990605	1.000000	1.000000	0.967733	0.991150	0.990658
1520	0.990678	1.000000	1.000000	0.967807	0.991150	0.990658
1530	0.990753	1.000000	1.000000	0.967869	0.991150	0.990658
1540	0.990800	1.000000	1.000000	0.967936	0.991150	0.990658
1550	0.990857	1.000000	1.000000	0.968006	0.991150	0.990658
1560	0.990918	1.000000	1.000000	0.968023	0.991150	0.990658
1570	0.991004	1.000000	1.000000	0.968214	0.991150	0.990658
1580	0.991070	1.000000	1.000000	0.968277	0.991150	0.990658
1590	0.991139	1.000000	1.000000	0.968319	0.991150	0.990658
1600	0.991209	1.000000	1.000000	0.968364	0.991150	0.990658
1610	0.991270	1.000000	1.000000	0.968406	0.991150	0.990658
1620	0.991330	1.000000	1.000000	0.968395	0.991150	0.990658
1630	0.991369	1.000000	1.000000	0.968478	0.991150	0.990658
1640	0.991429	1.000000	1.000000	0.968495	0.991150	0.990658
1650	0.991485	1.000000	1.000000	0.968559	0.991150	0.990658
1660	0.991533	1.000000	1.000000	0.968610	0.991150	0.990658
1670	0.991611	1.000000	1.000000	0.968707	0.991150	0.990658
1680	0.991653	1.000000	1.000000	0.968781	0.991150	0.990658
1690	0.991720	1.000000	1.000000	0.968789	0.991150	0.990658
1700	0.991770	1.000000	1.000000	0.968861	0.991150	0.990658
1710	0.991816	1.000000	1.000000	0.968885	0.991150	0.990658
1720	0.991862	1.000000	1.000000	0.969035	0.991150	0.990658
1730	0.991896	1.000000	1.000000	0.969100	0.991150	0.990658
1740	0.991947	1.000000	1.000000	0.969183	0.991150	0.990658
1750	0.991988	1.000000	1.000000	0.969192	0.991150	0.990658
1760	0.992022	1.000000	1.000000	0.969047	0.991150	0.990658
1770	0.992066	1.000000	1.000000	0.969009	0.991150	0.990658
1780	0.992099	1.000000	1.000000	0.968981	0.991150	0.990658
1790	0.992134	1.000000	1.000000	0.968950	0.991150	0.990658
1800	0.992182	1.000000	1.000000	0.969032	0.991150	0.990658
1810	0.992236	1.000000	1.000000	0.969051	0.991150	0.990658
1820	0.992274	1.000000	1.000000	0.969023	0.991150	0.990658
1830	0.992327	1.000000	1.000000	0.968952	0.991150	0.990658
1840	0.992375	1.000000	1.000000	0.969011	0.991150	0.990658
1850	0.992410	1.000000	1.000000	0.969056	0.991150	0.990658
1860	0.992446	1.000000	1.000000	0.969136	0.991150	0.990658
1870	0.992492	1.000000	1.000000	0.969091	0.991150	0.990658
1880	0.992528	1.000000	1.000000	0.969117	0.991150	0.990658
1890	0.992574	1.000000	1.000000	0.969158	0.991150	0.990658
1900	0.992604	1.000000	1.000000	0.969199	0.991150	0.990658
1910	0.992631	1.000000	1.000000	0.969190	0.991150	0.990658
1920	0.992666	1.000000	1.000000	0.969231	0.991150	0.990658
1930	0.992703	1.000000	1.000000	0.969189	0.991150	0.990658
1940	0.992738	1.000000	1.000000	0.969287	0.991150	0.990658
1950	0.992780	1.000000	1.000000	0.969308	0.991150	0.990658
1960	0.992818	1.000000	1.000000	0.969299	0.991150	0.990658
1970	0.992864	1.000000	1.000000	0.969352	0.991150	0.990658
1980	0.992909	1.000000	1.000000	0.969403	0.991150	0.990658
1990	0.992932	1.000000	1.000000	0.969401	0.991150	0.990658
2000	0.992973	1.000000	1.000000	0.969400	0.991150	0.990658
2010	0.993003	1.000000	1.000000	0.969382	0.991150	0.990658
2020	0.993051	1.000000	1.000000	0.969447	0.991150	0.990658
2030	0.993074	1.000000	1.000000	0.969470	0.991150	0.990658
2040	0.993100	1.000000	1.000000	0.969534	0.991150	0.990658
2050	0.993128	1.000000	1.000000	0.969679	0.991150	0.990658
2060	0.993164	1.000000	1.000000	0.969776	0.991150	0.990658
2070	0.993200	1.000000	1.000000	0.969811	0.991150	0.990658
2080	0.993220	1.000000	1.000000	0.969872	0.991150	0.990658
2090	0.993248	1.000000	1.000000	0.969974	0.991150	0.990658
2100	0.993280	1.000000	1.000000	0.970047	0.991150	0.990658
2110	0.993317	1.000000	1.000000	0.970087	0.991150	0.990658
2120	0.993351	1.000000	1.000000	0.970210	0.991150	0.990658
2130	0.993378	1.000000	1.000000	0.970181	0.991150	0.990658
2140	0.993403	1.000000	1.000000	0.970216	0.991150	0.990658
2150	0.993435	1.000000	1.000000	0.970290	0.991150	0.990658
2160	0.993466	1.000000	1.000000	0.970367	0.991150	0.990658
2170	0.993500	1.000000	1.000000	0.970352	0.991150	0.990658
2180	0.993546	1.000000	1.000000	0.970383	0.991150	0.990658
2190	0.993584	1.000000	1.000000	0.970469	0.991150	0.990658
2200	0.993623	1.000000	1.000000	0.970500	0.991150	0.990658
2210	0.993664	1.000000	1.000000	0.970557	0.991150	0.990658
2220	0.993688	1.000000	1.000000	0.970561	0.991150	0.990658
2230	0.993722	1.000000	1.000000	0.970630	0.991150	0.990658
2240	0.993762	1.000000	1.000000	0.970670	0.991150	0.990658
2250	0.993793	1.000000	1.000000	0.970725	0.991150	0.990658
2260	0.993828	1.000000	1.000000	0.970784	0.991150	0.990658
2270	0.993851	1.000000	1.000000	0.970918	0.991150	0.990658
2280	0.993873	1.000000	1.000000	0.970962	0.991150	0.990658
2290	0.993899	1.000000	1.000000	0.971015	0.991150	0.990658
2300	0.993922	1.000000	1.000000	0.971196	0.991150	0.990658
2310	0.993954	1.000000	1.000000	0.971195	0.991150	0.990658
2320	0.993982	1.000000	1.000000	0.971265	0.991150	0.990658
2330	0.994005	1.000000	1.000000	0.971287	0.991150	0.990658
2340	0.994036	1.000000	1.000000	0.971337	0.991150	0.990658
2350	0.994065	1.000000	1.000000	0.971383	0.991150	0.990658
2360	0.994092	1.000000	1.000000	0.971403	0.991150	0.990658
2370	0.994116	1.000000	1.000000	0.971413	0.991150	0.990658
2380	0.994143	1.000000	1.000000	0.971551	0.991150	0.990658
2390	0.994156	1.000000	1.000000	0.971651	0.991150	0.990658
2400	0.994179	1.000000	1.000000	0.971724	0.991150	0.990658
2410	0.994198	1.000000	1.000000	0.971741	0.991150	0.990658
2420	0.994226	1.000000	1.000000	0.971746	0.991150	0.990658
2430	0.994249	1.000000	1.000000	0.971762	0.991150	0.990658
2440	0.994279	1.000000	1.000000	0.971777	0.991150	0.990658
2450	0.994313	1.000000	1.000000	0.971816	0.991150	0.990658
2460	0.994341	1.000000	1.000000	0.971790	0.991150	0.990658
2470	0.994360	1.000000	1.000000	0.971856	0.991150	0.990658
2480	0.994382	1.000000	1.000000	0.971873	0.991150	0.990658
2490	0.994401	1.000000	1.000000	0.971874	0.991150	0.990658
2500	0.994416	1.000000	1.000000	0.971955	0.991150	0.990658
