10	0.43082	0.820738	0.771602	0.423271	0.8117	0.763919	
20	0.554058	0.862705	0.838214	0.536551	0.851743	0.822701	
30	0.627801	0.981184	0.981496	0.606069	0.968643	0.96994	
40	0.688866	0.987779	0.987834	0.661048	0.972979	0.973996	
50	0.735793	0.990718	0.990762	0.703271	0.975173	0.975848	
60	0.769065	0.99264	0.992659	0.733609	0.975883	0.976357	
70	0.797501	0.994325	0.994336	0.75968	0.975444	0.975989	
80	0.820884	0.995674	0.995687	0.780064	0.976356	0.976928	
90	0.839552	0.996636	0.996646	0.796126	0.975472	0.97602	
100	0.853832	0.997165	0.997172	0.809134	0.976357	0.976957	
110	0.867148	0.997549	0.997555	0.821578	0.977194	0.977568	
120	0.877423	0.998271	0.998278	0.830363	0.977635	0.977977	
130	0.887124	0.998415	0.998421	0.839005	0.979412	0.979872	
140	0.895343	0.998846	0.99885	0.847009	0.978936	0.979364	
150	0.901646	0.999085	0.999088	0.852767	0.979795	0.980293	
160	0.908452	0.999231	0.999234	0.858953	0.979801	0.980435	
170	0.91353	0.999375	0.999376	0.863429	0.979823	0.980446	
180	0.918826	0.999519	0.999522	0.867974	0.980264	0.980922	
190	0.923309	0.999663	0.999664	0.872215	0.980264	0.980922	
200	0.927323	0.999807	0.999808	0.875742	0.980264	0.980922	
210	0.930803	0.999807	0.999808	0.879106	0.980264	0.980922	
220	0.93419	0.999855	0.999856	0.882095	0.980264	0.980922	
230	0.937133	0.999904	0.999904	0.884938	0.980264	0.980922	
240	0.94	0.999904	0.999904	0.887673	0.980647	0.981329	
250	0.942464	0.999904	0.999904	0.889847	0.980264	0.980922	
260	0.944752	1	1	0.891942	0.980264	0.980922	
270	0.946856	1	1	0.89369	0.980229	0.980987	
280	0.948997	1	1	0.89575	0.981089	0.98188	
290	0.95084	1	1	0.897644	0.981089	0.98188	
300	0.952619	1	1	0.899193	0.98195	0.982699	
310	0.954186	1	1	0.900557	0.982386	0.983122	
320	0.955699	1	1	0.901913	0.982386	0.983122	
330	0.957114	1	1	0.903205	0.981526	0.982303	
340	0.958557	1	1	0.904699	0.981968	0.982779	
350	0.959829	1	1	0.906173	0.981968	0.982779	
360	0.961056	1	1	0.907299	0.982386	0.983122	
370	0.962179	1	1	0.908443	0.982386	0.983122	
380	0.963199	1	1	0.909248	0.982386	0.983122	
390	0.964349	1	1	0.910493	0.982386	0.983122	
400	0.965381	1	1	0.911474	0.982386	0.983122	
410	0.966307	1	1	0.912196	0.982386	0.983122	
420	0.967104	1	1	0.912987	0.982386	0.983122	
430	0.967952	1	1	0.913937	0.982386	0.983122	
440	0.968742	1	1	0.914664	0.982386	0.983122	
450	0.969531	1	1	0.915342	0.982386	0.983122	
460	0.970232	1	1	0.915977	0.982386	0.983122	
470	0.970945	1	1	0.916675	0.982386	0.983122	
480	0.971521	1	1	0.917235	0.982386	0.983122	
490	0.972136	1	1	0.917865	0.982386	0.983122	
500	0.972745	1	1	0.918503	0.982386	0.983122	
510	0.973301	1	1	0.919075	0.982386	0.983122	
520	0.973834	1	1	0.919619	0.982386	0.983122	
530	0.974326	1	1	0.920065	0.982386	0.983122	
540	0.974794	1	1	0.920394	0.982386	0.983122	
550	0.97523	1	1	0.920688	0.982386	0.983122	
560	0.97568	1	1	0.921023	0.982386	0.983122	
570	0.976164	1	1	0.921528	0.981946	0.982645	
580	0.97656	1	1	0.921892	0.981946	0.982645	
590	0.976944	1	1	0.92223	0.981946	0.982645	
600	0.97732	1	1	0.922597	0.981946	0.982645	
610	0.977696	1	1	0.923054	0.98237	0.983	
620	0.978071	1	1	0.923377	0.98237	0.983	
630	0.978463	1	1	0.923778	0.98237	0.983	
640	0.978786	1	1	0.924013	0.98237	0.983	
650	0.979103	1	1	0.924453	0.98237	0.983	
660	0.979462	1	1	0.924681	0.98237	0.983	
670	0.979794	1	1	0.924975	0.98237	0.983	
680	0.980068	1	1	0.925201	0.98237	0.983	
690	0.980353	1	1	0.925436	0.98237	0.983	
700	0.980597	1	1	0.925599	0.98237	0.983	
710	0.980909	1	1	0.925906	0.98237	0.983	
720	0.981174	1	1	0.926186	0.98237	0.983	
730	0.981448	1	1	0.926436	0.98237	0.983	
740	0.981691	1	1	0.926718	0.98237	0.983	
750	0.981928	1	1	0.927003	0.98237	0.983	
760	0.982176	1	1	0.927174	0.98237	0.983	
770	0.982409	1	1	0.927513	0.98237	0.983	
780	0.982663	1	1	0.927711	0.98237	0.983	
790	0.982885	1	1	0.927881	0.98237	0.983	
800	0.983117	1	1	0.928134	0.98237	0.983	
810	0.983345	1	1	0.928358	0.98237	0.983	
820	0.98354	1	1	0.928529	0.98237	0.983	
830	0.983732	1	1	0.928744	0.98237	0.983	
840	0.983927	1	1	0.928875	0.98237	0.983	
850	0.984119	1	1	0.929025	0.98237	0.983	
860	0.984295	1	1	0.929182	0.98237	0.983	
870	0.984489	1	1	0.929381	0.98237	0.983	
880	0.984682	1	1	0.929537	0.98237	0.983	
890	0.984849	1	1	0.929615	0.98237	0.983	
900	0.98502	1	1	0.929798	0.98237	0.983	
910	0.9852	1	1	0.929952	0.98237	0.983	
920	0.985354	1	1	0.930053	0.98237	0.983	
930	0.985496	1	1	0.930138	0.98237	0.983	
940	0.985652	1	1	0.930263	0.98237	0.983	
950	0.985793	1	1	0.930349	0.98237	0.983	
960	0.985949	1	1	0.930558	0.98237	0.983	
970	0.986101	1	1	0.930717	0.98237	0.983	
980	0.986243	1	1	0.930841	0.98237	0.983	
990	0.986401	1	1	0.931012	0.98237	0.983	
1000	0.986507	1	1	0.931146	0.98237	0.983	
1010	0.986635	1	1	0.931139	0.98237	0.983	
1020	0.98678	1	1	0.931208	0.98237	0.983	
1030	0.986907	1	1	0.931373	0.98237	0.983	
1040	0.987044	1	1	0.931499	0.98237	0.983	
1050	0.987178	1	1	0.931587	0.98237	0.983	
1060	0.987283	1	1	0.931678	0.98237	0.983	
1070	0.987411	1	1	0.931805	0.98237	0.983	
1080	0.987524	1	1	0.931886	0.98237	0.983	
1090	0.987624	1	1	0.931954	0.98237	0.983	
1100	0.987736	1	1	0.932039	0.98237	0.983	
1110	0.987838	1	1	0.932153	0.98237	0.983	
1120	0.987945	1	1	0.932242	0.98237	0.983	
1130	0.988054	1	1	0.932375	0.98237	0.983	
1140	0.988165	1	1	0.932446	0.98237	0.983	
1150	0.988264	1	1	0.932509	0.98237	0.983	
1160	0.988365	1	1	0.932602	0.98237	0.983	
1170	0.988473	1	1	0.932699	0.983217	0.983771	
1180	0.988578	1	1	0.932767	0.983217	0.983771	
1190	0.98867	1	1	0.932816	0.983217	0.983771	
1200	0.988767	1	1	0.932887	0.983217	0.983771	
1210	0.988858	1	1	0.932989	0.983217	0.983771	
1220	0.988951	1	1	0.933088	0.983217	0.983771	
1230	0.989038	1	1	0.933164	0.983217	0.983771	
1240	0.989114	1	1	0.933257	0.983217	0.983771	
1250	0.989195	1	1	0.9333	0.983217	0.983771	
1260	0.989277	1	1	0.933359	0.983217	0.983771	
1270	0.989365	1	1	0.933416	0.983217	0.983771	
1280	0.989457	1	1	0.933521	0.983217	0.983771	
1290	0.989548	1	1	0.933593	0.983217	0.983771	
1300	0.989627	1	1	0.933664	0.983217	0.983771	
1310	0.989695	1	1	0.933748	0.983217	0.983771	
1320	0.989768	1	1	0.933803	0.983217	0.983771	
1330	0.989843	1	1	0.933886	0.983217	0.983771	
1340	0.989915	1	1	0.933932	0.983217	0.983771	
1350	0.989988	1	1	0.934013	0.982799	0.983428	
1360	0.99006	1	1	0.93408	0.982799	0.983428	
1370	0.990139	1	1	0.934152	0.982799	0.983428	
1380	0.990217	1	1	0.934213	0.983217	0.983771	
1390	0.990287	1	1	0.934316	0.983217	0.983771	
1400	0.990358	1	1	0.934357	0.983217	0.983771	
1410	0.990429	1	1	0.934427	0.982799	0.983428	
1420	0.990491	1	1	0.93447	0.982799	0.983428	
1430	0.99055	1	1	0.934487	0.982799	0.983428	
1440	0.990615	1	1	0.934503	0.982799	0.983428	
1450	0.990678	1	1	0.934561	0.982799	0.983428	
1460	0.990739	1	1	0.934631	0.982799	0.983428	
1470	0.990801	1	1	0.934658	0.983217	0.983771	
1480	0.990863	1	1	0.93471	0.982799	0.983428	
1490	0.99093	1	1	0.93476	0.982799	0.983428	
1500	0.990987	1	1	0.934804	0.982799	0.983428	
1510	0.99105	1	1	0.934814	0.982799	0.983428	
1520	0.991121	1	1	0.934889	0.982799	0.983428	
1530	0.991185	1	1	0.934944	0.982799	0.983428	
1540	0.991236	1	1	0.934947	0.982799	0.983428	
1550	0.991295	1	1	0.935006	0.982799	0.983428	
1560	0.991355	1	1	0.935057	0.982799	0.983428	
1570	0.991405	1	1	0.935067	0.982799	0.983428	
1580	0.991462	1	1	0.935142	0.982799	0.983428	
1590	0.991517	1	1	0.935179	0.982799	0.983428	
1600	0.991575	1	1	0.935201	0.982799	0.983428	
1610	0.991629	1	1	0.935241	0.982799	0.983428	
1620	0.991679	1	1	0.935252	0.982799	0.983428	
1630	0.991727	1	1	0.935273	0.982799	0.983428	
1640	0.991776	1	1	0.935289	0.982799	0.983428	
1650	0.991824	1	1	0.935311	0.982799	0.983428	
1660	0.991874	1	1	0.935303	0.982799	0.983428	
1670	0.991925	1	1	0.935355	0.982799	0.983428	
1680	0.991975	1	1	0.9354	0.982799	0.983428	
1690	0.992024	1	1	0.935436	0.982799	0.983428	
1700	0.992073	1	1	0.935482	0.982799	0.983428	
1710	0.992123	1	1	0.935525	0.982799	0.983428	
1720	0.992171	1	1	0.935573	0.982799	0.983428	
1730	0.992218	1	1	0.935632	0.982799	0.983428	
1740	0.992259	1	1	0.935667	0.983217	0.983771	
1750	0.992303	1	1	0.935705	0.983217	0.983771	
1760	0.992346	1	1	0.935705	0.983217	0.983771	
1770	0.992387	1	1	0.935715	0.983217	0.983771	
1780	0.992432	1	1	0.935758	0.983217	0.983771	
1790	0.992476	1	1	0.935798	0.983217	0.983771	
1800	0.992518	1	1	0.93582	0.983217	0.983771	
1810	0.992558	1	1	0.935829	0.983217	0.983771	
1820	0.992597	1	1	0.935835	0.983217	0.983771	
1830	0.992635	1	1	0.935793	0.983217	0.983771	
1840	0.992671	1	1	0.935835	0.983217	0.983771	
1850	0.992715	1	1	0.93587	0.983217	0.983771	
1860	0.992754	1	1	0.935894	0.983217	0.983771	
1870	0.992793	1	1	0.935909	0.983217	0.983771	
1880	0.992829	1	1	0.935926	0.983217	0.983771	
1890	0.992869	1	1	0.935986	0.982799	0.983428	
1900	0.992908	1	1	0.935995	0.982799	0.983428	
1910	0.992943	1	1	0.936024	0.983217	0.983771	
1920	0.992979	1	1	0.936028	0.982799	0.983428	
1930	0.993018	1	1	0.936048	0.982799	0.983428	
1940	0.993049	1	1	0.936083	0.983217	0.983771	
1950	0.993082	1	1	0.936107	0.983217	0.983771	
1960	0.993117	1	1	0.936146	0.983217	0.983771	
1970	0.993153	1	1	0.936164	0.983217	0.983771	
1980	0.993186	1	1	0.936199	0.983217	0.983771	
1990	0.99322	1	1	0.936214	0.983217	0.983771	
2000	0.993255	1	1	0.936223	0.983217	0.983771	
2010	0.993288	1	1	0.936224	0.983217	0.983771	
2020	0.99332	1	1	0.936243	0.982799	0.983428	
2030	0.993351	1	1	0.936231	0.982799	0.983428	
2040	0.993383	1	1	0.936268	0.982799	0.983428	
2050	0.993413	1	1	0.936303	0.982799	0.983428	
2060	0.993444	1	1	0.936335	0.982799	0.983428	
2070	0.993476	1	1	0.936303	0.982799	0.983428	
2080	0.993508	1	1	0.936324	0.982799	0.983428	
2090	0.993538	1	1	0.936386	0.982799	0.983428	
2100	0.993572	1	1	0.936399	0.982799	0.983428	
2110	0.993603	1	1	0.936416	0.982799	0.983428	
2120	0.993635	1	1	0.936463	0.982799	0.983428	
2130	0.993662	1	1	0.93647	0.982799	0.983428	
2140	0.993691	1	1	0.936485	0.982799	0.983428	
2150	0.993719	1	1	0.936508	0.982799	0.983428	
2160	0.993751	1	1	0.936514	0.982799	0.983428	
2170	0.993778	1	1	0.936533	0.982799	0.983428	
2180	0.993809	1	1	0.936556	0.982799	0.983428	
2190	0.993839	1	1	0.936541	0.982799	0.983428	
2200	0.993862	1	1	0.936556	0.982799	0.983428	
2210	0.993888	1	1	0.936557	0.982799	0.983428	
2220	0.993912	1	1	0.936579	0.982799	0.983428	
2230	0.993939	1	1	0.936591	0.983239	0.9838	
2240	0.993967	1	1	0.936607	0.983239	0.9838	
2250	0.993994	1	1	0.93662	0.983239	0.9838	
2260	0.994022	1	1	0.936642	0.983239	0.9838	
2270	0.994049	1	1	0.936702	0.983239	0.9838	
2280	0.994075	1	1	0.936709	0.983239	0.9838	
2290	0.994101	1	1	0.936696	0.983239	0.9838	
2300	0.994127	1	1	0.936702	0.983239	0.9838	
2310	0.994153	1	1	0.936708	0.983239	0.9838	
2320	0.99418	1	1	0.936718	0.983657	0.984184	
2330	0.994204	1	1	0.936743	0.983657	0.984184	
2340	0.994228	1	1	0.936743	0.983239	0.9838	
2350	0.994253	1	1	0.936758	0.983239	0.9838	
2360	0.994279	1	1	0.936759	0.983657	0.984184	
2370	0.994302	1	1	0.936759	0.983657	0.984184	
2380	0.994327	1	1	0.936772	0.983657	0.984184	
2390	0.99435	1	1	0.936788	0.983657	0.984184	
2400	0.994372	1	1	0.936774	0.983657	0.984184	
2410	0.994394	1	1	0.936773	0.983657	0.984184	
2420	0.994418	1	1	0.93676	0.983657	0.984179	
2430	0.994442	1	1	0.936772	0.983234	0.983824	
2440	0.994465	1	1	0.936783	0.983657	0.984179	
2450	0.994488	1	1	0.93679	0.983657	0.984179	
2460	0.994508	1	1	0.936799	0.983657	0.984179	
2470	0.99453	1	1	0.936808	0.983657	0.984179	
2480	0.994551	1	1	0.93682	0.983657	0.984179	
2490	0.994569	1	1	0.936831	0.983657	0.984179	
2500	0.994589	1	1	0.936846	0.983657	0.984179	
