10	0.439008	0.821872	0.768528	0.420157	0.787037	0.754387
20	0.556988	0.837154	0.791214	0.522552	0.805556	0.782176
30	0.623648	0.983286	0.983356	0.586805	0.976852	0.977208
40	0.691353	0.987106	0.987141	0.654862	0.981481	0.981640
50	0.738267	0.988539	0.988566	0.700875	0.986111	0.985672
60	0.768593	0.990449	0.990480	0.728833	0.981481	0.981514
70	0.794544	0.993314	0.993335	0.755338	0.981481	0.981514
80	0.818708	0.995224	0.995227	0.777317	0.986111	0.986380
90	0.836650	0.995224	0.995227	0.795824	0.981481	0.981514
100	0.851162	0.995702	0.995707	0.810062	0.981481	0.981514
110	0.863702	0.996180	0.996173	0.821445	0.981481	0.981514
120	0.874179	0.996657	0.996654	0.831615	0.986111	0.985672
130	0.882015	0.996180	0.996173	0.838190	0.986111	0.985672
140	0.893549	0.998567	0.998565	0.851337	0.986111	0.985672
150	0.899752	0.998567	0.998565	0.856992	0.986111	0.985672
160	0.905897	0.998567	0.998565	0.862627	0.981481	0.980799
170	0.911337	0.998567	0.998565	0.869524	0.986111	0.985672
180	0.916483	0.998567	0.998565	0.873867	0.986111	0.985672
190	0.920198	0.998567	0.998565	0.878188	0.986111	0.985672
200	0.924346	0.999045	0.999040	0.882043	0.986111	0.985672
210	0.928463	0.999045	0.999040	0.886227	0.986111	0.985672
220	0.931840	0.999522	0.999521	0.889760	0.986111	0.985672
230	0.934480	0.999522	0.999521	0.892495	0.986111	0.985672
240	0.937584	0.999522	0.999521	0.895414	0.986111	0.985672
250	0.939962	0.999522	0.999521	0.897440	0.986111	0.985672
260	0.942258	1.000000	1.000000	0.900257	0.986111	0.985672
270	0.944693	1.000000	1.000000	0.902734	0.986111	0.985672
280	0.946561	1.000000	1.000000	0.904774	0.986111	0.985672
290	0.948841	1.000000	1.000000	0.906801	0.986111	0.985672
300	0.950402	1.000000	1.000000	0.908126	0.986111	0.985672
310	0.952338	1.000000	1.000000	0.910570	0.986111	0.985672
320	0.953737	1.000000	1.000000	0.912171	0.986111	0.985672
330	0.955242	1.000000	1.000000	0.913748	0.986111	0.985672
340	0.956330	1.000000	1.000000	0.915140	0.986111	0.985672
350	0.957636	1.000000	1.000000	0.917580	0.986111	0.985672
360	0.959055	1.000000	1.000000	0.919315	0.986111	0.985672
370	0.960242	1.000000	1.000000	0.920718	0.986111	0.985672
380	0.961693	1.000000	1.000000	0.921818	0.986111	0.985672
390	0.963025	1.000000	1.000000	0.923346	0.986111	0.985672
400	0.963880	1.000000	1.000000	0.923925	0.986111	0.985672
410	0.964877	1.000000	1.000000	0.924702	0.986111	0.985672
420	0.965848	1.000000	1.000000	0.925925	0.986111	0.985672
430	0.966721	1.000000	1.000000	0.927134	0.986111	0.985672
440	0.967463	1.000000	1.000000	0.927790	0.986111	0.985672
450	0.968360	1.000000	1.000000	0.928946	0.986111	0.985672
460	0.969014	1.000000	1.000000	0.929597	0.986111	0.985672
470	0.969980	1.000000	1.000000	0.930975	0.986111	0.985672
480	0.970474	1.000000	1.000000	0.931487	0.986111	0.985672
490	0.970979	1.000000	1.000000	0.932160	0.986111	0.985672
500	0.971490	1.000000	1.000000	0.932671	0.986111	0.985672
510	0.972175	1.000000	1.000000	0.933737	0.986111	0.985672
520	0.972750	1.000000	1.000000	0.934366	0.986111	0.985672
530	0.973292	1.000000	1.000000	0.935268	0.986111	0.985672
540	0.973702	1.000000	1.000000	0.935640	0.986111	0.985672
550	0.974054	1.000000	1.000000	0.935919	0.986111	0.985672
560	0.974555	1.000000	1.000000	0.936463	0.986111	0.985672
570	0.975079	1.000000	1.000000	0.936993	0.986111	0.985672
580	0.975477	1.000000	1.000000	0.937943	0.986111	0.985672
590	0.975786	1.000000	1.000000	0.938505	0.986111	0.985672
600	0.976282	1.000000	1.000000	0.939000	0.986111	0.985672
610	0.976755	1.000000	1.000000	0.939512	0.986111	0.985672
620	0.977117	1.000000	1.000000	0.940004	0.986111	0.985672
630	0.977511	1.000000	1.000000	0.940692	0.986111	0.985672
640	0.977804	1.000000	1.000000	0.941392	0.986111	0.985672
650	0.977990	1.000000	1.000000	0.941361	0.986111	0.985672
660	0.978400	1.000000	1.000000	0.941535	0.986111	0.985672
670	0.978807	1.000000	1.000000	0.942085	0.986111	0.985672
680	0.979033	1.000000	1.000000	0.942357	0.986111	0.985672
690	0.979319	1.000000	1.000000	0.942632	0.986111	0.985672
700	0.979553	1.000000	1.000000	0.942673	0.986111	0.985672
710	0.979987	1.000000	1.000000	0.943286	0.986111	0.985672
720	0.980211	1.000000	1.000000	0.943777	0.986111	0.985672
730	0.980547	1.000000	1.000000	0.944154	0.986111	0.985672
740	0.980899	1.000000	1.000000	0.944872	0.986111	0.985672
750	0.981164	1.000000	1.000000	0.945165	0.986111	0.985672
760	0.981507	1.000000	1.000000	0.945808	0.986111	0.985672
770	0.981865	1.000000	1.000000	0.946303	0.986111	0.985672
780	0.982039	1.000000	1.000000	0.946413	0.986111	0.985672
790	0.982249	1.000000	1.000000	0.946473	0.986111	0.985672
800	0.982484	1.000000	1.000000	0.946589	0.986111	0.985672
810	0.982760	1.000000	1.000000	0.947037	0.986111	0.985672
820	0.982962	1.000000	1.000000	0.947318	0.986111	0.985672
830	0.983206	1.000000	1.000000	0.947713	0.986111	0.985672
840	0.983423	1.000000	1.000000	0.948192	0.986111	0.985672
850	0.983565	1.000000	1.000000	0.948303	0.986111	0.985672
860	0.983810	1.000000	1.000000	0.948582	0.986111	0.985672
870	0.984084	1.000000	1.000000	0.949046	0.986111	0.985672
880	0.984336	1.000000	1.000000	0.949314	0.986111	0.985672
890	0.984512	1.000000	1.000000	0.949526	0.986111	0.985672
900	0.984711	1.000000	1.000000	0.949767	0.986111	0.985672
910	0.984979	1.000000	1.000000	0.949883	0.986111	0.985672
920	0.985147	1.000000	1.000000	0.950017	0.986111	0.985672
930	0.985256	1.000000	1.000000	0.950300	0.986111	0.985672
940	0.985420	1.000000	1.000000	0.950454	0.986111	0.985672
950	0.985545	1.000000	1.000000	0.950683	0.986111	0.985672
960	0.985682	1.000000	1.000000	0.951229	0.986111	0.985672
970	0.985866	1.000000	1.000000	0.951735	0.986111	0.985672
980	0.985996	1.000000	1.000000	0.951960	0.986111	0.985672
990	0.986132	1.000000	1.000000	0.952248	0.986111	0.985672
1000	0.986253	1.000000	1.000000	0.952433	0.986111	0.985672
1010	0.986371	1.000000	1.000000	0.952519	0.986111	0.985672
1020	0.986536	1.000000	1.000000	0.952745	0.986111	0.985672
1030	0.986692	1.000000	1.000000	0.953133	0.986111	0.985672
1040	0.986840	1.000000	1.000000	0.953258	0.986111	0.985672
1050	0.986976	1.000000	1.000000	0.953472	0.986111	0.985672
1060	0.987116	1.000000	1.000000	0.953693	0.986111	0.985672
1070	0.987277	1.000000	1.000000	0.953865	0.986111	0.985672
1080	0.987399	1.000000	1.000000	0.953790	0.986111	0.985672
1090	0.987488	1.000000	1.000000	0.953888	0.986111	0.985672
1100	0.987614	1.000000	1.000000	0.954010	0.986111	0.985672
1110	0.987700	1.000000	1.000000	0.954064	0.986111	0.985672
1120	0.987869	1.000000	1.000000	0.954307	0.986111	0.985672
1130	0.988004	1.000000	1.000000	0.954743	0.986111	0.985672
1140	0.988141	1.000000	1.000000	0.954904	0.986111	0.985672
1150	0.988227	1.000000	1.000000	0.954892	0.986111	0.985672
1160	0.988345	1.000000	1.000000	0.955122	0.986111	0.985672
1170	0.988415	1.000000	1.000000	0.955111	0.986111	0.985672
1180	0.988487	1.000000	1.000000	0.955210	0.986111	0.985672
1190	0.988610	1.000000	1.000000	0.955457	0.986111	0.985672
1200	0.988728	1.000000	1.000000	0.955588	0.986111	0.985672
1210	0.988819	1.000000	1.000000	0.955657	0.986111	0.985672
1220	0.988905	1.000000	1.000000	0.955656	0.986111	0.985672
1230	0.989014	1.000000	1.000000	0.955746	0.986111	0.985672
1240	0.989119	1.000000	1.000000	0.955943	0.986111	0.985672
1250	0.989180	1.000000	1.000000	0.955939	0.986111	0.985672
1260	0.989243	1.000000	1.000000	0.956009	0.986111	0.985672
1270	0.989348	1.000000	1.000000	0.956090	0.986111	0.985672
1280	0.989429	1.000000	1.000000	0.956261	0.986111	0.985672
1290	0.989520	1.000000	1.000000	0.956365	0.986111	0.985672
1300	0.989643	1.000000	1.000000	0.956499	0.986111	0.985672
1310	0.989711	1.000000	1.000000	0.956649	0.986111	0.985672
1320	0.989808	1.000000	1.000000	0.956781	0.986111	0.985672
1330	0.989908	1.000000	1.000000	0.956872	0.986111	0.985672
1340	0.989982	1.000000	1.000000	0.956904	0.986111	0.985672
1350	0.990051	1.000000	1.000000	0.956885	0.986111	0.985672
1360	0.990144	1.000000	1.000000	0.956939	0.986111	0.985672
1370	0.990237	1.000000	1.000000	0.957096	0.986111	0.985672
1380	0.990328	1.000000	1.000000	0.957162	0.986111	0.985672
1390	0.990394	1.000000	1.000000	0.957287	0.986111	0.985672
1400	0.990478	1.000000	1.000000	0.957360	0.986111	0.985672
1410	0.990553	1.000000	1.000000	0.957489	0.986111	0.985672
1420	0.990617	1.000000	1.000000	0.957575	0.986111	0.985672
1430	0.990699	1.000000	1.000000	0.957647	0.986111	0.985672
1440	0.990755	1.000000	1.000000	0.957729	0.986111	0.985672
1450	0.990810	1.000000	1.000000	0.957846	0.986111	0.985672
1460	0.990859	1.000000	1.000000	0.957833	0.986111	0.985672
1470	0.990937	1.000000	1.000000	0.957895	0.986111	0.985672
1480	0.991025	1.000000	1.000000	0.958123	0.986111	0.985672
1490	0.991087	1.000000	1.000000	0.958185	0.986111	0.985672
1500	0.991140	1.000000	1.000000	0.958296	0.986111	0.985672
1510	0.991198	1.000000	1.000000	0.958203	0.986111	0.985672
1520	0.991256	1.000000	1.000000	0.958312	0.986111	0.985672
1530	0.991317	1.000000	1.000000	0.958334	0.986111	0.985672
1540	0.991404	1.000000	1.000000	0.958583	0.986111	0.985672
1550	0.991458	1.000000	1.000000	0.958619	0.986111	0.985672
1560	0.991508	1.000000	1.000000	0.958718	0.986111	0.985672
1570	0.991549	1.000000	1.000000	0.958653	0.986111	0.985672
1580	0.991603	1.000000	1.000000	0.958936	0.986111	0.985672
1590	0.991655	1.000000	1.000000	0.959052	0.986111	0.985672
1600	0.991721	1.000000	1.000000	0.959087	0.986111	0.985672
1610	0.991786	1.000000	1.000000	0.959109	0.986111	0.985672
1620	0.991868	1.000000	1.000000	0.959222	0.986111	0.985672
1630	0.991926	1.000000	1.000000	0.959319	0.986111	0.985672
1640	0.991970	1.000000	1.000000	0.959439	0.986111	0.985672
1650	0.992019	1.000000	1.000000	0.959466	0.986111	0.985672
1660	0.992073	1.000000	1.000000	0.959510	0.986111	0.985672
1670	0.992121	1.000000	1.000000	0.959675	0.986111	0.985672
1680	0.992166	1.000000	1.000000	0.959760	0.986111	0.985672
1690	0.992219	1.000000	1.000000	0.959818	0.986111	0.985672
1700	0.992252	1.000000	1.000000	0.959846	0.986111	0.985672
1710	0.992292	1.000000	1.000000	0.959904	0.986111	0.985672
1720	0.992336	1.000000	1.000000	0.960023	0.986111	0.985672
1730	0.992393	1.000000	1.000000	0.960222	0.986111	0.985672
1740	0.992446	1.000000	1.000000	0.960244	0.986111	0.985672
1750	0.992508	1.000000	1.000000	0.960431	0.986111	0.985672
1760	0.992547	1.000000	1.000000	0.960520	0.986111	0.985672
1770	0.992589	1.000000	1.000000	0.960581	0.986111	0.985672
1780	0.992626	1.000000	1.000000	0.960680	0.986111	0.985672
1790	0.992665	1.000000	1.000000	0.960696	0.986111	0.985672
1800	0.992715	1.000000	1.000000	0.960717	0.986111	0.985672
1810	0.992754	1.000000	1.000000	0.960729	0.986111	0.985672
1820	0.992789	1.000000	1.000000	0.960724	0.986111	0.985672
1830	0.992819	1.000000	1.000000	0.960804	0.986111	0.985672
1840	0.992855	1.000000	1.000000	0.960912	0.986111	0.985672
1850	0.992908	1.000000	1.000000	0.961028	0.986111	0.985672
1860	0.992946	1.000000	1.000000	0.961058	0.986111	0.985672
1870	0.992974	1.000000	1.000000	0.961078	0.986111	0.985672
1880	0.993001	1.000000	1.000000	0.961153	0.986111	0.985672
1890	0.993025	1.000000	1.000000	0.961167	0.986111	0.985672
1900	0.993064	1.000000	1.000000	0.961267	0.986111	0.985672
1910	0.993097	1.000000	1.000000	0.961359	0.986111	0.985672
1920	0.993145	1.000000	1.000000	0.961494	0.986111	0.985672
1930	0.993189	1.000000	1.000000	0.961600	0.986111	0.985672
1940	0.993231	1.000000	1.000000	0.961640	0.986111	0.985672
1950	0.993257	1.000000	1.000000	0.961672	0.986111	0.985672
1960	0.993286	1.000000	1.000000	0.961730	0.986111	0.985672
1970	0.993347	1.000000	1.000000	0.961791	0.986111	0.985672
1980	0.993374	1.000000	1.000000	0.961870	0.986111	0.985672
1990	0.993410	1.000000	1.000000	0.961957	0.986111	0.985672
2000	0.993445	1.000000	1.000000	0.961993	0.986111	0.985672
2010	0.993482	1.000000	1.000000	0.962052	0.986111	0.985672
2020	0.993515	1.000000	1.000000	0.962126	0.986111	0.985672
2030	0.993543	1.000000	1.000000	0.962127	0.986111	0.985672
2040	0.993572	1.000000	1.000000	0.962146	0.986111	0.985672
2050	0.993611	1.000000	1.000000	0.962175	0.986111	0.985672
2060	0.993641	1.000000	1.000000	0.962268	0.986111	0.985672
2070	0.993674	1.000000	1.000000	0.962349	0.986111	0.985672
2080	0.993703	1.000000	1.000000	0.962368	0.986111	0.985672
2090	0.993738	1.000000	1.000000	0.962576	0.986111	0.985672
2100	0.993763	1.000000	1.000000	0.962623	0.986111	0.985672
2110	0.993793	1.000000	1.000000	0.962689	0.986111	0.985672
2120	0.993820	1.000000	1.000000	0.962748	0.986111	0.985672
2130	0.993852	1.000000	1.000000	0.962771	0.986111	0.985672
2140	0.993885	1.000000	1.000000	0.962784	0.986111	0.985672
2150	0.993923	1.000000	1.000000	0.962840	0.986111	0.985672
2160	0.993967	1.000000	1.000000	0.962853	0.986111	0.985672
2170	0.993995	1.000000	1.000000	0.962966	0.986111	0.985672
2180	0.994029	1.000000	1.000000	0.963004	0.986111	0.985672
2190	0.994060	1.000000	1.000000	0.963003	0.986111	0.985672
2200	0.994083	1.000000	1.000000	0.963079	0.986111	0.985672
2210	0.994114	1.000000	1.000000	0.963097	0.986111	0.985672
2220	0.994140	1.000000	1.000000	0.963146	0.986111	0.985672
2230	0.994167	1.000000	1.000000	0.963239	0.986111	0.985672
2240	0.994196	1.000000	1.000000	0.963255	0.986111	0.985672
2250	0.994217	1.000000	1.000000	0.963297	0.986111	0.985672
2260	0.994246	1.000000	1.000000	0.963375	0.986111	0.985672
2270	0.994274	1.000000	1.000000	0.963479	0.986111	0.985672
2280	0.994301	1.000000	1.000000	0.963546	0.986111	0.985672
2290	0.994326	1.000000	1.000000	0.963584	0.986111	0.985672
2300	0.994354	1.000000	1.000000	0.963609	0.986111	0.985672
2310	0.994381	1.000000	1.000000	0.963688	0.986111	0.985672
2320	0.994417	1.000000	1.000000	0.963716	0.986111	0.985672
2330	0.994448	1.000000	1.000000	0.963817	0.986111	0.985672
2340	0.994472	1.000000	1.000000	0.963778	0.986111	0.985672
2350	0.994491	1.000000	1.000000	0.963789	0.986111	0.985672
2360	0.994517	1.000000	1.000000	0.963809	0.986111	0.985672
2370	0.994540	1.000000	1.000000	0.963856	0.986111	0.985672
2380	0.994555	1.000000	1.000000	0.963912	0.986111	0.985672
2390	0.994585	1.000000	1.000000	0.963954	0.986111	0.985672
2400	0.994606	1.000000	1.000000	0.963956	0.986111	0.985672
2410	0.994635	1.000000	1.000000	0.963966	0.986111	0.985672
2420	0.994651	1.000000	1.000000	0.963962	0.986111	0.985672
2430	0.994680	1.000000	1.000000	0.964004	0.986111	0.985672
2440	0.994702	1.000000	1.000000	0.963996	0.986111	0.985672
2450	0.994731	1.000000	1.000000	0.964015	0.986111	0.985672
2460	0.994752	1.000000	1.000000	0.964028	0.986111	0.985672
2470	0.994780	1.000000	1.000000	0.964046	0.986111	0.985672
2480	0.994798	1.000000	1.000000	0.964080	0.986111	0.985672
2490	0.994819	1.000000	1.000000	0.964121	0.986111	0.985672
2500	0.994836	1.000000	1.000000	0.964035	0.986111	0.985672
