10	0.430675	0.830517	0.785122	0.418233	0.811715	0.777882
20	0.535159	0.837277	0.777712	0.512728	0.815900	0.770096
30	0.611325	0.974891	0.975280	0.584215	0.945607	0.954280
40	0.684764	0.987929	0.987893	0.652444	0.962343	0.968017
50	0.727311	0.991791	0.991800	0.688832	0.962343	0.966234
60	0.764097	0.991791	0.991748	0.722574	0.966527	0.969595
70	0.797740	0.993723	0.993672	0.754599	0.966527	0.969595
80	0.819397	0.995171	0.995141	0.771423	0.966527	0.969595
90	0.839523	0.996620	0.996596	0.787166	0.962343	0.965737
100	0.857050	0.997586	0.997572	0.805020	0.962343	0.965737
110	0.870873	0.998069	0.998052	0.821238	0.970711	0.972983
120	0.881119	0.999517	0.999523	0.829779	0.974895	0.977559
130	0.891802	0.999517	0.999523	0.839655	0.974895	0.978312
140	0.898792	0.999517	0.999523	0.846597	0.970711	0.973786
150	0.905289	0.999517	0.999523	0.852920	0.974895	0.978312
160	0.911334	0.999517	0.999523	0.857217	0.974895	0.978312
170	0.915663	1.000000	1.000000	0.859804	0.974895	0.978312
180	0.919905	1.000000	1.000000	0.862224	0.974895	0.978312
190	0.924256	1.000000	1.000000	0.866118	0.974895	0.978312
200	0.927847	1.000000	1.000000	0.871508	0.974895	0.978312
210	0.930475	1.000000	1.000000	0.873146	0.974895	0.978312
220	0.934799	1.000000	1.000000	0.876168	0.974895	0.978312
230	0.937106	1.000000	1.000000	0.877928	0.974895	0.978312
240	0.939753	1.000000	1.000000	0.880135	0.974895	0.978312
250	0.943166	1.000000	1.000000	0.882882	0.974895	0.978312
260	0.945163	1.000000	1.000000	0.884863	0.974895	0.978312
270	0.947462	1.000000	1.000000	0.886133	0.970711	0.974885
280	0.949545	1.000000	1.000000	0.887924	0.970711	0.974885
290	0.951817	1.000000	1.000000	0.890327	0.970711	0.974885
300	0.953137	1.000000	1.000000	0.891568	0.974895	0.978312
310	0.954611	1.000000	1.000000	0.893285	0.974895	0.978312
320	0.956456	1.000000	1.000000	0.894898	0.974895	0.978312
330	0.957881	1.000000	1.000000	0.896386	0.970711	0.974885
340	0.959079	1.000000	1.000000	0.898370	0.970711	0.974885
350	0.959841	1.000000	1.000000	0.898583	0.970711	0.974885
360	0.960989	1.000000	1.000000	0.899967	0.974895	0.978312
370	0.962622	1.000000	1.000000	0.901368	0.974895	0.978312
380	0.963776	1.000000	1.000000	0.902348	0.974895	0.978312
390	0.964791	1.000000	1.000000	0.903271	0.974895	0.978312
400	0.965549	1.000000	1.000000	0.904642	0.974895	0.978312
410	0.966499	1.000000	1.000000	0.905177	0.974895	0.978312
420	0.967204	1.000000	1.000000	0.905723	0.974895	0.978312
430	0.968036	1.000000	1.000000	0.906796	0.974895	0.978312
440	0.968798	1.000000	1.000000	0.907596	0.974895	0.978312
450	0.969671	1.000000	1.000000	0.908454	0.974895	0.978312
460	0.970452	1.000000	1.000000	0.909018	0.974895	0.978312
470	0.971033	1.000000	1.000000	0.909408	0.974895	0.978312
480	0.971835	1.000000	1.000000	0.910087	0.974895	0.978312
490	0.972297	1.000000	1.000000	0.910345	0.974895	0.978312
500	0.972979	1.000000	1.000000	0.911619	0.974895	0.978312
510	0.973496	1.000000	1.000000	0.911960	0.974895	0.978312
520	0.974056	1.000000	1.000000	0.912530	0.974895	0.978312
530	0.974591	1.000000	1.000000	0.913693	0.974895	0.978312
540	0.975100	1.000000	1.000000	0.914116	0.974895	0.978312
550	0.975448	1.000000	1.000000	0.914185	0.974895	0.978312
560	0.975832	1.000000	1.000000	0.914314	0.974895	0.978312
570	0.976422	1.000000	1.000000	0.915236	0.974895	0.978312
580	0.976774	1.000000	1.000000	0.915238	0.974895	0.978312
590	0.977086	1.000000	1.000000	0.915544	0.974895	0.978312
600	0.977646	1.000000	1.000000	0.916264	0.974895	0.978312
610	0.977961	1.000000	1.000000	0.916722	0.974895	0.978312
620	0.978261	1.000000	1.000000	0.917008	0.974895	0.978312
630	0.978543	1.000000	1.000000	0.917205	0.974895	0.978312
640	0.978732	1.000000	1.000000	0.917352	0.974895	0.978312
650	0.978919	1.000000	1.000000	0.918430	0.974895	0.978312
660	0.979397	1.000000	1.000000	0.918431	0.974895	0.978312
670	0.979809	1.000000	1.000000	0.918694	0.974895	0.978312
680	0.980078	1.000000	1.000000	0.918947	0.974895	0.978312
690	0.980263	1.000000	1.000000	0.919334	0.974895	0.978312
700	0.980473	1.000000	1.000000	0.919590	0.974895	0.978312
710	0.980713	1.000000	1.000000	0.919741	0.974895	0.978312
720	0.981018	1.000000	1.000000	0.920160	0.974895	0.978312
730	0.981285	1.000000	1.000000	0.920185	0.974895	0.978312
740	0.981454	1.000000	1.000000	0.919999	0.974895	0.978312
750	0.981602	1.000000	1.000000	0.920383	0.974895	0.978312
760	0.981853	1.000000	1.000000	0.920513	0.974895	0.978312
770	0.982088	1.000000	1.000000	0.920955	0.974895	0.978312
780	0.982288	1.000000	1.000000	0.921021	0.974895	0.978312
790	0.982506	1.000000	1.000000	0.921046	0.974895	0.978312
800	0.982762	1.000000	1.000000	0.921490	0.974895	0.978312
810	0.982942	1.000000	1.000000	0.921667	0.974895	0.978312
820	0.983179	1.000000	1.000000	0.921979	0.974895	0.978312
830	0.983365	1.000000	1.000000	0.922130	0.974895	0.978312
840	0.983644	1.000000	1.000000	0.922393	0.974895	0.978312
850	0.983783	1.000000	1.000000	0.923080	0.974895	0.978312
860	0.983911	1.000000	1.000000	0.923082	0.974895	0.978312
870	0.984105	1.000000	1.000000	0.923182	0.974895	0.978312
880	0.984242	1.000000	1.000000	0.923414	0.974895	0.978312
890	0.984412	1.000000	1.000000	0.923505	0.974895	0.978312
900	0.984554	1.000000	1.000000	0.923795	0.974895	0.978312
910	0.984729	1.000000	1.000000	0.923951	0.974895	0.978312
920	0.984885	1.000000	1.000000	0.924514	0.974895	0.978312
930	0.985021	1.000000	1.000000	0.924423	0.974895	0.978312
940	0.985154	1.000000	1.000000	0.924455	0.974895	0.978312
950	0.985277	1.000000	1.000000	0.924366	0.974895	0.978312
960	0.985506	1.000000	1.000000	0.924620	0.974895	0.978312
970	0.985667	1.000000	1.000000	0.924857	0.974895	0.978312
980	0.985849	1.000000	1.000000	0.925285	0.974895	0.978312
990	0.986019	1.000000	1.000000	0.925471	0.974895	0.978312
1000	0.986122	1.000000	1.000000	0.925346	0.974895	0.978312
1010	0.986292	1.000000	1.000000	0.925322	0.974895	0.978312
1020	0.986446	1.000000	1.000000	0.925185	0.974895	0.978312
1030	0.986593	1.000000	1.000000	0.925669	0.974895	0.978312
1040	0.986713	1.000000	1.000000	0.926016	0.974895	0.978312
1050	0.986827	1.000000	1.000000	0.926182	0.974895	0.978312
1060	0.986914	1.000000	1.000000	0.926572	0.974895	0.978312
1070	0.987051	1.000000	1.000000	0.926647	0.974895	0.978312
1080	0.987159	1.000000	1.000000	0.926836	0.974895	0.978312
1090	0.987247	1.000000	1.000000	0.926973	0.974895	0.978312
1100	0.987341	1.000000	1.000000	0.927066	0.974895	0.978312
1110	0.987437	1.000000	1.000000	0.927432	0.974895	0.978312
1120	0.987561	1.000000	1.000000	0.927515	0.974895	0.978312
1130	0.987640	1.000000	1.000000	0.927493	0.974895	0.978312
1140	0.987752	1.000000	1.000000	0.927399	0.974895	0.978312
1150	0.987845	1.000000	1.000000	0.927565	0.974895	0.978312
1160	0.987970	1.000000	1.000000	0.927703	0.974895	0.978312
1170	0.988108	1.000000	1.000000	0.927969	0.974895	0.978312
1180	0.988230	1.000000	1.000000	0.927954	0.974895	0.978312
1190	0.988285	1.000000	1.000000	0.928019	0.974895	0.978312
1200	0.988387	1.000000	1.000000	0.927941	0.974895	0.978312
1210	0.988475	1.000000	1.000000	0.927931	0.974895	0.978312
1220	0.988564	1.000000	1.000000	0.928026	0.974895	0.978312
1230	0.988656	1.000000	1.000000	0.928050	0.974895	0.978312
1240	0.988764	1.000000	1.000000	0.928055	0.974895	0.978312
1250	0.988831	1.000000	1.000000	0.928034	0.974895	0.978312
1260	0.988904	1.000000	1.000000	0.928121	0.974895	0.978312
1270	0.989004	1.000000	1.000000	0.928223	0.974895	0.978312
1280	0.989103	1.000000	1.000000	0.928242	0.974895	0.978312
1290	0.989183	1.000000	1.000000	0.928437	0.974895	0.978312
1300	0.989280	1.000000	1.000000	0.928507	0.974895	0.978312
1310	0.989353	1.000000	1.000000	0.928737	0.974895	0.978312
1320	0.989384	1.000000	1.000000	0.928594	0.974895	0.978312
1330	0.989454	1.000000	1.000000	0.928607	0.974895	0.978312
1340	0.989509	1.000000	1.000000	0.928614	0.974895	0.978312
1350	0.989560	1.000000	1.000000	0.928637	0.970711	0.974885
1360	0.989643	1.000000	1.000000	0.928692	0.970711	0.974885
1370	0.989746	1.000000	1.000000	0.928794	0.970711	0.974885
1380	0.989825	1.000000	1.000000	0.928763	0.974895	0.978312
1390	0.989907	1.000000	1.000000	0.929181	0.974895	0.978312
1400	0.990010	1.000000	1.000000	0.929264	0.974895	0.978312
1410	0.990091	1.000000	1.000000	0.929439	0.970711	0.974885
1420	0.990155	1.000000	1.000000	0.929470	0.970711	0.974885
1430	0.990210	1.000000	1.000000	0.929413	0.970711	0.974885
1440	0.990271	1.000000	1.000000	0.929280	0.970711	0.974885
1450	0.990337	1.000000	1.000000	0.929521	0.970711	0.974885
1460	0.990397	1.000000	1.000000	0.929773	0.970711	0.974885
1470	0.990480	1.000000	1.000000	0.929833	0.974895	0.978312
1480	0.990550	1.000000	1.000000	0.929904	0.970711	0.974885
1490	0.990594	1.000000	1.000000	0.929751	0.970711	0.974885
1500	0.990647	1.000000	1.000000	0.929786	0.970711	0.974885
1510	0.990702	1.000000	1.000000	0.929682	0.970711	0.974885
1520	0.990750	1.000000	1.000000	0.929617	0.970711	0.974885
1530	0.990834	1.000000	1.000000	0.929727	0.970711	0.974885
1540	0.990879	1.000000	1.000000	0.929614	0.970711	0.974885
1550	0.990948	1.000000	1.000000	0.929685	0.970711	0.974885
1560	0.991013	1.000000	1.000000	0.929722	0.970711	0.974885
1570	0.991037	1.000000	1.000000	0.929630	0.970711	0.974885
1580	0.991091	1.000000	1.000000	0.929621	0.970711	0.974885
1590	0.991158	1.000000	1.000000	0.929595	0.970711	0.974885
1600	0.991216	1.000000	1.000000	0.929694	0.970711	0.974885
1610	0.991280	1.000000	1.000000	0.929737	0.970711	0.974885
1620	0.991344	1.000000	1.000000	0.929785	0.970711	0.974885
1630	0.991398	1.000000	1.000000	0.929770	0.970711	0.974885
1640	0.991458	1.000000	1.000000	0.929708	0.970711	0.974885
1650	0.991499	1.000000	1.000000	0.929609	0.970711	0.974885
1660	0.991541	1.000000	1.000000	0.929459	0.970711	0.974885
1670	0.991619	1.000000	1.000000	0.929545	0.970711	0.974885
1680	0.991675	1.000000	1.000000	0.929605	0.970711	0.974885
1690	0.991733	1.000000	1.000000	0.929814	0.970711	0.974885
1700	0.991800	1.000000	1.000000	0.929788	0.970711	0.974885
1710	0.991886	1.000000	1.000000	0.929923	0.970711	0.974885
1720	0.991941	1.000000	1.000000	0.930044	0.970711	0.974885
1730	0.991999	1.000000	1.000000	0.930190	0.970711	0.974885
1740	0.992028	1.000000	1.000000	0.930336	0.974895	0.978312
1750	0.992074	1.000000	1.000000	0.930326	0.974895	0.978312
1760	0.992127	1.000000	1.000000	0.930361	0.974895	0.978312
1770	0.992170	1.000000	1.000000	0.930452	0.974895	0.978312
1780	0.992228	1.000000	1.000000	0.930562	0.974895	0.978312
1790	0.992281	1.000000	1.000000	0.930693	0.974895	0.978312
1800	0.992326	1.000000	1.000000	0.930765	0.974895	0.978312
1810	0.992369	1.000000	1.000000	0.930963	0.974895	0.978312
1820	0.992412	1.000000	1.000000	0.930964	0.974895	0.978312
1830	0.992451	1.000000	1.000000	0.930934	0.974895	0.978312
1840	0.992492	1.000000	1.000000	0.931123	0.974895	0.978312
1850	0.992535	1.000000	1.000000	0.931248	0.974895	0.978312
1860	0.992576	1.000000	1.000000	0.931232	0.974895	0.978312
1870	0.992613	1.000000	1.000000	0.931112	0.974895	0.978312
1880	0.992635	1.000000	1.000000	0.931044	0.974895	0.978312
1890	0.992668	1.000000	1.000000	0.931228	0.970711	0.974885
1900	0.992719	1.000000	1.000000	0.931296	0.970711	0.974885
1910	0.992768	1.000000	1.000000	0.931408	0.974895	0.978312
1920	0.992801	1.000000	1.000000	0.931314	0.970711	0.974885
1930	0.992858	1.000000	1.000000	0.931314	0.970711	0.974885
1940	0.992884	1.000000	1.000000	0.931343	0.974895	0.978312
1950	0.992913	1.000000	1.000000	0.931394	0.974895	0.978312
1960	0.992959	1.000000	1.000000	0.931599	0.974895	0.978312
1970	0.992992	1.000000	1.000000	0.931500	0.974895	0.978312
1980	0.993022	1.000000	1.000000	0.931573	0.974895	0.978312
1990	0.993062	1.000000	1.000000	0.931615	0.974895	0.978312
2000	0.993102	1.000000	1.000000	0.931704	0.974895	0.978312
2010	0.993125	1.000000	1.000000	0.931660	0.974895	0.978312
2020	0.993155	1.000000	1.000000	0.931767	0.970711	0.974885
2030	0.993186	1.000000	1.000000	0.931838	0.970711	0.974885
2040	0.993229	1.000000	1.000000	0.931931	0.970711	0.974885
2050	0.993273	1.000000	1.000000	0.932165	0.970711	0.974885
2060	0.993304	1.000000	1.000000	0.932204	0.970711	0.974885
2070	0.993335	1.000000	1.000000	0.932253	0.970711	0.974885
2080	0.993355	1.000000	1.000000	0.932259	0.970711	0.974885
2090	0.993378	1.000000	1.000000	0.932320	0.970711	0.974885
2100	0.993429	1.000000	1.000000	0.932407	0.970711	0.974885
2110	0.993460	1.000000	1.000000	0.932338	0.970711	0.974885
2120	0.993494	1.000000	1.000000	0.932375	0.970711	0.974885
2130	0.993518	1.000000	1.000000	0.932314	0.970711	0.974885
2140	0.993546	1.000000	1.000000	0.932387	0.970711	0.974885
2150	0.993581	1.000000	1.000000	0.932427	0.970711	0.974885
2160	0.993599	1.000000	1.000000	0.932320	0.970711	0.974885
2170	0.993616	1.000000	1.000000	0.932393	0.970711	0.974885
2180	0.993650	1.000000	1.000000	0.932414	0.970711	0.974885
2190	0.993686	1.000000	1.000000	0.932472	0.970711	0.974885
2200	0.993707	1.000000	1.000000	0.932486	0.970711	0.974885
2210	0.993738	1.000000	1.000000	0.932452	0.970711	0.974885
2220	0.993758	1.000000	1.000000	0.932532	0.970711	0.974885
2230	0.993779	1.000000	1.000000	0.932521	0.970711	0.974885
2240	0.993801	1.000000	1.000000	0.932515	0.970711	0.974885
2250	0.993828	1.000000	1.000000	0.932551	0.970711	0.974885
2260	0.993851	1.000000	1.000000	0.932543	0.970711	0.974885
2270	0.993889	1.000000	1.000000	0.932676	0.970711	0.974885
2280	0.993908	1.000000	1.000000	0.932674	0.970711	0.974885
2290	0.993938	1.000000	1.000000	0.932513	0.970711	0.974885
2300	0.993966	1.000000	1.000000	0.932623	0.970711	0.974885
2310	0.993991	1.000000	1.000000	0.932673	0.970711	0.974885
2320	0.994009	1.000000	1.000000	0.932633	0.974895	0.978731
2330	0.994035	1.000000	1.000000	0.932668	0.974895	0.978731
2340	0.994050	1.000000	1.000000	0.932550	0.970711	0.974885
2350	0.994085	1.000000	1.000000	0.932577	0.970711	0.974885
2360	0.994110	1.000000	1.000000	0.932598	0.974895	0.978731
2370	0.994131	1.000000	1.000000	0.932696	0.974895	0.978731
2380	0.994149	1.000000	1.000000	0.932720	0.974895	0.978731
2390	0.994164	1.000000	1.000000	0.932786	0.974895	0.978731
2400	0.994174	1.000000	1.000000	0.932750	0.974895	0.978731
2410	0.994205	1.000000	1.000000	0.932748	0.974895	0.978731
2420	0.994225	1.000000	1.000000	0.932778	0.974895	0.978731
2430	0.994246	1.000000	1.000000	0.932774	0.974895	0.978731
2440	0.994266	1.000000	1.000000	0.932824	0.974895	0.978731
2450	0.994283	1.000000	1.000000	0.932771	0.974895	0.978731
2460	0.994305	1.000000	1.000000	0.932821	0.974895	0.978731
2470	0.994334	1.000000	1.000000	0.932816	0.974895	0.978731
2480	0.994357	1.000000	1.000000	0.932806	0.974895	0.978731
2490	0.994374	1.000000	1.000000	0.932880	0.974895	0.978731
2500	0.994400	1.000000	1.000000	0.932932	0.974895	0.978731
