10	0.421035	0.820400	0.770468	0.412762	0.808429	0.756617
20	0.549045	0.837482	0.861069	0.529417	0.819923	0.768403
30	0.620271	0.978526	0.978716	0.593004	0.969349	0.970067
40	0.679135	0.984871	0.984862	0.650520	0.969349	0.968911
50	0.734276	0.990239	0.990202	0.701109	0.969349	0.968911
60	0.763034	0.991703	0.991689	0.728629	0.977011	0.976687
70	0.798883	0.994143	0.994086	0.761079	0.977011	0.976687
80	0.822254	0.997072	0.997054	0.783523	0.977011	0.976687
90	0.841475	0.998048	0.998047	0.802171	0.977011	0.976687
100	0.857510	0.998048	0.998047	0.815452	0.977011	0.976687
110	0.869630	0.998048	0.998047	0.825876	0.977011	0.976687
120	0.879000	0.999024	0.999034	0.834950	0.977011	0.976687
130	0.891553	0.998536	0.998538	0.845965	0.977011	0.976687
140	0.896479	0.998536	0.998538	0.850008	0.980843	0.980900
150	0.902698	0.998536	0.998538	0.856716	0.980843	0.980900
160	0.909565	0.999512	0.999519	0.862237	0.980843	0.980900
170	0.914733	0.999512	0.999519	0.867155	0.980843	0.980900
180	0.920639	0.999512	0.999519	0.872475	0.980843	0.980900
190	0.925423	0.999512	0.999519	0.877785	0.980843	0.980900
200	0.929051	0.999512	0.999519	0.881049	0.980843	0.980900
210	0.932471	0.999512	0.999519	0.884096	0.980843	0.980900
220	0.935670	0.999512	0.999519	0.886935	0.980843	0.980900
230	0.937672	1.000000	1.000000	0.889363	0.980843	0.980900
240	0.940397	1.000000	1.000000	0.891402	0.984674	0.984969
250	0.943031	1.000000	1.000000	0.893435	0.980843	0.980900
260	0.944858	1.000000	1.000000	0.895546	0.980843	0.980900
270	0.947118	1.000000	1.000000	0.898000	0.984674	0.984969
280	0.949101	1.000000	1.000000	0.900874	0.984674	0.984969
290	0.951011	1.000000	1.000000	0.902126	0.984674	0.984969
300	0.953266	1.000000	1.000000	0.904203	0.984674	0.984969
310	0.954536	1.000000	1.000000	0.905146	0.984674	0.984969
320	0.955690	1.000000	1.000000	0.905733	0.984674	0.984969
330	0.956884	1.000000	1.000000	0.906794	0.984674	0.984969
340	0.958967	1.000000	1.000000	0.908364	0.984674	0.984969
350	0.960486	1.000000	1.000000	0.910336	0.984674	0.984969
360	0.961931	1.000000	1.000000	0.911527	0.984674	0.984969
370	0.962794	1.000000	1.000000	0.912207	0.984674	0.984969
380	0.963452	1.000000	1.000000	0.912561	0.984674	0.984969
390	0.964612	1.000000	1.000000	0.913570	0.984674	0.984969
400	0.965669	1.000000	1.000000	0.914864	0.984674	0.984969
410	0.966694	1.000000	1.000000	0.915746	0.984674	0.984969
420	0.967297	1.000000	1.000000	0.916085	0.984674	0.984969
430	0.967966	1.000000	1.000000	0.917011	0.984674	0.984969
440	0.968850	1.000000	1.000000	0.917718	0.984674	0.984969
450	0.969872	1.000000	1.000000	0.918224	0.984674	0.984969
460	0.970463	1.000000	1.000000	0.918779	0.984674	0.984969
470	0.971218	1.000000	1.000000	0.919445	0.984674	0.984969
480	0.971630	1.000000	1.000000	0.919614	0.984674	0.984969
490	0.972092	1.000000	1.000000	0.920015	0.984674	0.984969
500	0.972961	1.000000	1.000000	0.920324	0.984674	0.984969
510	0.973339	1.000000	1.000000	0.920645	0.984674	0.984969
520	0.973780	1.000000	1.000000	0.920981	0.984674	0.984969
530	0.974240	1.000000	1.000000	0.921403	0.984674	0.984969
540	0.974887	1.000000	1.000000	0.921894	0.984674	0.984969
550	0.975268	1.000000	1.000000	0.922172	0.984674	0.984969
560	0.975717	1.000000	1.000000	0.922667	0.984674	0.984969
570	0.976408	1.000000	1.000000	0.923166	0.984674	0.984969
580	0.976874	1.000000	1.000000	0.923516	0.984674	0.984969
590	0.977320	1.000000	1.000000	0.923870	0.984674	0.984969
600	0.977760	1.000000	1.000000	0.924267	0.984674	0.984969
610	0.978018	1.000000	1.000000	0.924333	0.984674	0.984969
620	0.978358	1.000000	1.000000	0.924542	0.984674	0.984969
630	0.978759	1.000000	1.000000	0.925157	0.984674	0.984969
640	0.979039	1.000000	1.000000	0.925095	0.984674	0.984969
650	0.979508	1.000000	1.000000	0.925459	0.984674	0.984969
660	0.979896	1.000000	1.000000	0.925686	0.984674	0.984969
670	0.980245	1.000000	1.000000	0.926156	0.984674	0.984969
680	0.980555	1.000000	1.000000	0.926331	0.984674	0.984969
690	0.980756	1.000000	1.000000	0.926636	0.984674	0.984969
700	0.980952	1.000000	1.000000	0.926922	0.984674	0.984969
710	0.981217	1.000000	1.000000	0.927050	0.984674	0.984969
720	0.981471	1.000000	1.000000	0.927255	0.984674	0.984969
730	0.981707	1.000000	1.000000	0.927459	0.984674	0.984969
740	0.981879	1.000000	1.000000	0.927516	0.984674	0.984969
750	0.982168	1.000000	1.000000	0.927675	0.984674	0.984969
760	0.982423	1.000000	1.000000	0.927843	0.984674	0.984969
770	0.982612	1.000000	1.000000	0.928026	0.984674	0.984969
780	0.982917	1.000000	1.000000	0.928427	0.984674	0.984969
790	0.983089	1.000000	1.000000	0.928514	0.984674	0.984969
800	0.983388	1.000000	1.000000	0.928756	0.984674	0.984969
810	0.983701	1.000000	1.000000	0.929041	0.984674	0.984969
820	0.983854	1.000000	1.000000	0.929146	0.984674	0.984969
830	0.984017	1.000000	1.000000	0.929307	0.984674	0.984969
840	0.984197	1.000000	1.000000	0.929342	0.984674	0.984969
850	0.984424	1.000000	1.000000	0.929394	0.984674	0.984969
860	0.984583	1.000000	1.000000	0.929430	0.984674	0.984969
870	0.984729	1.000000	1.000000	0.929556	0.984674	0.984969
880	0.985024	1.000000	1.000000	0.929799	0.984674	0.984969
890	0.985231	1.000000	1.000000	0.929811	0.984674	0.984969
900	0.985372	1.000000	1.000000	0.929905	0.984674	0.984969
910	0.985571	1.000000	1.000000	0.930052	0.984674	0.984969
920	0.985708	1.000000	1.000000	0.929968	0.984674	0.984969
930	0.985883	1.000000	1.000000	0.929966	0.984674	0.984969
940	0.986003	1.000000	1.000000	0.930103	0.984674	0.984969
950	0.986141	1.000000	1.000000	0.930164	0.984674	0.984969
960	0.986285	1.000000	1.000000	0.930314	0.984674	0.984969
970	0.986455	1.000000	1.000000	0.930435	0.984674	0.984969
980	0.986602	1.000000	1.000000	0.930492	0.984674	0.984969
990	0.986744	1.000000	1.000000	0.930569	0.984674	0.984969
1000	0.986854	1.000000	1.000000	0.930691	0.984674	0.984969
1010	0.986994	1.000000	1.000000	0.930813	0.984674	0.984969
1020	0.987097	1.000000	1.000000	0.930921	0.984674	0.984969
1030	0.987242	1.000000	1.000000	0.931009	0.984674	0.984969
1040	0.987388	1.000000	1.000000	0.931057	0.984674	0.984969
1050	0.987491	1.000000	1.000000	0.931080	0.984674	0.984969
1060	0.987593	1.000000	1.000000	0.931058	0.984674	0.984969
1070	0.987687	1.000000	1.000000	0.931208	0.984674	0.984969
1080	0.987834	1.000000	1.000000	0.931297	0.984674	0.984969
1090	0.987941	1.000000	1.000000	0.931430	0.984674	0.984969
1100	0.988068	1.000000	1.000000	0.931555	0.984674	0.984969
1110	0.988156	1.000000	1.000000	0.931679	0.984674	0.984969
1120	0.988236	1.000000	1.000000	0.931640	0.984674	0.984969
1130	0.988354	1.000000	1.000000	0.931708	0.984674	0.984969
1140	0.988423	1.000000	1.000000	0.931761	0.984674	0.984969
1150	0.988527	1.000000	1.000000	0.931762	0.984674	0.984969
1160	0.988646	1.000000	1.000000	0.931844	0.984674	0.984969
1170	0.988757	1.000000	1.000000	0.931924	0.984674	0.984969
1180	0.988838	1.000000	1.000000	0.931985	0.984674	0.984969
1190	0.988938	1.000000	1.000000	0.932108	0.984674	0.984969
1200	0.989070	1.000000	1.000000	0.932249	0.984674	0.984969
1210	0.989147	1.000000	1.000000	0.932263	0.984674	0.984969
1220	0.989254	1.000000	1.000000	0.932473	0.984674	0.984969
1230	0.989349	1.000000	1.000000	0.932600	0.984674	0.984969
1240	0.989425	1.000000	1.000000	0.932721	0.984674	0.984969
1250	0.989487	1.000000	1.000000	0.932807	0.984674	0.984969
1260	0.989593	1.000000	1.000000	0.932851	0.984674	0.984969
1270	0.989707	1.000000	1.000000	0.932888	0.984674	0.984969
1280	0.989814	1.000000	1.000000	0.932911	0.984674	0.984969
1290	0.989875	1.000000	1.000000	0.932940	0.984674	0.984969
1300	0.989923	1.000000	1.000000	0.933026	0.984674	0.984969
1310	0.990003	1.000000	1.000000	0.933136	0.984674	0.984969
1320	0.990071	1.000000	1.000000	0.933069	0.984674	0.984969
1330	0.990136	1.000000	1.000000	0.933094	0.984674	0.984969
1340	0.990196	1.000000	1.000000	0.933263	0.984674	0.984969
1350	0.990262	1.000000	1.000000	0.933298	0.984674	0.984969
1360	0.990352	1.000000	1.000000	0.933373	0.984674	0.984969
1370	0.990421	1.000000	1.000000	0.933552	0.984674	0.984969
1380	0.990521	1.000000	1.000000	0.933473	0.984674	0.984969
1390	0.990607	1.000000	1.000000	0.933597	0.984674	0.984969
1400	0.990684	1.000000	1.000000	0.933557	0.984674	0.984969
1410	0.990751	1.000000	1.000000	0.933582	0.984674	0.984969
1420	0.990811	1.000000	1.000000	0.933598	0.984674	0.984969
1430	0.990858	1.000000	1.000000	0.933576	0.984674	0.984969
1440	0.990920	1.000000	1.000000	0.933565	0.984674	0.984969
1450	0.990973	1.000000	1.000000	0.933600	0.984674	0.984969
1460	0.991036	1.000000	1.000000	0.933627	0.984674	0.984969
1470	0.991103	1.000000	1.000000	0.933641	0.984674	0.984969
1480	0.991170	1.000000	1.000000	0.933656	0.984674	0.984969
1490	0.991237	1.000000	1.000000	0.933710	0.984674	0.984969
1500	0.991309	1.000000	1.000000	0.933816	0.984674	0.984969
1510	0.991384	1.000000	1.000000	0.933815	0.984674	0.984969
1520	0.991452	1.000000	1.000000	0.933889	0.984674	0.984969
1530	0.991502	1.000000	1.000000	0.933908	0.984674	0.984969
1540	0.991549	1.000000	1.000000	0.933921	0.984674	0.984969
1550	0.991616	1.000000	1.000000	0.933971	0.984674	0.984969
1560	0.991686	1.000000	1.000000	0.933994	0.984674	0.984969
1570	0.991735	1.000000	1.000000	0.933988	0.984674	0.984969
1580	0.991787	1.000000	1.000000	0.934076	0.984674	0.984969
1590	0.991818	1.000000	1.000000	0.934094	0.984674	0.984969
1600	0.991881	1.000000	1.000000	0.934092	0.984674	0.984969
1610	0.991933	1.000000	1.000000	0.934129	0.984674	0.984969
1620	0.991980	1.000000	1.000000	0.934124	0.984674	0.984969
1630	0.992018	1.000000	1.000000	0.934075	0.984674	0.984969
1640	0.992082	1.000000	1.000000	0.934128	0.984674	0.984969
1650	0.992126	1.000000	1.000000	0.934149	0.984674	0.984969
1660	0.992176	1.000000	1.000000	0.934224	0.984674	0.984969
1670	0.992213	1.000000	1.000000	0.934276	0.984674	0.984969
1680	0.992281	1.000000	1.000000	0.934302	0.984674	0.984969
1690	0.992338	1.000000	1.000000	0.934392	0.984674	0.984969
1700	0.992391	1.000000	1.000000	0.934420	0.984674	0.984969
1710	0.992443	1.000000	1.000000	0.934395	0.984674	0.984969
1720	0.992486	1.000000	1.000000	0.934425	0.984674	0.984969
1730	0.992517	1.000000	1.000000	0.934444	0.984674	0.984969
1740	0.992552	1.000000	1.000000	0.934379	0.984674	0.984969
1750	0.992605	1.000000	1.000000	0.934472	0.984674	0.984969
1760	0.992654	1.000000	1.000000	0.934462	0.984674	0.984969
1770	0.992681	1.000000	1.000000	0.934510	0.984674	0.984969
1780	0.992712	1.000000	1.000000	0.934490	0.984674	0.984969
1790	0.992756	1.000000	1.000000	0.934445	0.984674	0.984969
1800	0.992796	1.000000	1.000000	0.934416	0.984674	0.984969
1810	0.992829	1.000000	1.000000	0.934418	0.984674	0.984969
1820	0.992877	1.000000	1.000000	0.934443	0.984674	0.984969
1830	0.992910	1.000000	1.000000	0.934491	0.984674	0.984969
1840	0.992944	1.000000	1.000000	0.934472	0.984674	0.984969
1850	0.992986	1.000000	1.000000	0.934481	0.984674	0.984969
1860	0.993024	1.000000	1.000000	0.934696	0.984674	0.984969
1870	0.993057	1.000000	1.000000	0.934719	0.984674	0.984969
1880	0.993089	1.000000	1.000000	0.934731	0.984674	0.984969
1890	0.993148	1.000000	1.000000	0.934796	0.984674	0.984969
1900	0.993173	1.000000	1.000000	0.934879	0.984674	0.984969
1910	0.993211	1.000000	1.000000	0.934894	0.984674	0.984969
1920	0.993245	1.000000	1.000000	0.934846	0.984674	0.984969
1930	0.993286	1.000000	1.000000	0.934844	0.984674	0.984969
1940	0.993315	1.000000	1.000000	0.934876	0.984674	0.984969
1950	0.993357	1.000000	1.000000	0.934904	0.984674	0.984969
1960	0.993397	1.000000	1.000000	0.935065	0.984674	0.984969
1970	0.993428	1.000000	1.000000	0.935083	0.984674	0.984969
1980	0.993458	1.000000	1.000000	0.935103	0.984674	0.984969
1990	0.993492	1.000000	1.000000	0.935113	0.984674	0.984969
2000	0.993528	1.000000	1.000000	0.935063	0.984674	0.984969
2010	0.993553	1.000000	1.000000	0.935037	0.984674	0.984969
2020	0.993580	1.000000	1.000000	0.934973	0.984674	0.984969
2030	0.993615	1.000000	1.000000	0.934991	0.984674	0.984969
2040	0.993641	1.000000	1.000000	0.934955	0.984674	0.984969
2050	0.993665	1.000000	1.000000	0.934979	0.984674	0.984969
2060	0.993690	1.000000	1.000000	0.934991	0.984674	0.984969
2070	0.993737	1.000000	1.000000	0.934960	0.984674	0.984969
2080	0.993786	1.000000	1.000000	0.934895	0.984674	0.984969
2090	0.993817	1.000000	1.000000	0.935150	0.984674	0.984969
2100	0.993844	1.000000	1.000000	0.935174	0.984674	0.984969
2110	0.993869	1.000000	1.000000	0.935170	0.984674	0.984969
2120	0.993893	1.000000	1.000000	0.935215	0.984674	0.984969
2130	0.993925	1.000000	1.000000	0.935252	0.984674	0.984969
2140	0.993959	1.000000	1.000000	0.935248	0.984674	0.984969
2150	0.993987	1.000000	1.000000	0.935268	0.984674	0.984969
2160	0.994022	1.000000	1.000000	0.935227	0.984674	0.984969
2170	0.994046	1.000000	1.000000	0.935186	0.984674	0.984969
2180	0.994080	1.000000	1.000000	0.935295	0.984674	0.984969
2190	0.994100	1.000000	1.000000	0.935253	0.984674	0.984969
2200	0.994121	1.000000	1.000000	0.935246	0.984674	0.984969
2210	0.994140	1.000000	1.000000	0.935259	0.984674	0.984969
2220	0.994165	1.000000	1.000000	0.935301	0.984674	0.984969
2230	0.994196	1.000000	1.000000	0.935277	0.984674	0.984969
2240	0.994228	1.000000	1.000000	0.935369	0.984674	0.984969
2250	0.994246	1.000000	1.000000	0.935353	0.984674	0.984969
2260	0.994275	1.000000	1.000000	0.935351	0.984674	0.984969
2270	0.994301	1.000000	1.000000	0.935370	0.984674	0.984969
2280	0.994332	1.000000	1.000000	0.935417	0.984674	0.984969
2290	0.994351	1.000000	1.000000	0.935447	0.984674	0.984969
2300	0.994374	1.000000	1.000000	0.935423	0.984674	0.984969
2310	0.994396	1.000000	1.000000	0.935430	0.984674	0.984969
2320	0.994419	1.000000	1.000000	0.935456	0.984674	0.984969
2330	0.994442	1.000000	1.000000	0.935494	0.984674	0.984969
2340	0.994474	1.000000	1.000000	0.935652	0.984674	0.984969
2350	0.994493	1.000000	1.000000	0.935672	0.984674	0.984969
2360	0.994515	1.000000	1.000000	0.935659	0.984674	0.984969
2370	0.994542	1.000000	1.000000	0.935594	0.984674	0.984969
2380	0.994569	1.000000	1.000000	0.935605	0.984674	0.984969
2390	0.994600	1.000000	1.000000	0.935619	0.984674	0.984969
2400	0.994622	1.000000	1.000000	0.935652	0.984674	0.984969
2410	0.994639	1.000000	1.000000	0.935609	0.984674	0.984969
2420	0.994669	1.000000	1.000000	0.935534	0.984674	0.984969
2430	0.994699	1.000000	1.000000	0.935755	0.984674	0.984969
2440	0.994724	1.000000	1.000000	0.935736	0.984674	0.984969
2450	0.994747	1.000000	1.000000	0.935738	0.984674	0.984969
2460	0.994770	1.000000	1.000000	0.935744	0.984674	0.984969
2470	0.994785	1.000000	1.000000	0.935751	0.984674	0.984969
2480	0.994804	1.000000	1.000000	0.935725	0.984674	0.984969
2490	0.994826	1.000000	1.000000	0.935707	0.984674	0.984969
2500	0.994839	1.000000	1.000000	0.935770	0.984674	0.984969
