10	0.067895	0.367666	0.342824	0.065544	0.343239	0.323374
20	0.101744	0.584061	0.589004	0.098283	0.570579	0.581906
30	0.147123	0.674712	0.683854	0.143046	0.662704	0.671025
40	0.182108	0.709582	0.715320	0.175516	0.700347	0.710661
50	0.209417	0.729159	0.735472	0.201807	0.715701	0.724127
60	0.231818	0.745843	0.751530	0.223064	0.738980	0.745297
70	0.254874	0.759357	0.762252	0.245580	0.752848	0.756710
80	0.272045	0.772037	0.774404	0.261722	0.762259	0.763309
90	0.292788	0.785385	0.784744	0.281262	0.774641	0.774462
100	0.303009	0.790167	0.789117	0.289711	0.777613	0.777489
110	0.322614	0.799956	0.796921	0.308232	0.783556	0.781654
120	0.337813	0.807853	0.803731	0.321103	0.790490	0.787146
130	0.350674	0.813136	0.808285	0.332956	0.794453	0.789973
140	0.363404	0.820588	0.814817	0.344176	0.802377	0.796907
150	0.375604	0.826372	0.819647	0.355591	0.807826	0.802292
160	0.385129	0.829932	0.822839	0.364998	0.811788	0.804564
170	0.395189	0.834603	0.826835	0.373425	0.819217	0.811560
180	0.405280	0.837050	0.829285	0.382517	0.822684	0.814967
190	0.417235	0.842778	0.834310	0.392049	0.825161	0.816975
200	0.427290	0.844947	0.835729	0.400890	0.828628	0.819621
210	0.436296	0.850008	0.840144	0.408490	0.831105	0.821658
220	0.443196	0.851788	0.841886	0.414819	0.836057	0.826182
230	0.449159	0.853679	0.843596	0.419045	0.833581	0.823602
240	0.454047	0.856015	0.845643	0.422931	0.836057	0.825647
250	0.464459	0.859240	0.848279	0.431747	0.837543	0.826942
260	0.474914	0.862132	0.850808	0.440667	0.839029	0.827939
270	0.483477	0.864913	0.853224	0.448212	0.842496	0.831240
280	0.491579	0.866859	0.854996	0.454358	0.844477	0.833075
290	0.499601	0.870196	0.857818	0.461238	0.843487	0.831370
300	0.508096	0.874534	0.861067	0.469348	0.850421	0.837274
310	0.512537	0.875424	0.861958	0.473381	0.850916	0.837706
320	0.517676	0.877704	0.864123	0.477329	0.853393	0.839992
330	0.524330	0.880819	0.866745	0.483431	0.853393	0.839756
340	0.528622	0.882320	0.867781	0.486579	0.855869	0.841356
350	0.532497	0.883321	0.868848	0.489984	0.856860	0.842583
360	0.537438	0.885601	0.870988	0.493958	0.859336	0.844656
370	0.542651	0.887103	0.872341	0.497749	0.859336	0.844576
380	0.550882	0.891052	0.875807	0.504326	0.861813	0.846738
390	0.557341	0.892943	0.877502	0.510136	0.864785	0.849655
400	0.563683	0.895390	0.879785	0.514839	0.864289	0.849204
410	0.568424	0.896279	0.880574	0.519238	0.864785	0.849084
420	0.571718	0.896780	0.880949	0.522064	0.866766	0.850835
430	0.576094	0.898448	0.882395	0.526015	0.867756	0.851863
440	0.580086	0.899727	0.883541	0.528962	0.869242	0.852911
450	0.585531	0.901118	0.884882	0.533928	0.871223	0.854679
460	0.588183	0.902175	0.885870	0.536393	0.871719	0.855256
470	0.591883	0.903620	0.887292	0.540177	0.875186	0.858391
480	0.594831	0.905066	0.888715	0.542470	0.874690	0.858383
490	0.599118	0.906401	0.890120	0.546022	0.878158	0.861861
500	0.601114	0.906457	0.890158	0.547568	0.877662	0.861432
510	0.606448	0.907347	0.890871	0.552995	0.878653	0.862197
520	0.611724	0.909516	0.892649	0.558030	0.880634	0.864154
530	0.615822	0.910294	0.893517	0.561281	0.881129	0.864924
540	0.618400	0.911073	0.894208	0.563725	0.884596	0.868294
550	0.622123	0.912296	0.895311	0.566403	0.884596	0.868098
560	0.626240	0.913464	0.896329	0.570069	0.885092	0.868476
570	0.631071	0.914799	0.897561	0.573527	0.886082	0.869348
580	0.634614	0.915744	0.898360	0.575765	0.886082	0.869285
590	0.638773	0.916467	0.899040	0.579417	0.887073	0.870450
600	0.640347	0.916968	0.899513	0.580779	0.888063	0.871338
610	0.643261	0.917580	0.900127	0.583296	0.887073	0.870472
620	0.645228	0.918303	0.900858	0.584371	0.888063	0.871646
630	0.647751	0.918803	0.901311	0.586142	0.889549	0.872857
640	0.650588	0.919860	0.902326	0.588735	0.891035	0.874387
650	0.654315	0.920750	0.903106	0.591908	0.891035	0.874118
660	0.658001	0.921862	0.904211	0.595803	0.892026	0.875206
670	0.660347	0.922919	0.905157	0.597873	0.892026	0.875097
680	0.662884	0.923308	0.905605	0.600016	0.892521	0.875702
690	0.665732	0.924365	0.906618	0.602207	0.894007	0.877123
700	0.667988	0.924643	0.906818	0.604644	0.894007	0.876934
710	0.669868	0.925088	0.907242	0.606577	0.895493	0.878391
720	0.671846	0.925421	0.907598	0.608076	0.896483	0.879447
730	0.673526	0.926089	0.908201	0.609540	0.897474	0.880329
740	0.676395	0.927145	0.909227	0.612687	0.897969	0.880674
750	0.678101	0.927701	0.909799	0.614283	0.898960	0.881520
760	0.681005	0.927924	0.909992	0.616628	0.899455	0.881971
770	0.682836	0.928703	0.910741	0.617717	0.898960	0.881459
780	0.685385	0.929259	0.911209	0.619892	0.901436	0.883667
790	0.687407	0.929926	0.911841	0.621528	0.902427	0.884586
800	0.689491	0.930816	0.912702	0.622863	0.902922	0.884981
810	0.691017	0.931483	0.913315	0.624060	0.903913	0.885891
820	0.693876	0.932540	0.914316	0.626115	0.906389	0.888157
830	0.695853	0.933207	0.914918	0.627355	0.905399	0.887417
840	0.698005	0.934264	0.915979	0.628199	0.905894	0.887966
850	0.699964	0.935043	0.916676	0.629695	0.903913	0.886143
860	0.701864	0.935154	0.916780	0.631128	0.904903	0.887087
870	0.703934	0.935376	0.916983	0.633167	0.904903	0.887358
880	0.706606	0.935877	0.917422	0.635769	0.906885	0.889187
890	0.708348	0.936322	0.917874	0.637629	0.907875	0.889978
900	0.709796	0.936544	0.918105	0.638705	0.906389	0.888791
910	0.710983	0.936767	0.918342	0.639594	0.906389	0.888685
920	0.712381	0.936878	0.918475	0.640384	0.906389	0.888626
930	0.714037	0.937212	0.918805	0.642000	0.907380	0.889670
940	0.716762	0.938546	0.920062	0.643869	0.907380	0.889743
950	0.717651	0.938491	0.920012	0.644345	0.906885	0.889192
960	0.718626	0.939047	0.920556	0.644994	0.908370	0.890706
970	0.720684	0.939492	0.920963	0.646033	0.907380	0.889698
980	0.722477	0.940159	0.921595	0.648008	0.907380	0.889611
990	0.723987	0.940326	0.921755	0.649348	0.909856	0.891927
1000	0.725454	0.940826	0.922211	0.650426	0.909361	0.891414
1010	0.726969	0.940993	0.922351	0.651272	0.908370	0.890598
1020	0.728186	0.941049	0.922403	0.651838	0.908370	0.890557
1030	0.728970	0.941271	0.922627	0.652476	0.907875	0.889982
1040	0.730225	0.941383	0.922719	0.653459	0.909856	0.891861
1050	0.731025	0.941271	0.922635	0.654024	0.909856	0.891861
1060	0.732157	0.941716	0.923031	0.654960	0.909361	0.891488
1070	0.733488	0.942050	0.923352	0.655832	0.909856	0.891973
1080	0.734655	0.942328	0.923674	0.657123	0.911342	0.893118
1090	0.735583	0.942662	0.924003	0.657751	0.910847	0.892570
1100	0.736521	0.942829	0.924161	0.658217	0.911342	0.892990
1110	0.737993	0.943107	0.924412	0.659490	0.910352	0.892018
1120	0.738876	0.943552	0.924851	0.660233	0.911838	0.893494
1130	0.739621	0.943885	0.925163	0.660817	0.910847	0.892480
1140	0.741210	0.944108	0.925398	0.661958	0.910847	0.892530
1150	0.742137	0.944163	0.925431	0.662430	0.910847	0.892389
1160	0.743302	0.944553	0.925883	0.663327	0.910847	0.892328
1170	0.744355	0.944831	0.926095	0.664031	0.909856	0.891471
1180	0.745787	0.945554	0.926755	0.665468	0.912333	0.893964
1190	0.746597	0.945665	0.926886	0.665934	0.913323	0.894985
1200	0.747666	0.945609	0.926813	0.666878	0.914314	0.895926
1210	0.748379	0.945776	0.927014	0.667107	0.914809	0.896625
1220	0.749246	0.946110	0.927307	0.667658	0.915800	0.897304
1230	0.750337	0.946666	0.927852	0.668187	0.915305	0.897087
1240	0.751417	0.947000	0.928134	0.669274	0.915305	0.897130
1250	0.752102	0.947111	0.928236	0.669832	0.914314	0.895885
1260	0.752941	0.947445	0.928566	0.670560	0.913819	0.895340
1270	0.753888	0.947667	0.928723	0.671368	0.912333	0.893967
1280	0.754774	0.948001	0.929051	0.672490	0.913323	0.895018
1290	0.755599	0.948334	0.929348	0.672834	0.912828	0.894461
1300	0.756426	0.948168	0.929197	0.673414	0.913323	0.894875
1310	0.757409	0.948390	0.929493	0.674234	0.913323	0.894680
1320	0.758693	0.948612	0.929628	0.675329	0.913819	0.895274
1330	0.759787	0.948557	0.929529	0.675558	0.913819	0.895306
1340	0.760689	0.948890	0.929888	0.676330	0.913819	0.895163
1350	0.761153	0.949169	0.930146	0.676801	0.914314	0.895662
1360	0.761531	0.949113	0.930071	0.677063	0.914314	0.895660
1370	0.762292	0.949391	0.930359	0.677428	0.914314	0.895862
1380	0.762973	0.949391	0.930307	0.677899	0.915305	0.896672
1390	0.763937	0.949391	0.930337	0.678443	0.913819	0.895296
1400	0.764812	0.949447	0.930387	0.679259	0.914809	0.896309
1410	0.765351	0.949669	0.930572	0.679563	0.914314	0.895816
1420	0.766070	0.949725	0.930717	0.680144	0.914314	0.895880
1430	0.767103	0.950003	0.930948	0.680993	0.913819	0.895406
1440	0.768156	0.950170	0.931126	0.681736	0.913819	0.895389
1450	0.768829	0.950114	0.931051	0.682159	0.913819	0.895281
1460	0.769677	0.950948	0.951419	0.682759	0.914314	0.915201
1470	0.770734	0.950503	0.950975	0.683546	0.913323	0.894965
1480	0.771488	0.951059	0.951520	0.684274	0.913819	0.895171
1490	0.772637	0.952450	0.952852	0.685132	0.916295	0.917172
1500	0.774545	0.953673	0.954050	0.686776	0.917781	0.918568
1510	0.776687	0.956676	0.956992	0.688508	0.921248	0.921965
1520	0.778175	0.958011	0.958352	0.689622	0.921248	0.922093
1530	0.779397	0.959958	0.960197	0.690598	0.921743	0.922484
1540	0.780251	0.961181	0.961410	0.691314	0.922734	0.923403
1550	0.781583	0.963406	0.963590	0.692424	0.924220	0.924794
1560	0.782266	0.964073	0.964252	0.693022	0.925211	0.925869
1570	0.783072	0.964685	0.964860	0.693737	0.925706	0.926394
1580	0.784342	0.965074	0.965239	0.694720	0.926696	0.927378
1590	0.785023	0.965241	0.965399	0.695230	0.927687	0.928361
1600	0.785859	0.965742	0.965888	0.695864	0.928182	0.928877
1610	0.786701	0.966465	0.966615	0.696700	0.928678	0.929374
1620	0.787634	0.966854	0.966993	0.697419	0.929173	0.929914
1630	0.788398	0.967188	0.967315	0.697995	0.929668	0.930352
1640	0.789321	0.967466	0.967594	0.698598	0.930659	0.931347
1650	0.790905	0.968522	0.968639	0.700023	0.931649	0.932323
1660	0.791781	0.968912	0.969024	0.700927	0.933135	0.933852
1670	0.792932	0.969078	0.969184	0.701778	0.933135	0.933846
1680	0.793560	0.969357	0.969449	0.702259	0.933135	0.933846
1690	0.794763	0.969968	0.970060	0.703325	0.933631	0.934340
1700	0.795371	0.970469	0.970556	0.703735	0.933631	0.934305
1710	0.797840	0.971192	0.971263	0.705788	0.934621	0.935360
1720	0.798934	0.971470	0.971542	0.706788	0.934621	0.935324
1730	0.800082	0.971859	0.971917	0.707684	0.934621	0.935350
1740	0.800791	0.972026	0.972069	0.708221	0.934621	0.935350
1750	0.801693	0.972415	0.972447	0.709018	0.935612	0.936405
1760	0.802317	0.972582	0.972625	0.709388	0.935612	0.936421
1770	0.803227	0.973138	0.973183	0.709997	0.936107	0.936905
1780	0.804558	0.973250	0.973292	0.711095	0.936107	0.936905
1790	0.806530	0.973917	0.973942	0.712615	0.936107	0.936905
1800	0.807305	0.974084	0.974107	0.713265	0.936602	0.937424
1810	0.807967	0.974084	0.974107	0.713765	0.936602	0.937424
1820	0.808619	0.974529	0.974528	0.714268	0.936602	0.937424
1830	0.809295	0.974529	0.974539	0.714691	0.936602	0.937424
1840	0.810078	0.975140	0.975142	0.715170	0.936107	0.936919
1850	0.811243	0.975697	0.975683	0.716317	0.936107	0.936919
1860	0.811970	0.975863	0.975846	0.717094	0.937098	0.937910
1870	0.812926	0.975975	0.975953	0.717915	0.937098	0.937910
1880	0.814090	0.976308	0.976280	0.718895	0.938088	0.938894
1890	0.814680	0.976642	0.976621	0.719381	0.938088	0.938894
1900	0.815389	0.976864	0.976832	0.720217	0.938088	0.938813
1910	0.815807	0.976753	0.976724	0.720493	0.938583	0.939283
1920	0.816237	0.977198	0.977174	0.720931	0.938583	0.939214
1930	0.817041	0.977254	0.977231	0.721477	0.938583	0.939214
1940	0.818062	0.977421	0.977388	0.722375	0.938583	0.939231
1950	0.818847	0.977476	0.977443	0.722917	0.938583	0.939231
1960	0.819346	0.977866	0.977834	0.723376	0.938583	0.939194
1970	0.819830	0.977866	0.977833	0.723805	0.938088	0.938761
1980	0.820467	0.978199	0.978169	0.724246	0.938088	0.938742
1990	0.821211	0.978422	0.978387	0.724800	0.938088	0.938742
2000	0.821966	0.978700	0.978658	0.725483	0.939079	0.939832
2010	0.822497	0.978922	0.978877	0.726023	0.939574	0.940156
2020	0.823263	0.978978	0.978933	0.726509	0.939574	0.940159
2030	0.824037	0.979256	0.979208	0.727117	0.939574	0.940132
2040	0.824758	0.979311	0.979264	0.727693	0.940069	0.940671
2050	0.825215	0.979367	0.979320	0.728165	0.941060	0.941542
2060	0.825628	0.979367	0.979313	0.728572	0.940565	0.941126
2070	0.826428	0.979534	0.979486	0.729178	0.941060	0.941619
2080	0.827310	0.979812	0.979756	0.729968	0.942051	0.942527
2090	0.828048	0.979868	0.979807	0.730522	0.940565	0.941120
2100	0.828701	0.980034	0.979985	0.731110	0.941555	0.942018
2110	0.829381	0.980257	0.980203	0.731678	0.941060	0.941607
2120	0.830192	0.980591	0.980538	0.732299	0.941060	0.941574
2130	0.830953	0.980646	0.980580	0.732735	0.941555	0.942111
2140	0.831494	0.980980	0.980921	0.733142	0.941555	0.942111
2150	0.831864	0.980924	0.980858	0.733490	0.942051	0.942550
2160	0.832634	0.980980	0.980917	0.734076	0.942051	0.942550
2170	0.833160	0.981258	0.981196	0.734571	0.942051	0.942542
2180	0.833610	0.981258	0.981195	0.734907	0.941555	0.942111
2190	0.834882	0.981647	0.981588	0.735856	0.941555	0.942111
2200	0.835594	0.981425	0.981364	0.736328	0.941555	0.942111
2210	0.836071	0.981480	0.981417	0.736698	0.941555	0.942111
2220	0.836577	0.981480	0.981414	0.737213	0.941555	0.942136
2230	0.836996	0.981814	0.981752	0.737381	0.941555	0.942181
2240	0.837562	0.981814	0.981751	0.737846	0.942051	0.942602
2250	0.838038	0.981981	0.981918	0.738182	0.942546	0.943044
2260	0.838611	0.981925	0.981857	0.738659	0.942051	0.942493
2270	0.839125	0.981925	0.981857	0.739300	0.943041	0.943457
2280	0.839578	0.982037	0.981970	0.739919	0.943041	0.943457
2290	0.840243	0.982370	0.982305	0.740495	0.943041	0.943457
2300	0.840711	0.982482	0.982420	0.740717	0.942546	0.943008
2310	0.841122	0.982648	0.982583	0.741045	0.942546	0.943008
2320	0.841654	0.982815	0.982752	0.741236	0.942546	0.943008
2330	0.842325	0.982926	0.982866	0.741824	0.942546	0.943008
2340	0.842978	0.982871	0.982808	0.742401	0.942546	0.943026
2350	0.843386	0.982926	0.982861	0.742787	0.942546	0.943026
2360	0.843656	0.982982	0.982907	0.743143	0.942546	0.943026
2370	0.844081	0.982926	0.982852	0.743520	0.943041	0.943526
2380	0.844702	0.982982	0.982907	0.744126	0.943041	0.943526
2390	0.845594	0.983204	0.983134	0.744991	0.943041	0.943498
2400	0.846111	0.983427	0.983350	0.745451	0.943041	0.943517
2410	0.846556	0.983538	0.983457	0.745595	0.943041	0.943517
2420	0.847081	0.983649	0.983567	0.745797	0.943041	0.943490
2430	0.847804	0.983538	0.983454	0.746371	0.943041	0.943490
2440	0.848327	0.983649	0.983569	0.746860	0.943041	0.943518
2450	0.849063	0.983816	0.983736	0.747392	0.943041	0.943518
2460	0.849632	0.983872	0.983795	0.747840	0.943041	0.943518
2470	0.850275	0.983816	0.983740	0.748406	0.943536	0.943973
2480	0.850813	0.983816	0.983741	0.748835	0.944032	0.944469
2490	0.851359	0.983983	0.983902	0.749372	0.943536	0.944023
2500	0.851914	0.984039	0.983961	0.749985	0.943536	0.944106
2510	0.852387	0.984206	0.984120	0.750486	0.944032	0.944562
2520	0.853121	0.984372	0.984280	0.750866	0.944527	0.945009
2530	0.853647	0.984539	0.984443	0.751493	0.944527	0.945009
2540	0.854052	0.984650	0.984555	0.751757	0.944527	0.945009
2550	0.854744	0.984817	0.984724	0.752234	0.944527	0.945009
2560	0.855048	0.984817	0.984725	0.752538	0.944527	0.945009
2570	0.856195	0.984929	0.984834	0.753529	0.944527	0.945009
2580	0.856731	0.984929	0.984832	0.754191	0.945022	0.945505
2590	0.857243	0.985095	0.984995	0.754910	0.944032	0.944476
2600	0.857769	0.985207	0.985104	0.755253	0.944032	0.944519
2610	0.858225	0.985207	0.985106	0.755582	0.944032	0.944581
2620	0.858603	0.985207	0.985109	0.755952	0.943536	0.944127
2630	0.859439	0.985207	0.985108	0.756794	0.944032	0.944616
2640	0.860084	0.985596	0.985493	0.757135	0.944032	0.944581
2650	0.860459	0.985485	0.985382	0.757433	0.944032	0.944581
2660	0.860809	0.985596	0.985492	0.757559	0.944032	0.944610
2670	0.861251	0.985763	0.985660	0.757804	0.945022	0.945519
2680	0.861694	0.985874	0.985772	0.758075	0.945022	0.945519
2690	0.862197	0.986041	0.985933	0.758402	0.945518	0.945917
2700	0.862768	0.986096	0.985990	0.758899	0.946013	0.946437
2710	0.863452	0.986208	0.986108	0.759569	0.945518	0.945917
2720	0.864092	0.986263	0.986163	0.760175	0.945518	0.945917
2730	0.864730	0.986430	0.986329	0.760617	0.945518	0.945981
2740	0.865128	0.986486	0.986380	0.760972	0.946508	0.946845
2750	0.865574	0.986486	0.986379	0.761327	0.946508	0.946845
2760	0.866048	0.986708	0.986601	0.761583	0.946508	0.946845
2770	0.866499	0.986764	0.986659	0.761870	0.946508	0.946845
2780	0.866759	0.986819	0.986713	0.762014	0.946508	0.946845
2790	0.867134	0.986708	0.986599	0.762271	0.947003	0.947316
2800	0.867398	0.986708	0.986601	0.762428	0.947003	0.947283
2810	0.867660	0.986764	0.986656	0.762607	0.947003	0.947283
2820	0.867989	0.986819	0.986716	0.762948	0.947994	0.948274
2830	0.868297	0.986875	0.986772	0.763172	0.947994	0.948274
2840	0.868540	0.986986	0.986881	0.763319	0.947499	0.947839
2850	0.868813	0.986875	0.986767	0.763542	0.947499	0.947780
2860	0.869010	0.986931	0.986820	0.763634	0.947499	0.947780
2870	0.869606	0.986875	0.986765	0.764101	0.947499	0.947780
2880	0.870075	0.986931	0.986821	0.764435	0.947499	0.947780
2890	0.870363	0.987042	0.986930	0.764634	0.947003	0.947300
2900	0.870777	0.986931	0.986819	0.765002	0.947499	0.947750
2910	0.871062	0.986875	0.986765	0.765153	0.947003	0.947284
2920	0.871511	0.987042	0.986930	0.765390	0.947003	0.947284
2930	0.871883	0.987042	0.986931	0.765695	0.947499	0.947750
2940	0.872258	0.986986	0.986876	0.766042	0.947499	0.947750
2950	0.872619	0.987042	0.986934	0.766395	0.947499	0.947750
2960	0.873019	0.987153	0.987044	0.766731	0.947499	0.947750
2970	0.873400	0.987042	0.986932	0.766988	0.947499	0.947750
2980	0.873805	0.987320	0.987214	0.767295	0.947499	0.947750
2990	0.874119	0.987431	0.987325	0.767707	0.947499	0.947750
3000	0.874437	0.987431	0.987323	0.767856	0.947499	0.947750
3010	0.874622	0.987376	0.987266	0.768075	0.947499	0.947750
3020	0.875119	0.987431	0.987321	0.768528	0.947499	0.947750
3030	0.875639	0.987654	0.987539	0.769069	0.947003	0.947249
3040	0.876031	0.987709	0.987592	0.769543	0.947499	0.947729
3050	0.876431	0.987765	0.987651	0.769845	0.947499	0.947729
3060	0.876803	0.987709	0.987592	0.770119	0.947994	0.948230
3070	0.877325	0.987709	0.987593	0.770424	0.947994	0.948294
3080	0.877461	0.987820	0.987704	0.770514	0.947994	0.948294
3090	0.877665	0.987820	0.987705	0.770758	0.947499	0.947831
3100	0.877860	0.987765	0.987649	0.770876	0.947499	0.947831
3110	0.878500	0.987876	0.987760	0.771392	0.947499	0.947831
3120	0.878788	0.987820	0.987705	0.771399	0.947994	0.948240
3130	0.878943	0.987876	0.987759	0.771390	0.947994	0.948240
3140	0.879226	0.988043	0.987927	0.771502	0.947994	0.948294
3150	0.879385	0.988099	0.987985	0.771505	0.947994	0.948294
3160	0.879621	0.988099	0.987987	0.771675	0.947994	0.948294
3170	0.879752	0.988099	0.987985	0.771749	0.947994	0.948294
3180	0.880120	0.988210	0.988097	0.772000	0.947994	0.948294
3190	0.880180	0.988210	0.988098	0.772081	0.947994	0.948294
3200	0.880258	0.988265	0.988157	0.772113	0.947994	0.948294
3210	0.880387	0.988265	0.988156	0.772318	0.947994	0.948294
3220	0.880600	0.988265	0.988154	0.772586	0.947994	0.948294
3230	0.880778	0.988265	0.988156	0.772756	0.948489	0.948784
3240	0.881210	0.988377	0.988265	0.773019	0.947994	0.948294
3250	0.881740	0.988432	0.988321	0.773286	0.947994	0.948294
3260	0.882144	0.988543	0.988430	0.773586	0.947994	0.948294
3270	0.882290	0.988488	0.988376	0.773638	0.947994	0.948294
3280	0.882397	0.988488	0.988376	0.773670	0.947994	0.948294
3290	0.882800	0.988488	0.988377	0.774044	0.947994	0.948385
3300	0.883164	0.988488	0.988378	0.774379	0.947994	0.948385
3310	0.883350	0.988543	0.988434	0.774560	0.947994	0.948294
3320	0.883515	0.988543	0.988435	0.774671	0.947994	0.948294
3330	0.883851	0.988543	0.988434	0.775045	0.947994	0.948385
3340	0.884138	0.988599	0.988488	0.775348	0.947994	0.948385
3350	0.884384	0.988599	0.988487	0.775483	0.948489	0.948880
3360	0.884675	0.988599	0.988487	0.775698	0.947994	0.948385
3370	0.884966	0.988766	0.988658	0.775922	0.947994	0.948385
3380	0.885222	0.988766	0.988651	0.776132	0.947994	0.948385
3390	0.885554	0.988766	0.988650	0.776547	0.947994	0.948385
3400	0.885756	0.988822	0.988709	0.776696	0.948489	0.948886
3410	0.885953	0.988822	0.988711	0.776941	0.948489	0.948886
3420	0.886168	0.988933	0.988821	0.777153	0.948489	0.948886
3430	0.886375	0.989044	0.988930	0.777289	0.948489	0.948886
3440	0.886564	0.988988	0.988876	0.777371	0.948489	0.948886
3450	0.886771	0.988988	0.988876	0.777453	0.948489	0.948886
3460	0.887102	0.989155	0.989042	0.777675	0.948985	0.949402
3470	0.887404	0.989211	0.989097	0.777794	0.948489	0.948922
3480	0.887591	0.989211	0.989101	0.777944	0.948489	0.948789
3490	0.887758	0.989211	0.989100	0.777992	0.948489	0.948789
3500	0.888048	0.989211	0.989102	0.778140	0.948489	0.948789
3510	0.888193	0.989266	0.989151	0.778281	0.948489	0.948789
3520	0.888578	0.989378	0.989270	0.778499	0.948489	0.948830
3530	0.888884	0.989322	0.989209	0.778760	0.948489	0.948830
3540	0.889082	0.989433	0.989319	0.778892	0.948489	0.948830
3550	0.889389	0.989378	0.989260	0.779067	0.948489	0.948830
3560	0.889655	0.989489	0.989367	0.779215	0.948489	0.948830
3570	0.889960	0.989545	0.989422	0.779362	0.948489	0.948789
3580	0.890513	0.989656	0.989539	0.779744	0.948489	0.948789
3590	0.890653	0.989656	0.989539	0.779808	0.948489	0.948789
3600	0.890886	0.989656	0.989540	0.779845	0.947994	0.948264
3610	0.891260	0.989711	0.989593	0.780177	0.948489	0.948789
3620	0.891652	0.989878	0.989760	0.780506	0.948489	0.948789
3630	0.892028	0.990045	0.989925	0.780717	0.947994	0.948294
3640	0.892235	0.990101	0.989982	0.780859	0.948985	0.949264
3650	0.892553	0.990156	0.990037	0.781264	0.949480	0.949754
3660	0.892791	0.990323	0.990203	0.781549	0.949480	0.949754
3670	0.893056	0.990379	0.990259	0.781772	0.948985	0.949229
3680	0.893427	0.990379	0.990261	0.781974	0.948985	0.949229
3690	0.893961	0.990490	0.990375	0.782336	0.948489	0.948784
3700	0.894385	0.990379	0.990264	0.782695	0.948489	0.948819
3710	0.894860	0.990601	0.990490	0.783147	0.948489	0.948819
3720	0.895098	0.990601	0.990488	0.783334	0.948489	0.948819
3730	0.895287	0.990657	0.990544	0.783490	0.948489	0.948819
3740	0.895430	0.990601	0.990487	0.783664	0.948489	0.948819
3750	0.895858	0.990768	0.990663	0.784063	0.948489	0.948819
3760	0.896055	0.990824	0.990715	0.784229	0.948489	0.948830
3770	0.896244	0.990879	0.990771	0.784337	0.948489	0.948830
3780	0.896517	0.990935	0.990827	0.784603	0.948489	0.948819
3790	0.896632	0.991046	0.990940	0.784727	0.948489	0.948819
3800	0.896870	0.990935	0.990830	0.784983	0.948489	0.948819
3810	0.897155	0.990935	0.990833	0.785285	0.948489	0.948819
3820	0.897413	0.990990	0.990886	0.785538	0.948985	0.949277
3830	0.897640	0.991046	0.990942	0.785663	0.948985	0.949277
3840	0.897864	0.991046	0.990943	0.785731	0.948489	0.948830
3850	0.898153	0.991046	0.990942	0.785872	0.948489	0.948824
3860	0.898240	0.991046	0.990944	0.785952	0.948985	0.949277
3870	0.898517	0.991102	0.990994	0.786121	0.949480	0.949808
3880	0.898801	0.991157	0.991050	0.786374	0.949480	0.949808
3890	0.899077	0.991157	0.991048	0.786727	0.949975	0.950287
3900	0.899332	0.991157	0.991047	0.786900	0.950471	0.950738
3910	0.899502	0.991157	0.991047	0.787039	0.950966	0.951288
3920	0.899756	0.991213	0.991105	0.787203	0.950471	0.950842
3930	0.899963	0.991213	0.991104	0.787232	0.950471	0.950738
3940	0.900220	0.991213	0.991106	0.787421	0.950471	0.950738
3950	0.900450	0.991380	0.991276	0.787623	0.950471	0.950738
3960	0.900627	0.991380	0.991276	0.787723	0.950471	0.950738
3970	0.900903	0.991380	0.991276	0.788000	0.950471	0.950738
3980	0.900982	0.991380	0.991276	0.788066	0.950471	0.950738
3990	0.901086	0.991380	0.991276	0.788246	0.950471	0.950738
4000	0.901377	0.991380	0.991276	0.788482	0.950966	0.951288
4010	0.901707	0.991380	0.991276	0.788767	0.950966	0.951288
4020	0.902092	0.991380	0.991277	0.788985	0.950471	0.950738
4030	0.902376	0.991380	0.991278	0.789089	0.950966	0.951288
4040	0.902571	0.991380	0.991275	0.789272	0.951461	0.951732
4050	0.902944	0.991435	0.991330	0.789568	0.951461	0.951732
4060	0.903156	0.991435	0.991329	0.789722	0.951461	0.951732
4070	0.903442	0.991380	0.991273	0.789958	0.951461	0.951732
4080	0.903747	0.991435	0.991332	0.790334	0.951461	0.951732
4090	0.903896	0.991435	0.991331	0.790498	0.951461	0.951732
4100	0.904153	0.991435	0.991331	0.790718	0.951461	0.951732
4110	0.904302	0.991380	0.991274	0.790870	0.951461	0.951732
4120	0.904469	0.991435	0.991329	0.791098	0.950966	0.951181
4130	0.904665	0.991491	0.991384	0.791223	0.950966	0.951181
4140	0.904887	0.991491	0.991385	0.791446	0.950966	0.951181
4150	0.905069	0.991491	0.991384	0.791454	0.950966	0.951181
4160	0.905251	0.991547	0.991438	0.791614	0.951461	0.951656
4170	0.905346	0.991602	0.991492	0.791798	0.951461	0.951656
4180	0.905690	0.991602	0.991493	0.792168	0.951461	0.951656
4190	0.905966	0.991713	0.991605	0.792465	0.952452	0.952659
4200	0.906292	0.991713	0.991605	0.792698	0.952452	0.952659
4210	0.906652	0.991713	0.991604	0.793006	0.952452	0.952659
4220	0.907082	0.991825	0.991720	0.793399	0.951956	0.952218
4230	0.907365	0.991936	0.991828	0.793560	0.951461	0.951770
4240	0.907572	0.991936	0.991828	0.793737	0.951461	0.951770
4250	0.907828	0.991936	0.991829	0.793923	0.951461	0.951770
4260	0.908137	0.991880	0.991773	0.794137	0.951461	0.951770
4270	0.908280	0.991880	0.991775	0.794296	0.952452	0.952659
4280	0.908571	0.992103	0.991996	0.794483	0.952947	0.953144
4290	0.908761	0.992047	0.991941	0.794605	0.952947	0.953144
4300	0.908918	0.992158	0.992051	0.794694	0.952947	0.953144
4310	0.909073	0.992158	0.992052	0.794873	0.953442	0.953678
4320	0.909438	0.992158	0.992055	0.795093	0.952452	0.952693
4330	0.909690	0.992325	0.992225	0.795315	0.952947	0.953202
4340	0.910009	0.992325	0.992225	0.795580	0.952947	0.953202
4350	0.910303	0.992325	0.992225	0.795935	0.952947	0.953130
4360	0.910466	0.992325	0.992227	0.796090	0.952452	0.952679
4370	0.910779	0.992436	0.992342	0.796262	0.952947	0.953214
4380	0.911047	0.992381	0.992283	0.796553	0.952947	0.953214
4390	0.911141	0.992492	0.992393	0.796662	0.952947	0.953214
4400	0.911262	0.992548	0.992448	0.796665	0.953442	0.953749
4410	0.911494	0.992603	0.992504	0.796933	0.953938	0.954187
4420	0.911672	0.992603	0.992504	0.797061	0.953938	0.954190
4430	0.911840	0.992659	0.992559	0.797107	0.953442	0.953667
4440	0.912184	0.992659	0.992561	0.797442	0.952452	0.952666
4450	0.912485	0.992770	0.992670	0.797776	0.952947	0.953158
4460	0.912658	0.992770	0.992671	0.798120	0.952947	0.953175
4470	0.912878	0.992770	0.992670	0.798238	0.952947	0.953175
4480	0.913097	0.992826	0.992724	0.798228	0.952947	0.953175
4490	0.913292	0.992826	0.992724	0.798381	0.952947	0.953175
4500	0.913525	0.992881	0.992780	0.798607	0.952947	0.953175
4510	0.913732	0.992881	0.992783	0.798662	0.952947	0.953175
4520	0.914011	0.992937	0.992840	0.798829	0.953442	0.953667
4530	0.914208	0.992937	0.992841	0.799004	0.952947	0.953175
4540	0.914427	0.992937	0.992839	0.799175	0.952947	0.953103
4550	0.914680	0.992993	0.992894	0.799372	0.952947	0.953103
4560	0.914909	0.992993	0.992892	0.799450	0.952947	0.953103
4570	0.915084	0.993104	0.993000	0.799549	0.952947	0.953103
4580	0.915290	0.992993	0.992891	0.799750	0.952947	0.953103
4590	0.915551	0.992937	0.992835	0.800013	0.953442	0.953651
4600	0.915669	0.993048	0.992945	0.800107	0.953938	0.954143
4610	0.915934	0.993104	0.993003	0.800329	0.954433	0.954666
4620	0.916131	0.993104	0.993002	0.800433	0.954433	0.954666
4630	0.916366	0.993104	0.993000	0.800445	0.953938	0.954173
4640	0.916638	0.993215	0.993116	0.800663	0.953938	0.954173
4650	0.916849	0.993215	0.993113	0.800730	0.954433	0.954666
4660	0.917047	0.993215	0.993116	0.800887	0.954433	0.954666
4670	0.917426	0.993493	0.993400	0.801196	0.954928	0.955155
4680	0.917723	0.993493	0.993402	0.801396	0.954928	0.955155
4690	0.917892	0.993438	0.993344	0.801539	0.954928	0.955155
4700	0.918217	0.993438	0.993343	0.801841	0.954928	0.955155
4710	0.918505	0.993604	0.993512	0.802142	0.954928	0.955155
4720	0.918717	0.993604	0.993513	0.802367	0.954928	0.955155
4730	0.918835	0.993660	0.993567	0.802537	0.954928	0.955155
4740	0.918943	0.993660	0.993568	0.802701	0.954928	0.955155
4750	0.919304	0.993660	0.993565	0.803039	0.954928	0.955142
4760	0.919608	0.993660	0.993565	0.803364	0.954928	0.955080
4770	0.919943	0.993882	0.993791	0.803696	0.954928	0.955070
4780	0.920316	0.993882	0.993792	0.803891	0.954928	0.955070
4790	0.920546	0.993882	0.993792	0.804054	0.954928	0.955070
4800	0.920849	0.993938	0.993849	0.804362	0.954928	0.955070
4810	0.921069	0.994049	0.993966	0.804554	0.955423	0.955525
4820	0.921430	0.994049	0.993962	0.804863	0.955423	0.955535
4830	0.921529	0.994049	0.993965	0.804903	0.955423	0.955548
4840	0.921834	0.994049	0.993960	0.804989	0.955919	0.956023
4850	0.922036	0.994161	0.994077	0.805168	0.955919	0.956023
4860	0.922248	0.994161	0.994077	0.805385	0.955919	0.956023
4870	0.922346	0.994161	0.994075	0.805568	0.955919	0.956023
4880	0.922541	0.994216	0.994133	0.805811	0.955919	0.956023
4890	0.922730	0.994216	0.994133	0.806076	0.955919	0.956093
4900	0.922990	0.994272	0.994194	0.806257	0.955919	0.956093
4910	0.923195	0.994327	0.994251	0.806438	0.955919	0.956135
4920	0.923415	0.994327	0.994250	0.806712	0.955919	0.956135
4930	0.923551	0.994383	0.994304	0.806863	0.955919	0.956135
4940	0.923956	0.994439	0.994361	0.807345	0.955919	0.956135
4950	0.924142	0.994550	0.994473	0.807581	0.955919	0.956142
4960	0.924336	0.994605	0.994529	0.807729	0.955919	0.956142
4970	0.924673	0.994661	0.994587	0.807966	0.955919	0.956142
4980	0.924971	0.994717	0.994645	0.808220	0.955919	0.956142
4990	0.925160	0.994772	0.994702	0.808430	0.955919	0.956100
5000	0.925363	0.994828	0.994757	0.808588	0.955919	0.956142
5010	0.925594	0.994828	0.994756	0.808734	0.955919	0.956142
5020	0.925814	0.994828	0.994756	0.808845	0.955919	0.956142
5030	0.926020	0.994828	0.994757	0.809139	0.955919	0.956100
5040	0.926221	0.994772	0.994700	0.809345	0.955919	0.956119
5050	0.926403	0.994717	0.994644	0.809431	0.955919	0.956119
5060	0.926617	0.994828	0.994756	0.809565	0.955919	0.956049
5070	0.926855	0.994939	0.994868	0.809790	0.955919	0.956049
5080	0.927041	0.994939	0.994869	0.809920	0.955919	0.956068
5090	0.927293	0.994939	0.994868	0.810154	0.955423	0.955518
5100	0.927545	0.994939	0.994869	0.810386	0.955423	0.955498
5110	0.927796	0.994939	0.994870	0.810429	0.955919	0.956049
5120	0.928026	0.994939	0.994872	0.810652	0.955919	0.956049
5130	0.928200	0.994939	0.994869	0.810729	0.955919	0.956005
5140	0.928369	0.994939	0.994870	0.810894	0.955919	0.956005
5150	0.928615	0.994995	0.994923	0.811017	0.955919	0.956022
5160	0.928922	0.994939	0.994869	0.811293	0.955919	0.956060
5170	0.929075	0.994939	0.994871	0.811456	0.956414	0.956575
5180	0.929253	0.995050	0.994983	0.811565	0.955919	0.956097
5190	0.929489	0.995050	0.994983	0.811672	0.955919	0.956097
5200	0.929657	0.995162	0.995095	0.811780	0.955919	0.956097
5210	0.929848	0.995273	0.995208	0.812042	0.955919	0.956097
5220	0.930019	0.995273	0.995208	0.812274	0.955919	0.956097
5230	0.930182	0.995273	0.995207	0.812339	0.955919	0.956141
5240	0.930519	0.995273	0.995205	0.812647	0.955423	0.955613
5250	0.930771	0.995440	0.995374	0.812731	0.955423	0.955613
5260	0.931034	0.995328	0.995258	0.812925	0.955423	0.955613
5270	0.931281	0.995440	0.995370	0.813172	0.955423	0.955613
5280	0.931499	0.995495	0.995429	0.813381	0.955423	0.955648
5290	0.931682	0.995606	0.995542	0.813484	0.956414	0.956609
5300	0.931860	0.995662	0.995600	0.813636	0.956414	0.956609
5310	0.932024	0.995662	0.995601	0.813744	0.956414	0.956609
5320	0.932278	0.995718	0.995658	0.814118	0.955919	0.956127
5330	0.932444	0.995718	0.995658	0.814301	0.956414	0.956609
5340	0.932685	0.995829	0.995769	0.814512	0.956414	0.956609
5350	0.932936	0.995940	0.995881	0.814694	0.955919	0.956127
5360	0.933120	0.995940	0.995881	0.814911	0.955919	0.956091
5370	0.933371	0.995996	0.995939	0.815221	0.955919	0.956091
5380	0.933598	0.995940	0.995881	0.815438	0.955919	0.956094
5390	0.933879	0.995996	0.995939	0.815717	0.955423	0.955620
5400	0.934034	0.995885	0.995824	0.815749	0.955423	0.955584
5410	0.934276	0.995996	0.995938	0.815941	0.955423	0.955584
5420	0.934512	0.996051	0.995995	0.816281	0.955423	0.955615
5430	0.934636	0.996051	0.995995	0.816473	0.955423	0.955615
5440	0.934812	0.996107	0.996051	0.816615	0.955423	0.955615
5450	0.934990	0.996218	0.996163	0.816792	0.955919	0.956124
5460	0.935216	0.996274	0.996218	0.816933	0.955919	0.956087
5470	0.935463	0.996274	0.996220	0.817165	0.956909	0.957043
5480	0.935612	0.996218	0.996164	0.817318	0.957900	0.958082
5490	0.935811	0.996274	0.996220	0.817423	0.956909	0.957076
5500	0.935912	0.996274	0.996220	0.817513	0.957900	0.958082
5510	0.936051	0.996274	0.996220	0.817609	0.957900	0.958082
5520	0.936186	0.996218	0.996164	0.817660	0.957405	0.957554
5530	0.936332	0.996329	0.996274	0.817763	0.957405	0.957624
5540	0.936486	0.996441	0.996388	0.817857	0.957405	0.957602
5550	0.936595	0.996552	0.996501	0.817981	0.957405	0.957602
5560	0.936765	0.996608	0.996555	0.818127	0.956909	0.957142
5570	0.937019	0.996719	0.996668	0.818342	0.957405	0.957599
5580	0.937233	0.996608	0.996553	0.818708	0.958395	0.958547
5590	0.937412	0.996719	0.996668	0.819009	0.958395	0.958539
5600	0.937634	0.996830	0.996780	0.819254	0.958395	0.958570
5610	0.937811	0.996941	0.996892	0.819345	0.958395	0.958570
5620	0.937901	0.996997	0.996950	0.819483	0.958395	0.958570
5630	0.938078	0.996886	0.996836	0.819664	0.957900	0.958028
5640	0.938246	0.997052	0.997002	0.819791	0.957900	0.958028
5650	0.938390	0.997052	0.997003	0.819891	0.957900	0.958028
5660	0.938550	0.996997	0.996945	0.820111	0.957405	0.957571
5670	0.938664	0.996997	0.996945	0.820186	0.957405	0.957525
5680	0.938936	0.996997	0.996946	0.820499	0.957900	0.958019
5690	0.939120	0.996997	0.996946	0.820699	0.957405	0.957536
5700	0.939414	0.997108	0.997059	0.820957	0.957900	0.958019
5710	0.939591	0.997108	0.997060	0.820987	0.958395	0.958510
5720	0.939704	0.997164	0.997115	0.821084	0.958395	0.958510
5730	0.939838	0.997275	0.997228	0.821202	0.957900	0.958032
5740	0.940004	0.997275	0.997229	0.821419	0.957900	0.958032
5750	0.940130	0.997331	0.997286	0.821648	0.957405	0.957614
5760	0.940307	0.997331	0.997286	0.821804	0.957900	0.958032
5770	0.940397	0.997331	0.997286	0.821899	0.957900	0.958032
5780	0.940571	0.997386	0.997343	0.821987	0.957900	0.958072
5790	0.940741	0.997386	0.997342	0.822217	0.958395	0.958543
5800	0.940946	0.997442	0.997401	0.822428	0.958395	0.958543
5810	0.941016	0.997386	0.997342	0.822463	0.958395	0.958505
5820	0.941102	0.997386	0.997343	0.822542	0.958395	0.958505
5830	0.941284	0.997442	0.997397	0.822560	0.958395	0.958543
5840	0.941418	0.997442	0.997397	0.822705	0.957900	0.958090
5850	0.941568	0.997497	0.997454	0.822732	0.957405	0.957636
5860	0.941715	0.997497	0.997454	0.822899	0.957405	0.957636
5870	0.941856	0.997553	0.997511	0.822993	0.957900	0.958085
5880	0.942060	0.997553	0.997512	0.823256	0.957405	0.957562
5890	0.942289	0.997609	0.997570	0.823394	0.957405	0.957562
5900	0.942399	0.997609	0.997571	0.823522	0.957405	0.957602
5910	0.942535	0.997609	0.997570	0.823717	0.957405	0.957562
5920	0.942771	0.997720	0.997684	0.823926	0.957405	0.957562
5930	0.942926	0.997720	0.997684	0.824102	0.957405	0.957562
5940	0.942988	0.997664	0.997625	0.824273	0.957405	0.957562
5950	0.943084	0.997664	0.997625	0.824312	0.957405	0.957562
5960	0.943308	0.997609	0.997568	0.824448	0.957405	0.957562
5970	0.943498	0.997720	0.997681	0.824530	0.956909	0.957083
5980	0.943636	0.997775	0.997738	0.824638	0.956909	0.957083
5990	0.943747	0.997775	0.997738	0.824823	0.956414	0.956519
6000	0.943929	0.997887	0.997853	0.825049	0.956414	0.956519
6010	0.944171	0.997831	0.997796	0.825247	0.956414	0.956519
6020	0.944349	0.997775	0.997738	0.825414	0.956414	0.956519
6030	0.944525	0.997998	0.997967	0.825604	0.956414	0.956519
6040	0.944714	0.997998	0.997967	0.825893	0.956414	0.956519
6050	0.944895	0.997998	0.997967	0.826076	0.956414	0.956519
6060	0.944973	0.998054	0.998024	0.826164	0.956414	0.956519
6070	0.945267	0.998109	0.998081	0.826486	0.956414	0.956519
6080	0.945472	0.998165	0.998136	0.826610	0.956414	0.956519
6090	0.945638	0.998165	0.998136	0.826687	0.956414	0.956519
6100	0.945698	0.998165	0.998136	0.826661	0.956414	0.956519
6110	0.945829	0.998165	0.998136	0.826711	0.956414	0.956519
6120	0.945973	0.998165	0.998137	0.826696	0.956414	0.956519
6130	0.946033	0.998220	0.998194	0.826775	0.956414	0.956519
6140	0.946217	0.998220	0.998194	0.826964	0.956414	0.956519
6150	0.946351	0.998332	0.998307	0.827100	0.955919	0.955972
6160	0.946504	0.998276	0.998249	0.827171	0.956909	0.956977
6170	0.946638	0.998332	0.998305	0.827266	0.956414	0.956430
6180	0.946802	0.998332	0.998305	0.827401	0.956414	0.956430
6190	0.946931	0.998332	0.998305	0.827509	0.956909	0.956977
6200	0.947079	0.998332	0.998305	0.827667	0.956414	0.956430
6210	0.947211	0.998332	0.998305	0.827770	0.956909	0.956977
6220	0.947313	0.998332	0.998305	0.827909	0.956909	0.956977
6230	0.947429	0.998387	0.998362	0.828010	0.957405	0.957416
6240	0.947606	0.998387	0.998362	0.828198	0.956909	0.956868
6250	0.947704	0.998332	0.998305	0.828316	0.956909	0.956868
6260	0.947949	0.998443	0.998415	0.828487	0.956909	0.956868
6270	0.948069	0.998443	0.998415	0.828639	0.956909	0.956868
6280	0.948195	0.998443	0.998415	0.828889	0.956909	0.956868
6290	0.948336	0.998443	0.998415	0.829266	0.956909	0.956868
6300	0.948440	0.998443	0.998415	0.829366	0.956909	0.956868
6310	0.948572	0.998443	0.998417	0.829553	0.957405	0.957347
6320	0.948614	0.998443	0.998417	0.829664	0.956909	0.956868
6330	0.948645	0.998443	0.998417	0.829733	0.956909	0.956868
6340	0.948771	0.998443	0.998417	0.829778	0.956909	0.956868
6350	0.948850	0.998443	0.998419	0.829847	0.956909	0.956868
6360	0.948980	0.998443	0.998419	0.830091	0.957405	0.957343
6370	0.949143	0.998443	0.998418	0.830260	0.957900	0.957821
6380	0.949304	0.998443	0.998418	0.830458	0.957405	0.957343
6390	0.949402	0.998443	0.998419	0.830555	0.957900	0.957821
6400	0.949558	0.998443	0.998421	0.830686	0.957405	0.957343
6410	0.949741	0.998443	0.998421	0.830913	0.957405	0.957343
6420	0.949833	0.998443	0.998421	0.831024	0.957405	0.957343
6430	0.949988	0.998443	0.998421	0.831209	0.958395	0.958366
6440	0.950129	0.998443	0.998419	0.831438	0.957900	0.957821
6450	0.950230	0.998443	0.998421	0.831572	0.957900	0.957821
6460	0.950450	0.998443	0.998418	0.831772	0.957405	0.957363
6470	0.950606	0.998443	0.998419	0.831891	0.957405	0.957363
6480	0.950711	0.998443	0.998419	0.832101	0.957405	0.957363
6490	0.950764	0.998443	0.998419	0.832209	0.957405	0.957363
6500	0.950797	0.998443	0.998419	0.832273	0.957405	0.957363
6510	0.950827	0.998443	0.998419	0.832327	0.957405	0.957363
6520	0.950870	0.998443	0.998419	0.832403	0.957405	0.957363
6530	0.950937	0.998443	0.998419	0.832442	0.957405	0.957363
6540	0.951110	0.998443	0.998418	0.832573	0.956909	0.956864
6550	0.951298	0.998443	0.998419	0.832803	0.957405	0.957363
6560	0.951496	0.998443	0.998418	0.833075	0.957405	0.957363
6570	0.951653	0.998443	0.998416	0.833229	0.957405	0.957363
6580	0.951881	0.998443	0.998416	0.833389	0.957900	0.957908
6590	0.951987	0.998443	0.998415	0.833480	0.958395	0.958412
6600	0.952146	0.998443	0.998416	0.833691	0.958891	0.958977
6610	0.952308	0.998498	0.998474	0.833905	0.958891	0.958977
6620	0.952433	0.998554	0.998529	0.834036	0.958891	0.958977
6630	0.952523	0.998554	0.998529	0.834121	0.958891	0.958977
6640	0.952655	0.998554	0.998532	0.834294	0.958891	0.958977
6650	0.952765	0.998554	0.998532	0.834456	0.958891	0.958977
6660	0.952982	0.998554	0.998532	0.834911	0.958891	0.958977
6670	0.953150	0.998610	0.998587	0.835015	0.958891	0.958977
6680	0.953233	0.998554	0.998533	0.835089	0.958891	0.958977
6690	0.953416	0.998554	0.998533	0.835291	0.958891	0.958977
6700	0.953508	0.998610	0.998588	0.835411	0.958891	0.958977
6710	0.953599	0.998610	0.998588	0.835608	0.958891	0.958977
6720	0.953763	0.998610	0.998589	0.835794	0.958395	0.958412
6730	0.953915	0.998610	0.998587	0.835881	0.958891	0.958977
6740	0.954067	0.998610	0.998587	0.836016	0.958891	0.958977
6750	0.954208	0.998610	0.998586	0.836191	0.958891	0.958977
6760	0.954251	0.998610	0.998585	0.836208	0.958891	0.958977
6770	0.954327	0.998610	0.998584	0.836272	0.958395	0.958412
6780	0.954517	0.998610	0.998586	0.836446	0.958395	0.958412
6790	0.954689	0.998610	0.998586	0.836443	0.958395	0.958412
6800	0.954805	0.998665	0.998643	0.836595	0.958395	0.958412
6810	0.954936	0.998665	0.998644	0.836698	0.958395	0.958412
6820	0.955057	0.998721	0.998701	0.836814	0.958395	0.958349
6830	0.955132	0.998721	0.998702	0.836880	0.957900	0.957849
6840	0.955264	0.998721	0.998702	0.837006	0.957900	0.957849
6850	0.955306	0.998721	0.998702	0.837052	0.958395	0.958349
6860	0.955422	0.998721	0.998702	0.837098	0.958395	0.958349
6870	0.955598	0.998721	0.998702	0.837281	0.958395	0.958349
6880	0.955698	0.998721	0.998702	0.837394	0.958395	0.958349
6890	0.955818	0.998721	0.998702	0.837466	0.958395	0.958349
6900	0.955914	0.998721	0.998702	0.837595	0.958395	0.958349
6910	0.956001	0.998721	0.998702	0.837692	0.958891	0.958891
6920	0.956098	0.998721	0.998702	0.837818	0.958891	0.958904
6930	0.956223	0.998721	0.998701	0.837930	0.959386	0.959404
6940	0.956353	0.998721	0.998702	0.838142	0.959386	0.959404
6950	0.956454	0.998721	0.998701	0.838322	0.959386	0.959404
6960	0.956574	0.998721	0.998703	0.838576	0.959386	0.959404
6970	0.956709	0.998776	0.998756	0.838765	0.958891	0.958904
6980	0.956822	0.998776	0.998756	0.838935	0.958891	0.958904
6990	0.957002	0.998776	0.998754	0.839203	0.959386	0.959363
7000	0.957120	0.998776	0.998754	0.839305	0.959881	0.959863
7010	0.957251	0.998832	0.998810	0.839465	0.959881	0.959863
7020	0.957381	0.998832	0.998810	0.839626	0.959386	0.959404
7030	0.957481	0.998832	0.998810	0.839770	0.959386	0.959404
7040	0.957574	0.998888	0.998867	0.839900	0.959386	0.959404
7050	0.957737	0.998943	0.998924	0.840118	0.959386	0.959404
7060	0.957816	0.998888	0.998870	0.840224	0.959386	0.959404
7070	0.957949	0.998832	0.998814	0.840346	0.959386	0.959404
7080	0.958079	0.998888	0.998871	0.840478	0.959386	0.959404
7090	0.958200	0.998943	0.998924	0.840576	0.959386	0.959404
7100	0.958285	0.998888	0.998871	0.840625	0.959386	0.959404
7110	0.958369	0.998943	0.998924	0.840708	0.959386	0.959404
7120	0.958452	0.998943	0.998924	0.840772	0.959386	0.959404
7130	0.958532	0.998943	0.998925	0.840782	0.959881	0.959863
7140	0.958616	0.998943	0.998925	0.840858	0.959881	0.959863
7150	0.958713	0.998943	0.998924	0.841047	0.959881	0.959863
7160	0.958749	0.998943	0.998924	0.841074	0.959881	0.959863
7170	0.958814	0.998943	0.998925	0.841219	0.960376	0.960374
7180	0.958910	0.998943	0.998924	0.841322	0.960376	0.960374
7190	0.958948	0.998943	0.998923	0.841429	0.959881	0.959863
7200	0.959050	0.998943	0.998923	0.841444	0.959881	0.959863
7210	0.959128	0.998999	0.998982	0.841409	0.959881	0.959863
7220	0.959242	0.999055	0.999038	0.841526	0.959881	0.959863
7230	0.959316	0.998999	0.998982	0.841676	0.959881	0.959863
7240	0.959385	0.998999	0.998980	0.841714	0.959881	0.959863
7250	0.959444	0.999055	0.999038	0.841606	0.959881	0.959863
7260	0.959513	0.998999	0.998981	0.841768	0.959881	0.959863
7270	0.959619	0.999055	0.999037	0.841938	0.959881	0.959863
7280	0.959753	0.999055	0.999037	0.842076	0.959881	0.959863
7290	0.959834	0.999055	0.999038	0.842177	0.960376	0.960418
7300	0.959951	0.999055	0.999038	0.842278	0.960376	0.960418
7310	0.960048	0.999055	0.999038	0.842352	0.960376	0.960418
7320	0.960109	0.999055	0.999038	0.842418	0.960376	0.960418
7330	0.960225	0.999055	0.999038	0.842581	0.960376	0.960418
7340	0.960320	0.999055	0.999038	0.842604	0.960376	0.960418
7350	0.960425	0.999055	0.999038	0.842713	0.959881	0.959921
7360	0.960577	0.999110	0.999094	0.842997	0.959386	0.959359
7370	0.960721	0.999110	0.999094	0.843102	0.959386	0.959366
7380	0.960801	0.999110	0.999094	0.843195	0.959386	0.959366
7390	0.960891	0.999110	0.999094	0.843248	0.958891	0.958814
7400	0.960977	0.999110	0.999094	0.843304	0.958891	0.958814
7410	0.961071	0.999110	0.999094	0.843504	0.959386	0.959359
7420	0.961195	0.999110	0.999094	0.843688	0.958891	0.958814
7430	0.961271	0.999110	0.999094	0.843795	0.958891	0.958814
7440	0.961367	0.999110	0.999094	0.843925	0.959386	0.959314
7450	0.961441	0.999110	0.999094	0.844027	0.958891	0.958814
7460	0.961510	0.999110	0.999094	0.844078	0.958891	0.958814
7470	0.961568	0.999110	0.999094	0.844246	0.958891	0.958814
7480	0.961630	0.999110	0.999094	0.844336	0.959386	0.959300
7490	0.961707	0.999110	0.999094	0.844467	0.959881	0.959815
7500	0.961779	0.999110	0.999094	0.844612	0.959881	0.959815
7510	0.961885	0.999110	0.999094	0.844617	0.959881	0.959815
7520	0.961916	0.999110	0.999094	0.844599	0.959881	0.959815
7530	0.962012	0.999110	0.999094	0.844702	0.959881	0.959815
7540	0.962127	0.999110	0.999094	0.844862	0.959881	0.959815
7550	0.962277	0.999110	0.999093	0.845063	0.959881	0.959815
7560	0.962327	0.999110	0.999093	0.845211	0.959881	0.959815
7570	0.962425	0.999110	0.999093	0.845234	0.959881	0.959815
7580	0.962519	0.999110	0.999093	0.845332	0.959881	0.959815
7590	0.962629	0.999110	0.999092	0.845456	0.960376	0.960360
7600	0.962695	0.999110	0.999092	0.845511	0.960376	0.960360
7610	0.962774	0.999110	0.999092	0.845646	0.959881	0.959845
7620	0.962806	0.999110	0.999092	0.845690	0.960376	0.960327
7630	0.962899	0.999166	0.999150	0.845804	0.960376	0.960327
7640	0.963010	0.999221	0.999207	0.845931	0.960376	0.960327
7650	0.963084	0.999277	0.999264	0.846073	0.960872	0.960851
7660	0.963223	0.999277	0.999264	0.846233	0.960376	0.960327
7670	0.963319	0.999277	0.999264	0.846302	0.960376	0.960327
7680	0.963396	0.999221	0.999206	0.846385	0.960376	0.960327
7690	0.963465	0.999221	0.999206	0.846387	0.960376	0.960327
7700	0.963554	0.999221	0.999207	0.846492	0.960376	0.960327
7710	0.963618	0.999221	0.999207	0.846563	0.960872	0.960889
7720	0.963677	0.999221	0.999207	0.846650	0.960376	0.960327
7730	0.963759	0.999221	0.999207	0.846695	0.960376	0.960327
7740	0.963813	0.999277	0.999264	0.846704	0.960376	0.960327
7750	0.963901	0.999277	0.999265	0.846830	0.960376	0.960327
7760	0.963960	0.999277	0.999265	0.846919	0.960376	0.960327
7770	0.964028	0.999277	0.999265	0.847013	0.960376	0.960327
7780	0.964088	0.999333	0.999322	0.847061	0.960376	0.960327
7790	0.964146	0.999277	0.999265	0.847134	0.960376	0.960327
7800	0.964228	0.999277	0.999265	0.847260	0.960872	0.960805
7810	0.964313	0.999277	0.999265	0.847282	0.961367	0.961367
7820	0.964407	0.999388	0.999379	0.847429	0.961862	0.961938
7830	0.964477	0.999388	0.999379	0.847423	0.961862	0.961938
7840	0.964518	0.999388	0.999379	0.847418	0.961862	0.961938
7850	0.964606	0.999388	0.999379	0.847602	0.961367	0.961367
7860	0.964638	0.999388	0.999379	0.847668	0.961367	0.961367
7870	0.964712	0.999444	0.999435	0.847704	0.961367	0.961367
7880	0.964790	0.999444	0.999435	0.847723	0.960872	0.960886
7890	0.964885	0.999444	0.999435	0.847919	0.961367	0.961409
7900	0.964942	0.999444	0.999435	0.847986	0.961367	0.961409
7910	0.965018	0.999444	0.999435	0.848068	0.961367	0.961409
7920	0.965074	0.999444	0.999435	0.848181	0.961367	0.961409
7930	0.965112	0.999444	0.999435	0.848279	0.960872	0.960935
7940	0.965190	0.999444	0.999435	0.848294	0.960872	0.960935
7950	0.965285	0.999444	0.999435	0.848413	0.960872	0.960935
7960	0.965347	0.999444	0.999435	0.848425	0.961367	0.961411
7970	0.965457	0.999444	0.999435	0.848529	0.961367	0.961411
7980	0.965512	0.999444	0.999435	0.848582	0.962358	0.962457
7990	0.965626	0.999444	0.999435	0.848662	0.961862	0.961886
8000	0.965728	0.999444	0.999435	0.848699	0.961862	0.961843
8010	0.965815	0.999444	0.999435	0.848876	0.961862	0.961843
8020	0.965859	0.999444	0.999435	0.848944	0.961862	0.961843
8030	0.965972	0.999444	0.999435	0.849126	0.961862	0.961843
8040	0.966038	0.999444	0.999435	0.849218	0.961862	0.961843
8050	0.966147	0.999444	0.999435	0.849374	0.961862	0.961843
8060	0.966248	0.999499	0.999492	0.849454	0.962358	0.962330
8070	0.966331	0.999499	0.999492	0.849416	0.961862	0.961857
8080	0.966408	0.999499	0.999492	0.849419	0.961862	0.961857
8090	0.966452	0.999499	0.999492	0.849483	0.961862	0.961857
8100	0.966511	0.999499	0.999492	0.849438	0.961862	0.961857
8110	0.966589	0.999499	0.999492	0.849507	0.961862	0.961857
8120	0.966624	0.999499	0.999492	0.849505	0.961862	0.961857
8130	0.966690	0.999499	0.999492	0.849535	0.961862	0.961857
8140	0.966763	0.999499	0.999492	0.849621	0.962358	0.962343
8150	0.966807	0.999499	0.999492	0.849664	0.961862	0.961789
8160	0.966880	0.999499	0.999492	0.849796	0.961862	0.961789
8170	0.966984	0.999555	0.999549	0.849836	0.961862	0.961789
8180	0.967042	0.999555	0.999549	0.849903	0.961862	0.961789
8190	0.967132	0.999555	0.999549	0.850050	0.960872	0.960814
8200	0.967236	0.999555	0.999549	0.850179	0.961367	0.961337
8210	0.967268	0.999555	0.999549	0.850210	0.961367	0.961337
8220	0.967296	0.999555	0.999549	0.850271	0.961367	0.961368
8230	0.967364	0.999555	0.999549	0.850374	0.961367	0.961368
8240	0.967451	0.999555	0.999549	0.850524	0.961862	0.961856
8250	0.967506	0.999555	0.999549	0.850624	0.961367	0.961351
8260	0.967540	0.999555	0.999549	0.850685	0.961367	0.961351
8270	0.967567	0.999555	0.999549	0.850743	0.961367	0.961351
8280	0.967590	0.999555	0.999549	0.850785	0.961367	0.961351
8290	0.967616	0.999555	0.999549	0.850803	0.961367	0.961351
8300	0.967642	0.999555	0.999549	0.850834	0.961367	0.961351
8310	0.967666	0.999555	0.999549	0.850897	0.961367	0.961351
8320	0.967685	0.999555	0.999549	0.850901	0.961367	0.961351
8330	0.967708	0.999555	0.999549	0.850924	0.960872	0.960827
8340	0.967760	0.999555	0.999549	0.851012	0.960872	0.960827
8350	0.967844	0.999555	0.999549	0.851101	0.960872	0.960827
8360	0.967917	0.999555	0.999549	0.851205	0.961367	0.961351
8370	0.968024	0.999555	0.999549	0.851301	0.960872	0.960827
8380	0.968068	0.999555	0.999549	0.851400	0.960872	0.960827
8390	0.968134	0.999555	0.999548	0.851477	0.960872	0.960827
8400	0.968208	0.999555	0.999548	0.851568	0.961367	0.961351
8410	0.968270	0.999555	0.999549	0.851604	0.960872	0.960827
8420	0.968322	0.999555	0.999548	0.851652	0.961367	0.961351
8430	0.968397	0.999555	0.999548	0.851731	0.961367	0.961351
8440	0.968434	0.999555	0.999548	0.851790	0.961367	0.961351
8450	0.968475	0.999555	0.999548	0.851879	0.961367	0.961351
8460	0.968549	0.999555	0.999548	0.852007	0.961862	0.961906
8470	0.968601	0.999555	0.999548	0.852092	0.961862	0.961906
8480	0.968682	0.999555	0.999548	0.852161	0.961862	0.961906
8490	0.968729	0.999555	0.999548	0.852200	0.961367	0.961351
8500	0.968789	0.999555	0.999548	0.852338	0.961367	0.961385
8510	0.968832	0.999555	0.999548	0.852410	0.961367	0.961385
8520	0.968880	0.999555	0.999548	0.852484	0.961367	0.961385
8530	0.968949	0.999555	0.999548	0.852546	0.961367	0.961385
8540	0.969006	0.999555	0.999548	0.852659	0.961367	0.961385
8550	0.969076	0.999555	0.999548	0.852761	0.961367	0.961385
8560	0.969128	0.999555	0.999548	0.852784	0.961367	0.961385
8570	0.969190	0.999555	0.999548	0.852845	0.961367	0.961385
8580	0.969272	0.999555	0.999548	0.852919	0.961367	0.961385
8590	0.969331	0.999555	0.999548	0.852992	0.961367	0.961385
8600	0.969378	0.999611	0.999605	0.853116	0.961367	0.961385
8610	0.969428	0.999611	0.999605	0.853169	0.961367	0.961385
8620	0.969484	0.999611	0.999605	0.853240	0.961367	0.961385
8630	0.969562	0.999611	0.999605	0.853319	0.961862	0.961949
8640	0.969625	0.999611	0.999605	0.853293	0.961862	0.961949
8650	0.969716	0.999611	0.999605	0.853351	0.961862	0.961949
8660	0.969788	0.999555	0.999548	0.853529	0.961862	0.961949
8670	0.969875	0.999555	0.999548	0.853589	0.961862	0.961949
8680	0.969915	0.999611	0.999605	0.853636	0.961862	0.961949
8690	0.969952	0.999611	0.999605	0.853689	0.961862	0.961949
8700	0.970004	0.999611	0.999605	0.853744	0.961862	0.961949
8710	0.970040	0.999611	0.999605	0.853732	0.961862	0.961949
8720	0.970081	0.999611	0.999605	0.853822	0.961862	0.961949
8730	0.970132	0.999611	0.999605	0.853972	0.961862	0.961949
8740	0.970179	0.999611	0.999605	0.854045	0.961862	0.961949
8750	0.970219	0.999611	0.999605	0.854104	0.961862	0.961949
8760	0.970291	0.999611	0.999605	0.854161	0.961862	0.961949
8770	0.970320	0.999611	0.999605	0.854230	0.961862	0.961949
8780	0.970360	0.999611	0.999605	0.854281	0.961862	0.961949
8790	0.970386	0.999611	0.999605	0.854297	0.961862	0.961949
8800	0.970399	0.999611	0.999605	0.854311	0.961862	0.961949
8810	0.970451	0.999611	0.999605	0.854370	0.961862	0.961949
8820	0.970484	0.999611	0.999605	0.854465	0.961862	0.961949
8830	0.970536	0.999611	0.999605	0.854525	0.961862	0.961949
8840	0.970613	0.999611	0.999605	0.854584	0.962358	0.962436
8850	0.970695	0.999611	0.999605	0.854731	0.962358	0.962436
8860	0.970720	0.999611	0.999605	0.854780	0.962358	0.962436
8870	0.970745	0.999611	0.999605	0.854817	0.961862	0.961916
8880	0.970780	0.999611	0.999605	0.854878	0.962358	0.962436
8890	0.970796	0.999611	0.999605	0.854918	0.962358	0.962436
8900	0.970846	0.999611	0.999605	0.854966	0.962358	0.962436
8910	0.970876	0.999611	0.999605	0.855029	0.962358	0.962436
8920	0.970926	0.999611	0.999605	0.855102	0.962358	0.962436
8930	0.970976	0.999611	0.999605	0.855154	0.962358	0.962436
8940	0.971025	0.999611	0.999605	0.855225	0.962358	0.962436
8950	0.971074	0.999611	0.999605	0.855268	0.962358	0.962399
8960	0.971119	0.999611	0.999605	0.855268	0.961862	0.961872
8970	0.971164	0.999611	0.999605	0.855317	0.961367	0.961385
8980	0.971213	0.999611	0.999605	0.855377	0.961367	0.961385
8990	0.971294	0.999611	0.999605	0.855507	0.961862	0.961860
9000	0.971328	0.999611	0.999605	0.855574	0.961862	0.961825
9010	0.971372	0.999611	0.999605	0.855637	0.961367	0.961305
9020	0.971399	0.999611	0.999605	0.855646	0.961367	0.961305
9030	0.971454	0.999611	0.999605	0.855658	0.961862	0.961792
9040	0.971508	0.999611	0.999605	0.855758	0.961862	0.961792
9050	0.971561	0.999611	0.999605	0.855783	0.962358	0.962312
9060	0.971607	0.999666	0.999661	0.855921	0.962358	0.962312
9070	0.971638	0.999666	0.999661	0.855933	0.962358	0.962312
9080	0.971707	0.999666	0.999661	0.856049	0.962358	0.962312
9090	0.971735	0.999666	0.999661	0.856103	0.962358	0.962312
9100	0.971761	0.999666	0.999661	0.856138	0.962358	0.962312
9110	0.971819	0.999666	0.999661	0.856224	0.962358	0.962312
9120	0.971850	0.999666	0.999661	0.856294	0.962358	0.962312
9130	0.971905	0.999666	0.999661	0.856356	0.962358	0.962312
9140	0.971955	0.999666	0.999661	0.856399	0.962358	0.962312
9150	0.971976	0.999666	0.999661	0.856435	0.962358	0.962312
9160	0.971989	0.999666	0.999661	0.856456	0.962358	0.962312
9170	0.972013	0.999722	0.999717	0.856478	0.962358	0.962312
9180	0.972043	0.999722	0.999717	0.856491	0.962853	0.962873
9190	0.972068	0.999722	0.999717	0.856512	0.962358	0.962387
9200	0.972127	0.999722	0.999717	0.856565	0.962358	0.962387
9210	0.972158	0.999722	0.999717	0.856584	0.962853	0.962873
9220	0.972204	0.999722	0.999717	0.856660	0.962853	0.962873
9230	0.972251	0.999722	0.999717	0.856725	0.962358	0.962387
9240	0.972295	0.999722	0.999717	0.856767	0.961862	0.961867
9250	0.972357	0.999722	0.999717	0.856791	0.961862	0.961867
9260	0.972411	0.999722	0.999717	0.856835	0.961862	0.961867
9270	0.972458	0.999722	0.999717	0.856916	0.961862	0.961867
9280	0.972505	0.999722	0.999717	0.856982	0.962358	0.962382
9290	0.972555	0.999722	0.999717	0.857034	0.961862	0.961867
9300	0.972609	0.999722	0.999717	0.857080	0.961862	0.961867
9310	0.972637	0.999722	0.999717	0.857134	0.961862	0.961867
9320	0.972698	0.999722	0.999717	0.857204	0.962358	0.962382
9330	0.972755	0.999722	0.999717	0.857253	0.962853	0.962866
9340	0.972818	0.999722	0.999717	0.857277	0.962853	0.962866
9350	0.972882	0.999722	0.999717	0.857319	0.963348	0.963436
9360	0.972935	0.999722	0.999717	0.857368	0.963348	0.963436
9370	0.972972	0.999722	0.999717	0.857464	0.963348	0.963436
9380	0.973016	0.999722	0.999717	0.857528	0.962853	0.962924
9390	0.973038	0.999722	0.999717	0.857607	0.962853	0.962924
9400	0.973072	0.999722	0.999717	0.857712	0.962853	0.962924
9410	0.973125	0.999722	0.999717	0.857777	0.962853	0.962924
9420	0.973147	0.999722	0.999717	0.857839	0.962358	0.962353
9430	0.973157	0.999722	0.999717	0.857845	0.962358	0.962353
9440	0.973172	0.999722	0.999717	0.857906	0.962358	0.962353
9450	0.973187	0.999722	0.999717	0.857941	0.962358	0.962353
9460	0.973224	0.999722	0.999717	0.857995	0.962358	0.962353
9470	0.973267	0.999722	0.999717	0.858010	0.962853	0.962924
9480	0.973290	0.999722	0.999717	0.858078	0.962853	0.962924
9490	0.973316	0.999722	0.999717	0.858127	0.962853	0.962924
9500	0.973353	0.999722	0.999717	0.858159	0.962358	0.962353
9510	0.973377	0.999722	0.999717	0.858165	0.962853	0.962924
9520	0.973400	0.999722	0.999717	0.858186	0.962853	0.962924
9530	0.973444	0.999722	0.999717	0.858254	0.962853	0.962924
9540	0.973459	0.999722	0.999717	0.858245	0.962358	0.962353
9550	0.973473	0.999722	0.999717	0.858244	0.962358	0.962353
9560	0.973494	0.999722	0.999717	0.858268	0.962358	0.962353
9570	0.973540	0.999722	0.999717	0.858305	0.962358	0.962353
9580	0.973584	0.999722	0.999717	0.858288	0.962358	0.962353
9590	0.973621	0.999722	0.999717	0.858321	0.962358	0.962353
9600	0.973652	0.999722	0.999717	0.858356	0.962853	0.962843
9610	0.973708	0.999722	0.999717	0.858476	0.962853	0.962843
9620	0.973766	0.999722	0.999717	0.858550	0.962853	0.962843
9630	0.973820	0.999722	0.999717	0.858599	0.962853	0.962843
9640	0.973844	0.999722	0.999717	0.858691	0.962853	0.962843
9650	0.973863	0.999722	0.999717	0.858733	0.962853	0.962843
9660	0.973879	0.999722	0.999717	0.858755	0.962853	0.962843
9670	0.973895	0.999722	0.999717	0.858763	0.963348	0.963413
9680	0.973912	0.999722	0.999717	0.858776	0.963348	0.963413
9690	0.973927	0.999722	0.999717	0.858802	0.963348	0.963413
9700	0.973937	0.999722	0.999717	0.858818	0.963348	0.963413
9710	0.973945	0.999722	0.999717	0.858826	0.963348	0.963413
9720	0.973954	0.999722	0.999717	0.858844	0.962853	0.962843
9730	0.973971	0.999722	0.999717	0.858865	0.962853	0.962843
9740	0.973987	0.999722	0.999717	0.858884	0.962853	0.962843
9750	0.974005	0.999722	0.999717	0.858901	0.962853	0.962843
9760	0.974033	0.999722	0.999717	0.858923	0.962853	0.962843
9770	0.974090	0.999722	0.999717	0.859024	0.962853	0.962843
9780	0.974104	0.999722	0.999717	0.859068	0.963348	0.963413
9790	0.974128	0.999722	0.999717	0.859174	0.963348	0.963413
9800	0.974209	0.999722	0.999717	0.859243	0.963348	0.963413
9810	0.974232	0.999722	0.999717	0.859283	0.963348	0.963413
9820	0.974265	0.999722	0.999717	0.859377	0.963348	0.963413
9830	0.974308	0.999722	0.999717	0.859456	0.962853	0.962843
9840	0.974346	0.999722	0.999717	0.859522	0.962853	0.962843
9850	0.974387	0.999722	0.999717	0.859609	0.962853	0.962843
9860	0.974406	0.999722	0.999717	0.859626	0.963348	0.963352
9870	0.974443	0.999722	0.999717	0.859643	0.963348	0.963352
9880	0.974483	0.999722	0.999717	0.859656	0.963348	0.963352
9890	0.974512	0.999722	0.999717	0.859742	0.963348	0.963352
9900	0.974532	0.999722	0.999717	0.859798	0.963843	0.963923
9910	0.974552	0.999722	0.999717	0.859845	0.963348	0.963352
9920	0.974566	0.999722	0.999717	0.859831	0.962853	0.962791
9930	0.974578	0.999722	0.999717	0.859835	0.963348	0.963352
9940	0.974593	0.999722	0.999717	0.859817	0.963348	0.963352
9950	0.974606	0.999722	0.999717	0.859834	0.963348	0.963352
9960	0.974617	0.999722	0.999717	0.859831	0.963348	0.963352
9970	0.974627	0.999722	0.999717	0.859829	0.963348	0.963352
9980	0.974638	0.999722	0.999717	0.859831	0.963348	0.963352
9990	0.974651	0.999722	0.999717	0.859843	0.963348	0.963352
10000	0.974662	0.999722	0.999717	0.859863	0.963348	0.963352
