10	0.065513	0.415990	0.411239	0.064440	0.415597	0.416909
20	0.100202	0.615111	0.632507	0.099149	0.623396	0.647139
30	0.137707	0.678091	0.683167	0.138658	0.688055	0.694685
40	0.170314	0.709191	0.712187	0.169770	0.706811	0.710952
50	0.197688	0.723990	0.727571	0.196978	0.718657	0.723373
60	0.220132	0.733838	0.738500	0.218854	0.730997	0.735582
70	0.244852	0.748025	0.752038	0.241361	0.745311	0.748771
80	0.261758	0.759486	0.761554	0.258391	0.758144	0.760407
90	0.282428	0.770836	0.771192	0.277715	0.763080	0.763446
100	0.299059	0.779849	0.779675	0.293852	0.770484	0.770781
110	0.315982	0.792255	0.790618	0.309625	0.783810	0.782233
120	0.329666	0.798765	0.796564	0.321603	0.789240	0.786993
130	0.342806	0.804106	0.801231	0.333188	0.794176	0.792044
140	0.360292	0.812340	0.807889	0.350119	0.804047	0.799665
150	0.372288	0.815567	0.810031	0.361749	0.805528	0.801062
160	0.382115	0.822076	0.815958	0.369845	0.807009	0.801750
170	0.394232	0.828141	0.820593	0.380616	0.815400	0.808536
180	0.402335	0.831924	0.823810	0.387675	0.818361	0.810953
190	0.413072	0.835485	0.826844	0.397725	0.820829	0.812949
200	0.421719	0.839268	0.830524	0.405461	0.825765	0.817802
210	0.432086	0.843830	0.834485	0.415158	0.829714	0.821869
220	0.442938	0.848392	0.838698	0.425524	0.834156	0.825987
230	0.453339	0.852899	0.842458	0.434200	0.837117	0.829057
240	0.460159	0.855291	0.844445	0.440711	0.841066	0.831468
250	0.469946	0.860187	0.848782	0.450077	0.843534	0.833747
260	0.477697	0.862802	0.851222	0.456988	0.846496	0.836812
270	0.483959	0.863970	0.852221	0.462322	0.847976	0.838105
280	0.490462	0.867364	0.855274	0.467866	0.850444	0.840166
290	0.496448	0.869868	0.857440	0.472390	0.851925	0.841281
300	0.502599	0.871592	0.858845	0.477101	0.855380	0.844286
310	0.506790	0.872093	0.859258	0.479987	0.855380	0.844335
320	0.512195	0.874819	0.861648	0.484420	0.855874	0.843974
330	0.515513	0.876544	0.863277	0.486891	0.853899	0.842398
340	0.520981	0.877879	0.864592	0.490837	0.856861	0.845578
350	0.527098	0.881162	0.867610	0.496500	0.860316	0.849024
360	0.534082	0.882998	0.869096	0.503081	0.863277	0.851266
370	0.542115	0.886447	0.872032	0.509146	0.868213	0.855451
380	0.549773	0.889340	0.874550	0.516310	0.872655	0.859278
390	0.554950	0.890620	0.875651	0.520437	0.873149	0.859305
400	0.559324	0.891232	0.876253	0.523424	0.874136	0.860495
410	0.564313	0.892400	0.877330	0.527049	0.872162	0.858376
420	0.570459	0.894626	0.879284	0.532567	0.876604	0.862134
430	0.575320	0.896517	0.881062	0.536135	0.879072	0.864602
440	0.580464	0.897519	0.881692	0.540309	0.877591	0.862918
450	0.584491	0.898576	0.882508	0.544730	0.880059	0.864880
460	0.588161	0.899911	0.883718	0.547585	0.881046	0.865606
470	0.590114	0.900356	0.884111	0.548881	0.882034	0.866646
480	0.592170	0.901191	0.884924	0.550608	0.883021	0.867444
490	0.596592	0.902025	0.885658	0.554000	0.884008	0.868458
500	0.601174	0.903972	0.887455	0.557610	0.886476	0.870908
510	0.604734	0.905085	0.888506	0.560107	0.887463	0.871642
520	0.608063	0.905975	0.889391	0.562524	0.886476	0.870770
530	0.611142	0.906977	0.890323	0.564995	0.887957	0.872334
540	0.614494	0.908479	0.891690	0.568269	0.889437	0.873880
550	0.618592	0.909759	0.892882	0.571503	0.891905	0.876207
560	0.620853	0.910426	0.893466	0.573018	0.890918	0.875302
570	0.624168	0.911595	0.894506	0.575592	0.894373	0.878698
580	0.627601	0.912540	0.895372	0.577654	0.894373	0.878470
590	0.630127	0.913653	0.896403	0.579519	0.895854	0.879682
600	0.632995	0.914432	0.897178	0.581300	0.895360	0.879246
610	0.637694	0.916101	0.898740	0.584957	0.895854	0.880045
620	0.640541	0.917269	0.899843	0.587779	0.897335	0.881457
630	0.642571	0.917881	0.900428	0.589320	0.899309	0.883431
640	0.645842	0.918883	0.901362	0.591211	0.899309	0.883347
650	0.648877	0.919495	0.901955	0.592849	0.897335	0.881777
660	0.651734	0.920218	0.902620	0.594930	0.897828	0.881802
670	0.653297	0.920774	0.903131	0.596357	0.898322	0.882266
680	0.656360	0.921553	0.903849	0.598404	0.898815	0.882532
690	0.658632	0.921720	0.904024	0.600277	0.899803	0.883384
700	0.660563	0.921998	0.904225	0.601351	0.897828	0.881510
710	0.662594	0.922777	0.905009	0.603115	0.901283	0.884731
720	0.664203	0.923222	0.905420	0.604514	0.901777	0.885193
730	0.666289	0.923946	0.906121	0.605401	0.901283	0.884715
740	0.669711	0.924780	0.906898	0.607638	0.900296	0.883676
750	0.672284	0.925225	0.907313	0.609625	0.899803	0.883200
760	0.675032	0.926338	0.908358	0.611983	0.901777	0.884982
770	0.678325	0.927117	0.909095	0.614488	0.901777	0.885097
780	0.680912	0.927729	0.909675	0.616433	0.901283	0.884553
790	0.682596	0.928341	0.910299	0.617798	0.902270	0.885695
800	0.684086	0.928786	0.910742	0.618963	0.902270	0.885505
810	0.686277	0.929175	0.911257	0.620621	0.900790	0.884202
820	0.687851	0.929398	0.911467	0.621806	0.900296	0.883694
830	0.689930	0.930121	0.912163	0.623230	0.900790	0.884206
840	0.691296	0.930399	0.912416	0.624244	0.900790	0.884155
850	0.693115	0.930622	0.912662	0.625555	0.901777	0.885169
860	0.694672	0.930789	0.912829	0.626493	0.903258	0.886530
870	0.696209	0.931735	0.913749	0.627761	0.902764	0.885849
880	0.697431	0.931846	0.913827	0.628842	0.902270	0.885251
890	0.698947	0.932625	0.914533	0.629977	0.902764	0.885879
900	0.701409	0.933515	0.915332	0.631794	0.902764	0.885875
910	0.703719	0.934294	0.916092	0.633864	0.904738	0.887679
920	0.705713	0.934795	0.916551	0.635642	0.904738	0.887499
930	0.707944	0.935240	0.917036	0.637052	0.904738	0.887586
940	0.710467	0.936297	0.918045	0.638891	0.906219	0.888987
950	0.712051	0.936353	0.918053	0.640407	0.904245	0.887231
960	0.713098	0.936353	0.918063	0.641154	0.905726	0.888659
970	0.714429	0.936464	0.918137	0.642166	0.905726	0.888610
980	0.715828	0.936853	0.918514	0.643076	0.905726	0.888543
990	0.717091	0.937187	0.918879	0.644088	0.905232	0.887921
1000	0.718221	0.937855	0.919487	0.644842	0.905726	0.888458
1010	0.719029	0.938244	0.919887	0.645539	0.906713	0.889483
1020	0.719760	0.938300	0.919912	0.646080	0.907206	0.889866
1030	0.720501	0.938578	0.920186	0.646714	0.907206	0.889975
1040	0.721500	0.938856	0.920465	0.647523	0.907700	0.890515
1050	0.723030	0.939412	0.920989	0.649002	0.908193	0.890953
1060	0.725094	0.939746	0.921273	0.650571	0.908193	0.891032
1070	0.726949	0.940915	0.922390	0.652543	0.908193	0.890821
1080	0.728937	0.941248	0.922661	0.654228	0.908687	0.891116
1090	0.730450	0.941694	0.923101	0.655433	0.909181	0.891679
1100	0.731535	0.942306	0.923689	0.656251	0.908193	0.890591
1110	0.732868	0.942417	0.923797	0.657377	0.908193	0.890504
1120	0.734327	0.943029	0.924384	0.658784	0.909181	0.891476
1130	0.735578	0.943418	0.924723	0.659653	0.910168	0.892682
1140	0.737034	0.943752	0.925012	0.660838	0.909181	0.891625
1150	0.738167	0.944253	0.925585	0.661752	0.909181	0.891687
1160	0.739194	0.944587	0.925809	0.662623	0.910168	0.892526
1170	0.740990	0.945087	0.926345	0.663855	0.911155	0.893681
1180	0.742218	0.945310	0.926548	0.664768	0.912142	0.894596
1190	0.743439	0.945254	0.926446	0.665829	0.911649	0.894195
1200	0.744578	0.945532	0.926725	0.666788	0.912142	0.894491
1210	0.745267	0.945532	0.926727	0.667448	0.912142	0.894498
1220	0.746557	0.945699	0.926876	0.668424	0.912142	0.894319
1230	0.747537	0.945922	0.927087	0.669411	0.912636	0.894757
1240	0.749018	0.946478	0.927608	0.670439	0.912142	0.894430
1250	0.750174	0.947202	0.928283	0.671037	0.913129	0.895170
1260	0.750800	0.947591	0.928609	0.671576	0.913129	0.895242
1270	0.751758	0.947591	0.928635	0.671818	0.914116	0.896236
1280	0.752927	0.947980	0.928980	0.672494	0.913623	0.895614
1290	0.753951	0.947925	0.928973	0.673283	0.913129	0.895055
1300	0.755210	0.948259	0.929236	0.674363	0.914116	0.896047
1310	0.755887	0.948426	0.929423	0.675051	0.913623	0.895706
1320	0.756820	0.948537	0.929494	0.676208	0.913623	0.895546
1330	0.758178	0.948871	0.929822	0.676928	0.913623	0.895594
1340	0.758741	0.949204	0.930125	0.677243	0.913129	0.895122
1350	0.759302	0.949538	0.930448	0.677416	0.913623	0.895656
1360	0.760042	0.949761	0.930682	0.677918	0.914116	0.896136
1370	0.760808	0.949928	0.930766	0.678638	0.913623	0.895679
1380	0.761823	0.950150	0.931008	0.679182	0.913623	0.895677
1390	0.762646	0.950261	0.931094	0.679940	0.913623	0.895801
1400	0.763513	0.950373	0.931211	0.680726	0.913623	0.895762
1410	0.764158	0.950428	0.931258	0.681335	0.913623	0.895655
1420	0.764577	0.950428	0.931270	0.681789	0.914116	0.896224
1430	0.765225	0.950428	0.931271	0.682428	0.913623	0.895544
1440	0.765921	0.950484	0.931306	0.683170	0.913623	0.895587
1450	0.766635	0.950595	0.931403	0.683875	0.913623	0.895629
1460	0.767650	0.950707	0.931565	0.684845	0.914116	0.896194
1470	0.768601	0.951096	0.931915	0.685713	0.915597	0.897598
1480	0.769583	0.951263	0.932087	0.686393	0.915104	0.897146
1490	0.770849	0.951708	0.932536	0.687599	0.915104	0.896920
1500	0.771960	0.952209	0.952567	0.688468	0.915104	0.896905
1510	0.772992	0.952487	0.952852	0.689249	0.915597	0.897471
1520	0.773724	0.952876	0.953236	0.689627	0.916091	0.897794
1530	0.775274	0.953544	0.953878	0.691114	0.917572	0.918751
1540	0.776777	0.956381	0.956651	0.692495	0.919052	0.920206
1550	0.778189	0.958440	0.958689	0.693761	0.922014	0.923110
1560	0.779264	0.960443	0.960673	0.694767	0.924482	0.925593
1570	0.780856	0.962891	0.963100	0.696066	0.928924	0.929832
1580	0.782172	0.964004	0.964170	0.697244	0.928924	0.930064
1590	0.783379	0.964727	0.964872	0.698097	0.929911	0.930897
1600	0.784683	0.965394	0.965531	0.699216	0.930898	0.931933
1610	0.786186	0.966897	0.967029	0.700524	0.930898	0.931821
1620	0.789182	0.969289	0.969416	0.703255	0.932873	0.933681
1630	0.790457	0.970235	0.970331	0.704254	0.933366	0.934214
1640	0.792171	0.970513	0.970597	0.705548	0.934353	0.935208
1650	0.792970	0.971014	0.971100	0.706154	0.934353	0.935226
1660	0.793965	0.971459	0.971539	0.707044	0.935341	0.936168
1670	0.794956	0.971959	0.972055	0.707962	0.935834	0.936682
1680	0.795889	0.972238	0.972329	0.708748	0.936821	0.937538
1690	0.797006	0.972571	0.972638	0.709713	0.936821	0.937625
1700	0.798121	0.972794	0.972876	0.710593	0.936821	0.937560
1710	0.799353	0.973795	0.973823	0.711751	0.937315	0.937880
1720	0.800421	0.974074	0.974108	0.712862	0.936821	0.937436
1730	0.801650	0.974074	0.974088	0.713963	0.938302	0.939055
1740	0.802637	0.974741	0.974745	0.714705	0.937808	0.938440
1750	0.803829	0.975019	0.975011	0.715631	0.938302	0.938905
1760	0.804571	0.975131	0.975118	0.716339	0.939289	0.939796
1770	0.806151	0.975576	0.975562	0.717779	0.939783	0.940302
1780	0.807139	0.975687	0.975669	0.718633	0.940276	0.940848
1790	0.807968	0.975798	0.975777	0.719356	0.939783	0.940373
1800	0.809024	0.976132	0.976109	0.720452	0.940276	0.940968
1810	0.809842	0.976188	0.976168	0.721239	0.939289	0.939951
1820	0.810423	0.976299	0.976274	0.721727	0.939289	0.939974
1830	0.811332	0.976410	0.976391	0.722445	0.938796	0.939520
1840	0.812508	0.976855	0.976828	0.723567	0.940276	0.940945
1850	0.813203	0.976855	0.976823	0.724123	0.941264	0.941928
1860	0.813848	0.976855	0.976825	0.724697	0.940276	0.941022
1870	0.814598	0.977078	0.977048	0.725248	0.940770	0.941484
1880	0.816011	0.977245	0.977215	0.726459	0.940276	0.940956
1890	0.816640	0.977523	0.977503	0.726898	0.939783	0.940449
1900	0.817253	0.977634	0.977602	0.727325	0.939783	0.940413
1910	0.817862	0.977968	0.977948	0.727662	0.940276	0.940956
1920	0.818682	0.978191	0.978166	0.728295	0.939289	0.940020
1930	0.819675	0.978358	0.978330	0.729163	0.940276	0.940956
1940	0.820545	0.978858	0.978827	0.729881	0.939783	0.940470
1950	0.821250	0.978691	0.978655	0.730458	0.939783	0.940361
1960	0.822414	0.979192	0.979154	0.731368	0.940276	0.940884
1970	0.823407	0.979248	0.979206	0.732307	0.941264	0.942045
1980	0.823940	0.979637	0.979597	0.732635	0.941757	0.942516
1990	0.825767	0.980194	0.980147	0.734229	0.941757	0.942541
2000	0.826441	0.980194	0.980150	0.734874	0.941757	0.942606
2010	0.826889	0.980249	0.980205	0.735264	0.941757	0.942550
2020	0.827438	0.980527	0.980482	0.735733	0.941757	0.942541
2030	0.828147	0.980694	0.980650	0.736303	0.941264	0.942069
2040	0.828575	0.980750	0.980705	0.736546	0.941757	0.942516
2050	0.829115	0.980750	0.980704	0.736979	0.941264	0.942069
2060	0.829829	0.980806	0.980755	0.737614	0.941264	0.942052
2070	0.830738	0.980806	0.980756	0.738273	0.941264	0.941985
2080	0.831544	0.981195	0.981147	0.738923	0.941264	0.941943
2090	0.832511	0.981195	0.981148	0.739572	0.941757	0.942415
2100	0.833159	0.981418	0.981372	0.740284	0.942251	0.942901
2110	0.833764	0.981418	0.981368	0.740880	0.942744	0.943351
2120	0.834292	0.981529	0.981479	0.741336	0.940770	0.941541
2130	0.834780	0.981640	0.981587	0.741696	0.940770	0.941541
2140	0.835404	0.982085	0.982023	0.742125	0.942251	0.942990
2150	0.835819	0.981918	0.981863	0.742499	0.941757	0.942453
2160	0.836170	0.981974	0.981917	0.742759	0.941757	0.942539
2170	0.836855	0.982141	0.982082	0.743100	0.942251	0.943088
2180	0.837543	0.982085	0.982027	0.743661	0.941757	0.942453
2190	0.837896	0.982197	0.982137	0.743898	0.942251	0.942994
2200	0.838534	0.982308	0.982242	0.744477	0.942251	0.943042
2210	0.839174	0.982252	0.982192	0.745158	0.942744	0.943477
2220	0.839897	0.982586	0.982535	0.745743	0.942744	0.943534
2230	0.840771	0.982642	0.982584	0.746416	0.943238	0.944033
2240	0.841421	0.982975	0.982918	0.746827	0.943731	0.944558
2250	0.842202	0.983198	0.983142	0.747367	0.944225	0.944991
2260	0.842610	0.983198	0.983141	0.747815	0.944225	0.944977
2270	0.843041	0.983420	0.983360	0.748089	0.943731	0.944446
2280	0.843676	0.983587	0.983523	0.748552	0.943731	0.944446
2290	0.844233	0.983754	0.983694	0.749151	0.944719	0.945556
2300	0.844920	0.983921	0.983859	0.749828	0.944719	0.945475
2310	0.845664	0.983754	0.983692	0.750550	0.944225	0.944937
2320	0.846258	0.983810	0.983747	0.750977	0.944719	0.945416
2330	0.846718	0.983810	0.983750	0.751376	0.945706	0.946505
2340	0.847193	0.983810	0.983754	0.751639	0.945706	0.946519
2350	0.847803	0.983921	0.983867	0.751913	0.945706	0.946539
2360	0.848299	0.984032	0.983974	0.752450	0.945706	0.946539
2370	0.848662	0.984088	0.984030	0.752718	0.945706	0.946539
2380	0.849016	0.984199	0.984139	0.752970	0.945706	0.946539
2390	0.849449	0.984422	0.984368	0.753276	0.945212	0.946078
2400	0.849992	0.984589	0.984533	0.753682	0.945706	0.946610
2410	0.850562	0.984644	0.984588	0.754204	0.946199	0.947113
2420	0.850933	0.984700	0.984646	0.754493	0.945706	0.946665
2430	0.851225	0.984700	0.984647	0.754796	0.945706	0.946665
2440	0.851670	0.984811	0.984759	0.755119	0.945706	0.946665
2450	0.851912	0.984923	0.984865	0.755215	0.945706	0.946665
2460	0.852139	0.984923	0.984864	0.755368	0.945212	0.946164
2470	0.852527	0.984923	0.984865	0.755626	0.945212	0.946164
2480	0.852909	0.984978	0.984918	0.755968	0.944719	0.945610
2490	0.853525	0.985090	0.985024	0.756477	0.944719	0.945634
2500	0.854011	0.984978	0.984907	0.757005	0.944719	0.945678
2510	0.854428	0.985090	0.985021	0.757522	0.945212	0.946119
2520	0.854935	0.985201	0.985133	0.757914	0.945212	0.946119
2530	0.855608	0.985256	0.985188	0.758628	0.945212	0.946195
2540	0.856257	0.985423	0.985347	0.759189	0.944719	0.945603
2550	0.856921	0.985646	0.985574	0.759613	0.945212	0.946146
2560	0.857509	0.985868	0.985794	0.760145	0.945706	0.946626
2570	0.858253	0.985924	0.985848	0.760874	0.946199	0.947096
2580	0.858637	0.985924	0.985849	0.761136	0.946693	0.947633
2590	0.859071	0.985924	0.985851	0.761338	0.945212	0.946152
2600	0.859433	0.985924	0.985852	0.761582	0.945706	0.946612
2610	0.859838	0.985868	0.985796	0.761972	0.945706	0.946587
2620	0.860084	0.985868	0.985796	0.762199	0.945706	0.946587
2630	0.860289	0.985924	0.985848	0.762493	0.945706	0.946587
2640	0.860506	0.985980	0.985899	0.762807	0.945706	0.946616
2650	0.860779	0.985980	0.985900	0.763031	0.946199	0.947042
2660	0.861246	0.986091	0.986014	0.763421	0.946199	0.947053
2670	0.861781	0.986369	0.986294	0.763749	0.946199	0.947053
2680	0.862294	0.986425	0.986351	0.764181	0.946693	0.947469
2690	0.862634	0.986480	0.986410	0.764540	0.946693	0.947468
2700	0.863036	0.986480	0.986405	0.764810	0.946199	0.947041
2710	0.863524	0.986425	0.986349	0.765329	0.946693	0.947537
2720	0.863789	0.986480	0.986401	0.765519	0.947187	0.948038
2730	0.864069	0.986425	0.986349	0.765804	0.947187	0.948038
2740	0.864314	0.986480	0.986412	0.765919	0.947187	0.948038
2750	0.864741	0.986480	0.986412	0.766233	0.947187	0.948038
2760	0.865192	0.986870	0.986797	0.766503	0.947680	0.948541
2770	0.865704	0.986814	0.986746	0.767005	0.947187	0.948038
2780	0.866056	0.986870	0.986796	0.766938	0.947187	0.948053
2790	0.866582	0.987037	0.986956	0.767403	0.946199	0.947032
2800	0.866941	0.986981	0.986905	0.767793	0.946693	0.947589
2810	0.867338	0.987148	0.987073	0.768188	0.946693	0.947589
2820	0.867618	0.987148	0.987074	0.768268	0.946199	0.947032
2830	0.867980	0.987037	0.986960	0.768491	0.947187	0.948104
2840	0.868289	0.987148	0.987070	0.768845	0.946693	0.947589
2850	0.868741	0.987259	0.987182	0.769175	0.946693	0.947589
2860	0.869107	0.987259	0.987182	0.769609	0.947187	0.948122
2870	0.869518	0.987259	0.987181	0.769940	0.946693	0.947589
2880	0.870092	0.987315	0.987234	0.770507	0.947187	0.948106
2890	0.870636	0.987259	0.987176	0.770747	0.947680	0.948560
2900	0.871099	0.987371	0.987286	0.771087	0.947187	0.948003
2910	0.871510	0.987482	0.987402	0.771293	0.947187	0.948003
2920	0.871757	0.987538	0.987453	0.771442	0.947187	0.948031
2930	0.872355	0.987482	0.987400	0.771988	0.947680	0.948560
2940	0.872586	0.987482	0.987397	0.772233	0.947680	0.948560
2950	0.872831	0.987649	0.987565	0.772408	0.947680	0.948589
2960	0.873171	0.987760	0.987676	0.772744	0.947680	0.948617
2970	0.873506	0.987871	0.987786	0.772940	0.947680	0.948617
2980	0.874071	0.987927	0.987843	0.773355	0.947680	0.948589
2990	0.874344	0.987983	0.987906	0.773710	0.947680	0.948617
3000	0.874626	0.988038	0.987956	0.773961	0.948174	0.949063
3010	0.874907	0.988038	0.987957	0.774129	0.948174	0.949073
3020	0.875586	0.987983	0.987902	0.774718	0.948667	0.949601
3030	0.876103	0.987927	0.987846	0.774794	0.946693	0.947518
3040	0.876491	0.988150	0.988065	0.775111	0.947187	0.947996
3050	0.876762	0.988094	0.988014	0.775331	0.946693	0.947482
3060	0.877079	0.988205	0.988124	0.775564	0.946693	0.947551
3070	0.877519	0.988261	0.988177	0.775848	0.947187	0.947967
3080	0.877983	0.988261	0.988178	0.776163	0.947187	0.947967
3090	0.878438	0.988094	0.988007	0.776577	0.947187	0.947967
3100	0.878654	0.988261	0.988168	0.776747	0.947187	0.947967
3110	0.878954	0.988205	0.988112	0.776976	0.947187	0.947967
3120	0.879507	0.988372	0.988281	0.777435	0.947187	0.947989
3130	0.880091	0.988539	0.988442	0.777872	0.947187	0.948022
3140	0.880512	0.988539	0.988445	0.778259	0.947187	0.947967
3150	0.880881	0.988539	0.988443	0.778501	0.947187	0.947929
3160	0.881118	0.988539	0.988445	0.778645	0.947187	0.947929
3170	0.881298	0.988539	0.988444	0.778748	0.947680	0.948458
3180	0.881753	0.988595	0.988500	0.779185	0.947680	0.948458
3190	0.882361	0.988928	0.988832	0.779943	0.948667	0.949473
3200	0.882624	0.988873	0.988776	0.780159	0.949161	0.949952
3210	0.883116	0.988928	0.988832	0.780384	0.948174	0.948937
3220	0.883392	0.988984	0.988889	0.780418	0.948667	0.949424
3230	0.883819	0.988928	0.988831	0.780752	0.948174	0.948951
3240	0.884073	0.988984	0.988886	0.780982	0.948667	0.949531
3250	0.884620	0.989040	0.988945	0.781528	0.948667	0.949531
3260	0.884974	0.989095	0.988992	0.781845	0.949161	0.950006
3270	0.885384	0.988928	0.988830	0.782065	0.949161	0.949954
3280	0.885938	0.989095	0.988992	0.782281	0.948667	0.949479
3290	0.886447	0.989207	0.989105	0.782469	0.948667	0.949531
3300	0.886830	0.989262	0.989160	0.782742	0.949161	0.949985
3310	0.886992	0.989262	0.989160	0.782969	0.949161	0.949985
3320	0.887297	0.989318	0.989215	0.783279	0.948667	0.949531
3330	0.887602	0.989318	0.989216	0.783598	0.948667	0.949479
3340	0.887924	0.989485	0.989382	0.783854	0.948667	0.949479
3350	0.888187	0.989596	0.989496	0.784057	0.948667	0.949479
3360	0.888484	0.989540	0.989441	0.784417	0.948667	0.949479
3370	0.888907	0.989540	0.989443	0.784643	0.948667	0.949439
3380	0.889368	0.989652	0.989556	0.785157	0.948667	0.949439
3390	0.889659	0.989652	0.989551	0.785481	0.948667	0.949491
3400	0.890014	0.989596	0.989503	0.785639	0.949161	0.949932
3410	0.890266	0.989652	0.989556	0.785930	0.949161	0.949932
3420	0.890662	0.989930	0.989830	0.786227	0.949161	0.949932
3430	0.890997	0.989930	0.989832	0.786558	0.949161	0.949932
3440	0.891267	0.989874	0.989777	0.786843	0.949161	0.949875
3450	0.891502	0.989874	0.989776	0.787026	0.950148	0.950862
3460	0.891887	0.989930	0.989831	0.787413	0.949161	0.949905
3470	0.892359	0.990264	0.990172	0.787866	0.949161	0.949894
3480	0.892717	0.990264	0.990167	0.788225	0.949654	0.950359
3490	0.893036	0.990264	0.990169	0.788565	0.950148	0.950812
3500	0.893412	0.990152	0.990058	0.788969	0.949654	0.950359
3510	0.893689	0.990319	0.990224	0.789218	0.950148	0.950908
3520	0.894037	0.990319	0.990224	0.789489	0.950148	0.950860
3530	0.894320	0.990375	0.990281	0.789770	0.950148	0.950860
3540	0.894692	0.990542	0.990448	0.790086	0.950148	0.950852
3550	0.895072	0.990486	0.990394	0.790450	0.950642	0.951341
3560	0.895403	0.990486	0.990393	0.790671	0.950148	0.950820
3570	0.895665	0.990709	0.990625	0.790845	0.951135	0.951851
3580	0.895899	0.990764	0.990671	0.791150	0.951135	0.951811
3590	0.896094	0.990876	0.990787	0.791327	0.951135	0.951811
3600	0.896295	0.990820	0.990734	0.791620	0.951135	0.951811
3610	0.896582	0.990764	0.990676	0.791837	0.951629	0.952350
3620	0.896804	0.990764	0.990676	0.792076	0.951629	0.952350
3630	0.897071	0.990764	0.990677	0.792182	0.951135	0.951830
3640	0.897373	0.990820	0.990729	0.792343	0.951135	0.951830
3650	0.897701	0.990876	0.990786	0.792731	0.952122	0.952839
3660	0.897910	0.990876	0.990785	0.792892	0.952122	0.952839
3670	0.898150	0.990876	0.990785	0.793064	0.951135	0.951750
3680	0.898452	0.990931	0.990840	0.793503	0.951629	0.952296
3690	0.898752	0.990987	0.990899	0.793755	0.951629	0.952296
3700	0.899140	0.990987	0.990900	0.794031	0.951135	0.951792
3710	0.899516	0.990987	0.990903	0.794306	0.951135	0.951792
3720	0.899789	0.990987	0.990901	0.794517	0.951135	0.951789
3730	0.899955	0.990987	0.990904	0.794631	0.951135	0.951789
3740	0.900396	0.990987	0.990906	0.795081	0.951629	0.952287
3750	0.900666	0.991154	0.991075	0.795327	0.951629	0.952287
3760	0.900894	0.991154	0.991075	0.795522	0.952122	0.952818
3770	0.901190	0.991265	0.991184	0.795755	0.952616	0.953323
3780	0.901456	0.991265	0.991184	0.796028	0.952616	0.953322
3790	0.901643	0.991265	0.991183	0.796170	0.952616	0.953322
3800	0.901873	0.991265	0.991181	0.796368	0.952616	0.953322
3810	0.902185	0.991210	0.991130	0.796724	0.952616	0.953322
3820	0.902514	0.991210	0.991131	0.797108	0.952616	0.953322
3830	0.902805	0.991265	0.991187	0.797348	0.952616	0.953322
3840	0.903120	0.991265	0.991181	0.797579	0.952616	0.953322
3850	0.903371	0.991321	0.991237	0.797745	0.952616	0.953322
3860	0.903804	0.991376	0.991292	0.798158	0.953110	0.953776
3870	0.903954	0.991432	0.991348	0.798349	0.953110	0.953776
3880	0.904227	0.991488	0.991406	0.798577	0.953110	0.953776
3890	0.904462	0.991488	0.991404	0.798795	0.953110	0.953776
3900	0.904637	0.991543	0.991455	0.798948	0.953110	0.953819
3910	0.905074	0.991543	0.991455	0.799289	0.953110	0.953819
3920	0.905421	0.991543	0.991457	0.799518	0.953110	0.953819
3930	0.905764	0.991655	0.991567	0.799710	0.953110	0.953819
3940	0.905999	0.991655	0.991568	0.799954	0.953110	0.953819
3950	0.906462	0.991822	0.991734	0.800598	0.953110	0.953819
3960	0.906783	0.991822	0.991732	0.800880	0.953603	0.954281
3970	0.907013	0.991877	0.991786	0.801129	0.953603	0.954281
3980	0.907159	0.991877	0.991785	0.801212	0.953603	0.954281
3990	0.907337	0.991822	0.991732	0.801296	0.953603	0.954281
4000	0.907581	0.991933	0.991843	0.801476	0.953603	0.954281
4010	0.907836	0.991822	0.991733	0.801758	0.953603	0.954281
4020	0.907939	0.991877	0.991786	0.801943	0.953603	0.954281
4030	0.908241	0.991988	0.991901	0.802256	0.954097	0.954728
4040	0.908535	0.992044	0.991956	0.802569	0.954097	0.954728
4050	0.908765	0.992044	0.991962	0.802731	0.954097	0.954728
4060	0.909131	0.992100	0.992018	0.802988	0.953603	0.954262
4070	0.909380	0.992155	0.992077	0.803261	0.954590	0.955284
4080	0.909766	0.992211	0.992127	0.803628	0.954590	0.955245
4090	0.910056	0.992155	0.992073	0.803914	0.954590	0.955245
4100	0.910349	0.992155	0.992079	0.804145	0.955084	0.955750
4110	0.910498	0.992155	0.992081	0.804221	0.954590	0.955276
4120	0.910800	0.992322	0.992245	0.804455	0.954590	0.955276
4130	0.911043	0.992267	0.992187	0.804664	0.955084	0.955750
4140	0.911155	0.992378	0.992298	0.804837	0.955084	0.955750
4150	0.911567	0.992545	0.992465	0.805245	0.954590	0.955276
4160	0.911910	0.992600	0.992521	0.805613	0.954590	0.955276
4170	0.912190	0.992600	0.992516	0.805907	0.954590	0.955201
4180	0.912570	0.992656	0.992574	0.806285	0.955084	0.955675
4190	0.912815	0.992712	0.992629	0.806414	0.955084	0.955670
4200	0.913140	0.992712	0.992624	0.806772	0.954590	0.955196
4210	0.913381	0.992767	0.992671	0.806980	0.954590	0.955196
4220	0.913652	0.992879	0.992787	0.807167	0.954590	0.955196
4230	0.913953	0.992823	0.992733	0.807330	0.954097	0.954693
4240	0.914069	0.992934	0.992840	0.807459	0.954097	0.954693
4250	0.914269	0.993046	0.992954	0.807644	0.954590	0.955179
4260	0.914759	0.993046	0.992958	0.807810	0.955084	0.955631
4270	0.915058	0.993046	0.992956	0.808139	0.955084	0.955631
4280	0.915160	0.993046	0.992954	0.808194	0.955577	0.956105
4290	0.915327	0.993046	0.992955	0.808295	0.955084	0.955631
4300	0.915491	0.992990	0.992896	0.808376	0.955084	0.955640
4310	0.915708	0.992934	0.992840	0.808653	0.955577	0.956088
4320	0.915813	0.992934	0.992840	0.808704	0.955577	0.956088
4330	0.916033	0.992990	0.992895	0.808893	0.955577	0.956088
4340	0.916238	0.993157	0.993070	0.809004	0.955577	0.956020
4350	0.916456	0.993157	0.993068	0.809136	0.956071	0.956592
4360	0.916786	0.993268	0.993184	0.809511	0.956071	0.956514
4370	0.917189	0.993379	0.993298	0.809921	0.955084	0.955544
4380	0.917448	0.993324	0.993242	0.810181	0.956071	0.956606
4390	0.917717	0.993435	0.993355	0.810367	0.955577	0.956227
4400	0.917830	0.993491	0.993408	0.810449	0.955577	0.956227
4410	0.918073	0.993491	0.993408	0.810643	0.955084	0.955732
4420	0.918330	0.993491	0.993410	0.810804	0.955084	0.955737
4430	0.918611	0.993658	0.993580	0.811081	0.955577	0.956254
4440	0.918942	0.993602	0.993520	0.811365	0.955577	0.956249
4450	0.919166	0.993658	0.993578	0.811559	0.955577	0.956249
4460	0.919474	0.993658	0.993575	0.811688	0.956071	0.956715
4470	0.919634	0.993602	0.993518	0.811796	0.955577	0.956249
4480	0.919755	0.993658	0.993575	0.811917	0.955577	0.956249
4490	0.919912	0.993658	0.993580	0.812066	0.956071	0.956715
4500	0.920115	0.993769	0.993684	0.812069	0.955577	0.956205
4510	0.920266	0.993824	0.993742	0.812168	0.955577	0.956216
4520	0.920477	0.993880	0.993799	0.812314	0.955577	0.956216
4530	0.920770	0.993936	0.993854	0.812592	0.955577	0.956210
4540	0.921013	0.993991	0.993915	0.812728	0.956071	0.956690
4550	0.921225	0.993991	0.993915	0.812826	0.956071	0.956690
4560	0.921399	0.993991	0.993915	0.812931	0.956071	0.956690
4570	0.921558	0.993991	0.993915	0.813113	0.956565	0.957183
4580	0.921750	0.994103	0.994030	0.813278	0.957058	0.957655
4590	0.921930	0.994103	0.994029	0.813455	0.957058	0.957655
4600	0.922230	0.994103	0.994027	0.813703	0.957058	0.957655
4610	0.922595	0.994270	0.994198	0.813907	0.956565	0.957059
4620	0.922877	0.994214	0.994137	0.814176	0.956565	0.957059
4630	0.923118	0.994325	0.994251	0.814352	0.956565	0.957059
4640	0.923341	0.994325	0.994251	0.814542	0.956565	0.957059
4650	0.923549	0.994436	0.994364	0.814803	0.956565	0.957059
4660	0.923669	0.994436	0.994365	0.814972	0.956565	0.957059
4670	0.923811	0.994436	0.994365	0.815120	0.957058	0.957655
4680	0.924039	0.994492	0.994423	0.815267	0.957058	0.957655
4690	0.924216	0.994492	0.994422	0.815391	0.957058	0.957655
4700	0.924467	0.994548	0.994481	0.815601	0.957552	0.958090
4710	0.924638	0.994659	0.994594	0.815765	0.957552	0.958090
4720	0.924745	0.994659	0.994594	0.815861	0.958045	0.958597
4730	0.924884	0.994659	0.994594	0.816024	0.958045	0.958597
4740	0.925135	0.994659	0.994596	0.816251	0.958045	0.958597
4750	0.925407	0.994715	0.994649	0.816443	0.957552	0.958091
4760	0.925641	0.994770	0.994707	0.816692	0.957552	0.958091
4770	0.925882	0.994826	0.994763	0.816950	0.957552	0.958091
4780	0.926074	0.994937	0.994876	0.817118	0.957552	0.958063
4790	0.926223	0.994993	0.994928	0.817236	0.957552	0.958063
4800	0.926324	0.994993	0.994928	0.817318	0.957552	0.958063
4810	0.926615	0.995048	0.994987	0.817537	0.957552	0.958063
4820	0.926777	0.995104	0.995040	0.817820	0.957552	0.958063
4830	0.927007	0.995160	0.995096	0.818041	0.957552	0.958063
4840	0.927264	0.995160	0.995096	0.818212	0.957552	0.958063
4850	0.927481	0.995215	0.995153	0.818358	0.957552	0.958064
4860	0.927629	0.995215	0.995155	0.818546	0.957552	0.958064
4870	0.927918	0.995215	0.995153	0.818785	0.957552	0.958064
4880	0.928106	0.995215	0.995151	0.818951	0.957058	0.957468
4890	0.928339	0.995382	0.995325	0.819131	0.957058	0.957468
4900	0.928626	0.995382	0.995322	0.819288	0.957552	0.958064
4910	0.928840	0.995438	0.995381	0.819385	0.957552	0.958064
4920	0.929046	0.995438	0.995378	0.819519	0.957552	0.958064
4930	0.929337	0.995605	0.995549	0.819749	0.958045	0.958561
4940	0.929534	0.995605	0.995550	0.819917	0.958045	0.958561
4950	0.929753	0.995605	0.995550	0.820158	0.957552	0.958031
4960	0.930022	0.995605	0.995550	0.820365	0.957552	0.958031
4970	0.930137	0.995605	0.995550	0.820487	0.957552	0.958031
4980	0.930279	0.995605	0.995549	0.820550	0.957552	0.958031
4990	0.930605	0.995605	0.995549	0.820893	0.958045	0.958534
5000	0.930893	0.995660	0.995608	0.821212	0.958045	0.958534
5010	0.931186	0.995772	0.995719	0.821371	0.958539	0.959063
5020	0.931394	0.995827	0.995775	0.821612	0.958539	0.959063
5030	0.931651	0.995994	0.995946	0.821876	0.958539	0.959063
5040	0.931875	0.995994	0.995946	0.822097	0.958539	0.959063
5050	0.932127	0.996050	0.996002	0.822211	0.958539	0.959063
5060	0.932347	0.996050	0.996002	0.822306	0.958539	0.959063
5070	0.932607	0.996217	0.996169	0.822526	0.958045	0.958558
5080	0.932855	0.996328	0.996285	0.822682	0.958045	0.958558
5090	0.933126	0.996272	0.996229	0.822956	0.958539	0.959063
5100	0.933390	0.996384	0.996340	0.823192	0.958539	0.959063
5110	0.933542	0.996384	0.996340	0.823334	0.958539	0.959063
5120	0.933723	0.996384	0.996340	0.823446	0.958539	0.959063
5130	0.933925	0.996439	0.996396	0.823555	0.958539	0.959063
5140	0.934082	0.996439	0.996396	0.823578	0.958045	0.958581
5150	0.934251	0.996384	0.996338	0.823832	0.958045	0.958581
5160	0.934464	0.996439	0.996396	0.824046	0.958045	0.958581
5170	0.934599	0.996495	0.996451	0.824216	0.958045	0.958581
5180	0.934756	0.996551	0.996507	0.824262	0.958045	0.958581
5190	0.935093	0.996551	0.996507	0.824476	0.958045	0.958581
5200	0.935202	0.996551	0.996507	0.824608	0.958045	0.958581
5210	0.935428	0.996551	0.996507	0.824774	0.958045	0.958581
5220	0.935647	0.996606	0.996564	0.824958	0.958045	0.958573
5230	0.935803	0.996606	0.996564	0.825082	0.958045	0.958573
5240	0.935965	0.996717	0.996677	0.825189	0.958045	0.958573
5250	0.936235	0.996773	0.996733	0.825413	0.958045	0.958573
5260	0.936442	0.996829	0.996789	0.825642	0.958045	0.958573
5270	0.936647	0.996829	0.996790	0.825836	0.958045	0.958573
5280	0.936775	0.996884	0.996842	0.825848	0.958045	0.958573
5290	0.936823	0.996884	0.996842	0.825897	0.958045	0.958573
5300	0.936893	0.996884	0.996842	0.825964	0.958045	0.958573
5310	0.937075	0.996940	0.996899	0.825994	0.958045	0.958573
5320	0.937238	0.997107	0.997068	0.826159	0.958045	0.958573
5330	0.937400	0.997163	0.997123	0.826290	0.958045	0.958573
5340	0.937649	0.997329	0.997294	0.826379	0.958045	0.958573
5350	0.937953	0.997385	0.997349	0.826581	0.958045	0.958573
5360	0.938022	0.997385	0.997349	0.826588	0.958045	0.958573
5370	0.938080	0.997385	0.997349	0.826604	0.958045	0.958573
5380	0.938215	0.997441	0.997405	0.826749	0.958045	0.958573
5390	0.938426	0.997496	0.997463	0.826842	0.958045	0.958573
5400	0.938649	0.997441	0.997407	0.827047	0.958045	0.958573
5410	0.938874	0.997552	0.997518	0.827164	0.958045	0.958573
5420	0.939071	0.997496	0.997463	0.827401	0.958045	0.958525
5430	0.939121	0.997496	0.997463	0.827475	0.958045	0.958525
5440	0.939235	0.997496	0.997463	0.827598	0.958045	0.958533
5450	0.939371	0.997552	0.997518	0.827733	0.958045	0.958533
5460	0.939540	0.997552	0.997518	0.827842	0.958045	0.958525
5470	0.939602	0.997552	0.997518	0.827942	0.958539	0.959015
5480	0.939682	0.997552	0.997518	0.828078	0.958539	0.959015
5490	0.939844	0.997552	0.997518	0.828246	0.958539	0.959015
5500	0.940102	0.997663	0.997631	0.828418	0.958539	0.959015
5510	0.940225	0.997663	0.997631	0.828578	0.958539	0.959015
5520	0.940462	0.997608	0.997575	0.828691	0.958539	0.959015
5530	0.940606	0.997608	0.997576	0.828783	0.958539	0.959015
5540	0.940696	0.997608	0.997576	0.828883	0.958539	0.959010
5550	0.940906	0.997663	0.997632	0.829082	0.959033	0.959572
5560	0.941108	0.997663	0.997632	0.829250	0.958539	0.959010
5570	0.941287	0.997663	0.997632	0.829514	0.958045	0.958501
5580	0.941328	0.997663	0.997632	0.829513	0.958045	0.958501
5590	0.941434	0.997663	0.997632	0.829749	0.958045	0.958501
5600	0.941622	0.997719	0.997688	0.829983	0.958045	0.958501
5610	0.941706	0.997719	0.997688	0.830103	0.958045	0.958501
5620	0.941852	0.997719	0.997687	0.830275	0.958045	0.958501
5630	0.942015	0.997775	0.997743	0.830332	0.958045	0.958501
5640	0.942177	0.997830	0.997799	0.830520	0.958539	0.959063
5650	0.942380	0.997830	0.997799	0.830666	0.958539	0.959063
5660	0.942495	0.997830	0.997799	0.830715	0.958539	0.959063
5670	0.942715	0.997941	0.997911	0.830837	0.958539	0.959016
5680	0.942881	0.997941	0.997911	0.831077	0.958045	0.958501
5690	0.943088	0.997941	0.997910	0.831254	0.958045	0.958501
5700	0.943219	0.997941	0.997910	0.831311	0.958539	0.959063
5710	0.943363	0.997941	0.997910	0.831353	0.958539	0.958930
5720	0.943502	0.997997	0.997965	0.831303	0.958539	0.958930
5730	0.943627	0.997997	0.997965	0.831387	0.958539	0.958930
5740	0.943775	0.997997	0.997965	0.831514	0.959033	0.959378
5750	0.943929	0.997997	0.997966	0.831559	0.959033	0.959378
5760	0.944081	0.998053	0.998022	0.831657	0.959033	0.959378
5770	0.944193	0.998053	0.998022	0.831747	0.959033	0.959378
5780	0.944366	0.998053	0.998022	0.831865	0.959033	0.959373
5790	0.944479	0.998053	0.998022	0.831912	0.959526	0.959882
5800	0.944628	0.998053	0.998022	0.832030	0.959526	0.959882
5810	0.944795	0.997997	0.997964	0.832139	0.959526	0.959882
5820	0.944971	0.997997	0.997962	0.832267	0.959033	0.959357
5830	0.945131	0.997997	0.997962	0.832459	0.959033	0.959357
5840	0.945231	0.997997	0.997962	0.832556	0.959033	0.959357
5850	0.945352	0.998053	0.998018	0.832755	0.959033	0.959357
5860	0.945475	0.998108	0.998076	0.832865	0.959033	0.959357
5870	0.945730	0.998108	0.998076	0.833113	0.959033	0.959357
5880	0.945860	0.998108	0.998076	0.833252	0.958539	0.958790
5890	0.946053	0.998108	0.998076	0.833360	0.958539	0.958754
5900	0.946168	0.998108	0.998076	0.833418	0.959033	0.959321
5910	0.946334	0.998108	0.998077	0.833554	0.959033	0.959326
5920	0.946510	0.998108	0.998077	0.833736	0.959033	0.959312
5930	0.946666	0.998164	0.998131	0.833865	0.958539	0.958759
5940	0.946774	0.998164	0.998131	0.834037	0.959033	0.959239
5950	0.946876	0.998164	0.998131	0.834133	0.959033	0.959239
5960	0.947050	0.998164	0.998131	0.834178	0.959033	0.959239
5970	0.947147	0.998164	0.998132	0.834251	0.959033	0.959239
5980	0.947298	0.998220	0.998188	0.834444	0.959033	0.959239
5990	0.947444	0.998275	0.998244	0.834553	0.959033	0.959239
6000	0.947604	0.998275	0.998244	0.834714	0.959033	0.959239
6010	0.947777	0.998275	0.998244	0.834833	0.959033	0.959239
6020	0.947940	0.998275	0.998244	0.834922	0.959033	0.959239
6030	0.948099	0.998275	0.998245	0.835073	0.959033	0.959239
6040	0.948291	0.998220	0.998188	0.835196	0.959033	0.959239
6050	0.948387	0.998275	0.998244	0.835269	0.959033	0.959239
6060	0.948495	0.998331	0.998303	0.835392	0.959033	0.959239
6070	0.948571	0.998331	0.998303	0.835527	0.959526	0.959750
6080	0.948639	0.998331	0.998301	0.835627	0.959033	0.959239
6090	0.948731	0.998331	0.998301	0.835741	0.960020	0.960218
6100	0.948811	0.998331	0.998301	0.835878	0.960020	0.960218
6110	0.948918	0.998331	0.998301	0.836022	0.960020	0.960218
6120	0.949068	0.998275	0.998246	0.836279	0.960020	0.960265
6130	0.949161	0.998275	0.998244	0.836411	0.960020	0.960265
6140	0.949293	0.998275	0.998244	0.836542	0.960020	0.960265
6150	0.949403	0.998275	0.998244	0.836601	0.960020	0.960268
6160	0.949442	0.998275	0.998244	0.836578	0.960020	0.960265
6170	0.949573	0.998331	0.998302	0.836700	0.960020	0.960265
6180	0.949700	0.998387	0.998359	0.836828	0.960020	0.960268
6190	0.949818	0.998387	0.998359	0.836945	0.960020	0.960268
6200	0.949854	0.998387	0.998359	0.836990	0.960020	0.960268
6210	0.949923	0.998387	0.998359	0.837062	0.960020	0.960268
6220	0.950017	0.998387	0.998359	0.837132	0.960020	0.960268
6230	0.950046	0.998387	0.998359	0.837165	0.960020	0.960268
6240	0.950151	0.998387	0.998359	0.837306	0.959526	0.959856
6250	0.950214	0.998387	0.998359	0.837339	0.959526	0.959856
6260	0.950416	0.998387	0.998359	0.837507	0.960020	0.960421
6270	0.950592	0.998442	0.998416	0.837605	0.959526	0.959854
6280	0.950759	0.998498	0.998473	0.837725	0.959526	0.959873
6290	0.950862	0.998498	0.998473	0.837830	0.959526	0.959873
6300	0.951021	0.998498	0.998473	0.837947	0.959526	0.959873
6310	0.951099	0.998498	0.998473	0.838008	0.959526	0.959881
6320	0.951171	0.998498	0.998473	0.838117	0.959526	0.959857
6330	0.951258	0.998498	0.998473	0.838297	0.959526	0.959857
6340	0.951382	0.998498	0.998473	0.838460	0.959526	0.959857
6350	0.951536	0.998609	0.998584	0.838539	0.959526	0.959881
6360	0.951674	0.998609	0.998584	0.838641	0.959526	0.959881
6370	0.951724	0.998609	0.998584	0.838773	0.960020	0.960434
6380	0.951850	0.998609	0.998584	0.838867	0.959526	0.959881
6390	0.951945	0.998609	0.998584	0.838829	0.959526	0.959881
6400	0.952045	0.998609	0.998584	0.838907	0.959526	0.959881
6410	0.952102	0.998665	0.998639	0.838871	0.958539	0.958855
6420	0.952217	0.998665	0.998639	0.838942	0.958539	0.958855
6430	0.952357	0.998665	0.998639	0.839006	0.958539	0.958855
6440	0.952395	0.998665	0.998639	0.839013	0.958539	0.958855
6450	0.952508	0.998665	0.998639	0.839111	0.958539	0.958855
6460	0.952620	0.998665	0.998638	0.839310	0.958539	0.958868
6470	0.952715	0.998665	0.998638	0.839429	0.958539	0.958868
6480	0.952831	0.998665	0.998638	0.839444	0.958539	0.958855
6490	0.952930	0.998665	0.998638	0.839525	0.958539	0.958855
6500	0.953021	0.998609	0.998581	0.839583	0.958539	0.958855
6510	0.953151	0.998609	0.998581	0.839779	0.959033	0.959264
6520	0.953207	0.998665	0.998639	0.839784	0.959526	0.959714
6530	0.953305	0.998665	0.998639	0.839856	0.959526	0.959714
6540	0.953487	0.998665	0.998639	0.839946	0.959526	0.959714
6550	0.953598	0.998665	0.998639	0.839976	0.959033	0.959363
6560	0.953727	0.998665	0.998639	0.840063	0.959033	0.959363
6570	0.953886	0.998609	0.998583	0.840118	0.959033	0.959363
6580	0.953979	0.998609	0.998583	0.840176	0.958539	0.958855
6590	0.954103	0.998609	0.998583	0.840405	0.958539	0.958855
6600	0.954238	0.998609	0.998583	0.840496	0.958539	0.958855
6610	0.954311	0.998609	0.998585	0.840599	0.958539	0.958855
6620	0.954344	0.998609	0.998585	0.840700	0.959033	0.959264
6630	0.954385	0.998609	0.998585	0.840738	0.959033	0.959264
6640	0.954505	0.998609	0.998585	0.840818	0.958539	0.958855
6650	0.954592	0.998609	0.998585	0.840868	0.958539	0.958855
6660	0.954702	0.998609	0.998585	0.840980	0.959526	0.959781
6670	0.954826	0.998609	0.998585	0.841102	0.959526	0.959781
6680	0.954918	0.998609	0.998585	0.841226	0.959033	0.959264
6690	0.955011	0.998665	0.998641	0.841400	0.959033	0.959264
6700	0.955154	0.998665	0.998641	0.841489	0.959033	0.959264
6710	0.955218	0.998665	0.998641	0.841541	0.959526	0.959761
6720	0.955314	0.998720	0.998698	0.841677	0.959526	0.959761
6730	0.955369	0.998720	0.998698	0.841701	0.959526	0.959761
6740	0.955464	0.998720	0.998698	0.841785	0.959526	0.959761
6750	0.955638	0.998720	0.998699	0.841948	0.959033	0.959264
6760	0.955840	0.998720	0.998697	0.842022	0.959033	0.959264
6770	0.955942	0.998776	0.998754	0.842091	0.959526	0.959761
6780	0.956021	0.998776	0.998754	0.842156	0.959033	0.959264
6790	0.956146	0.998832	0.998813	0.842302	0.959033	0.959264
6800	0.956289	0.998776	0.998754	0.842468	0.959033	0.959264
6810	0.956428	0.998776	0.998754	0.842584	0.959526	0.959761
6820	0.956524	0.998776	0.998754	0.842734	0.958539	0.958855
6830	0.956663	0.998776	0.998754	0.842846	0.959033	0.959264
6840	0.956771	0.998776	0.998754	0.842988	0.959033	0.959264
6850	0.956853	0.998887	0.998866	0.843035	0.959033	0.959264
6860	0.956945	0.998887	0.998866	0.843093	0.959033	0.959264
6870	0.956987	0.998887	0.998866	0.843133	0.959526	0.959748
6880	0.957118	0.998887	0.998866	0.843336	0.959526	0.959748
6890	0.957240	0.998887	0.998866	0.843494	0.959526	0.959748
6900	0.957323	0.998887	0.998866	0.843514	0.959526	0.959748
6910	0.957369	0.998887	0.998866	0.843536	0.959526	0.959748
6920	0.957423	0.998943	0.998921	0.843575	0.960020	0.960319
6930	0.957503	0.998943	0.998921	0.843646	0.959526	0.959748
6940	0.957578	0.998943	0.998921	0.843574	0.959526	0.959748
6950	0.957667	0.998943	0.998921	0.843658	0.959526	0.959748
6960	0.957748	0.998943	0.998921	0.843752	0.959526	0.959748
6970	0.957809	0.998943	0.998921	0.843822	0.959526	0.959748
6980	0.957851	0.998943	0.998921	0.843895	0.959526	0.959748
6990	0.957928	0.998943	0.998921	0.843930	0.959526	0.959748
7000	0.958044	0.998943	0.998921	0.843959	0.959526	0.959748
7010	0.958149	0.998943	0.998921	0.843854	0.959526	0.959748
7020	0.958260	0.998943	0.998921	0.843960	0.959526	0.959748
7030	0.958337	0.998943	0.998921	0.843968	0.959526	0.959748
7040	0.958363	0.998943	0.998921	0.843986	0.959526	0.959748
7050	0.958395	0.998999	0.998977	0.844035	0.960020	0.960168
7060	0.958454	0.998999	0.998977	0.844104	0.960020	0.960168
7070	0.958490	0.998999	0.998977	0.844139	0.960020	0.960168
7080	0.958590	0.998999	0.998977	0.844240	0.960020	0.960168
7090	0.958706	0.998999	0.998977	0.844329	0.960020	0.960168
7100	0.958763	0.998999	0.998977	0.844403	0.960020	0.960168
7110	0.958864	0.998999	0.998977	0.844493	0.960020	0.960168
7120	0.958968	0.998999	0.998977	0.844625	0.960020	0.960168
7130	0.959092	0.998999	0.998977	0.844750	0.960020	0.960168
7140	0.959203	0.998999	0.998977	0.844830	0.960020	0.960168
7150	0.959279	0.998999	0.998977	0.844910	0.960020	0.960168
7160	0.959351	0.998999	0.998977	0.845040	0.960020	0.960168
7170	0.959443	0.998999	0.998977	0.845137	0.960020	0.960168
7180	0.959501	0.998999	0.998977	0.845145	0.960020	0.960168
7190	0.959587	0.998999	0.998977	0.845207	0.960020	0.960168
7200	0.959669	0.998999	0.998977	0.845171	0.960020	0.960168
7210	0.959725	0.998999	0.998977	0.845197	0.960020	0.960168
7220	0.959772	0.999110	0.999091	0.845266	0.960020	0.960168
7230	0.959851	0.999165	0.999150	0.845360	0.960020	0.960168
7240	0.959957	0.999221	0.999206	0.845446	0.959526	0.959748
7250	0.960008	0.999221	0.999206	0.845582	0.959526	0.959748
7260	0.960059	0.999221	0.999206	0.845688	0.959526	0.959748
7270	0.960188	0.999165	0.999150	0.845877	0.960020	0.960216
7280	0.960291	0.999165	0.999150	0.845923	0.960513	0.960787
7290	0.960388	0.999165	0.999150	0.846008	0.961007	0.961300
7300	0.960472	0.999221	0.999206	0.846023	0.960513	0.960787
7310	0.960563	0.999221	0.999206	0.846129	0.960513	0.960787
7320	0.960627	0.999221	0.999206	0.846230	0.960513	0.960787
7330	0.960713	0.999221	0.999206	0.846348	0.961007	0.961284
7340	0.960810	0.999221	0.999206	0.846406	0.961007	0.961284
7350	0.960891	0.999221	0.999206	0.846417	0.961007	0.961284
7360	0.960923	0.999221	0.999206	0.846411	0.961007	0.961284
7370	0.960983	0.999221	0.999206	0.846454	0.961007	0.961284
7380	0.961083	0.999221	0.999206	0.846645	0.961007	0.961284
7390	0.961163	0.999221	0.999206	0.846747	0.961007	0.961284
7400	0.961268	0.999221	0.999206	0.846829	0.960513	0.960864
7410	0.961305	0.999221	0.999206	0.846896	0.961007	0.961377
7420	0.961411	0.999277	0.999262	0.846845	0.961500	0.961798
7430	0.961480	0.999221	0.999206	0.846933	0.961500	0.961798
7440	0.961561	0.999277	0.999262	0.846982	0.961500	0.961798
7450	0.961626	0.999277	0.999262	0.847053	0.961500	0.961776
7460	0.961687	0.999277	0.999262	0.847094	0.961500	0.961904
7470	0.961766	0.999277	0.999262	0.847149	0.961500	0.961904
7480	0.961824	0.999277	0.999262	0.847183	0.961007	0.961377
7490	0.961902	0.999277	0.999262	0.847506	0.960513	0.960914
7500	0.961978	0.999277	0.999262	0.847519	0.961007	0.961330
7510	0.962026	0.999277	0.999262	0.847570	0.961007	0.961330
7520	0.962080	0.999277	0.999262	0.847607	0.961500	0.961883
7530	0.962143	0.999277	0.999262	0.847649	0.961500	0.961883
7540	0.962221	0.999332	0.999321	0.847758	0.961500	0.961856
7550	0.962309	0.999332	0.999321	0.847839	0.961007	0.961303
7560	0.962400	0.999277	0.999262	0.847907	0.961500	0.961805
7570	0.962478	0.999277	0.999262	0.847994	0.961994	0.962358
7580	0.962570	0.999277	0.999262	0.848072	0.961994	0.962358
7590	0.962702	0.999332	0.999321	0.848222	0.962488	0.962808
7600	0.962814	0.999332	0.999321	0.848395	0.962488	0.962808
7610	0.962900	0.999332	0.999321	0.848484	0.962488	0.962808
7620	0.962936	0.999332	0.999321	0.848486	0.962488	0.962808
7630	0.963022	0.999332	0.999321	0.848517	0.962488	0.962808
7640	0.963135	0.999277	0.999263	0.848608	0.962981	0.963331
7650	0.963231	0.999277	0.999263	0.848610	0.962981	0.963331
7660	0.963316	0.999277	0.999263	0.848621	0.962981	0.963331
7670	0.963382	0.999277	0.999263	0.848732	0.962981	0.963331
7680	0.963480	0.999388	0.999379	0.848818	0.962488	0.962880
7690	0.963580	0.999388	0.999379	0.848909	0.962488	0.962880
7700	0.963666	0.999388	0.999379	0.848916	0.962488	0.962880
7710	0.963761	0.999388	0.999379	0.849007	0.962488	0.962880
7720	0.963840	0.999388	0.999379	0.849060	0.962488	0.962880
7730	0.963892	0.999388	0.999379	0.849104	0.962488	0.962880
7740	0.963958	0.999444	0.999436	0.849193	0.962488	0.962880
7750	0.964033	0.999444	0.999436	0.849334	0.962488	0.962880
7760	0.964083	0.999444	0.999436	0.849417	0.962488	0.962880
7770	0.964137	0.999444	0.999436	0.849532	0.962488	0.962880
7780	0.964241	0.999444	0.999436	0.849733	0.962981	0.963369
7790	0.964285	0.999444	0.999436	0.849785	0.962981	0.963369
7800	0.964384	0.999499	0.999492	0.849955	0.962981	0.963369
7810	0.964413	0.999499	0.999492	0.850004	0.962981	0.963369
7820	0.964456	0.999499	0.999492	0.850070	0.962981	0.963369
7830	0.964519	0.999499	0.999492	0.850068	0.962981	0.963369
7840	0.964568	0.999499	0.999492	0.850137	0.962981	0.963369
7850	0.964694	0.999499	0.999492	0.850376	0.962981	0.963369
7860	0.964776	0.999499	0.999492	0.850492	0.962981	0.963369
7870	0.964831	0.999555	0.999550	0.850525	0.962981	0.963369
7880	0.964859	0.999555	0.999550	0.850549	0.962981	0.963369
7890	0.964892	0.999555	0.999550	0.850603	0.962981	0.963369
7900	0.964903	0.999555	0.999550	0.850619	0.962981	0.963369
7910	0.964929	0.999555	0.999550	0.850625	0.962981	0.963369
7920	0.964957	0.999555	0.999550	0.850666	0.962981	0.963369
7930	0.965038	0.999555	0.999550	0.850744	0.962981	0.963369
7940	0.965094	0.999555	0.999550	0.850785	0.962981	0.963369
7950	0.965179	0.999499	0.999492	0.850890	0.962488	0.962880
7960	0.965247	0.999499	0.999492	0.850999	0.962981	0.963395
7970	0.965332	0.999499	0.999492	0.851093	0.962981	0.963284
7980	0.965373	0.999499	0.999492	0.851174	0.962981	0.963311
7990	0.965479	0.999444	0.999437	0.851263	0.962981	0.963311
8000	0.965569	0.999499	0.999493	0.851348	0.962981	0.963311
8010	0.965633	0.999555	0.999551	0.851428	0.962981	0.963310
8020	0.965720	0.999555	0.999551	0.851556	0.962981	0.963311
8030	0.965786	0.999555	0.999551	0.851660	0.962981	0.963310
8040	0.965856	0.999555	0.999550	0.851799	0.962981	0.963311
8050	0.965912	0.999555	0.999550	0.851898	0.962981	0.963310
8060	0.966024	0.999555	0.999550	0.851941	0.962981	0.963311
8070	0.966124	0.999555	0.999550	0.852067	0.962981	0.963311
8080	0.966202	0.999555	0.999550	0.852201	0.962981	0.963395
8090	0.966278	0.999555	0.999550	0.852258	0.962981	0.963395
8100	0.966366	0.999555	0.999550	0.852319	0.962981	0.963395
8110	0.966430	0.999555	0.999550	0.852372	0.962981	0.963395
8120	0.966472	0.999555	0.999550	0.852396	0.962981	0.963395
8130	0.966486	0.999555	0.999550	0.852388	0.962981	0.963395
8140	0.966533	0.999555	0.999550	0.852432	0.962981	0.963395
8150	0.966612	0.999555	0.999550	0.852528	0.962981	0.963395
8160	0.966702	0.999555	0.999550	0.852656	0.962981	0.963395
8170	0.966785	0.999555	0.999550	0.852735	0.962981	0.963395
8180	0.966841	0.999555	0.999550	0.852781	0.962981	0.963395
8190	0.966914	0.999555	0.999550	0.852886	0.962981	0.963395
8200	0.966964	0.999555	0.999550	0.852963	0.963475	0.963965
8210	0.967044	0.999555	0.999550	0.853083	0.963968	0.964486
8220	0.967115	0.999555	0.999550	0.853174	0.963475	0.963969
8230	0.967181	0.999555	0.999550	0.853236	0.963475	0.963969
8240	0.967227	0.999555	0.999550	0.853268	0.963968	0.964441
8250	0.967293	0.999555	0.999550	0.853304	0.963968	0.964441
8260	0.967387	0.999555	0.999550	0.853382	0.963968	0.964441
8270	0.967465	0.999555	0.999550	0.853457	0.963968	0.964441
8280	0.967510	0.999555	0.999550	0.853493	0.963968	0.964441
8290	0.967544	0.999555	0.999550	0.853524	0.963968	0.964441
8300	0.967618	0.999555	0.999550	0.853577	0.963968	0.964441
8310	0.967676	0.999555	0.999550	0.853526	0.963968	0.964441
8320	0.967782	0.999555	0.999550	0.853415	0.964462	0.964959
8330	0.967876	0.999555	0.999550	0.853506	0.964462	0.964959
8340	0.967933	0.999555	0.999550	0.853605	0.964462	0.964959
8350	0.968057	0.999555	0.999550	0.853707	0.964462	0.964959
8360	0.968093	0.999555	0.999550	0.853734	0.964462	0.964959
8370	0.968146	0.999555	0.999550	0.853798	0.964462	0.964959
8380	0.968206	0.999555	0.999550	0.853862	0.964462	0.964959
8390	0.968285	0.999555	0.999550	0.854004	0.964462	0.964959
8400	0.968309	0.999555	0.999550	0.854021	0.964462	0.964959
8410	0.968328	0.999555	0.999550	0.854026	0.964462	0.964959
8420	0.968351	0.999555	0.999550	0.854046	0.964462	0.964959
8430	0.968401	0.999555	0.999550	0.854116	0.964462	0.964959
8440	0.968457	0.999555	0.999550	0.854207	0.964462	0.964959
8450	0.968549	0.999555	0.999550	0.854376	0.964462	0.964959
8460	0.968600	0.999555	0.999550	0.854470	0.964462	0.964959
8470	0.968651	0.999555	0.999550	0.854584	0.964462	0.964879
8480	0.968700	0.999555	0.999550	0.854621	0.964462	0.964879
8490	0.968782	0.999555	0.999550	0.854758	0.964462	0.964879
8500	0.968856	0.999555	0.999550	0.854807	0.964462	0.964879
8510	0.968929	0.999555	0.999550	0.854919	0.964462	0.964879
8520	0.968947	0.999555	0.999550	0.854936	0.964462	0.964879
8530	0.968987	0.999555	0.999550	0.855006	0.964462	0.964879
8540	0.969047	0.999555	0.999550	0.855050	0.964462	0.964879
8550	0.969113	0.999555	0.999550	0.855198	0.964462	0.964879
8560	0.969167	0.999555	0.999550	0.855203	0.964462	0.964879
8570	0.969257	0.999555	0.999550	0.855386	0.964462	0.964879
8580	0.969314	0.999555	0.999550	0.855580	0.964462	0.964879
8590	0.969405	0.999555	0.999550	0.855692	0.964462	0.964879
8600	0.969459	0.999555	0.999550	0.855724	0.964462	0.964879
8610	0.969541	0.999555	0.999550	0.855806	0.964462	0.964879
8620	0.969577	0.999555	0.999550	0.855790	0.964462	0.964879
8630	0.969615	0.999555	0.999550	0.855812	0.964462	0.964879
8640	0.969641	0.999555	0.999550	0.855815	0.964462	0.964879
8650	0.969714	0.999555	0.999550	0.855958	0.964462	0.964879
8660	0.969781	0.999555	0.999550	0.856014	0.964462	0.964879
8670	0.969851	0.999555	0.999550	0.856107	0.964462	0.964879
8680	0.969944	0.999555	0.999550	0.856196	0.964462	0.964879
8690	0.969989	0.999555	0.999550	0.856255	0.964462	0.964879
8700	0.970052	0.999555	0.999550	0.856322	0.964462	0.964879
8710	0.970112	0.999555	0.999550	0.856365	0.964462	0.964879
8720	0.970141	0.999555	0.999550	0.856343	0.964462	0.964879
8730	0.970162	0.999555	0.999550	0.856329	0.964462	0.964879
8740	0.970195	0.999555	0.999550	0.856326	0.964462	0.964879
8750	0.970262	0.999555	0.999550	0.856338	0.964462	0.964879
8760	0.970325	0.999555	0.999550	0.856377	0.964462	0.964879
8770	0.970368	0.999555	0.999550	0.856397	0.964462	0.964879
8780	0.970389	0.999555	0.999550	0.856411	0.964462	0.964879
8790	0.970410	0.999555	0.999550	0.856432	0.964462	0.964879
8800	0.970436	0.999555	0.999550	0.856471	0.964462	0.964879
8810	0.970499	0.999555	0.999550	0.856559	0.964462	0.964879
8820	0.970524	0.999555	0.999550	0.856565	0.964462	0.964879
8830	0.970570	0.999555	0.999550	0.856651	0.964462	0.964879
8840	0.970607	0.999555	0.999550	0.856650	0.964462	0.964879
8850	0.970637	0.999555	0.999550	0.856643	0.964462	0.964879
8860	0.970695	0.999555	0.999550	0.856725	0.964462	0.964879
8870	0.970744	0.999555	0.999550	0.856777	0.964462	0.964959
8880	0.970788	0.999555	0.999550	0.856802	0.964462	0.964959
8890	0.970828	0.999555	0.999550	0.856836	0.964462	0.964959
8900	0.970872	0.999555	0.999550	0.856890	0.964462	0.964959
8910	0.970889	0.999555	0.999550	0.856896	0.964462	0.964959
8920	0.970905	0.999555	0.999550	0.856903	0.964462	0.964959
8930	0.970924	0.999555	0.999550	0.856934	0.964462	0.964879
8940	0.970940	0.999555	0.999550	0.856936	0.964462	0.964879
8950	0.970958	0.999555	0.999550	0.856940	0.964462	0.964879
8960	0.970969	0.999555	0.999550	0.856935	0.964462	0.964879
8970	0.970980	0.999555	0.999550	0.856932	0.964462	0.964879
8980	0.970990	0.999555	0.999550	0.856926	0.964462	0.964879
8990	0.970999	0.999555	0.999550	0.856935	0.964462	0.964879
9000	0.971012	0.999555	0.999550	0.856942	0.964462	0.964879
9010	0.971025	0.999555	0.999550	0.856945	0.964462	0.964879
9020	0.971037	0.999555	0.999550	0.856938	0.964462	0.964879
9030	0.971051	0.999555	0.999550	0.856971	0.964462	0.964879
9040	0.971066	0.999555	0.999550	0.856989	0.964462	0.964879
9050	0.971076	0.999555	0.999550	0.857009	0.964462	0.964879
9060	0.971086	0.999555	0.999550	0.857025	0.964462	0.964879
9070	0.971114	0.999555	0.999550	0.857069	0.964462	0.964879
9080	0.971161	0.999555	0.999550	0.857093	0.964462	0.964879
9090	0.971209	0.999555	0.999550	0.857137	0.964462	0.964879
9100	0.971263	0.999555	0.999550	0.857169	0.964462	0.964879
9110	0.971298	0.999555	0.999550	0.857191	0.964462	0.964879
9120	0.971349	0.999555	0.999550	0.857218	0.964462	0.964879
9130	0.971411	0.999555	0.999550	0.857251	0.964462	0.964879
9140	0.971480	0.999555	0.999550	0.857337	0.964462	0.964879
9150	0.971546	0.999555	0.999550	0.857378	0.964462	0.964879
9160	0.971586	0.999555	0.999550	0.857423	0.964462	0.964879
9170	0.971600	0.999555	0.999550	0.857441	0.964462	0.964879
9180	0.971622	0.999555	0.999550	0.857435	0.964462	0.964879
9190	0.971628	0.999555	0.999550	0.857430	0.964462	0.964879
9200	0.971640	0.999555	0.999550	0.857468	0.964462	0.964879
9210	0.971654	0.999555	0.999550	0.857497	0.964462	0.964879
9220	0.971679	0.999555	0.999550	0.857498	0.964462	0.964879
9230	0.971712	0.999555	0.999550	0.857529	0.964462	0.964879
9240	0.971718	0.999555	0.999550	0.857533	0.964462	0.964879
9250	0.971723	0.999555	0.999550	0.857531	0.964462	0.964879
9260	0.971732	0.999555	0.999550	0.857523	0.964462	0.964879
9270	0.971770	0.999555	0.999550	0.857548	0.964462	0.964879
9280	0.971807	0.999611	0.999606	0.857526	0.964462	0.964879
9290	0.971858	0.999666	0.999662	0.857581	0.964462	0.964879
9300	0.971898	0.999666	0.999662	0.857570	0.964462	0.964879
9310	0.971951	0.999666	0.999662	0.857646	0.964462	0.964879
9320	0.971989	0.999666	0.999662	0.857657	0.964462	0.964879
9330	0.972071	0.999666	0.999662	0.857674	0.964462	0.964879
9340	0.972115	0.999666	0.999662	0.857760	0.964462	0.964879
9350	0.972161	0.999666	0.999662	0.857769	0.963968	0.964326
9360	0.972217	0.999666	0.999662	0.857885	0.963968	0.964326
9370	0.972289	0.999666	0.999662	0.857958	0.963968	0.964326
9380	0.972336	0.999666	0.999662	0.857982	0.963968	0.964326
9390	0.972398	0.999666	0.999662	0.858067	0.963968	0.964406
9400	0.972454	0.999666	0.999662	0.858118	0.963968	0.964406
9410	0.972485	0.999666	0.999662	0.858156	0.964462	0.964919
9420	0.972507	0.999666	0.999662	0.858200	0.964462	0.964919
9430	0.972536	0.999666	0.999662	0.858167	0.964462	0.964919
9440	0.972560	0.999666	0.999662	0.858181	0.964462	0.964919
9450	0.972588	0.999666	0.999662	0.858232	0.963968	0.964406
9460	0.972635	0.999666	0.999662	0.858245	0.963968	0.964406
9470	0.972677	0.999666	0.999662	0.858262	0.963968	0.964406
9480	0.972731	0.999666	0.999662	0.858328	0.963968	0.964406
9490	0.972766	0.999666	0.999662	0.858344	0.964462	0.964959
9500	0.972800	0.999666	0.999662	0.858422	0.963968	0.964406
9510	0.972837	0.999666	0.999662	0.858458	0.964462	0.964959
9520	0.972855	0.999666	0.999662	0.858450	0.964462	0.964959
9530	0.972884	0.999666	0.999662	0.858502	0.964462	0.964959
9540	0.972923	0.999666	0.999662	0.858537	0.963968	0.964406
9550	0.972946	0.999666	0.999662	0.858551	0.963968	0.964406
9560	0.972972	0.999666	0.999662	0.858618	0.963968	0.964406
9570	0.973001	0.999666	0.999662	0.858656	0.963968	0.964406
9580	0.973014	0.999666	0.999662	0.858702	0.963968	0.964406
9590	0.973030	0.999666	0.999662	0.858739	0.963968	0.964406
9600	0.973046	0.999666	0.999662	0.858765	0.963968	0.964406
9610	0.973063	0.999722	0.999718	0.858736	0.963475	0.963984
9620	0.973082	0.999722	0.999718	0.858777	0.963968	0.964406
9630	0.973127	0.999722	0.999718	0.858784	0.963968	0.964406
9640	0.973180	0.999722	0.999718	0.858830	0.963968	0.964406
9650	0.973235	0.999722	0.999718	0.858903	0.963968	0.964406
9660	0.973280	0.999722	0.999718	0.858919	0.963968	0.964406
9670	0.973345	0.999722	0.999718	0.858947	0.964462	0.964959
9680	0.973350	0.999722	0.999718	0.858948	0.964462	0.964959
9690	0.973374	0.999722	0.999718	0.858944	0.964462	0.964959
9700	0.973408	0.999722	0.999718	0.858970	0.963968	0.964406
9710	0.973422	0.999722	0.999718	0.859000	0.963968	0.964406
9720	0.973436	0.999722	0.999718	0.859014	0.963968	0.964406
9730	0.973464	0.999722	0.999718	0.858996	0.963968	0.964406
9740	0.973488	0.999722	0.999718	0.858986	0.963968	0.964406
9750	0.973505	0.999722	0.999718	0.858996	0.964462	0.964959
9760	0.973545	0.999722	0.999718	0.859060	0.964462	0.964959
9770	0.973596	0.999722	0.999718	0.859212	0.964956	0.965423
9780	0.973668	0.999722	0.999718	0.859275	0.964956	0.965423
9790	0.973717	0.999722	0.999718	0.859301	0.964956	0.965423
9800	0.973790	0.999722	0.999718	0.859396	0.963968	0.964406
9810	0.973858	0.999722	0.999718	0.859564	0.964462	0.964870
9820	0.973909	0.999722	0.999718	0.859628	0.964462	0.964870
9830	0.973934	0.999722	0.999718	0.859678	0.963968	0.964406
9840	0.973985	0.999722	0.999718	0.859724	0.963968	0.964406
9850	0.974028	0.999722	0.999718	0.859736	0.963968	0.964406
9860	0.974078	0.999722	0.999718	0.859788	0.963968	0.964406
9870	0.974145	0.999722	0.999718	0.859875	0.963968	0.964406
9880	0.974185	0.999722	0.999718	0.859959	0.963968	0.964406
9890	0.974236	0.999722	0.999718	0.860055	0.963968	0.964406
9900	0.974268	0.999722	0.999718	0.860135	0.963968	0.964406
9910	0.974301	0.999722	0.999718	0.860163	0.963968	0.964406
9920	0.974332	0.999722	0.999718	0.860224	0.963968	0.964406
9930	0.974363	0.999722	0.999718	0.860257	0.963968	0.964406
9940	0.974392	0.999722	0.999718	0.860267	0.963968	0.964406
9950	0.974432	0.999722	0.999718	0.860352	0.963968	0.964326
9960	0.974478	0.999722	0.999718	0.860371	0.963968	0.964326
9970	0.974526	0.999722	0.999718	0.860385	0.963968	0.964326
9980	0.974545	0.999777	0.999774	0.860400	0.963968	0.964326
9990	0.974564	0.999777	0.999774	0.860430	0.963968	0.964326
10000	0.974592	0.999777	0.999774	0.860489	0.963968	0.964326
