10	0.074661	0.374729	0.372566	0.073138	0.348156	0.334577
20	0.114508	0.633872	0.646393	0.111651	0.635169	0.647262
30	0.157391	0.692969	0.700815	0.153726	0.693279	0.699073
40	0.197159	0.728317	0.732579	0.193012	0.727640	0.728271
50	0.219811	0.741135	0.744415	0.215091	0.741789	0.740547
60	0.240692	0.754065	0.757373	0.234644	0.750379	0.750943
70	0.261584	0.765440	0.768039	0.254254	0.760485	0.760308
80	0.284689	0.776760	0.777621	0.276243	0.767054	0.765882
90	0.298590	0.785639	0.785987	0.288119	0.777665	0.776346
100	0.316770	0.794906	0.793573	0.304863	0.784740	0.780917
110	0.330064	0.800233	0.798017	0.316931	0.790803	0.786604
120	0.343443	0.807058	0.803824	0.328353	0.797372	0.792174
130	0.357787	0.813329	0.809154	0.340108	0.804952	0.798549
140	0.369436	0.818656	0.813079	0.350168	0.802931	0.796018
150	0.382504	0.823872	0.817887	0.360523	0.804447	0.797369
160	0.394186	0.828200	0.821258	0.370329	0.812532	0.804869
170	0.409032	0.833916	0.826147	0.384995	0.817585	0.809255
180	0.417987	0.836691	0.828868	0.393791	0.823143	0.814229
190	0.426284	0.840741	0.832454	0.400969	0.825670	0.816247
200	0.431229	0.843571	0.835090	0.405011	0.827185	0.817339
210	0.443143	0.849120	0.839792	0.415841	0.831733	0.821663
220	0.452295	0.852061	0.842439	0.423058	0.836281	0.826093
230	0.458184	0.855113	0.845294	0.428828	0.837797	0.827473
240	0.465123	0.858221	0.847809	0.433960	0.843355	0.831909
250	0.476122	0.863215	0.852146	0.444568	0.845882	0.833697
260	0.482465	0.865490	0.854418	0.450388	0.848408	0.835990
270	0.490514	0.867543	0.855939	0.457056	0.852451	0.839606
280	0.497627	0.870318	0.858174	0.463030	0.853967	0.840996
290	0.502639	0.872815	0.860509	0.467051	0.855483	0.842427
300	0.507343	0.874258	0.861805	0.470450	0.852956	0.840063
310	0.510887	0.875201	0.862634	0.472368	0.852956	0.839984
320	0.517870	0.879363	0.866434	0.478420	0.852956	0.840577
330	0.525212	0.881250	0.867563	0.484317	0.854977	0.841066
340	0.531203	0.882914	0.869138	0.488929	0.858009	0.843909
350	0.537713	0.884857	0.870861	0.494640	0.860030	0.845370
360	0.543301	0.886910	0.872480	0.499000	0.862052	0.847033
370	0.548024	0.888186	0.873709	0.502582	0.864578	0.849272
380	0.553472	0.890184	0.875590	0.507575	0.867105	0.851129
390	0.557754	0.890739	0.875924	0.511722	0.867105	0.851761
400	0.563450	0.892681	0.877548	0.516164	0.869631	0.853760
410	0.567040	0.894013	0.878838	0.519206	0.869631	0.853595
420	0.569800	0.894789	0.879505	0.521409	0.871147	0.855058
430	0.573025	0.896343	0.880966	0.524331	0.872158	0.855944
440	0.577802	0.897564	0.882090	0.528697	0.874179	0.857823
450	0.583821	0.899562	0.883914	0.534572	0.874684	0.857969
460	0.589032	0.900838	0.885027	0.539569	0.877716	0.860601
470	0.592956	0.902392	0.886445	0.543251	0.878727	0.861509
480	0.596889	0.903113	0.887079	0.545800	0.879232	0.862291
490	0.598900	0.903501	0.887469	0.546883	0.877716	0.860875
500	0.602973	0.905499	0.889401	0.549648	0.879737	0.862813
510	0.607727	0.907219	0.890926	0.553886	0.882264	0.865278
520	0.611955	0.908773	0.892464	0.558131	0.882769	0.865403
530	0.616135	0.909994	0.893557	0.561558	0.884790	0.867324
540	0.618249	0.910660	0.894215	0.562385	0.885296	0.867785
550	0.620801	0.911270	0.894781	0.564805	0.885296	0.867812
560	0.623784	0.911881	0.895305	0.567974	0.887317	0.869758
570	0.627601	0.912657	0.896023	0.571260	0.887317	0.869551
580	0.630289	0.912935	0.896286	0.573287	0.888833	0.870886
590	0.632441	0.913712	0.897017	0.575371	0.889338	0.871366
600	0.636572	0.915487	0.898672	0.578267	0.888833	0.871100
610	0.640709	0.916653	0.899729	0.581948	0.889843	0.871823
620	0.644689	0.917818	0.900869	0.584579	0.890854	0.872760
630	0.648169	0.919483	0.902411	0.587474	0.891865	0.873513
640	0.650536	0.920038	0.902878	0.589376	0.893380	0.874925
650	0.652703	0.920593	0.903415	0.590956	0.891359	0.872857
660	0.654196	0.920593	0.903330	0.591890	0.891865	0.873427
670	0.655735	0.921037	0.903733	0.593092	0.891359	0.872792
680	0.658871	0.921425	0.904257	0.595946	0.891865	0.873301
690	0.661198	0.922368	0.905151	0.597790	0.892875	0.874171
700	0.664746	0.923534	0.906260	0.600731	0.894896	0.876007
710	0.667449	0.924311	0.906925	0.603191	0.895907	0.876811
720	0.670838	0.925975	0.908469	0.605258	0.896918	0.877730
730	0.672723	0.926863	0.909397	0.606737	0.896412	0.877233
740	0.674936	0.926919	0.909452	0.608526	0.896918	0.877690
750	0.678003	0.927640	0.910102	0.611324	0.896412	0.877451
760	0.680681	0.928916	0.911230	0.614081	0.897423	0.878286
770	0.683179	0.929582	0.911855	0.616156	0.898434	0.879143
780	0.685976	0.930304	0.912536	0.617958	0.898434	0.879069
790	0.688065	0.930914	0.913100	0.619533	0.899444	0.880013
800	0.690312	0.931136	0.913310	0.621436	0.900960	0.881673
810	0.692632	0.931580	0.913722	0.623555	0.899949	0.880670
820	0.695608	0.932801	0.914921	0.625874	0.900960	0.881561
830	0.697875	0.933966	0.915988	0.627789	0.902981	0.883475
840	0.699229	0.933966	0.915937	0.628789	0.902981	0.883539
850	0.701267	0.934354	0.916304	0.629850	0.902981	0.883455
860	0.703287	0.934965	0.916866	0.631518	0.901971	0.882515
870	0.704742	0.935908	0.917802	0.632251	0.901465	0.881947
880	0.707018	0.936297	0.918164	0.634165	0.903487	0.883839
890	0.710125	0.937628	0.919440	0.636380	0.903992	0.884284
900	0.711450	0.937628	0.919404	0.637330	0.902981	0.883273
910	0.713257	0.938239	0.920006	0.638472	0.902981	0.883201
920	0.714842	0.938683	0.920405	0.639614	0.902476	0.882674
930	0.716717	0.939127	0.920822	0.641311	0.901971	0.882284
940	0.718328	0.939626	0.921300	0.642584	0.903487	0.883689
950	0.719996	0.939903	0.921517	0.643842	0.904497	0.884746
960	0.720939	0.940236	0.921809	0.644621	0.905508	0.885764
970	0.722324	0.940292	0.921865	0.645826	0.905508	0.885704
980	0.723648	0.940902	0.922472	0.646592	0.905508	0.885648
990	0.724898	0.941235	0.922779	0.647257	0.905508	0.885791
1000	0.726016	0.941846	0.923346	0.648189	0.904497	0.884835
1010	0.726602	0.941957	0.923450	0.648370	0.905508	0.885807
1020	0.727914	0.942567	0.924021	0.649178	0.906013	0.886352
1030	0.729529	0.942900	0.924344	0.650285	0.906518	0.886654
1040	0.730773	0.942900	0.924346	0.650949	0.906518	0.886607
1050	0.731989	0.943288	0.924710	0.652141	0.907024	0.887068
1060	0.733130	0.943455	0.924890	0.653048	0.908034	0.888098
1070	0.734578	0.943788	0.925171	0.653711	0.908034	0.888104
1080	0.735534	0.944287	0.925644	0.654250	0.908540	0.888520
1090	0.736823	0.944620	0.925931	0.655026	0.908540	0.888592
1100	0.737894	0.944787	0.926100	0.655819	0.909045	0.889108
1110	0.739238	0.944787	0.926076	0.656901	0.908540	0.888639
1120	0.740355	0.945342	0.926609	0.657780	0.908540	0.888663
1130	0.741969	0.945619	0.926880	0.658928	0.909045	0.889092
1140	0.742747	0.945453	0.926725	0.659550	0.909550	0.889557
1150	0.743749	0.945730	0.926971	0.660310	0.909550	0.889566
1160	0.744358	0.945896	0.927125	0.660785	0.909550	0.889598
1170	0.744894	0.945785	0.927026	0.661085	0.909550	0.889600
1180	0.745759	0.946007	0.927221	0.661704	0.910056	0.890192
1190	0.746558	0.946229	0.927468	0.662169	0.909045	0.889263
1200	0.747594	0.946118	0.927364	0.663010	0.909550	0.889693
1210	0.748632	0.946174	0.927394	0.663938	0.910056	0.890154
1220	0.749656	0.946396	0.927585	0.664582	0.909550	0.889643
1230	0.750396	0.946562	0.927761	0.665188	0.909550	0.889680
1240	0.751422	0.946729	0.927931	0.665945	0.910056	0.890114
1250	0.751987	0.946840	0.928035	0.666193	0.910561	0.890587
1260	0.753597	0.947117	0.928272	0.667462	0.910561	0.890640
1270	0.754433	0.947284	0.928456	0.668409	0.910056	0.890143
1280	0.755088	0.947395	0.928555	0.669086	0.909550	0.889660
1290	0.755796	0.947617	0.928739	0.669522	0.910056	0.890151
1300	0.756771	0.948061	0.929193	0.670538	0.909550	0.889791
1310	0.757193	0.948116	0.929236	0.670702	0.909045	0.889247
1320	0.757970	0.948227	0.929349	0.670963	0.909045	0.889205
1330	0.758781	0.948172	0.929259	0.671601	0.909550	0.889633
1340	0.759376	0.948338	0.929425	0.671895	0.909550	0.889631
1350	0.760193	0.948505	0.929586	0.672867	0.910561	0.890490
1360	0.761047	0.948394	0.929461	0.673435	0.910056	0.890036
1370	0.762128	0.948782	0.929818	0.674419	0.910056	0.890080
1380	0.763254	0.948893	0.929924	0.675473	0.909550	0.889597
1390	0.763979	0.949004	0.930019	0.676208	0.910561	0.890525
1400	0.764995	0.949059	0.930043	0.677096	0.911572	0.891332
1410	0.766127	0.949226	0.930252	0.678164	0.911572	0.891286
1420	0.766854	0.949503	0.930480	0.678697	0.911066	0.890864
1430	0.767544	0.949614	0.930583	0.679311	0.911572	0.891352
1440	0.768464	0.949725	0.930686	0.680056	0.911572	0.891340
1450	0.769176	0.949836	0.930779	0.680590	0.911572	0.891344
1460	0.770836	0.950558	0.951062	0.681717	0.911572	0.891359
1470	0.771828	0.953721	0.954097	0.682523	0.915109	0.914387
1480	0.772767	0.952555	0.953108	0.683346	0.914603	0.913856
1490	0.774175	0.956440	0.956789	0.684466	0.916625	0.915954
1500	0.775157	0.956329	0.956650	0.685464	0.917130	0.916316
1510	0.776325	0.957383	0.957702	0.686484	0.916119	0.915364
1520	0.777048	0.957827	0.958135	0.687065	0.916625	0.915804
1530	0.777790	0.958992	0.959278	0.687620	0.917635	0.916739
1540	0.779423	0.960102	0.960383	0.688829	0.918646	0.917794
1550	0.780557	0.961156	0.961392	0.689706	0.918646	0.917815
1560	0.781698	0.961878	0.962132	0.690545	0.919151	0.918368
1570	0.783432	0.963321	0.963555	0.692011	0.922183	0.921333
1580	0.784313	0.963764	0.963992	0.692553	0.922183	0.921387
1590	0.785788	0.964930	0.965132	0.693642	0.922688	0.921884
1600	0.786493	0.965263	0.965472	0.694335	0.922688	0.921865
1610	0.787313	0.966151	0.966345	0.694938	0.924204	0.923383
1620	0.787936	0.966428	0.966629	0.695330	0.923699	0.922897
1630	0.789011	0.967260	0.967456	0.696294	0.924709	0.923816
1640	0.791152	0.967926	0.968078	0.697974	0.926225	0.925339
1650	0.792227	0.968592	0.968742	0.698684	0.927236	0.926393
1660	0.793068	0.969036	0.969191	0.699515	0.927741	0.926870
1670	0.794006	0.969480	0.969638	0.700384	0.928752	0.927834
1680	0.795619	0.970257	0.970396	0.701576	0.929763	0.928814
1690	0.796629	0.970590	0.970732	0.702371	0.928752	0.927799
1700	0.798178	0.971034	0.971156	0.703507	0.929763	0.928779
1710	0.799299	0.971256	0.971383	0.704351	0.929763	0.928808
1720	0.800077	0.971478	0.971603	0.705015	0.929763	0.928811
1730	0.801412	0.972088	0.972207	0.706495	0.929763	0.928811
1740	0.802644	0.972699	0.972794	0.707302	0.931784	0.930716
1750	0.803406	0.972754	0.972851	0.708105	0.932289	0.931258
1760	0.804118	0.972976	0.973076	0.708584	0.933300	0.932311
1770	0.804951	0.973087	0.973178	0.709364	0.934310	0.933353
1780	0.805618	0.973142	0.973229	0.709913	0.934310	0.933338
1790	0.806229	0.973420	0.973501	0.710435	0.933300	0.932422
1800	0.807806	0.974030	0.974085	0.711719	0.933300	0.932422
1810	0.808970	0.974308	0.974370	0.712418	0.932794	0.931905
1820	0.809750	0.974419	0.974472	0.713163	0.932794	0.931905
1830	0.810624	0.974419	0.974472	0.713908	0.933805	0.932904
1840	0.811204	0.974641	0.974696	0.714482	0.933300	0.932435
1850	0.812674	0.974863	0.974911	0.715545	0.933300	0.932393
1860	0.813637	0.974974	0.975023	0.716332	0.934310	0.933352
1870	0.814547	0.975251	0.975291	0.717131	0.934816	0.933888
1880	0.815659	0.975418	0.975448	0.718191	0.935826	0.934840
1890	0.816310	0.975640	0.975667	0.718809	0.936331	0.935315
1900	0.817089	0.975861	0.975887	0.719509	0.936331	0.935315
1910	0.817775	0.976305	0.976320	0.720083	0.935826	0.934917
1920	0.818454	0.976139	0.976158	0.720742	0.936837	0.935903
1930	0.819336	0.976416	0.976434	0.721569	0.937342	0.936400
1940	0.819923	0.976805	0.976819	0.722015	0.936837	0.935940
1950	0.820662	0.976860	0.976863	0.722484	0.936837	0.935936
1960	0.821220	0.977360	0.977361	0.722976	0.937847	0.936900
1970	0.822069	0.977637	0.977641	0.723489	0.937342	0.936434
1980	0.822722	0.977637	0.977638	0.723867	0.937342	0.936460
1990	0.823276	0.977859	0.977863	0.724238	0.937342	0.936460
2000	0.824103	0.977970	0.977975	0.724903	0.937342	0.936460
2010	0.824878	0.978303	0.978308	0.725521	0.937847	0.936893
2020	0.825256	0.978359	0.978365	0.725815	0.937847	0.936896
2030	0.826328	0.978913	0.978907	0.726687	0.937847	0.936869
2040	0.826943	0.978636	0.978633	0.727245	0.937847	0.936869
2050	0.827570	0.979191	0.979185	0.727733	0.938353	0.937377
2060	0.828412	0.979579	0.979571	0.728224	0.938353	0.937377
2070	0.829081	0.979746	0.979731	0.729251	0.939869	0.938934
2080	0.829685	0.980079	0.980058	0.729718	0.940374	0.939373
2090	0.830359	0.980134	0.980112	0.730273	0.940879	0.939832
2100	0.831137	0.980245	0.980225	0.730753	0.938353	0.937238
2110	0.832010	0.980245	0.980230	0.731386	0.938353	0.937261
2120	0.832385	0.980301	0.980281	0.731737	0.938353	0.937251
2130	0.833025	0.980467	0.980454	0.732393	0.938353	0.937274
2140	0.834037	0.980800	0.980786	0.733427	0.940879	0.939636
2150	0.835096	0.981078	0.981055	0.734254	0.940879	0.939659
2160	0.835982	0.981133	0.981120	0.735100	0.940879	0.939705
2170	0.836584	0.981355	0.981336	0.735694	0.941385	0.940239
2180	0.837134	0.981411	0.981392	0.736047	0.941385	0.940208
2190	0.838038	0.981744	0.981724	0.736635	0.940879	0.939745
2200	0.838760	0.981910	0.981890	0.737185	0.941890	0.940774
2210	0.839272	0.982132	0.982108	0.737560	0.941890	0.940718
2220	0.839654	0.982243	0.982220	0.738002	0.941890	0.940718
2230	0.840129	0.982132	0.982111	0.738363	0.941890	0.940718
2240	0.840413	0.982132	0.982109	0.738579	0.942395	0.941245
2250	0.841089	0.982021	0.981994	0.738920	0.942900	0.941719
2260	0.841492	0.982076	0.982042	0.739187	0.942900	0.941719
2270	0.842111	0.982298	0.982268	0.739786	0.942900	0.941719
2280	0.842500	0.982409	0.982377	0.740048	0.942900	0.941719
2290	0.842855	0.982465	0.982433	0.740366	0.943406	0.942264
2300	0.843299	0.982576	0.982546	0.740722	0.943406	0.942243
2310	0.843676	0.982687	0.982657	0.741025	0.943911	0.942758
2320	0.844121	0.982909	0.982881	0.741394	0.943911	0.942760
2330	0.844391	0.982853	0.982825	0.741696	0.943911	0.942726
2340	0.844671	0.982853	0.982825	0.741955	0.943911	0.942778
2350	0.845500	0.983242	0.983210	0.742599	0.943911	0.942778
2360	0.845814	0.983353	0.983317	0.742771	0.943911	0.942794
2370	0.846122	0.983353	0.983320	0.742833	0.942900	0.941817
2380	0.846500	0.983353	0.983320	0.743001	0.942900	0.941817
2390	0.846915	0.983353	0.983320	0.743312	0.942900	0.941778
2400	0.847497	0.983408	0.983376	0.743626	0.943406	0.942305
2410	0.847932	0.983575	0.983544	0.743925	0.942900	0.941817
2420	0.848338	0.983797	0.983760	0.744362	0.942900	0.941790
2430	0.848917	0.983963	0.983928	0.744672	0.942395	0.941330
2440	0.849670	0.984296	0.984249	0.745298	0.942900	0.941790
2450	0.850206	0.984241	0.984196	0.745789	0.942395	0.941281
2460	0.850815	0.984241	0.984194	0.746482	0.942395	0.941276
2470	0.851212	0.984407	0.984355	0.746801	0.942395	0.941269
2480	0.851566	0.984352	0.984301	0.747242	0.942900	0.941784
2490	0.852011	0.984407	0.984351	0.747744	0.943406	0.942252
2500	0.852391	0.984574	0.984516	0.748032	0.942900	0.941705
2510	0.852859	0.984463	0.984406	0.748426	0.942900	0.941750
2520	0.853211	0.984518	0.984463	0.748761	0.943406	0.942322
2530	0.853445	0.984518	0.984461	0.748865	0.943406	0.942322
2540	0.853798	0.984629	0.984573	0.749092	0.944416	0.943318
2550	0.854564	0.984629	0.984575	0.749562	0.944416	0.943370
2560	0.855177	0.984740	0.984686	0.750040	0.944416	0.943326
2570	0.855690	0.984851	0.984796	0.750510	0.944416	0.943351
2580	0.856117	0.984851	0.984795	0.750730	0.944416	0.943351
2590	0.856680	0.985017	0.984962	0.751181	0.944416	0.943318
2600	0.857309	0.985017	0.984965	0.751515	0.944922	0.943777
2610	0.857893	0.985017	0.984959	0.752164	0.945427	0.944335
2620	0.858580	0.985017	0.984959	0.752783	0.944416	0.943416
2630	0.859287	0.985295	0.985236	0.753407	0.944922	0.943876
2640	0.859667	0.985350	0.985287	0.753810	0.945427	0.944406
2650	0.860166	0.985350	0.985297	0.754216	0.945427	0.944406
2660	0.860497	0.985350	0.985298	0.754390	0.944922	0.943849
2670	0.860829	0.985406	0.985350	0.754563	0.945427	0.944272
2680	0.861162	0.985517	0.985455	0.754813	0.945427	0.944297
2690	0.861607	0.985572	0.985504	0.755163	0.945932	0.944829
2700	0.862204	0.985572	0.985505	0.755699	0.945427	0.944297
2710	0.862616	0.985739	0.985669	0.756091	0.944416	0.943178
2720	0.863044	0.985850	0.985777	0.756399	0.944922	0.943728
2730	0.863294	0.985905	0.985832	0.756619	0.944922	0.943728
2740	0.863959	0.986072	0.985997	0.757095	0.944922	0.943818
2750	0.864253	0.986072	0.985996	0.757210	0.944922	0.943818
2760	0.864647	0.986072	0.986000	0.757600	0.944922	0.943818
2770	0.865166	0.986127	0.986053	0.757943	0.945427	0.944365
2780	0.865873	0.986238	0.986162	0.758360	0.945932	0.945006
2790	0.866521	0.986405	0.986324	0.758979	0.946438	0.945414
2800	0.866840	0.986405	0.986322	0.759267	0.946438	0.945459
2810	0.867093	0.986405	0.986323	0.759462	0.946438	0.945459
2820	0.867354	0.986405	0.986325	0.759613	0.946438	0.945483
2830	0.867560	0.986571	0.986488	0.759510	0.946438	0.945500
2840	0.868113	0.986682	0.986599	0.759973	0.946438	0.945500
2850	0.868521	0.986738	0.986654	0.760318	0.946438	0.945500
2860	0.869182	0.986904	0.986815	0.760832	0.945427	0.944544
2870	0.869504	0.987126	0.987036	0.761113	0.945427	0.944429
2880	0.869769	0.987126	0.987037	0.761288	0.945427	0.944463
2890	0.870237	0.987237	0.987146	0.761753	0.945427	0.944463
2900	0.870499	0.987237	0.987144	0.761977	0.945427	0.944463
2910	0.870808	0.987182	0.987092	0.762238	0.945427	0.944478
2920	0.871120	0.987126	0.987037	0.762466	0.945427	0.944478
2930	0.871526	0.987182	0.987089	0.762914	0.944922	0.943931
2940	0.871968	0.987182	0.987092	0.763312	0.945427	0.944463
2950	0.872411	0.987348	0.987260	0.763536	0.944922	0.943916
2960	0.872651	0.987348	0.987263	0.763785	0.944922	0.943916
2970	0.873212	0.987404	0.987317	0.764320	0.945427	0.944486
2980	0.873516	0.987626	0.987536	0.764548	0.945932	0.944992
2990	0.873921	0.987681	0.987592	0.764869	0.945932	0.944946
3000	0.874315	0.987681	0.987590	0.765208	0.945932	0.944974
3010	0.874840	0.987626	0.987538	0.765581	0.945932	0.944924
3020	0.875216	0.987681	0.987590	0.765984	0.945932	0.944922
3030	0.875396	0.987626	0.987537	0.766243	0.945932	0.944884
3040	0.875699	0.987737	0.987646	0.766541	0.945932	0.944884
3050	0.876249	0.987792	0.987702	0.767325	0.945932	0.944980
3060	0.876651	0.987792	0.987702	0.767633	0.946438	0.945488
3070	0.876986	0.987848	0.987757	0.767823	0.946438	0.945484
3080	0.877357	0.987958	0.987870	0.768061	0.946438	0.945501
3090	0.877752	0.988014	0.987924	0.768432	0.946438	0.945470
3100	0.878091	0.987958	0.987870	0.768480	0.946438	0.945470
3110	0.878396	0.987958	0.987875	0.768589	0.946438	0.945470
3120	0.878783	0.987958	0.987867	0.768836	0.945932	0.944945
3130	0.879152	0.988014	0.987920	0.769045	0.945932	0.944945
3140	0.879673	0.988069	0.987975	0.769462	0.946943	0.945945
3150	0.880035	0.988014	0.987916	0.769677	0.947448	0.946415
3160	0.880528	0.988069	0.987969	0.770226	0.947954	0.946875
3170	0.880926	0.988180	0.988078	0.770652	0.947954	0.946962
3180	0.881194	0.988236	0.988133	0.770905	0.947954	0.946857
3190	0.881424	0.988347	0.988243	0.771081	0.948459	0.947404
3200	0.881607	0.988347	0.988243	0.771259	0.948459	0.947415
3210	0.882109	0.988347	0.988241	0.771811	0.948459	0.947404
3220	0.882500	0.988291	0.988192	0.772158	0.948459	0.947404
3230	0.882795	0.988347	0.988246	0.772373	0.947954	0.946944
3240	0.883229	0.988347	0.988250	0.772691	0.947954	0.946965
3250	0.883572	0.988458	0.988360	0.772997	0.947954	0.946965
3260	0.883853	0.988513	0.988412	0.773141	0.947954	0.946938
3270	0.884104	0.988458	0.988358	0.773383	0.947954	0.946938
3280	0.884321	0.988513	0.988413	0.773603	0.947954	0.946927
3290	0.884633	0.988569	0.988465	0.773911	0.947954	0.946927
3300	0.884953	0.988624	0.988522	0.774187	0.948964	0.947844
3310	0.885315	0.988735	0.988641	0.774569	0.948964	0.947854
3320	0.885699	0.988846	0.988758	0.774919	0.948459	0.947378
3330	0.886040	0.988846	0.988757	0.775272	0.948459	0.947378
3340	0.886260	0.988902	0.988814	0.775415	0.948964	0.947854
3350	0.886451	0.988902	0.988813	0.775546	0.948459	0.947388
3360	0.886627	0.989013	0.988929	0.775749	0.948964	0.947898
3370	0.887106	0.989013	0.988929	0.776109	0.948964	0.947891
3380	0.887444	0.989013	0.988929	0.776235	0.949469	0.948414
3390	0.887763	0.989013	0.988928	0.776501	0.949469	0.948382
3400	0.888283	0.989124	0.989039	0.776867	0.949469	0.948382
3410	0.888460	0.989179	0.989093	0.777050	0.949469	0.948382
3420	0.888591	0.989179	0.989095	0.777199	0.949469	0.948382
3430	0.888880	0.989235	0.989150	0.777446	0.949469	0.948420
3440	0.889170	0.989346	0.989265	0.777673	0.949469	0.948397
3450	0.889482	0.989401	0.989321	0.778037	0.949469	0.948397
3460	0.889749	0.989401	0.989320	0.778370	0.948964	0.947895
3470	0.890336	0.989457	0.989377	0.778875	0.948964	0.947895
3480	0.890597	0.989457	0.989375	0.779047	0.948964	0.947892
3490	0.891044	0.989512	0.989431	0.779683	0.949469	0.948361
3500	0.891380	0.989457	0.989377	0.780213	0.949469	0.948357
3510	0.891633	0.989457	0.989377	0.780381	0.949469	0.948391
3520	0.891941	0.989568	0.989487	0.780501	0.948459	0.947434
3530	0.892416	0.989679	0.989599	0.780914	0.948964	0.947970
3540	0.892764	0.989845	0.989770	0.781138	0.949469	0.948468
3550	0.893056	0.989845	0.989770	0.781363	0.949469	0.948468
3560	0.893442	0.989901	0.989824	0.781636	0.949975	0.948929
3570	0.893589	0.989901	0.989825	0.781758	0.949975	0.948929
3580	0.893823	0.989901	0.989825	0.781795	0.949975	0.948899
3590	0.894256	0.989956	0.989885	0.782075	0.949975	0.948899
3600	0.894617	0.990012	0.989941	0.782278	0.949975	0.948895
3610	0.894912	0.990123	0.990055	0.782688	0.950480	0.949376
3620	0.895225	0.990178	0.990109	0.783083	0.950985	0.950005
3630	0.895625	0.990289	0.990225	0.783419	0.950985	0.950005
3640	0.895853	0.990234	0.990167	0.783587	0.950985	0.950005
3650	0.896343	0.990289	0.990223	0.783882	0.950985	0.949977
3660	0.896570	0.990345	0.990276	0.784248	0.950985	0.949990
3670	0.896894	0.990345	0.990278	0.784667	0.950985	0.949990
3680	0.897078	0.990400	0.990334	0.784765	0.950985	0.949990
3690	0.897314	0.990511	0.990444	0.784885	0.951491	0.950485
3700	0.897529	0.990622	0.990553	0.784969	0.951996	0.951049
3710	0.897832	0.990622	0.990556	0.785161	0.951996	0.951065
3720	0.898148	0.990678	0.990611	0.785492	0.951996	0.951105
3730	0.898507	0.990678	0.990610	0.785673	0.952501	0.951615
3740	0.898814	0.990789	0.990722	0.785871	0.952501	0.951576
3750	0.899185	0.990789	0.990721	0.786191	0.952501	0.951615
3760	0.899479	0.990844	0.990773	0.786485	0.953007	0.952112
3770	0.899678	0.990900	0.990827	0.786657	0.953007	0.952112
3780	0.899848	0.991010	0.990943	0.786800	0.953007	0.952092
3790	0.900198	0.991121	0.991054	0.786928	0.953007	0.952140
3800	0.900458	0.991177	0.991110	0.787045	0.953007	0.952105
3810	0.900715	0.991177	0.991111	0.787240	0.953007	0.952102
3820	0.901028	0.991232	0.991167	0.787636	0.953007	0.952102
3830	0.901339	0.991288	0.991220	0.787956	0.953007	0.952089
3840	0.901620	0.991343	0.991279	0.788243	0.952501	0.951581
3850	0.901935	0.991343	0.991280	0.788552	0.952501	0.951581
3860	0.902276	0.991399	0.991337	0.788881	0.952501	0.951541
3870	0.902565	0.991399	0.991337	0.789094	0.952501	0.951541
3880	0.902736	0.991454	0.991391	0.789200	0.952501	0.951552
3890	0.903051	0.991454	0.991390	0.789501	0.952501	0.951587
3900	0.903335	0.991454	0.991392	0.789564	0.952501	0.951541
3910	0.903638	0.991454	0.991391	0.789797	0.951996	0.951091
3920	0.903899	0.991454	0.991389	0.789982	0.951996	0.951091
3930	0.904197	0.991510	0.991446	0.790289	0.952501	0.951571
3940	0.904557	0.991676	0.991612	0.790722	0.953007	0.952060
3950	0.904734	0.991621	0.991556	0.790798	0.953007	0.952060
3960	0.904848	0.991621	0.991556	0.790810	0.953512	0.952523
3970	0.904963	0.991676	0.991612	0.790890	0.953007	0.952001
3980	0.905273	0.991676	0.991612	0.791169	0.953007	0.952001
3990	0.905442	0.991732	0.991666	0.791341	0.953512	0.952507
4000	0.905840	0.991787	0.991721	0.791664	0.953007	0.952002
4010	0.906136	0.991843	0.991778	0.792076	0.953512	0.952524
4020	0.906436	0.991898	0.991833	0.792386	0.953512	0.952524
4030	0.906816	0.991954	0.991889	0.792728	0.953512	0.952524
4040	0.907005	0.991954	0.991886	0.792834	0.953512	0.952524
4050	0.907309	0.991898	0.991831	0.793104	0.953512	0.952524
4060	0.907551	0.991898	0.991834	0.793266	0.953512	0.952524
4070	0.907917	0.991954	0.991886	0.793512	0.954017	0.952998
4080	0.908191	0.991954	0.991884	0.793702	0.953512	0.952471
4090	0.908584	0.992009	0.991942	0.793971	0.953512	0.952524
4100	0.908697	0.992009	0.991941	0.794023	0.954017	0.952999
4110	0.908803	0.992009	0.991941	0.794121	0.954017	0.952999
4120	0.909188	0.992065	0.991997	0.794386	0.954522	0.953484
4130	0.909503	0.992065	0.991995	0.794652	0.954522	0.953484
4140	0.909826	0.992120	0.992051	0.794922	0.954522	0.953502
4150	0.910072	0.992176	0.992107	0.795057	0.954522	0.953484
4160	0.910411	0.992176	0.992109	0.795372	0.954522	0.953506
4170	0.910730	0.992231	0.992165	0.795668	0.954522	0.953589
4180	0.911015	0.992231	0.992165	0.795904	0.954522	0.953607
4190	0.911182	0.992287	0.992219	0.796064	0.954522	0.953571
4200	0.911646	0.992231	0.992162	0.796634	0.955028	0.954083
4210	0.912011	0.992287	0.992219	0.797068	0.955028	0.954083
4220	0.912419	0.992287	0.992218	0.797513	0.954522	0.953577
4230	0.912568	0.992398	0.992329	0.797678	0.954522	0.953577
4240	0.912751	0.992398	0.992332	0.797960	0.954522	0.953577
4250	0.912913	0.992509	0.992443	0.798077	0.955028	0.954052
4260	0.913077	0.992620	0.992553	0.798214	0.955028	0.954052
4270	0.913265	0.992675	0.992608	0.798405	0.955028	0.954052
4280	0.913371	0.992675	0.992608	0.798482	0.955028	0.954052
4290	0.913566	0.992675	0.992607	0.798627	0.955028	0.954052
4300	0.913780	0.992731	0.992663	0.798789	0.955028	0.954052
4310	0.913961	0.992731	0.992664	0.798843	0.955028	0.954081
4320	0.914070	0.992731	0.992665	0.798888	0.955028	0.954081
4330	0.914372	0.992731	0.992664	0.799110	0.955028	0.954081
4340	0.914668	0.992731	0.992665	0.799289	0.955028	0.954081
4350	0.914883	0.992786	0.992719	0.799489	0.955533	0.954555
4360	0.915041	0.992842	0.992772	0.799594	0.955533	0.954555
4370	0.915255	0.992897	0.992830	0.799823	0.955028	0.954081
4380	0.915422	0.992953	0.992889	0.799938	0.955028	0.954099
4390	0.915537	0.992953	0.992887	0.800134	0.955028	0.954099
4400	0.915909	0.993008	0.992944	0.800299	0.955028	0.954099
4410	0.916348	0.993064	0.993003	0.800614	0.955028	0.954075
4420	0.916628	0.993064	0.993000	0.800919	0.955028	0.954075
4430	0.916941	0.993119	0.993057	0.801165	0.955028	0.954075
4440	0.917263	0.993175	0.993112	0.801539	0.955533	0.954613
4450	0.917442	0.993175	0.993112	0.801685	0.955533	0.954613
4460	0.917607	0.993175	0.993114	0.801847	0.955533	0.954613
4470	0.917822	0.993175	0.993112	0.801942	0.955533	0.954613
4480	0.918036	0.993286	0.993225	0.802077	0.955533	0.954591
4490	0.918186	0.993286	0.993224	0.802148	0.955028	0.954057
4500	0.918508	0.993341	0.993279	0.802459	0.955533	0.954613
4510	0.918655	0.993286	0.993223	0.802664	0.955533	0.954613
4520	0.918890	0.993286	0.993218	0.802866	0.955533	0.954613
4530	0.919271	0.993397	0.993332	0.803113	0.955533	0.954613
4540	0.919497	0.993397	0.993334	0.803265	0.955533	0.954613
4550	0.919749	0.993508	0.993445	0.803841	0.955533	0.954648
4560	0.920037	0.993563	0.993498	0.804124	0.955533	0.954648
4570	0.920321	0.993730	0.993668	0.804380	0.955533	0.954648
4580	0.920623	0.993619	0.993557	0.804427	0.955533	0.954648
4590	0.920811	0.993508	0.993444	0.804611	0.955028	0.954114
4600	0.921188	0.993674	0.993607	0.805058	0.955028	0.954114
4610	0.921425	0.993785	0.993722	0.805295	0.955028	0.954145
4620	0.921604	0.993896	0.993833	0.805393	0.955028	0.954145
4630	0.921763	0.993952	0.993890	0.805520	0.955533	0.954677
4640	0.922112	0.994062	0.994003	0.805758	0.955533	0.954677
4650	0.922270	0.994007	0.993949	0.806005	0.955533	0.954677
4660	0.922536	0.994173	0.994117	0.806231	0.955533	0.954677
4670	0.922729	0.993952	0.993893	0.806364	0.956038	0.955227
4680	0.922924	0.994062	0.994005	0.806490	0.956038	0.955227
4690	0.923014	0.994118	0.994061	0.806553	0.956038	0.955227
4700	0.923110	0.994173	0.994117	0.806656	0.956038	0.955227
4710	0.923180	0.994173	0.994117	0.806663	0.956038	0.955227
4720	0.923347	0.994173	0.994118	0.806770	0.956544	0.955735
4730	0.923495	0.994229	0.994175	0.806904	0.956544	0.955735
4740	0.923628	0.994229	0.994173	0.807051	0.956544	0.955735
4750	0.923814	0.994284	0.994229	0.807153	0.956544	0.955735
4760	0.923978	0.994229	0.994173	0.807271	0.956544	0.955735
4770	0.924231	0.994284	0.994228	0.807505	0.956544	0.955735
4780	0.924405	0.994284	0.994228	0.807637	0.956544	0.955735
4790	0.924528	0.994395	0.994340	0.807790	0.956544	0.955735
4800	0.924636	0.994340	0.994288	0.807939	0.956544	0.955735
4810	0.924761	0.994395	0.994340	0.808044	0.956544	0.955735
4820	0.925079	0.994395	0.994343	0.808359	0.956544	0.955735
4830	0.925304	0.994340	0.994284	0.808556	0.957049	0.956262
4840	0.925480	0.994395	0.994339	0.808660	0.957049	0.956262
4850	0.925656	0.994340	0.994283	0.808812	0.957049	0.956262
4860	0.926016	0.994506	0.994452	0.809136	0.957049	0.956262
4870	0.926369	0.994562	0.994502	0.809447	0.957049	0.956304
4880	0.926621	0.994562	0.994499	0.809588	0.957049	0.956262
4890	0.926872	0.994617	0.994555	0.809642	0.957049	0.956304
4900	0.927074	0.994617	0.994556	0.809867	0.956544	0.955777
4910	0.927242	0.994617	0.994554	0.809990	0.956544	0.955777
4920	0.927486	0.994673	0.994610	0.810240	0.956544	0.955777
4930	0.927710	0.994784	0.994723	0.810487	0.956544	0.955777
4940	0.927886	0.994895	0.994835	0.810661	0.956544	0.955735
4950	0.928078	0.994950	0.994892	0.810860	0.956544	0.955735
4960	0.928320	0.995006	0.994947	0.811326	0.956544	0.955735
4970	0.928547	0.994839	0.994780	0.811689	0.956544	0.955735
4980	0.928890	0.994839	0.994780	0.811940	0.956544	0.955777
4990	0.929071	0.994839	0.994780	0.812028	0.956544	0.955735
5000	0.929207	0.994895	0.994838	0.812135	0.956544	0.955735
5010	0.929367	0.994839	0.994784	0.812224	0.956544	0.955750
5020	0.929718	0.994950	0.994898	0.812530	0.956544	0.955750
5030	0.929851	0.995006	0.994953	0.812755	0.956544	0.955750
5040	0.929968	0.995006	0.994953	0.812887	0.956544	0.955750
5050	0.930063	0.995061	0.995007	0.812993	0.956544	0.955750
5060	0.930344	0.995117	0.995063	0.813248	0.956544	0.955750
5070	0.930571	0.995117	0.995064	0.813397	0.956038	0.955192
5080	0.930820	0.995228	0.995174	0.813555	0.956038	0.955192
5090	0.931033	0.995117	0.995062	0.813735	0.956038	0.955192
5100	0.931303	0.995339	0.995285	0.813968	0.956038	0.955192
5110	0.931547	0.995394	0.995342	0.814131	0.956038	0.955192
5120	0.931889	0.995505	0.995454	0.814483	0.956038	0.955192
5130	0.932058	0.995505	0.995454	0.814693	0.956038	0.955192
5140	0.932279	0.995505	0.995456	0.814974	0.956544	0.955696
5150	0.932410	0.995505	0.995456	0.815157	0.956544	0.955696
5160	0.932668	0.995616	0.995565	0.815424	0.956544	0.955696
5170	0.932949	0.995783	0.995736	0.815519	0.956544	0.955696
5180	0.933324	0.995838	0.995792	0.815858	0.957049	0.956209
5190	0.933585	0.995894	0.995848	0.815976	0.957049	0.956209
5200	0.933667	0.995894	0.995848	0.816017	0.957049	0.956201
5210	0.933869	0.995894	0.995848	0.816194	0.957049	0.956201
5220	0.934086	0.995894	0.995848	0.816385	0.957049	0.956201
5230	0.934198	0.995949	0.995904	0.816662	0.957049	0.956201
5240	0.934404	0.996116	0.996073	0.816914	0.957049	0.956201
5250	0.934530	0.996116	0.996073	0.817070	0.957049	0.956201
5260	0.934662	0.996116	0.996073	0.817314	0.957049	0.956246
5270	0.934846	0.996171	0.996126	0.817489	0.957049	0.956246
5280	0.934975	0.996227	0.996184	0.817622	0.957049	0.956246
5290	0.935186	0.996116	0.996071	0.817753	0.957049	0.956246
5300	0.935288	0.996171	0.996128	0.817931	0.957049	0.956246
5310	0.935553	0.996227	0.996183	0.818269	0.957554	0.956726
5320	0.935667	0.996227	0.996183	0.818333	0.957554	0.956686
5330	0.935905	0.996282	0.996239	0.818518	0.957554	0.956686
5340	0.936066	0.996282	0.996237	0.818611	0.957049	0.956164
5350	0.936231	0.996393	0.996350	0.818737	0.957554	0.956707
5360	0.936464	0.996504	0.996461	0.818922	0.958060	0.957228
5370	0.936621	0.996504	0.996461	0.819052	0.958060	0.957228
5380	0.936841	0.996560	0.996517	0.819266	0.957554	0.956749
5390	0.936975	0.996449	0.996403	0.819371	0.957554	0.956749
5400	0.937233	0.996560	0.996514	0.819639	0.957554	0.956749
5410	0.937359	0.996615	0.996570	0.819836	0.958060	0.957228
5420	0.937542	0.996726	0.996683	0.820035	0.957554	0.956692
5430	0.937675	0.996726	0.996684	0.820166	0.957554	0.956725
5440	0.937911	0.996782	0.996739	0.820181	0.957554	0.956725
5450	0.938029	0.996782	0.996738	0.820256	0.958060	0.957284
5460	0.938191	0.996837	0.996795	0.820380	0.957554	0.956797
5470	0.938340	0.996837	0.996795	0.820501	0.957554	0.956797
5480	0.938563	0.996837	0.996795	0.820666	0.957554	0.956797
5490	0.938669	0.996837	0.996795	0.820685	0.957554	0.956797
5500	0.938947	0.996893	0.996851	0.820978	0.957554	0.956763
5510	0.939152	0.997059	0.997021	0.821185	0.957554	0.956797
5520	0.939302	0.997170	0.997133	0.821399	0.957554	0.956797
5530	0.939392	0.997170	0.997133	0.821383	0.958060	0.957284
5540	0.939593	0.997114	0.997075	0.821681	0.958060	0.957250
5550	0.939707	0.997170	0.997132	0.821848	0.958060	0.957250
5560	0.939962	0.997392	0.997359	0.821977	0.958060	0.957284
5570	0.940135	0.997392	0.997359	0.822142	0.957554	0.956725
5580	0.940322	0.997447	0.997415	0.822216	0.958060	0.957284
5590	0.940457	0.997392	0.997359	0.822277	0.958060	0.957284
5600	0.940578	0.997447	0.997415	0.822386	0.958060	0.957284
5610	0.940744	0.997503	0.997472	0.822453	0.958060	0.957284
5620	0.940875	0.997503	0.997472	0.822558	0.958060	0.957284
5630	0.940980	0.997503	0.997472	0.822658	0.958060	0.957284
5640	0.941077	0.997447	0.997415	0.822683	0.958060	0.957284
5650	0.941303	0.997503	0.997471	0.822853	0.958060	0.957284
5660	0.941477	0.997558	0.997525	0.822967	0.958060	0.957284
5670	0.941794	0.997558	0.997525	0.823258	0.958060	0.957284
5680	0.941947	0.997558	0.997525	0.823455	0.958060	0.957284
5690	0.942092	0.997614	0.997581	0.823539	0.958060	0.957284
5700	0.942313	0.997725	0.997694	0.823794	0.958060	0.957284
5710	0.942490	0.997725	0.997694	0.823974	0.958060	0.957284
5720	0.942604	0.997725	0.997694	0.824046	0.958060	0.957284
5730	0.942749	0.997725	0.997694	0.824188	0.958060	0.957284
5740	0.942924	0.997725	0.997694	0.824365	0.957554	0.956797
5750	0.943209	0.997780	0.997751	0.824697	0.958060	0.957321
5760	0.943260	0.997780	0.997751	0.824731	0.958565	0.957808
5770	0.943407	0.997836	0.997808	0.824832	0.958565	0.957808
5780	0.943575	0.997836	0.997808	0.824919	0.958565	0.957808
5790	0.943760	0.997836	0.997808	0.825112	0.958565	0.957808
5800	0.943899	0.997836	0.997809	0.825199	0.959070	0.958335
5810	0.944108	0.997891	0.997864	0.825369	0.959070	0.958335
5820	0.944241	0.997891	0.997863	0.825513	0.959070	0.958335
5830	0.944466	0.998002	0.997977	0.825737	0.959070	0.958335
5840	0.944621	0.998002	0.997977	0.825905	0.959070	0.958335
5850	0.944807	0.998002	0.997977	0.826076	0.959576	0.958865
5860	0.944988	0.998002	0.997977	0.826217	0.959070	0.958338
5870	0.945098	0.998058	0.998032	0.826291	0.959070	0.958338
5880	0.945227	0.998113	0.998088	0.826412	0.959070	0.958338
5890	0.945365	0.998169	0.998146	0.826512	0.959070	0.958338
5900	0.945499	0.998113	0.998088	0.826695	0.959070	0.958338
5910	0.945634	0.998224	0.998203	0.826857	0.959070	0.958338
5920	0.945761	0.998224	0.998203	0.826892	0.959070	0.958338
5930	0.945844	0.998224	0.998203	0.826961	0.959070	0.958338
5940	0.945957	0.998224	0.998203	0.827044	0.959070	0.958338
5950	0.946129	0.998224	0.998203	0.827125	0.959070	0.958338
5960	0.946260	0.998224	0.998203	0.827305	0.959070	0.958338
5970	0.946310	0.998224	0.998203	0.827385	0.959070	0.958338
5980	0.946443	0.998224	0.998203	0.827523	0.959070	0.958338
5990	0.946549	0.998224	0.998203	0.827503	0.959070	0.958338
6000	0.946631	0.998224	0.998203	0.827541	0.960081	0.959401
6010	0.946742	0.998224	0.998203	0.827580	0.960081	0.959401
6020	0.946873	0.998224	0.998203	0.827690	0.959576	0.958865
6030	0.947023	0.998224	0.998203	0.827844	0.960081	0.959401
6040	0.947183	0.998224	0.998203	0.828025	0.960081	0.959401
6050	0.947368	0.998224	0.998203	0.828216	0.959576	0.958874
6060	0.947476	0.998224	0.998203	0.828286	0.959576	0.958874
6070	0.947675	0.998224	0.998200	0.828427	0.959576	0.958874
6080	0.947845	0.998224	0.998200	0.828581	0.959576	0.958874
6090	0.947958	0.998224	0.998200	0.828686	0.959576	0.958874
6100	0.948073	0.998224	0.998200	0.828775	0.959576	0.958874
6110	0.948193	0.998224	0.998200	0.828975	0.959576	0.958874
6120	0.948330	0.998224	0.998202	0.828961	0.960081	0.959370
6130	0.948412	0.998224	0.998202	0.829069	0.960081	0.959370
6140	0.948498	0.998224	0.998202	0.829117	0.960081	0.959370
6150	0.948541	0.998224	0.998202	0.829165	0.960081	0.959370
6160	0.948660	0.998224	0.998202	0.829245	0.960081	0.959370
6170	0.948730	0.998224	0.998202	0.829373	0.959576	0.958812
6180	0.948795	0.998280	0.998255	0.829430	0.959576	0.958812
6190	0.948900	0.998280	0.998255	0.829560	0.959576	0.958812
6200	0.948998	0.998280	0.998255	0.829610	0.959576	0.958812
6210	0.949120	0.998280	0.998255	0.829716	0.960081	0.959370
6220	0.949254	0.998280	0.998255	0.829931	0.960081	0.959370
6230	0.949384	0.998280	0.998255	0.830016	0.960081	0.959370
6240	0.949537	0.998280	0.998255	0.830217	0.960081	0.959370
6250	0.949649	0.998280	0.998255	0.830364	0.960081	0.959370
6260	0.949784	0.998280	0.998255	0.830502	0.960081	0.959370
6270	0.949861	0.998280	0.998255	0.830563	0.960081	0.959314
6280	0.949948	0.998280	0.998255	0.830613	0.960081	0.959314
6290	0.950052	0.998335	0.998311	0.830692	0.960081	0.959314
6300	0.950175	0.998335	0.998312	0.830816	0.960081	0.959314
6310	0.950295	0.998335	0.998311	0.830938	0.960586	0.959880
6320	0.950437	0.998335	0.998311	0.831023	0.960586	0.959880
6330	0.950661	0.998391	0.998367	0.831216	0.960586	0.959935
6340	0.950791	0.998391	0.998367	0.831326	0.960586	0.959935
6350	0.950942	0.998391	0.998367	0.831477	0.960586	0.959935
6360	0.951084	0.998446	0.998422	0.831608	0.960586	0.959935
6370	0.951167	0.998446	0.998422	0.831708	0.960586	0.959935
6380	0.951207	0.998446	0.998422	0.831719	0.960586	0.959935
6390	0.951258	0.998446	0.998422	0.831803	0.960586	0.959880
6400	0.951350	0.998446	0.998422	0.831885	0.960586	0.959880
6410	0.951439	0.998446	0.998421	0.831845	0.960586	0.959880
6420	0.951533	0.998446	0.998422	0.831860	0.960586	0.959880
6430	0.951681	0.998446	0.998422	0.831984	0.960586	0.959935
6440	0.951761	0.998446	0.998422	0.832039	0.960586	0.959935
6450	0.951868	0.998446	0.998422	0.832115	0.960586	0.959935
6460	0.951980	0.998446	0.998422	0.832160	0.960586	0.959935
6470	0.952087	0.998502	0.998477	0.832250	0.960586	0.959935
6480	0.952169	0.998502	0.998477	0.832345	0.960586	0.959935
6490	0.952283	0.998613	0.998588	0.832450	0.960586	0.959935
6500	0.952363	0.998613	0.998588	0.832490	0.960586	0.959935
6510	0.952567	0.998613	0.998588	0.832705	0.960081	0.959399
6520	0.952649	0.998613	0.998588	0.832738	0.960586	0.959935
6530	0.952718	0.998668	0.998643	0.832818	0.960586	0.959935
6540	0.952798	0.998668	0.998643	0.832779	0.960081	0.959399
6550	0.952830	0.998668	0.998643	0.832775	0.960081	0.959399
6560	0.952925	0.998613	0.998587	0.832856	0.960081	0.959399
6570	0.953045	0.998668	0.998644	0.832946	0.960586	0.959905
6580	0.953169	0.998668	0.998643	0.832993	0.960586	0.959849
6590	0.953273	0.998668	0.998643	0.833091	0.960586	0.959849
6600	0.953457	0.998668	0.998642	0.833249	0.961091	0.960441
6610	0.953601	0.998724	0.998698	0.833355	0.961091	0.960441
6620	0.953654	0.998724	0.998698	0.833403	0.961091	0.960441
6630	0.953720	0.998724	0.998698	0.833432	0.960586	0.959905
6640	0.953832	0.998779	0.998755	0.833540	0.960586	0.959905
6650	0.953960	0.998779	0.998755	0.833644	0.960586	0.959905
6660	0.954065	0.998835	0.998811	0.833668	0.961091	0.960441
6670	0.954140	0.998835	0.998811	0.833699	0.961091	0.960441
6680	0.954282	0.998835	0.998812	0.833801	0.961091	0.960441
6690	0.954314	0.998779	0.998754	0.833769	0.960586	0.959905
6700	0.954363	0.998779	0.998756	0.833880	0.961091	0.960441
6710	0.954468	0.998779	0.998756	0.833907	0.961091	0.960441
6720	0.954581	0.998835	0.998812	0.833970	0.960586	0.959905
6730	0.954751	0.998779	0.998755	0.834143	0.961091	0.960441
6740	0.954807	0.998779	0.998755	0.834139	0.961091	0.960431
6750	0.954898	0.998779	0.998755	0.834278	0.961091	0.960385
6760	0.954967	0.998779	0.998755	0.834312	0.961091	0.960376
6770	0.955042	0.998779	0.998756	0.834389	0.961091	0.960376
6780	0.955132	0.998779	0.998755	0.834435	0.961091	0.960376
6790	0.955180	0.998779	0.998756	0.834461	0.961091	0.960376
6800	0.955329	0.998779	0.998756	0.834626	0.961091	0.960385
6810	0.955472	0.998835	0.998815	0.834752	0.961091	0.960385
6820	0.955576	0.998835	0.998815	0.834848	0.961091	0.960385
6830	0.955684	0.998835	0.998815	0.834982	0.961091	0.960385
6840	0.955812	0.998890	0.998872	0.835107	0.961091	0.960376
6850	0.955944	0.998890	0.998872	0.835155	0.961091	0.960376
6860	0.956026	0.998890	0.998872	0.835276	0.961091	0.960376
6870	0.956156	0.998890	0.998872	0.835455	0.961091	0.960376
6880	0.956270	0.998946	0.998931	0.835558	0.961091	0.960376
6890	0.956418	0.998946	0.998930	0.835665	0.961091	0.960385
6900	0.956543	0.998946	0.998930	0.835781	0.961091	0.960376
6910	0.956646	0.999001	0.998986	0.835889	0.961091	0.960376
6920	0.956739	0.999001	0.998986	0.836005	0.961091	0.960385
6930	0.956816	0.999057	0.999041	0.836135	0.961091	0.960385
6940	0.956899	0.999057	0.999041	0.836251	0.961091	0.960385
6950	0.956953	0.999057	0.999041	0.836262	0.961091	0.960385
6960	0.957090	0.999057	0.999041	0.836373	0.961091	0.960385
6970	0.957216	0.999057	0.999041	0.836655	0.961091	0.960385
6980	0.957339	0.999057	0.999041	0.836684	0.961091	0.960385
6990	0.957456	0.999057	0.999041	0.836793	0.961597	0.960846
7000	0.957548	0.999057	0.999041	0.836873	0.961597	0.960846
7010	0.957628	0.999057	0.999041	0.836992	0.961597	0.960846
7020	0.957675	0.999057	0.999041	0.837066	0.962102	0.961382
7030	0.957771	0.999112	0.999098	0.837187	0.962102	0.961382
7040	0.957886	0.999112	0.999098	0.837258	0.962102	0.961382
7050	0.957930	0.999112	0.999098	0.837251	0.961597	0.960846
7060	0.958013	0.999112	0.999098	0.837342	0.961597	0.960846
7070	0.958085	0.999112	0.999098	0.837462	0.961597	0.960846
7080	0.958162	0.999112	0.999098	0.837556	0.961597	0.960904
7090	0.958285	0.999112	0.999098	0.837616	0.962102	0.961440
7100	0.958396	0.999112	0.999098	0.837816	0.962102	0.961440
7110	0.958473	0.999112	0.999098	0.837923	0.961597	0.960976
7120	0.958539	0.999112	0.999098	0.837984	0.961597	0.960976
7130	0.958656	0.999112	0.999098	0.838050	0.961597	0.960976
7140	0.958701	0.999112	0.999098	0.838086	0.961597	0.960976
7150	0.958821	0.999112	0.999098	0.838189	0.961597	0.960976
7160	0.958914	0.999112	0.999098	0.838282	0.961597	0.960976
7170	0.958948	0.999112	0.999098	0.838311	0.961597	0.960921
7180	0.959099	0.999168	0.999154	0.838459	0.962102	0.961384
7190	0.959212	0.999168	0.999154	0.838659	0.962102	0.961384
7200	0.959275	0.999223	0.999210	0.838717	0.962102	0.961384
7210	0.959349	0.999223	0.999210	0.838805	0.962102	0.961384
7220	0.959406	0.999223	0.999210	0.838904	0.962102	0.961384
7230	0.959498	0.999223	0.999210	0.839030	0.962102	0.961384
7240	0.959541	0.999223	0.999210	0.839054	0.962102	0.961384
7250	0.959634	0.999223	0.999210	0.839129	0.962102	0.961384
7260	0.959707	0.999223	0.999210	0.839229	0.962102	0.961384
7270	0.959781	0.999223	0.999210	0.839302	0.962102	0.961384
7280	0.959864	0.999223	0.999210	0.839451	0.962102	0.961384
7290	0.959939	0.999223	0.999210	0.839508	0.962102	0.961384
7300	0.960016	0.999223	0.999210	0.839599	0.962102	0.961384
7310	0.960070	0.999223	0.999210	0.839645	0.962102	0.961384
7320	0.960129	0.999223	0.999210	0.839665	0.962102	0.961384
7330	0.960173	0.999223	0.999210	0.839704	0.962102	0.961384
7340	0.960202	0.999223	0.999210	0.839739	0.962102	0.961384
7350	0.960226	0.999223	0.999210	0.839752	0.962102	0.961382
7360	0.960252	0.999223	0.999210	0.839763	0.962607	0.961842
7370	0.960319	0.999279	0.999267	0.839805	0.962102	0.961382
7380	0.960401	0.999279	0.999267	0.839916	0.962102	0.961382
7390	0.960442	0.999279	0.999267	0.840041	0.962102	0.961382
7400	0.960520	0.999279	0.999267	0.840090	0.961597	0.960921
7410	0.960576	0.999279	0.999267	0.840131	0.961597	0.960921
7420	0.960670	0.999279	0.999267	0.840238	0.961597	0.960921
7430	0.960769	0.999279	0.999267	0.840317	0.961597	0.960921
7440	0.960874	0.999279	0.999267	0.840355	0.961597	0.960921
7450	0.961000	0.999279	0.999267	0.840465	0.961597	0.960921
7460	0.961103	0.999279	0.999267	0.840597	0.961597	0.960921
7470	0.961200	0.999279	0.999267	0.840683	0.961597	0.960921
7480	0.961248	0.999279	0.999267	0.840740	0.961597	0.960921
7490	0.961368	0.999279	0.999267	0.840764	0.961597	0.960921
7500	0.961429	0.999279	0.999267	0.840852	0.961597	0.960921
7510	0.961492	0.999279	0.999267	0.841058	0.961597	0.960921
7520	0.961652	0.999279	0.999267	0.841170	0.961597	0.960921
7530	0.961721	0.999279	0.999267	0.841233	0.961597	0.960921
7540	0.961805	0.999279	0.999267	0.841304	0.961597	0.960921
7550	0.961866	0.999279	0.999267	0.841391	0.962102	0.961384
7560	0.961926	0.999279	0.999267	0.841454	0.962102	0.961384
7570	0.962001	0.999279	0.999267	0.841519	0.962102	0.961384
7580	0.962040	0.999279	0.999267	0.841548	0.962102	0.961384
7590	0.962111	0.999279	0.999267	0.841597	0.962102	0.961384
7600	0.962225	0.999279	0.999267	0.841679	0.962102	0.961384
7610	0.962314	0.999279	0.999267	0.841723	0.962102	0.961384
7620	0.962372	0.999279	0.999267	0.841641	0.962102	0.961384
7630	0.962440	0.999279	0.999267	0.841741	0.962102	0.961384
7640	0.962501	0.999279	0.999267	0.841808	0.962102	0.961384
7650	0.962542	0.999279	0.999267	0.841813	0.962102	0.961384
7660	0.962602	0.999279	0.999267	0.841868	0.962102	0.961384
7670	0.962669	0.999279	0.999267	0.841910	0.961597	0.960921
7680	0.962742	0.999279	0.999267	0.841957	0.961597	0.960921
7690	0.962872	0.999334	0.999323	0.842101	0.961597	0.960921
7700	0.962923	0.999334	0.999323	0.842174	0.961597	0.960921
7710	0.962982	0.999334	0.999323	0.842232	0.961597	0.960921
7720	0.963044	0.999390	0.999380	0.842311	0.961597	0.960921
7730	0.963098	0.999390	0.999380	0.842341	0.962102	0.961382
7740	0.963189	0.999390	0.999380	0.842469	0.962102	0.961382
7750	0.963271	0.999390	0.999380	0.842522	0.961597	0.960921
7760	0.963382	0.999390	0.999380	0.842607	0.961597	0.960921
7770	0.963481	0.999445	0.999437	0.842686	0.961597	0.960921
7780	0.963554	0.999445	0.999437	0.842735	0.961597	0.960921
7790	0.963586	0.999445	0.999437	0.842759	0.961597	0.960921
7800	0.963616	0.999445	0.999437	0.842846	0.961597	0.960921
7810	0.963701	0.999445	0.999437	0.842865	0.961597	0.960921
7820	0.963782	0.999445	0.999437	0.842999	0.961597	0.960921
7830	0.963825	0.999445	0.999437	0.843042	0.961597	0.960921
7840	0.963848	0.999445	0.999437	0.843008	0.962102	0.961382
7850	0.963875	0.999445	0.999437	0.842987	0.962102	0.961382
7860	0.963974	0.999445	0.999437	0.843169	0.962102	0.961382
7870	0.964029	0.999445	0.999437	0.843204	0.962102	0.961382
7880	0.964094	0.999445	0.999437	0.843290	0.962102	0.961382
7890	0.964144	0.999445	0.999437	0.843356	0.962102	0.961382
7900	0.964229	0.999445	0.999437	0.843459	0.962607	0.961842
7910	0.964290	0.999445	0.999437	0.843487	0.962607	0.961842
7920	0.964352	0.999445	0.999437	0.843554	0.962607	0.961842
7930	0.964396	0.999445	0.999437	0.843627	0.962607	0.961842
7940	0.964488	0.999445	0.999437	0.843726	0.962607	0.961842
7950	0.964588	0.999445	0.999437	0.843928	0.962607	0.961842
7960	0.964690	0.999445	0.999437	0.844035	0.962607	0.961842
7970	0.964740	0.999445	0.999437	0.844109	0.962607	0.961842
7980	0.964833	0.999445	0.999437	0.844245	0.962102	0.961382
7990	0.964922	0.999445	0.999437	0.844244	0.962102	0.961382
8000	0.965014	0.999445	0.999437	0.844261	0.962102	0.961372
8010	0.965099	0.999445	0.999437	0.844380	0.962102	0.961372
8020	0.965214	0.999445	0.999437	0.844465	0.962102	0.961372
8030	0.965334	0.999445	0.999437	0.844602	0.962607	0.961832
8040	0.965372	0.999445	0.999437	0.844710	0.962607	0.961832
8050	0.965409	0.999445	0.999437	0.844805	0.962607	0.961832
8060	0.965429	0.999445	0.999437	0.844858	0.962607	0.961832
8070	0.965443	0.999445	0.999437	0.844857	0.962607	0.961832
8080	0.965460	0.999445	0.999437	0.844874	0.962607	0.961832
8090	0.965486	0.999445	0.999437	0.844901	0.962607	0.961832
8100	0.965577	0.999501	0.999491	0.844954	0.962607	0.961832
8110	0.965616	0.999501	0.999491	0.844942	0.962607	0.961832
8120	0.965649	0.999501	0.999491	0.844975	0.962607	0.961832
8130	0.965693	0.999501	0.999491	0.845018	0.962607	0.961832
8140	0.965725	0.999501	0.999491	0.845038	0.962607	0.961832
8150	0.965830	0.999501	0.999491	0.845171	0.962607	0.961832
8160	0.965880	0.999501	0.999491	0.845232	0.962607	0.961858
8170	0.965992	0.999501	0.999491	0.845347	0.962607	0.961858
8180	0.966096	0.999556	0.999549	0.845532	0.962607	0.961858
8190	0.966199	0.999612	0.999604	0.845651	0.962607	0.961858
8200	0.966290	0.999612	0.999604	0.845772	0.962607	0.961858
8210	0.966348	0.999612	0.999604	0.845816	0.962607	0.961858
8220	0.966457	0.999612	0.999604	0.845887	0.962607	0.961858
8230	0.966510	0.999612	0.999604	0.845975	0.962607	0.961858
8240	0.966578	0.999612	0.999604	0.846050	0.962607	0.961858
8250	0.966662	0.999612	0.999604	0.846058	0.962607	0.961858
8260	0.966719	0.999612	0.999604	0.846088	0.962607	0.961858
8270	0.966773	0.999612	0.999604	0.846041	0.962607	0.961858
8280	0.966795	0.999612	0.999604	0.846023	0.962607	0.961858
8290	0.966842	0.999612	0.999604	0.846045	0.962607	0.961858
8300	0.966903	0.999612	0.999604	0.846055	0.962607	0.961858
8310	0.966963	0.999612	0.999604	0.846114	0.962607	0.961858
8320	0.967003	0.999612	0.999604	0.846149	0.962607	0.961858
8330	0.967075	0.999612	0.999604	0.846224	0.962607	0.961858
8340	0.967129	0.999612	0.999604	0.846336	0.962607	0.961858
8350	0.967196	0.999612	0.999604	0.846438	0.962607	0.961858
8360	0.967261	0.999612	0.999604	0.846505	0.962607	0.961858
8370	0.967358	0.999612	0.999604	0.846734	0.962607	0.961858
8380	0.967424	0.999612	0.999604	0.846759	0.962607	0.961858
8390	0.967457	0.999612	0.999604	0.846737	0.962607	0.961858
8400	0.967493	0.999612	0.999604	0.846756	0.962607	0.961858
8410	0.967521	0.999612	0.999604	0.846733	0.962607	0.961858
8420	0.967575	0.999612	0.999604	0.846806	0.962607	0.961858
8430	0.967661	0.999612	0.999604	0.846807	0.962607	0.961858
8440	0.967704	0.999612	0.999604	0.846829	0.962607	0.961858
8450	0.967751	0.999612	0.999604	0.846860	0.962607	0.961858
8460	0.967765	0.999612	0.999604	0.846864	0.962607	0.961858
8470	0.967910	0.999612	0.999604	0.846939	0.962607	0.961858
8480	0.967968	0.999612	0.999604	0.847040	0.962607	0.961910
8490	0.968054	0.999612	0.999604	0.847179	0.962607	0.961858
8500	0.968123	0.999612	0.999604	0.847297	0.962607	0.961858
8510	0.968201	0.999612	0.999604	0.847391	0.962607	0.961858
8520	0.968250	0.999612	0.999604	0.847444	0.962607	0.961858
8530	0.968312	0.999612	0.999604	0.847515	0.962607	0.961858
8540	0.968379	0.999612	0.999604	0.847539	0.962607	0.961910
8550	0.968418	0.999612	0.999604	0.847539	0.962607	0.961858
8560	0.968496	0.999612	0.999604	0.847592	0.962607	0.961910
8570	0.968538	0.999612	0.999604	0.847611	0.962607	0.961858
8580	0.968592	0.999612	0.999604	0.847708	0.962607	0.961858
8590	0.968645	0.999612	0.999604	0.847767	0.962607	0.961858
8600	0.968704	0.999612	0.999604	0.847721	0.962607	0.961858
8610	0.968743	0.999612	0.999604	0.847742	0.962607	0.961858
8620	0.968795	0.999612	0.999604	0.847776	0.962607	0.961858
8630	0.968856	0.999612	0.999604	0.847818	0.962607	0.961858
8640	0.968909	0.999612	0.999604	0.847845	0.962607	0.961858
8650	0.968937	0.999612	0.999604	0.847874	0.962607	0.961858
8660	0.969019	0.999612	0.999604	0.848020	0.962607	0.961858
8670	0.969059	0.999612	0.999604	0.848068	0.962102	0.961399
8680	0.969097	0.999612	0.999604	0.848133	0.962102	0.961399
8690	0.969133	0.999612	0.999604	0.848198	0.962102	0.961399
8700	0.969190	0.999612	0.999604	0.848302	0.962102	0.961449
8710	0.969242	0.999612	0.999604	0.848341	0.962102	0.961449
8720	0.969299	0.999612	0.999604	0.848381	0.962102	0.961449
8730	0.969381	0.999612	0.999604	0.848439	0.962102	0.961449
8740	0.969423	0.999612	0.999604	0.848503	0.962102	0.961449
8750	0.969486	0.999612	0.999604	0.848571	0.962102	0.961449
8760	0.969550	0.999612	0.999604	0.848603	0.963113	0.962511
8770	0.969583	0.999612	0.999604	0.848679	0.963113	0.962511
8780	0.969666	0.999612	0.999604	0.848801	0.963113	0.962511
8790	0.969722	0.999612	0.999604	0.848838	0.963113	0.962511
8800	0.969799	0.999612	0.999604	0.848803	0.963113	0.962511
8810	0.969824	0.999612	0.999604	0.848828	0.963113	0.962511
8820	0.969843	0.999612	0.999604	0.848815	0.962607	0.962023
8830	0.969865	0.999612	0.999604	0.848821	0.962607	0.962023
8840	0.969945	0.999612	0.999604	0.848920	0.962607	0.962023
8850	0.969980	0.999612	0.999604	0.848993	0.962607	0.962023
8860	0.970036	0.999612	0.999604	0.849079	0.962607	0.962023
8870	0.970100	0.999612	0.999604	0.849194	0.962607	0.962023
8880	0.970147	0.999612	0.999604	0.849237	0.962607	0.962023
8890	0.970166	0.999612	0.999604	0.849257	0.962607	0.962002
8900	0.970217	0.999612	0.999604	0.849327	0.962607	0.961952
8910	0.970298	0.999612	0.999604	0.849464	0.962607	0.961952
8920	0.970381	0.999612	0.999604	0.849619	0.962607	0.961952
8930	0.970434	0.999612	0.999604	0.849789	0.962607	0.961952
8940	0.970479	0.999612	0.999604	0.849892	0.962607	0.961952
8950	0.970547	0.999612	0.999604	0.849987	0.962607	0.961952
8960	0.970592	0.999612	0.999604	0.850105	0.962607	0.961952
8970	0.970613	0.999612	0.999604	0.850204	0.962607	0.961952
8980	0.970631	0.999612	0.999604	0.850252	0.963113	0.962484
8990	0.970652	0.999612	0.999604	0.850296	0.963618	0.962942
9000	0.970667	0.999612	0.999604	0.850328	0.963618	0.962942
9010	0.970685	0.999612	0.999604	0.850342	0.963618	0.962942
9020	0.970743	0.999612	0.999604	0.850397	0.963618	0.962942
9030	0.970781	0.999612	0.999604	0.850472	0.964123	0.963423
9040	0.970823	0.999612	0.999604	0.850527	0.964123	0.963423
9050	0.970880	0.999612	0.999604	0.850591	0.964123	0.963423
9060	0.970934	0.999612	0.999604	0.850639	0.963618	0.962920
9070	0.970987	0.999612	0.999604	0.850635	0.963618	0.962891
9080	0.971085	0.999612	0.999604	0.850704	0.963618	0.962920
9090	0.971146	0.999612	0.999604	0.850731	0.963618	0.962920
9100	0.971209	0.999612	0.999604	0.850804	0.963618	0.962920
9110	0.971281	0.999612	0.999604	0.850849	0.963618	0.962920
9120	0.971327	0.999612	0.999604	0.850893	0.963618	0.962920
9130	0.971353	0.999612	0.999604	0.850910	0.963618	0.962920
9140	0.971377	0.999612	0.999604	0.850941	0.963618	0.962920
9150	0.971413	0.999612	0.999604	0.850998	0.963618	0.962891
9160	0.971452	0.999612	0.999604	0.851069	0.963618	0.962891
9170	0.971491	0.999612	0.999604	0.851104	0.963618	0.962891
9180	0.971535	0.999612	0.999604	0.851147	0.963618	0.962891
9190	0.971575	0.999612	0.999604	0.851089	0.963618	0.962891
9200	0.971616	0.999612	0.999604	0.851122	0.963618	0.962891
9210	0.971668	0.999612	0.999604	0.851195	0.963618	0.962891
9220	0.971739	0.999612	0.999604	0.851201	0.963618	0.962891
9230	0.971819	0.999612	0.999604	0.851207	0.963618	0.962891
9240	0.971873	0.999612	0.999604	0.851265	0.963618	0.962920
9250	0.971898	0.999612	0.999604	0.851231	0.963618	0.962920
9260	0.971961	0.999612	0.999604	0.851272	0.963618	0.962907
9270	0.972013	0.999612	0.999604	0.851306	0.963618	0.962907
9280	0.972053	0.999612	0.999604	0.851357	0.963618	0.962907
9290	0.972103	0.999612	0.999604	0.851374	0.963618	0.962907
9300	0.972138	0.999612	0.999604	0.851395	0.963618	0.962920
9310	0.972191	0.999612	0.999604	0.851443	0.963618	0.962920
9320	0.972237	0.999612	0.999604	0.851539	0.963618	0.962891
9330	0.972270	0.999612	0.999604	0.851551	0.963113	0.962410
9340	0.972294	0.999612	0.999604	0.851544	0.963113	0.962410
9350	0.972336	0.999612	0.999604	0.851588	0.963113	0.962427
9360	0.972385	0.999667	0.999661	0.851641	0.963113	0.962441
9370	0.972431	0.999667	0.999661	0.851720	0.963618	0.962930
9380	0.972478	0.999667	0.999661	0.851756	0.963113	0.962441
9390	0.972497	0.999667	0.999661	0.851840	0.963113	0.962427
9400	0.972511	0.999667	0.999661	0.851881	0.963113	0.962427
9410	0.972549	0.999667	0.999661	0.851899	0.963113	0.962432
9420	0.972563	0.999667	0.999661	0.851942	0.963113	0.962432
9430	0.972573	0.999667	0.999661	0.851962	0.963113	0.962432
9440	0.972582	0.999667	0.999661	0.851981	0.963113	0.962432
9450	0.972588	0.999667	0.999661	0.852007	0.963113	0.962432
9460	0.972593	0.999667	0.999661	0.852035	0.963113	0.962432
9470	0.972598	0.999667	0.999661	0.852058	0.963113	0.962432
9480	0.972605	0.999667	0.999661	0.852082	0.963113	0.962432
9490	0.972615	0.999667	0.999661	0.852101	0.963113	0.962432
9500	0.972620	0.999667	0.999661	0.852122	0.963113	0.962432
9510	0.972626	0.999667	0.999661	0.852138	0.963113	0.962432
9520	0.972633	0.999667	0.999661	0.852150	0.963113	0.962432
9530	0.972640	0.999667	0.999661	0.852154	0.963113	0.962432
9540	0.972647	0.999667	0.999661	0.852159	0.963113	0.962432
9550	0.972653	0.999667	0.999661	0.852164	0.963113	0.962432
9560	0.972659	0.999667	0.999661	0.852181	0.963113	0.962432
9570	0.972664	0.999667	0.999661	0.852186	0.963618	0.962964
9580	0.972669	0.999667	0.999661	0.852201	0.963618	0.962964
9590	0.972673	0.999667	0.999661	0.852221	0.963618	0.962964
9600	0.972677	0.999667	0.999661	0.852231	0.963618	0.962964
9610	0.972681	0.999667	0.999661	0.852244	0.963618	0.962964
9620	0.972685	0.999667	0.999661	0.852241	0.963618	0.962964
9630	0.972688	0.999667	0.999661	0.852248	0.963618	0.962964
9640	0.972692	0.999667	0.999661	0.852249	0.963618	0.962964
9650	0.972696	0.999667	0.999661	0.852255	0.963618	0.962964
9660	0.972700	0.999667	0.999661	0.852242	0.963618	0.962964
9670	0.972702	0.999667	0.999661	0.852244	0.963618	0.962964
9680	0.972706	0.999667	0.999661	0.852200	0.963618	0.962964
9690	0.972709	0.999667	0.999661	0.852208	0.963618	0.962964
9700	0.972712	0.999667	0.999661	0.852211	0.963618	0.962964
9710	0.972716	0.999667	0.999661	0.852209	0.963618	0.962964
9720	0.972719	0.999667	0.999661	0.852210	0.963618	0.962964
9730	0.972725	0.999667	0.999661	0.852226	0.963618	0.962964
9740	0.972728	0.999667	0.999661	0.852235	0.963618	0.962964
9750	0.972731	0.999667	0.999661	0.852238	0.963618	0.962964
9760	0.972735	0.999667	0.999661	0.852246	0.963618	0.962964
9770	0.972742	0.999667	0.999661	0.852252	0.963618	0.962964
9780	0.972745	0.999667	0.999661	0.852258	0.964123	0.963452
9790	0.972748	0.999667	0.999661	0.852264	0.964123	0.963452
9800	0.972761	0.999667	0.999661	0.852287	0.964123	0.963452
9810	0.972769	0.999667	0.999661	0.852296	0.964123	0.963452
9820	0.972792	0.999667	0.999661	0.852325	0.964123	0.963452
9830	0.972848	0.999667	0.999661	0.852386	0.963618	0.962964
9840	0.972891	0.999667	0.999661	0.852421	0.963618	0.962974
9850	0.972950	0.999667	0.999661	0.852475	0.963618	0.962974
9860	0.973016	0.999667	0.999661	0.852479	0.964123	0.963462
9870	0.973078	0.999667	0.999661	0.852595	0.964123	0.963462
9880	0.973122	0.999667	0.999661	0.852612	0.964123	0.963462
9890	0.973177	0.999667	0.999661	0.852611	0.964123	0.963462
9900	0.973276	0.999723	0.999718	0.852696	0.964123	0.963462
9910	0.973373	0.999667	0.999661	0.852751	0.964123	0.963462
9920	0.973395	0.999667	0.999661	0.852785	0.964123	0.963462
9930	0.973459	0.999667	0.999661	0.852773	0.964123	0.963462
9940	0.973496	0.999667	0.999661	0.852742	0.964123	0.963462
9950	0.973557	0.999667	0.999661	0.852809	0.964123	0.963462
9960	0.973606	0.999667	0.999661	0.852801	0.964123	0.963462
9970	0.973656	0.999723	0.999718	0.852832	0.964123	0.963462
9980	0.973709	0.999723	0.999718	0.852792	0.963618	0.962974
9990	0.973762	0.999723	0.999718	0.852850	0.963618	0.962974
10000	0.973820	0.999723	0.999718	0.852965	0.963618	0.962974
