10	0.075886	0.420409	0.400180	0.074219	0.405876	0.384981
20	0.122389	0.623666	0.630565	0.119347	0.620518	0.629835
30	0.165772	0.681247	0.682791	0.159257	0.663347	0.666589
40	0.197929	0.718486	0.720831	0.191362	0.699701	0.701882
50	0.220813	0.736716	0.738467	0.213564	0.721116	0.720076
60	0.244993	0.751667	0.752589	0.235799	0.737550	0.737093
70	0.265593	0.765285	0.764883	0.255632	0.751494	0.748671
80	0.288703	0.775789	0.773544	0.276898	0.752988	0.749517
90	0.303359	0.785293	0.781755	0.290866	0.767928	0.763101
100	0.321140	0.793186	0.788647	0.309514	0.778386	0.772398
110	0.338317	0.803190	0.797501	0.326529	0.791335	0.784597
120	0.352644	0.810805	0.804272	0.340090	0.804781	0.797354
130	0.367336	0.818475	0.811101	0.353739	0.808765	0.801176
140	0.375895	0.822755	0.814880	0.362701	0.813247	0.805270
150	0.383846	0.825867	0.818441	0.369871	0.818227	0.811041
160	0.397325	0.832426	0.824332	0.381130	0.816235	0.808215
170	0.409278	0.837594	0.828692	0.392726	0.822211	0.814079
180	0.420411	0.841707	0.832268	0.401806	0.825199	0.815951
190	0.428260	0.844653	0.834777	0.407605	0.830677	0.821233
200	0.436293	0.847932	0.837518	0.416696	0.834661	0.823891
210	0.447649	0.850378	0.839675	0.428306	0.837151	0.826052
220	0.455065	0.853379	0.842653	0.434167	0.836653	0.826378
230	0.460805	0.856714	0.845768	0.439334	0.839641	0.828787
240	0.468862	0.859993	0.848710	0.446127	0.840637	0.829248
250	0.474906	0.863940	0.852033	0.451993	0.845120	0.833293
260	0.481922	0.865885	0.853611	0.458529	0.848606	0.836344
270	0.492516	0.868108	0.855131	0.467474	0.851594	0.839524
280	0.498766	0.871332	0.858090	0.473368	0.852590	0.839881
290	0.504980	0.873610	0.860180	0.479643	0.852590	0.840132
300	0.511233	0.875778	0.862126	0.484216	0.854582	0.842017
310	0.517529	0.877668	0.863954	0.489465	0.854582	0.841753
320	0.521184	0.878668	0.864911	0.491836	0.855578	0.842637
330	0.526388	0.880169	0.866249	0.496544	0.857570	0.844435
340	0.533717	0.882337	0.868248	0.502935	0.857570	0.844347
350	0.540477	0.885949	0.871643	0.508872	0.861554	0.847636
360	0.546588	0.887950	0.873446	0.514510	0.863048	0.848680
370	0.552011	0.889395	0.874796	0.519932	0.866534	0.852143
380	0.559310	0.891785	0.876880	0.527916	0.868028	0.853562
390	0.565052	0.894286	0.879015	0.532229	0.871016	0.855864
400	0.570073	0.896343	0.880909	0.535852	0.873008	0.857579
410	0.573510	0.897010	0.881528	0.539012	0.872012	0.856168
420	0.577356	0.898399	0.882864	0.542296	0.874004	0.858388
430	0.582534	0.900900	0.885350	0.547299	0.875498	0.859796
440	0.587634	0.902068	0.886430	0.551537	0.876494	0.860372
450	0.589995	0.903179	0.887468	0.553512	0.876992	0.860789
460	0.592372	0.904013	0.888209	0.555206	0.877490	0.861257
470	0.597722	0.905958	0.890058	0.560757	0.881474	0.864890
480	0.602491	0.906570	0.890573	0.564599	0.880478	0.864186
490	0.605713	0.908348	0.892243	0.568116	0.883466	0.866711
500	0.609028	0.909571	0.893388	0.570888	0.886454	0.869353
510	0.612665	0.911183	0.894861	0.573995	0.887450	0.870376
520	0.616157	0.911794	0.895413	0.576568	0.886952	0.869844
530	0.618823	0.913017	0.896572	0.579087	0.889940	0.872528
540	0.622612	0.914129	0.897554	0.581387	0.888944	0.871375
550	0.627472	0.915129	0.898464	0.584417	0.891434	0.873654
560	0.630950	0.916574	0.899857	0.587118	0.893426	0.875357
570	0.634459	0.917241	0.900442	0.590518	0.893924	0.875844
580	0.637242	0.918075	0.901210	0.593008	0.893426	0.875213
590	0.642093	0.919353	0.902373	0.597109	0.892928	0.874836
600	0.644553	0.920353	0.903397	0.599576	0.893924	0.875826
610	0.648785	0.921410	0.904324	0.602351	0.894920	0.876884
620	0.650837	0.921687	0.904562	0.604092	0.896912	0.878609
630	0.652756	0.922410	0.905262	0.605341	0.896414	0.878121
640	0.654907	0.922688	0.905526	0.606899	0.895916	0.878044
650	0.657162	0.923188	0.905989	0.608507	0.894920	0.876972
660	0.658748	0.923522	0.906309	0.610199	0.894920	0.876890
670	0.662368	0.924411	0.907151	0.613855	0.896414	0.878072
680	0.666121	0.925522	0.908179	0.616998	0.896414	0.878256
690	0.669853	0.927190	0.909786	0.620393	0.897410	0.878897
700	0.672241	0.927357	0.909906	0.622337	0.899900	0.881463
710	0.673702	0.927857	0.910423	0.623724	0.900398	0.882036
720	0.675322	0.928413	0.910978	0.625259	0.898904	0.880464
730	0.676928	0.928857	0.911411	0.626499	0.899402	0.881066
740	0.678589	0.928968	0.911504	0.628305	0.899402	0.881008
750	0.679846	0.929413	0.911975	0.629461	0.899402	0.881167
760	0.681861	0.929246	0.911825	0.631259	0.900896	0.882343
770	0.683615	0.929246	0.911766	0.633003	0.900896	0.882269
780	0.685349	0.930191	0.912659	0.634675	0.902888	0.884107
790	0.688229	0.930914	0.913301	0.636995	0.904382	0.885359
800	0.690292	0.931414	0.913681	0.638891	0.905876	0.886946
810	0.692439	0.932137	0.914347	0.640675	0.907869	0.888673
820	0.694822	0.933026	0.915182	0.643559	0.907869	0.888866
830	0.696610	0.933971	0.915986	0.645283	0.909363	0.890049
840	0.697730	0.934360	0.916374	0.646244	0.908865	0.889753
850	0.699188	0.935082	0.917196	0.647942	0.907869	0.888950
860	0.700831	0.935582	0.917604	0.648731	0.908367	0.889330
870	0.702533	0.935360	0.917329	0.650366	0.909861	0.890905
880	0.704119	0.936305	0.918269	0.651614	0.908865	0.889972
890	0.707270	0.936916	0.918886	0.653437	0.908367	0.889543
900	0.708960	0.937250	0.919150	0.655028	0.908865	0.890078
910	0.710181	0.937417	0.919304	0.656208	0.907869	0.889031
920	0.711854	0.937861	0.919730	0.657661	0.908865	0.889977
930	0.713551	0.937972	0.919827	0.658796	0.908367	0.889612
940	0.714862	0.938473	0.920305	0.659674	0.908367	0.889612
950	0.715890	0.938528	0.920357	0.660157	0.908367	0.889482
960	0.717537	0.939084	0.920850	0.661737	0.909363	0.890360
970	0.719627	0.939973	0.921705	0.663485	0.910857	0.891719
980	0.722450	0.940251	0.921903	0.665589	0.910359	0.891359
990	0.723393	0.940751	0.922374	0.666396	0.911355	0.892191
1000	0.724040	0.941029	0.922636	0.666930	0.911853	0.892652
1010	0.724795	0.941196	0.922789	0.667539	0.912849	0.893554
1020	0.725867	0.941196	0.922811	0.668424	0.913347	0.893937
1030	0.727360	0.941418	0.923061	0.669285	0.914841	0.895321
1040	0.728848	0.941530	0.923156	0.670608	0.914841	0.895486
1050	0.730346	0.941585	0.923211	0.671950	0.915339	0.896058
1060	0.732059	0.942197	0.923794	0.674160	0.914841	0.895425
1070	0.733201	0.942697	0.924280	0.674963	0.915339	0.895923
1080	0.734033	0.943086	0.924650	0.675753	0.915339	0.895762
1090	0.735170	0.943419	0.924877	0.676652	0.915339	0.895682
1100	0.736505	0.943530	0.924929	0.677493	0.914841	0.895139
1110	0.737608	0.943808	0.925180	0.678423	0.915339	0.895472
1120	0.738499	0.943753	0.925074	0.679155	0.916335	0.896543
1130	0.739298	0.943697	0.925049	0.679487	0.916335	0.896571
1140	0.740098	0.943920	0.925240	0.679916	0.915339	0.895650
1150	0.741025	0.944142	0.925458	0.680811	0.916833	0.897006
1160	0.742308	0.944642	0.925895	0.681783	0.917331	0.897439
1170	0.743505	0.944976	0.926227	0.682695	0.916833	0.897098
1180	0.744888	0.945309	0.926529	0.683915	0.916833	0.897243
1190	0.746217	0.945476	0.926688	0.684547	0.916833	0.897126
1200	0.747561	0.946032	0.927198	0.686070	0.916833	0.897206
1210	0.748418	0.946198	0.927369	0.687001	0.916833	0.897242
1220	0.749111	0.946476	0.927620	0.687547	0.917331	0.897677
1230	0.750454	0.947143	0.928266	0.688607	0.918327	0.898223
1240	0.751450	0.947088	0.928223	0.689415	0.918825	0.898813
1250	0.752081	0.947310	0.928433	0.690080	0.918825	0.898870
1260	0.753053	0.947143	0.928259	0.690937	0.919323	0.899306
1270	0.754230	0.947310	0.928417	0.691944	0.919323	0.899342
1280	0.755128	0.947365	0.928460	0.692393	0.919821	0.899834
1290	0.755914	0.947588	0.928647	0.693006	0.919821	0.899775
1300	0.756636	0.947699	0.928804	0.693619	0.919821	0.899864
1310	0.757310	0.947866	0.928944	0.694134	0.919821	0.899858
1320	0.757994	0.948199	0.929278	0.694472	0.919821	0.899836
1330	0.758811	0.948477	0.929564	0.694969	0.919323	0.899267
1340	0.759610	0.948755	0.929819	0.695758	0.919821	0.899698
1350	0.760287	0.948922	0.929998	0.696047	0.919821	0.899889
1360	0.761358	0.948866	0.929954	0.696786	0.919323	0.899245
1370	0.762274	0.948977	0.930058	0.697583	0.920319	0.900359
1380	0.763134	0.949255	0.930340	0.698223	0.919821	0.899907
1390	0.764004	0.949478	0.930542	0.698877	0.919821	0.899855
1400	0.764836	0.949867	0.930913	0.699863	0.920817	0.900791
1410	0.765530	0.949811	0.930912	0.700448	0.920817	0.900732
1420	0.766175	0.949978	0.931052	0.700857	0.920817	0.900862
1430	0.767008	0.949867	0.930933	0.701505	0.920319	0.900280
1440	0.768065	0.950200	0.931254	0.702352	0.920817	0.900704
1450	0.770101	0.950422	0.931516	0.704359	0.920817	0.900748
1460	0.771291	0.950367	0.931396	0.705224	0.920319	0.900228
1470	0.772214	0.950756	0.951437	0.706019	0.921315	0.901287
1480	0.773295	0.951645	0.952206	0.706830	0.921813	0.921155
1490	0.775618	0.957426	0.957836	0.708528	0.923307	0.922972
1500	0.776741	0.958871	0.959258	0.709315	0.924801	0.924168
1510	0.778015	0.960371	0.960715	0.710656	0.925797	0.925366
1520	0.778792	0.961094	0.961445	0.711168	0.925797	0.925336
1530	0.779909	0.962706	0.963025	0.711845	0.927291	0.926795
1540	0.780779	0.963039	0.963358	0.712174	0.927789	0.927372
1550	0.781812	0.964317	0.964596	0.713070	0.929781	0.929332
1560	0.782695	0.964651	0.964931	0.713720	0.931275	0.930861
1570	0.783502	0.965207	0.965468	0.714300	0.931275	0.930776
1580	0.784324	0.966207	0.966457	0.714881	0.931275	0.930604
1590	0.785062	0.966430	0.966689	0.715448	0.931773	0.931237
1600	0.786249	0.966985	0.967235	0.716263	0.933267	0.932780
1610	0.787958	0.967652	0.967875	0.717469	0.933765	0.933299
1620	0.789066	0.968375	0.968592	0.718171	0.933267	0.932824
1630	0.790237	0.969042	0.969244	0.719024	0.934263	0.933737
1640	0.791827	0.969764	0.969956	0.720305	0.934263	0.933920
1650	0.792568	0.969876	0.970063	0.720813	0.934761	0.934315
1660	0.793523	0.970376	0.970561	0.721502	0.934761	0.934330
1670	0.794471	0.971043	0.971228	0.722182	0.935757	0.935310
1680	0.795529	0.971376	0.971542	0.722928	0.936255	0.935871
1690	0.796347	0.971598	0.971759	0.723669	0.935757	0.935392
1700	0.797434	0.971821	0.971974	0.724336	0.935757	0.935402
1710	0.798744	0.972043	0.972186	0.725266	0.936753	0.936402
1720	0.799778	0.972488	0.972628	0.726028	0.937749	0.937375
1730	0.800836	0.972488	0.972627	0.726943	0.937749	0.937350
1740	0.801466	0.972877	0.973017	0.727503	0.937749	0.937341
1750	0.802347	0.973210	0.973343	0.728176	0.938247	0.937774
1760	0.803665	0.973544	0.973663	0.729179	0.938247	0.937704
1770	0.804546	0.974100	0.974200	0.729797	0.938247	0.937657
1780	0.805971	0.975044	0.975130	0.730974	0.939741	0.939412
1790	0.807298	0.975600	0.975676	0.732036	0.939741	0.939315
1800	0.808139	0.975934	0.976000	0.732664	0.939741	0.939431
1810	0.809142	0.976490	0.976556	0.733256	0.939741	0.939362
1820	0.810154	0.976601	0.976659	0.733813	0.939741	0.939362
1830	0.810976	0.976656	0.976708	0.734481	0.941235	0.940832
1840	0.811662	0.976601	0.976658	0.735082	0.940239	0.939817
1850	0.812637	0.976712	0.976765	0.735919	0.940737	0.940353
1860	0.813681	0.976879	0.976933	0.736641	0.940737	0.940397
1870	0.814851	0.977323	0.977379	0.737704	0.940737	0.940324
1880	0.815853	0.977768	0.977812	0.738519	0.940737	0.940274
1890	0.816538	0.977768	0.977810	0.738870	0.941235	0.940639
1900	0.817218	0.978046	0.978081	0.739273	0.941235	0.940618
1910	0.817616	0.978046	0.978079	0.739500	0.941235	0.940618
1920	0.818407	0.978213	0.978246	0.740088	0.941235	0.940584
1930	0.818931	0.978268	0.978301	0.740607	0.941733	0.941041
1940	0.819387	0.978157	0.978186	0.740972	0.941733	0.941041
1950	0.820862	0.978435	0.978462	0.741968	0.941235	0.940530
1960	0.821193	0.978490	0.978523	0.742279	0.941733	0.941041
1970	0.822317	0.978768	0.978792	0.743153	0.942231	0.941546
1980	0.823124	0.979157	0.979180	0.743914	0.942729	0.942108
1990	0.823603	0.979324	0.979345	0.744378	0.942729	0.942042
2000	0.824132	0.979491	0.979505	0.744697	0.942729	0.942042
2010	0.825103	0.979713	0.979730	0.745371	0.942231	0.941649
2020	0.825793	0.979769	0.979782	0.745964	0.943227	0.942625
2030	0.826474	0.979824	0.979835	0.746371	0.943227	0.942625
2040	0.827228	0.980102	0.980109	0.746842	0.943725	0.943103
2050	0.827965	0.980158	0.980153	0.747750	0.944223	0.943615
2060	0.828637	0.980269	0.980267	0.748358	0.943725	0.943058
2070	0.829096	0.980380	0.980376	0.748690	0.944223	0.943627
2080	0.829757	0.980825	0.980820	0.749077	0.943725	0.943190
2090	0.830294	0.980880	0.980883	0.749538	0.943725	0.943141
2100	0.830763	0.980825	0.980825	0.749902	0.944223	0.943579
2110	0.831608	0.981103	0.981104	0.750467	0.943725	0.943094
2120	0.832100	0.981269	0.981270	0.750919	0.944223	0.943696
2130	0.832625	0.981436	0.981438	0.751182	0.944223	0.943747
2140	0.833034	0.981547	0.981550	0.751490	0.944223	0.943700
2150	0.833496	0.981547	0.981549	0.751741	0.944721	0.944204
2160	0.834170	0.981603	0.981604	0.752305	0.945219	0.944684
2170	0.834778	0.981659	0.981659	0.752706	0.945219	0.944832
2180	0.835596	0.981825	0.981820	0.753348	0.945219	0.944797
2190	0.836132	0.981881	0.981874	0.753830	0.945219	0.944797
2200	0.836779	0.981881	0.981877	0.754372	0.945219	0.944797
2210	0.837680	0.982270	0.982255	0.754972	0.945717	0.945251
2220	0.838354	0.982381	0.982370	0.755407	0.945717	0.945247
2230	0.838865	0.982715	0.982696	0.755735	0.945219	0.944734
2240	0.839563	0.982659	0.982640	0.756404	0.946215	0.945762
2250	0.840523	0.982659	0.982642	0.757159	0.945717	0.945288
2260	0.840918	0.982770	0.982751	0.757478	0.945717	0.945248
2270	0.841223	0.982937	0.982917	0.757732	0.946713	0.946363
2280	0.841687	0.983048	0.983028	0.758149	0.947211	0.946844
2290	0.841955	0.983048	0.983025	0.758366	0.947709	0.947357
2300	0.842658	0.983215	0.983193	0.759051	0.947709	0.947357
2310	0.843088	0.983326	0.983298	0.759245	0.947211	0.946924
2320	0.843538	0.983326	0.983295	0.759517	0.947211	0.946910
2330	0.844223	0.983326	0.983295	0.760222	0.946713	0.946507
2340	0.844755	0.983326	0.983296	0.760586	0.946215	0.945953
2350	0.845377	0.983493	0.983459	0.760999	0.946215	0.945953
2360	0.845753	0.983548	0.983515	0.761259	0.946713	0.946507
2370	0.846355	0.983604	0.983569	0.761762	0.946215	0.945894
2380	0.847275	0.983659	0.983626	0.762738	0.947211	0.946820
2390	0.847755	0.983715	0.983685	0.763052	0.946713	0.946342
2400	0.848577	0.983715	0.983687	0.763758	0.946713	0.946407
2410	0.848944	0.983715	0.983687	0.764095	0.946713	0.946423
2420	0.849302	0.983771	0.983740	0.764408	0.946215	0.945998
2430	0.849813	0.983937	0.983903	0.764810	0.946215	0.945998
2440	0.850074	0.983882	0.983848	0.765043	0.946713	0.946488
2450	0.850572	0.984104	0.984069	0.765390	0.947211	0.947041
2460	0.850996	0.984160	0.984125	0.765825	0.946713	0.946551
2470	0.851468	0.984215	0.984182	0.766367	0.946713	0.946551
2480	0.851793	0.984215	0.984181	0.766606	0.946713	0.946492
2490	0.852145	0.984271	0.984237	0.766908	0.946713	0.946492
2500	0.852598	0.984215	0.984184	0.767213	0.947211	0.946982
2510	0.853045	0.984382	0.984347	0.767486	0.947211	0.946982
2520	0.853347	0.984271	0.984233	0.767872	0.947211	0.946901
2530	0.853684	0.984438	0.984401	0.768240	0.947709	0.947454
2540	0.854105	0.984549	0.984512	0.768550	0.947709	0.947454
2550	0.854764	0.984604	0.984572	0.769078	0.947709	0.947448
2560	0.855076	0.984660	0.984628	0.769287	0.948705	0.948454
2570	0.855820	0.984771	0.984740	0.769753	0.948705	0.948378
2580	0.856146	0.984993	0.984967	0.769917	0.948207	0.947888
2590	0.856477	0.985049	0.985020	0.770143	0.947709	0.947335
2600	0.856809	0.985104	0.985077	0.770363	0.948207	0.947888
2610	0.857208	0.985160	0.985132	0.770558	0.948207	0.947804
2620	0.857616	0.985271	0.985244	0.770776	0.949701	0.949339
2630	0.858105	0.985549	0.985516	0.771282	0.949203	0.948938
2640	0.858594	0.985716	0.985681	0.771658	0.949701	0.949500
2650	0.859618	0.985938	0.985904	0.771182	0.949203	0.949013
2660	0.859932	0.985938	0.985908	0.771422	0.949203	0.949013
2670	0.860440	0.986049	0.986015	0.771737	0.948705	0.948537
2680	0.860817	0.986161	0.986123	0.772162	0.949203	0.949042
2690	0.861205	0.986161	0.986123	0.772520	0.949203	0.949042
2700	0.861779	0.986327	0.986286	0.772988	0.949203	0.949066
2710	0.862147	0.986438	0.986402	0.773179	0.947709	0.947492
2720	0.862607	0.986438	0.986399	0.773502	0.948705	0.948515
2730	0.862895	0.986383	0.986343	0.773787	0.948207	0.948052
2740	0.863243	0.986494	0.986455	0.774228	0.947709	0.947492
2750	0.863772	0.986383	0.986340	0.774771	0.947709	0.947475
2760	0.864128	0.986550	0.986503	0.775085	0.947709	0.947475
2770	0.864633	0.986716	0.986678	0.775376	0.947709	0.947475
2780	0.865097	0.986827	0.986783	0.775869	0.947709	0.947475
2790	0.865621	0.986939	0.986901	0.776382	0.947709	0.947475
2800	0.866065	0.986883	0.986841	0.776745	0.948207	0.947978
2810	0.866181	0.986883	0.986840	0.776832	0.948207	0.947978
2820	0.866499	0.986883	0.986841	0.777081	0.948705	0.948468
2830	0.867101	0.986939	0.986898	0.777561	0.948705	0.948468
2840	0.867318	0.986939	0.986894	0.777794	0.948705	0.948468
2850	0.867777	0.987105	0.987052	0.778223	0.948705	0.948468
2860	0.867922	0.987050	0.986997	0.778355	0.948705	0.948468
2870	0.868067	0.987161	0.987111	0.778344	0.948705	0.948468
2880	0.868293	0.987161	0.987108	0.778467	0.948705	0.948468
2890	0.868501	0.987161	0.987108	0.778640	0.948705	0.948468
2900	0.868851	0.987161	0.987112	0.778902	0.948705	0.948468
2910	0.869270	0.987161	0.987114	0.779213	0.948705	0.948468
2920	0.869716	0.987217	0.987170	0.779553	0.948705	0.948468
2930	0.870047	0.987217	0.987173	0.779823	0.948705	0.948468
2940	0.870484	0.987272	0.987223	0.780223	0.949203	0.949072
2950	0.870791	0.987217	0.987168	0.780415	0.949701	0.949541
2960	0.871104	0.987217	0.987173	0.780619	0.949203	0.949134
2970	0.871330	0.987272	0.987227	0.780676	0.949203	0.949119
2980	0.871524	0.987272	0.987227	0.780817	0.949203	0.949134
2990	0.872428	0.987550	0.987506	0.781580	0.948207	0.948100
3000	0.872939	0.987661	0.987618	0.781921	0.949203	0.949068
3010	0.873390	0.987717	0.987672	0.782346	0.950199	0.950108
3020	0.873848	0.987772	0.987729	0.782778	0.950697	0.950629
3030	0.874197	0.987772	0.987725	0.783094	0.949701	0.949645
3040	0.874532	0.987772	0.987728	0.783330	0.949701	0.949605
3050	0.874707	0.987772	0.987725	0.783376	0.949203	0.949060
3060	0.875034	0.987884	0.987836	0.783647	0.949701	0.949433
3070	0.875245	0.987939	0.987890	0.783864	0.949701	0.949433
3080	0.875709	0.987995	0.987951	0.784239	0.950199	0.949939
3090	0.876028	0.988050	0.988007	0.784399	0.949701	0.949433
3100	0.876304	0.988106	0.988062	0.784452	0.949701	0.949433
3110	0.876459	0.987995	0.987954	0.784575	0.949701	0.949433
3120	0.877026	0.988106	0.988057	0.784971	0.949701	0.949483
3130	0.877341	0.988106	0.988057	0.785207	0.950199	0.950047
3140	0.877807	0.988050	0.988002	0.785626	0.950697	0.950553
3150	0.878259	0.988106	0.988059	0.786148	0.950697	0.950553
3160	0.878760	0.988217	0.988168	0.786623	0.950697	0.950553
3170	0.879101	0.988217	0.988169	0.786829	0.951195	0.951036
3180	0.879285	0.988217	0.988168	0.786953	0.951195	0.950970
3190	0.879925	0.988217	0.988168	0.787191	0.950697	0.950530
3200	0.880366	0.988384	0.988332	0.787507	0.950697	0.950544
3210	0.880859	0.988495	0.988439	0.787910	0.950697	0.950544
3220	0.881176	0.988662	0.988609	0.788070	0.951195	0.951036
3230	0.881561	0.988884	0.988830	0.788244	0.951195	0.951036
3240	0.881942	0.988828	0.988778	0.788466	0.951195	0.951036
3250	0.882246	0.988884	0.988835	0.788632	0.951195	0.951036
3260	0.882608	0.988884	0.988830	0.788944	0.951195	0.951036
3270	0.882830	0.988940	0.988888	0.789167	0.951195	0.951036
3280	0.883227	0.988940	0.988891	0.789560	0.951195	0.951036
3290	0.883766	0.988995	0.988938	0.789938	0.951693	0.951513
3300	0.884091	0.989162	0.989106	0.790345	0.951693	0.951513
3310	0.884363	0.989106	0.989048	0.790536	0.952191	0.952012
3320	0.884595	0.989106	0.989049	0.790598	0.951693	0.951513
3330	0.884931	0.989162	0.989104	0.790811	0.951693	0.951513
3340	0.885195	0.989217	0.989162	0.791024	0.952689	0.952476
3350	0.885506	0.989162	0.989105	0.791227	0.953187	0.952991
3360	0.885799	0.989217	0.989159	0.791453	0.953187	0.952991
3370	0.885959	0.989217	0.989157	0.791560	0.953187	0.953014
3380	0.886062	0.989273	0.989214	0.791674	0.953187	0.953014
3390	0.886226	0.989329	0.989271	0.791823	0.953187	0.953014
3400	0.886599	0.989329	0.989273	0.792091	0.953187	0.953014
3410	0.886807	0.989440	0.989383	0.792208	0.953187	0.953014
3420	0.886930	0.989495	0.989442	0.792301	0.953187	0.953014
3430	0.887225	0.989440	0.989384	0.792535	0.953187	0.953014
3440	0.887634	0.989606	0.989553	0.792772	0.953187	0.953014
3450	0.887942	0.989718	0.989665	0.793068	0.953187	0.952969
3460	0.888248	0.989662	0.989608	0.793324	0.953187	0.953014
3470	0.888525	0.989718	0.989660	0.793556	0.953187	0.952969
3480	0.888936	0.989773	0.989712	0.793923	0.952689	0.952485
3490	0.889162	0.989829	0.989771	0.794106	0.952689	0.952485
3500	0.889371	0.989940	0.989885	0.794248	0.952191	0.952039
3510	0.889585	0.990107	0.990050	0.794325	0.952689	0.952462
3520	0.889839	0.990051	0.989993	0.794587	0.952191	0.951989
3530	0.890235	0.989996	0.989941	0.794914	0.952191	0.951978
3540	0.890415	0.990107	0.990050	0.795092	0.952689	0.952533
3550	0.890676	0.990385	0.990328	0.795317	0.952689	0.952549
3560	0.891100	0.990496	0.990439	0.795613	0.952689	0.952527
3570	0.891617	0.990440	0.990381	0.796213	0.952689	0.952527
3580	0.891949	0.990607	0.990547	0.796533	0.952689	0.952527
3590	0.892269	0.990496	0.990439	0.796866	0.952689	0.952577
3600	0.892647	0.990440	0.990386	0.797271	0.952689	0.952577
3610	0.892880	0.990496	0.990445	0.797568	0.953187	0.953094
3620	0.893231	0.990496	0.990442	0.798163	0.953685	0.953517
3630	0.893531	0.990663	0.990610	0.798441	0.953685	0.953517
3640	0.893853	0.990718	0.990663	0.798638	0.953685	0.953517
3650	0.894104	0.990663	0.990608	0.798824	0.953685	0.953498
3660	0.894317	0.990774	0.990719	0.798876	0.953685	0.953498
3670	0.894540	0.990774	0.990719	0.799103	0.953685	0.953498
3680	0.895126	0.990885	0.990832	0.799726	0.954183	0.953993
3690	0.895507	0.990829	0.990775	0.799993	0.954183	0.953993
3700	0.895726	0.990885	0.990834	0.800259	0.953685	0.953509
3710	0.896072	0.990885	0.990833	0.800440	0.953685	0.953509
3720	0.896315	0.990996	0.990943	0.800595	0.953685	0.953509
3730	0.896502	0.991107	0.991055	0.800759	0.953685	0.953509
3740	0.896790	0.991107	0.991057	0.801102	0.953685	0.953509
3750	0.896930	0.991107	0.991057	0.801229	0.953685	0.953564
3760	0.897244	0.991107	0.991057	0.801501	0.953685	0.953564
3770	0.897351	0.991107	0.991057	0.801566	0.953685	0.953564
3780	0.897502	0.991163	0.991113	0.801703	0.953685	0.953564
3790	0.897739	0.991163	0.991113	0.801865	0.953685	0.953564
3800	0.897861	0.991163	0.991112	0.802000	0.953685	0.953564
3810	0.898210	0.991163	0.991113	0.802270	0.953685	0.953564
3820	0.898426	0.991163	0.991112	0.802418	0.953685	0.953564
3830	0.898583	0.991163	0.991112	0.802543	0.953685	0.953564
3840	0.898648	0.991163	0.991112	0.802646	0.953685	0.953564
3850	0.898777	0.991218	0.991168	0.802749	0.953685	0.953564
3860	0.898943	0.991274	0.991224	0.802906	0.953685	0.953570
3870	0.899173	0.991274	0.991225	0.803063	0.953187	0.953072
3880	0.899451	0.991274	0.991224	0.803433	0.953187	0.953067
3890	0.899642	0.991274	0.991225	0.803563	0.953187	0.953067
3900	0.899872	0.991329	0.991281	0.803664	0.953685	0.953646
3910	0.900199	0.991385	0.991335	0.803889	0.953685	0.953646
3920	0.900463	0.991441	0.991392	0.804133	0.953187	0.953072
3930	0.900943	0.991496	0.991447	0.804583	0.953187	0.953067
3940	0.901498	0.991441	0.991391	0.805030	0.953187	0.953083
3950	0.901945	0.991441	0.991393	0.805365	0.953685	0.953593
3960	0.902160	0.991441	0.991392	0.805707	0.954183	0.954100
3970	0.902390	0.991441	0.991387	0.805897	0.954183	0.954100
3980	0.902821	0.991496	0.991444	0.806283	0.954183	0.954073
3990	0.903003	0.991552	0.991499	0.806456	0.954183	0.954073
4000	0.903103	0.991552	0.991499	0.806517	0.954183	0.954073
4010	0.903238	0.991552	0.991499	0.806630	0.954183	0.954073
4020	0.903475	0.991496	0.991445	0.806838	0.954183	0.954073
4030	0.903672	0.991496	0.991444	0.807030	0.954183	0.954073
4040	0.903873	0.991496	0.991444	0.807225	0.954681	0.954552
4050	0.904169	0.991496	0.991444	0.807501	0.954681	0.954592
4060	0.904359	0.991663	0.991611	0.807683	0.954681	0.954592
4070	0.904601	0.991719	0.991667	0.807814	0.954183	0.954095
4080	0.904969	0.991830	0.991778	0.808225	0.954681	0.954675
4090	0.905254	0.991830	0.991776	0.808505	0.954183	0.954073
4100	0.905651	0.991719	0.991662	0.808886	0.954681	0.954610
4110	0.905901	0.991663	0.991607	0.809188	0.955179	0.955190
4120	0.906069	0.991663	0.991607	0.809303	0.955677	0.955691
4130	0.906227	0.991774	0.991716	0.809397	0.955677	0.955727
4140	0.906523	0.991774	0.991716	0.809663	0.955677	0.955748
4150	0.906597	0.991830	0.991771	0.809647	0.956175	0.956210
4160	0.906663	0.991941	0.991883	0.809718	0.955677	0.955748
4170	0.906762	0.991941	0.991883	0.809790	0.956175	0.956210
4180	0.906827	0.991941	0.991884	0.809866	0.956175	0.956210
4190	0.906894	0.991941	0.991881	0.809961	0.956175	0.956210
4200	0.906973	0.991996	0.991936	0.810024	0.955677	0.955647
4210	0.907421	0.992108	0.992048	0.810445	0.955677	0.955647
4220	0.907620	0.992108	0.992048	0.810785	0.955179	0.955068
4230	0.908091	0.992163	0.992103	0.811144	0.955677	0.955631
4240	0.908350	0.992163	0.992103	0.811323	0.955677	0.955631
4250	0.908491	0.992163	0.992103	0.811461	0.956175	0.956210
4260	0.908705	0.992219	0.992159	0.811641	0.956175	0.956210
4270	0.909008	0.992219	0.992159	0.811891	0.956175	0.956210
4280	0.909186	0.992274	0.992215	0.811950	0.956175	0.956210
4290	0.909457	0.992219	0.992158	0.812254	0.956175	0.956210
4300	0.909819	0.992386	0.992327	0.812708	0.956175	0.956210
4310	0.910063	0.992330	0.992270	0.812914	0.955677	0.955659
4320	0.910219	0.992386	0.992329	0.813059	0.955677	0.955659
4330	0.910486	0.992386	0.992327	0.813259	0.955677	0.955659
4340	0.910745	0.992497	0.992442	0.813497	0.956175	0.956162
4350	0.910979	0.992552	0.992499	0.813597	0.956175	0.956162
4360	0.911197	0.992497	0.992440	0.813761	0.956175	0.956162
4370	0.911511	0.992552	0.992497	0.813913	0.955677	0.955659
4380	0.911757	0.992608	0.992554	0.814003	0.955677	0.955659
4390	0.912026	0.992663	0.992608	0.814221	0.955677	0.955659
4400	0.912103	0.992663	0.992608	0.814309	0.955677	0.955659
4410	0.912336	0.992663	0.992608	0.814505	0.956175	0.956162
4420	0.912644	0.992775	0.992718	0.814715	0.956175	0.956162
4430	0.912841	0.992830	0.992774	0.814714	0.956175	0.956162
4440	0.913073	0.992830	0.992774	0.814872	0.956175	0.956162
4450	0.913401	0.992830	0.992775	0.815172	0.955677	0.955719
4460	0.913642	0.992886	0.992831	0.815401	0.955677	0.955719
4470	0.913873	0.992941	0.992888	0.815629	0.955677	0.955719
4480	0.913997	0.992941	0.992889	0.815663	0.955677	0.955719
4490	0.914217	0.992941	0.992887	0.815841	0.955677	0.955719
4500	0.914561	0.992941	0.992887	0.816015	0.955677	0.955719
4510	0.914819	0.992997	0.992939	0.816148	0.956175	0.956162
4520	0.915007	0.992997	0.992938	0.816144	0.956175	0.956162
4530	0.915269	0.992997	0.992940	0.816335	0.956175	0.956111
4540	0.915573	0.992997	0.992938	0.816409	0.955677	0.955625
4550	0.915833	0.993164	0.993109	0.816593	0.955677	0.955625
4560	0.916063	0.993275	0.993219	0.816824	0.955677	0.955625
4570	0.916368	0.993219	0.993166	0.816982	0.956175	0.956152
4580	0.916583	0.993330	0.993275	0.817198	0.955677	0.955625
4590	0.916979	0.993275	0.993215	0.817532	0.955677	0.955625
4600	0.917221	0.993330	0.993269	0.817729	0.955677	0.955625
4610	0.917390	0.993386	0.993328	0.817803	0.955677	0.955625
4620	0.917819	0.993497	0.993442	0.818339	0.956175	0.956088
4630	0.918177	0.993608	0.993554	0.818689	0.956175	0.956088
4640	0.918489	0.993608	0.993554	0.818949	0.955677	0.955625
4650	0.918765	0.993664	0.993609	0.819241	0.955677	0.955625
4660	0.918927	0.993608	0.993554	0.819336	0.956673	0.956571
4670	0.919165	0.993608	0.993554	0.819538	0.957171	0.957109
4680	0.919340	0.993775	0.993718	0.819664	0.957171	0.957109
4690	0.919609	0.993775	0.993718	0.819827	0.957171	0.957109
4700	0.919881	0.993775	0.993718	0.820009	0.957171	0.957109
4710	0.920174	0.993831	0.993775	0.820240	0.957171	0.957109
4720	0.920485	0.993886	0.993829	0.820561	0.957669	0.957672
4730	0.920767	0.993942	0.993885	0.820805	0.957171	0.957109
4740	0.920976	0.993997	0.993944	0.820936	0.957171	0.957160
4750	0.921134	0.993997	0.993944	0.821059	0.957171	0.957160
4760	0.921355	0.994108	0.994056	0.821209	0.957171	0.957109
4770	0.921768	0.994164	0.994111	0.821584	0.957171	0.957109
4780	0.922113	0.994108	0.994053	0.821964	0.957171	0.957109
4790	0.922308	0.994108	0.994053	0.822140	0.956673	0.956682
4800	0.922670	0.994275	0.994222	0.822560	0.957171	0.957262
4810	0.922865	0.994331	0.994279	0.822870	0.958167	0.958248
4820	0.923109	0.994275	0.994223	0.823127	0.958665	0.958773
4830	0.923210	0.994331	0.994282	0.823197	0.958665	0.958773
4840	0.923238	0.994331	0.994282	0.823242	0.958665	0.958773
4850	0.923268	0.994331	0.994282	0.823278	0.958665	0.958773
4860	0.923435	0.994331	0.994283	0.823344	0.958665	0.958773
4870	0.923614	0.994331	0.994278	0.823450	0.958167	0.958271
4880	0.923730	0.994331	0.994279	0.823428	0.958167	0.958271
4890	0.923840	0.994331	0.994279	0.823517	0.958167	0.958271
4900	0.923960	0.994386	0.994336	0.823638	0.958167	0.958271
4910	0.924130	0.994386	0.994338	0.823761	0.958167	0.958271
4920	0.924410	0.994386	0.994339	0.823932	0.958167	0.958271
4930	0.924535	0.994386	0.994339	0.824121	0.958167	0.958271
4940	0.924660	0.994386	0.994340	0.824127	0.958167	0.958271
4950	0.925015	0.994442	0.994395	0.824502	0.958167	0.958271
4960	0.925158	0.994553	0.994505	0.824573	0.958167	0.958271
4970	0.925443	0.994553	0.994507	0.824781	0.957669	0.957746
4980	0.925631	0.994553	0.994506	0.824968	0.957669	0.957746
4990	0.925868	0.994775	0.994729	0.825071	0.957669	0.957746
5000	0.926078	0.994664	0.994614	0.825216	0.957669	0.957746
5010	0.926266	0.994720	0.994668	0.825364	0.957669	0.957746
5020	0.926408	0.994775	0.994723	0.825444	0.957669	0.957746
5030	0.926565	0.994775	0.994722	0.825564	0.957669	0.957746
5040	0.926652	0.994831	0.994781	0.825632	0.957669	0.957746
5050	0.926863	0.994831	0.994782	0.825745	0.957669	0.957746
5060	0.927029	0.994831	0.994782	0.825882	0.957669	0.957815
5070	0.927240	0.994887	0.994839	0.826094	0.958167	0.958254
5080	0.927505	0.994887	0.994839	0.826250	0.958665	0.958824
5090	0.927886	0.994942	0.994897	0.826647	0.958665	0.958824
5100	0.928058	0.994887	0.994839	0.826766	0.958665	0.958824
5110	0.928265	0.994887	0.994837	0.826930	0.957171	0.957388
5120	0.928493	0.994998	0.994955	0.827144	0.956673	0.956924
5130	0.928736	0.994998	0.994952	0.827286	0.956673	0.956924
5140	0.928831	0.995053	0.995008	0.827326	0.956673	0.956924
5150	0.929020	0.995053	0.995009	0.827526	0.956673	0.956839
5160	0.929172	0.995053	0.995008	0.827690	0.956673	0.956839
5170	0.929331	0.995109	0.995064	0.827883	0.957171	0.957351
5180	0.929499	0.995109	0.995064	0.828006	0.957171	0.957351
5190	0.929709	0.995109	0.995062	0.828225	0.957669	0.957791
5200	0.929875	0.995220	0.995171	0.828426	0.957171	0.957308
5210	0.930146	0.995498	0.995449	0.828687	0.958167	0.958360
5220	0.930313	0.995554	0.995508	0.828872	0.958167	0.958360
5230	0.930543	0.995609	0.995564	0.829140	0.957669	0.957877
5240	0.930762	0.995720	0.995678	0.829357	0.957669	0.957877
5250	0.930959	0.995720	0.995676	0.829461	0.957669	0.957877
5260	0.931257	0.995776	0.995733	0.829564	0.956175	0.956484
5270	0.931420	0.995776	0.995733	0.829758	0.956673	0.957070
5280	0.931669	0.995831	0.995790	0.830049	0.955677	0.956026
5290	0.932052	0.996054	0.996016	0.830476	0.955677	0.956026
5300	0.932319	0.996109	0.996074	0.830703	0.955677	0.956026
5310	0.932469	0.996165	0.996126	0.830829	0.955677	0.956026
5320	0.932813	0.996165	0.996126	0.831136	0.956175	0.956484
5330	0.933047	0.996165	0.996126	0.831212	0.956673	0.957025
5340	0.933295	0.996221	0.996183	0.831360	0.956175	0.956567
5350	0.933360	0.996221	0.996183	0.831400	0.957171	0.957508
5360	0.933420	0.996221	0.996183	0.831393	0.957669	0.957972
5370	0.933617	0.996221	0.996183	0.831700	0.957171	0.957517
5380	0.933841	0.996276	0.996237	0.832053	0.957171	0.957517
5390	0.934059	0.996332	0.996293	0.832330	0.958167	0.958558
5400	0.934214	0.996610	0.996574	0.832187	0.958167	0.958558
5410	0.934468	0.996610	0.996574	0.832432	0.958167	0.958558
5420	0.934624	0.996665	0.996631	0.832556	0.958167	0.958558
5430	0.934819	0.996610	0.996575	0.832774	0.958167	0.958558
5440	0.935140	0.996665	0.996632	0.833199	0.958167	0.958558
5450	0.935297	0.996721	0.996687	0.833331	0.958167	0.958558
5460	0.935510	0.996721	0.996687	0.833545	0.957669	0.958075
5470	0.935740	0.996776	0.996741	0.833784	0.958167	0.958558
5480	0.935946	0.996888	0.996853	0.833905	0.957669	0.958017
5490	0.936079	0.996832	0.996797	0.834067	0.957171	0.957534
5500	0.936272	0.996832	0.996797	0.834245	0.956673	0.957015
5510	0.936544	0.996943	0.996909	0.834486	0.956673	0.957015
5520	0.936731	0.996999	0.996964	0.834632	0.956673	0.957015
5530	0.936923	0.997054	0.997021	0.834784	0.956673	0.957015
5540	0.937130	0.997054	0.997023	0.835007	0.957171	0.957548
5550	0.937415	0.997054	0.997023	0.835093	0.957669	0.958034
5560	0.937543	0.997054	0.997023	0.835164	0.957171	0.957501
5570	0.937684	0.997110	0.997078	0.835233	0.957669	0.957866
5580	0.938034	0.997054	0.997024	0.835705	0.958167	0.958399
5590	0.938280	0.997110	0.997081	0.835784	0.957669	0.957956
5600	0.938492	0.997110	0.997079	0.835947	0.957171	0.957423
5610	0.938722	0.997221	0.997192	0.836092	0.958665	0.958984
5620	0.939040	0.997221	0.997193	0.836229	0.958167	0.958417
5630	0.939288	0.997277	0.997249	0.836471	0.957669	0.957907
5640	0.939490	0.997388	0.997360	0.836744	0.957171	0.957465
5650	0.939610	0.997388	0.997360	0.836894	0.958167	0.958417
5660	0.939737	0.997443	0.997415	0.837018	0.957669	0.957884
5670	0.939898	0.997388	0.997358	0.837198	0.957669	0.957884
5680	0.940054	0.997499	0.997471	0.837336	0.957669	0.957884
5690	0.940171	0.997554	0.997527	0.837391	0.957669	0.957884
5700	0.940281	0.997554	0.997527	0.837460	0.957669	0.957884
5710	0.940435	0.997554	0.997528	0.837636	0.957171	0.957308
5720	0.940612	0.997554	0.997528	0.837801	0.957171	0.957308
5730	0.940741	0.997443	0.997416	0.837984	0.957171	0.957308
5740	0.940834	0.997499	0.997471	0.838010	0.957669	0.957810
5750	0.941054	0.997554	0.997527	0.838142	0.957669	0.957810
5760	0.941121	0.997554	0.997527	0.838191	0.958167	0.958293
5770	0.941181	0.997554	0.997527	0.838238	0.957669	0.957865
5780	0.941366	0.997554	0.997527	0.838399	0.957669	0.957865
5790	0.941555	0.997554	0.997527	0.838614	0.957171	0.957363
5800	0.941691	0.997610	0.997582	0.838794	0.957669	0.957791
5810	0.941842	0.997666	0.997638	0.838876	0.957669	0.957791
5820	0.942007	0.997666	0.997638	0.839082	0.958167	0.958332
5830	0.942074	0.997666	0.997638	0.839110	0.958167	0.958332
5840	0.942161	0.997666	0.997638	0.839238	0.958167	0.958327
5850	0.942426	0.997832	0.997807	0.839573	0.957171	0.957430
5860	0.942688	0.997888	0.997864	0.839765	0.956673	0.956889
5870	0.942895	0.997944	0.997919	0.839940	0.956673	0.956889
5880	0.943083	0.998055	0.998032	0.840113	0.957669	0.957945
5890	0.943208	0.997944	0.997919	0.840194	0.957669	0.957945
5900	0.943329	0.998055	0.998032	0.840287	0.957669	0.957945
5910	0.943488	0.998055	0.998032	0.840529	0.958167	0.958500
5920	0.943668	0.998055	0.998032	0.840618	0.958167	0.958500
5930	0.943856	0.998110	0.998088	0.840825	0.958167	0.958397
5940	0.944005	0.998110	0.998088	0.840902	0.957669	0.957969
5950	0.944098	0.998110	0.998088	0.841046	0.958167	0.958510
5960	0.944232	0.998166	0.998146	0.841143	0.958167	0.958510
5970	0.944275	0.998221	0.998200	0.841179	0.958665	0.959043
5980	0.944419	0.998221	0.998200	0.841208	0.958665	0.959043
5990	0.944558	0.998277	0.998256	0.841369	0.958167	0.958605
6000	0.944737	0.998277	0.998256	0.841527	0.958167	0.958605
6010	0.944918	0.998221	0.998200	0.841691	0.958665	0.959043
6020	0.944957	0.998221	0.998200	0.841726	0.958167	0.958510
6030	0.945022	0.998221	0.998200	0.841839	0.958665	0.959043
6040	0.945224	0.998277	0.998257	0.842035	0.958665	0.959043
6050	0.945349	0.998277	0.998257	0.842061	0.958665	0.959043
6060	0.945454	0.998277	0.998257	0.842106	0.958665	0.959043
6070	0.945629	0.998444	0.998424	0.842227	0.958665	0.959043
6080	0.945717	0.998444	0.998424	0.842331	0.958665	0.959043
6090	0.945796	0.998388	0.998368	0.842415	0.959163	0.959502
6100	0.945966	0.998388	0.998368	0.842529	0.959163	0.959502
6110	0.946180	0.998388	0.998368	0.842695	0.959661	0.960029
6120	0.946315	0.998388	0.998368	0.842815	0.959163	0.959502
6130	0.946422	0.998388	0.998368	0.842944	0.959163	0.959502
6140	0.946560	0.998388	0.998368	0.843065	0.959163	0.959502
6150	0.946642	0.998388	0.998368	0.843133	0.959163	0.959502
6160	0.946708	0.998444	0.998424	0.843131	0.959163	0.959502
6170	0.946878	0.998444	0.998424	0.843250	0.959163	0.959502
6180	0.947010	0.998388	0.998368	0.843231	0.959661	0.960004
6190	0.947218	0.998444	0.998424	0.843270	0.959661	0.960004
6200	0.947380	0.998444	0.998424	0.843485	0.959661	0.960004
6210	0.947518	0.998555	0.998538	0.843710	0.959661	0.960004
6220	0.947720	0.998555	0.998538	0.843864	0.959163	0.959449
6230	0.947848	0.998555	0.998538	0.843759	0.959163	0.959449
6240	0.948015	0.998555	0.998537	0.843984	0.959661	0.959879
6250	0.948212	0.998555	0.998537	0.844028	0.959661	0.959879
6260	0.948362	0.998555	0.998538	0.844193	0.960159	0.960406
6270	0.948626	0.998555	0.998538	0.844462	0.960159	0.960406
6280	0.948816	0.998555	0.998538	0.844663	0.960159	0.960406
6290	0.948927	0.998555	0.998538	0.844770	0.960159	0.960406
6300	0.949066	0.998555	0.998538	0.844857	0.960159	0.960406
6310	0.949170	0.998555	0.998538	0.844960	0.960657	0.960962
6320	0.949339	0.998610	0.998594	0.845152	0.960657	0.960962
6330	0.949460	0.998610	0.998594	0.845246	0.960657	0.960962
6340	0.949604	0.998610	0.998594	0.845390	0.961155	0.961547
6350	0.949716	0.998610	0.998595	0.845526	0.961155	0.961547
6360	0.949843	0.998610	0.998595	0.845669	0.961155	0.961547
6370	0.949998	0.998610	0.998595	0.845794	0.960657	0.960962
6380	0.950069	0.998666	0.998651	0.845894	0.960657	0.960962
6390	0.950189	0.998610	0.998595	0.845995	0.960657	0.960962
6400	0.950321	0.998666	0.998651	0.846136	0.960159	0.960406
6410	0.950472	0.998722	0.998707	0.846263	0.960159	0.960406
6420	0.950619	0.998722	0.998707	0.846373	0.960159	0.960406
6430	0.950774	0.998722	0.998707	0.846507	0.960159	0.960406
6440	0.950846	0.998722	0.998707	0.846588	0.960159	0.960406
6450	0.950942	0.998722	0.998707	0.846718	0.961155	0.961332
6460	0.951033	0.998722	0.998706	0.846818	0.961155	0.961332
6470	0.951185	0.998722	0.998706	0.846961	0.961155	0.961332
6480	0.951275	0.998777	0.998763	0.847047	0.961155	0.961332
6490	0.951413	0.998833	0.998820	0.847187	0.961155	0.961332
6500	0.951485	0.998833	0.998820	0.847266	0.961155	0.961332
6510	0.951639	0.998833	0.998819	0.847287	0.960657	0.960787
6520	0.951718	0.998833	0.998820	0.847338	0.961155	0.961332
6530	0.951884	0.998833	0.998820	0.847491	0.961155	0.961332
6540	0.952031	0.998888	0.998877	0.847580	0.961155	0.961332
6550	0.952161	0.998888	0.998875	0.847693	0.961155	0.961332
6560	0.952314	0.998888	0.998875	0.847809	0.961155	0.961332
6570	0.952384	0.998888	0.998875	0.847806	0.961155	0.961332
6580	0.952489	0.998944	0.998931	0.848013	0.961155	0.961332
6590	0.952655	0.998944	0.998929	0.848163	0.961653	0.961879
6600	0.952814	0.998944	0.998927	0.848425	0.961653	0.961879
6610	0.952952	0.999000	0.998985	0.848575	0.961653	0.961879
6620	0.953046	0.999000	0.998984	0.848653	0.961155	0.961383
6630	0.953136	0.999000	0.998984	0.848679	0.961155	0.961383
6640	0.953177	0.999000	0.998984	0.848690	0.961155	0.961383
6650	0.953213	0.999000	0.998984	0.848765	0.961155	0.961383
6660	0.953236	0.999000	0.998984	0.848788	0.961155	0.961383
6670	0.953258	0.999000	0.998984	0.848814	0.961155	0.961383
6680	0.953287	0.999000	0.998984	0.848847	0.961155	0.961383
6690	0.953311	0.999000	0.998984	0.848921	0.961155	0.961383
6700	0.953335	0.999000	0.998984	0.848943	0.961155	0.961383
6710	0.953362	0.999000	0.998984	0.848976	0.961155	0.961383
6720	0.953474	0.999000	0.998984	0.849052	0.961155	0.961383
6730	0.953617	0.999000	0.998986	0.849185	0.962151	0.962402
6740	0.953754	0.999000	0.998986	0.849262	0.961653	0.961919
6750	0.953881	0.999000	0.998986	0.849330	0.961155	0.961364
6760	0.954027	0.999000	0.998986	0.849454	0.961155	0.961364
6770	0.954270	0.999000	0.998986	0.849654	0.961155	0.961364
6780	0.954364	0.999000	0.998986	0.849680	0.960657	0.960817
6790	0.954432	0.999000	0.998986	0.849751	0.961155	0.961372
6800	0.954565	0.999000	0.998986	0.849841	0.961155	0.961372
6810	0.954720	0.999000	0.998986	0.849957	0.961155	0.961372
6820	0.954903	0.999000	0.998986	0.850085	0.962151	0.962428
6830	0.954983	0.999000	0.998986	0.850152	0.961653	0.961917
6840	0.955147	0.999000	0.998986	0.850365	0.961653	0.961917
6850	0.955304	0.999000	0.998986	0.850495	0.961653	0.961917
6860	0.955435	0.999000	0.998986	0.850542	0.961653	0.961917
6870	0.955532	0.999000	0.998986	0.850587	0.961653	0.961917
6880	0.955591	0.999000	0.998986	0.850678	0.961653	0.961917
6890	0.955680	0.999000	0.998986	0.850725	0.961155	0.961370
6900	0.955791	0.999000	0.998986	0.850811	0.961653	0.961853
6910	0.955920	0.999000	0.998986	0.850911	0.961155	0.961385
6920	0.956033	0.999000	0.998984	0.851035	0.961653	0.961853
6930	0.956082	0.999000	0.998984	0.851101	0.961653	0.961853
6940	0.956181	0.999000	0.998985	0.851224	0.961653	0.961853
6950	0.956289	0.999000	0.998984	0.851292	0.961653	0.961853
6960	0.956408	0.999000	0.998986	0.851393	0.961653	0.961853
6970	0.956510	0.999000	0.998983	0.851420	0.961653	0.961830
6980	0.956577	0.999000	0.998983	0.851525	0.961653	0.961853
6990	0.956661	0.999000	0.998983	0.851617	0.961653	0.961853
7000	0.956835	0.999000	0.998983	0.851824	0.962151	0.962400
7010	0.956949	0.999000	0.998983	0.851917	0.962151	0.962371
7020	0.957030	0.999000	0.998983	0.851989	0.962151	0.962371
7030	0.957157	0.999000	0.998983	0.852061	0.962151	0.962400
7040	0.957287	0.999000	0.998982	0.852145	0.962151	0.962400
7050	0.957402	0.999000	0.998983	0.852252	0.962151	0.962400
7060	0.957494	0.999000	0.998983	0.852341	0.962151	0.962400
7070	0.957546	0.999000	0.998983	0.852362	0.962649	0.962943
7080	0.957622	0.999000	0.998983	0.852403	0.962649	0.962914
7090	0.957780	0.999000	0.998982	0.852537	0.962649	0.962914
7100	0.957923	0.999000	0.998981	0.852641	0.962649	0.962914
7110	0.957991	0.999000	0.998981	0.852693	0.962649	0.962914
7120	0.958099	0.999000	0.998981	0.852754	0.962151	0.962387
7130	0.958198	0.999000	0.998980	0.852840	0.962151	0.962387
7140	0.958245	0.999000	0.998981	0.852843	0.962151	0.962387
7150	0.958361	0.999000	0.998980	0.852928	0.962151	0.962387
7160	0.958490	0.999000	0.998981	0.853029	0.962151	0.962387
7170	0.958606	0.999000	0.998981	0.853161	0.962151	0.962387
7180	0.958719	0.999000	0.998980	0.853241	0.962151	0.962387
7190	0.958861	0.999000	0.998981	0.853309	0.962151	0.962387
7200	0.958924	0.999000	0.998981	0.853365	0.962649	0.962914
7210	0.958986	0.999000	0.998981	0.853395	0.962649	0.962914
7220	0.959046	0.999000	0.998981	0.853449	0.962649	0.962914
7230	0.959127	0.999000	0.998981	0.853542	0.962649	0.962914
7240	0.959231	0.999000	0.998981	0.853656	0.962649	0.962914
7250	0.959286	0.999000	0.998981	0.853673	0.962649	0.962914
7260	0.959337	0.999000	0.998981	0.853704	0.962151	0.962337
7270	0.959448	0.999000	0.998981	0.853819	0.962151	0.962337
7280	0.959547	0.999000	0.998982	0.853938	0.962151	0.962337
7290	0.959627	0.999000	0.998982	0.854032	0.962151	0.962366
7300	0.959664	0.999000	0.998982	0.854070	0.962151	0.962366
7310	0.959733	0.999000	0.998982	0.854087	0.962151	0.962366
7320	0.959883	0.999000	0.998982	0.854162	0.962151	0.962366
7330	0.959937	0.999000	0.998982	0.854248	0.962649	0.962837
7340	0.959984	0.999000	0.998982	0.854325	0.962649	0.962837
7350	0.960036	0.999000	0.998982	0.854389	0.962649	0.962837
7360	0.960084	0.999000	0.998982	0.854393	0.962649	0.962837
7370	0.960171	0.999000	0.998982	0.854516	0.962649	0.962837
7380	0.960191	0.999000	0.998983	0.854559	0.962649	0.962837
7390	0.960278	0.999000	0.998982	0.854628	0.962649	0.962837
7400	0.960351	0.999000	0.998983	0.854714	0.962649	0.962837
7410	0.960385	0.999000	0.998983	0.854734	0.962649	0.962837
7420	0.960440	0.999000	0.998983	0.854896	0.962649	0.962837
7430	0.960541	0.999000	0.998983	0.854972	0.962649	0.962837
7440	0.960628	0.999000	0.998983	0.855064	0.962649	0.962837
7450	0.960706	0.999000	0.998983	0.855124	0.962649	0.962837
7460	0.960805	0.999000	0.998982	0.855265	0.962649	0.962837
7470	0.960851	0.999000	0.998982	0.855343	0.962649	0.962837
7480	0.960920	0.999000	0.998982	0.855444	0.962649	0.962837
7490	0.960959	0.999000	0.998983	0.855482	0.962649	0.962837
7500	0.960995	0.999000	0.998983	0.855525	0.962649	0.962837
7510	0.961097	0.999000	0.998982	0.855567	0.962649	0.962837
7520	0.961137	0.999000	0.998982	0.855558	0.962649	0.962837
7530	0.961243	0.999000	0.998982	0.855667	0.962649	0.962866
7540	0.961336	0.999000	0.998982	0.855769	0.962649	0.962866
7550	0.961470	0.999000	0.998982	0.855968	0.962649	0.962866
7560	0.961578	0.999055	0.999039	0.856057	0.962649	0.962866
7570	0.961658	0.999055	0.999041	0.856148	0.962649	0.962801
7580	0.961718	0.999055	0.999041	0.856213	0.962649	0.962801
7590	0.961772	0.999111	0.999095	0.856228	0.962649	0.962801
7600	0.961802	0.999111	0.999095	0.856235	0.962649	0.962801
7610	0.961870	0.999111	0.999094	0.856320	0.962649	0.962801
7620	0.961970	0.999111	0.999094	0.856468	0.962649	0.962801
7630	0.962066	0.999111	0.999094	0.856520	0.962649	0.962801
7640	0.962117	0.999111	0.999094	0.856562	0.962649	0.962801
7650	0.962129	0.999111	0.999094	0.856569	0.962649	0.962801
7660	0.962204	0.999111	0.999094	0.856653	0.962649	0.962771
7670	0.962276	0.999111	0.999095	0.856633	0.962649	0.962801
7680	0.962359	0.999111	0.999095	0.856683	0.962649	0.962801
7690	0.962447	0.999111	0.999095	0.856714	0.962649	0.962801
7700	0.962535	0.999111	0.999095	0.856815	0.962649	0.962801
7710	0.962609	0.999111	0.999095	0.856870	0.962649	0.962801
7720	0.962672	0.999111	0.999095	0.856921	0.962649	0.962801
7730	0.962746	0.999111	0.999095	0.857007	0.962649	0.962801
7740	0.962832	0.999111	0.999095	0.857102	0.963147	0.963322
7750	0.962907	0.999111	0.999095	0.857187	0.963147	0.963322
7760	0.962994	0.999166	0.999152	0.857191	0.963147	0.963322
7770	0.963072	0.999166	0.999152	0.857313	0.963147	0.963322
7780	0.963172	0.999222	0.999209	0.857417	0.963147	0.963322
7790	0.963244	0.999222	0.999209	0.857498	0.963147	0.963322
7800	0.963298	0.999222	0.999209	0.857478	0.963147	0.963322
7810	0.963371	0.999222	0.999208	0.857515	0.963147	0.963322
7820	0.963437	0.999222	0.999208	0.857626	0.963147	0.963322
7830	0.963497	0.999222	0.999208	0.857793	0.963147	0.963322
7840	0.963579	0.999222	0.999208	0.857887	0.963147	0.963322
7850	0.963621	0.999222	0.999208	0.857925	0.963645	0.963898
7860	0.963734	0.999277	0.999264	0.858025	0.963645	0.963898
7870	0.963822	0.999277	0.999264	0.858149	0.963645	0.963898
7880	0.963886	0.999277	0.999264	0.858227	0.963645	0.963898
7890	0.963944	0.999277	0.999264	0.858254	0.963645	0.963898
7900	0.964026	0.999277	0.999265	0.858319	0.963645	0.963898
7910	0.964076	0.999277	0.999265	0.858285	0.963645	0.963898
7920	0.964100	0.999277	0.999265	0.858290	0.963645	0.963898
7930	0.964124	0.999277	0.999265	0.858248	0.963645	0.963898
7940	0.964154	0.999277	0.999265	0.858294	0.963645	0.963898
7950	0.964173	0.999277	0.999265	0.858302	0.963645	0.963898
7960	0.964191	0.999277	0.999265	0.858324	0.963645	0.963898
7970	0.964213	0.999277	0.999265	0.858338	0.963147	0.963441
7980	0.964231	0.999277	0.999265	0.858350	0.963147	0.963441
7990	0.964249	0.999277	0.999265	0.858381	0.963147	0.963441
8000	0.964262	0.999277	0.999265	0.858400	0.963147	0.963441
8010	0.964287	0.999277	0.999265	0.858470	0.963147	0.963441
8020	0.964307	0.999277	0.999265	0.858483	0.962649	0.962885
8030	0.964332	0.999277	0.999265	0.858514	0.962649	0.962885
8040	0.964364	0.999277	0.999265	0.858548	0.962649	0.962885
8050	0.964413	0.999277	0.999265	0.858595	0.962649	0.962885
8060	0.964480	0.999277	0.999265	0.858633	0.962649	0.962885
8070	0.964507	0.999277	0.999265	0.858601	0.962649	0.962885
8080	0.964566	0.999333	0.999320	0.858625	0.962649	0.962885
8090	0.964630	0.999333	0.999320	0.858729	0.962649	0.962885
8100	0.964682	0.999333	0.999320	0.858825	0.962151	0.962317
8110	0.964706	0.999333	0.999320	0.858917	0.962151	0.962317
8120	0.964771	0.999333	0.999320	0.859041	0.962151	0.962317
8130	0.964823	0.999389	0.999379	0.859098	0.962151	0.962317
8140	0.964875	0.999389	0.999379	0.859241	0.962649	0.962885
8150	0.964915	0.999389	0.999379	0.859280	0.962151	0.962317
8160	0.964966	0.999444	0.999435	0.859328	0.962649	0.962885
8170	0.965029	0.999444	0.999436	0.859358	0.962649	0.962885
8180	0.965104	0.999444	0.999436	0.859414	0.962649	0.962885
8190	0.965169	0.999500	0.999492	0.859499	0.962649	0.962885
8200	0.965206	0.999500	0.999492	0.859554	0.962649	0.962885
8210	0.965269	0.999500	0.999492	0.859576	0.962649	0.962885
8220	0.965328	0.999444	0.999435	0.859639	0.962649	0.962885
8230	0.965388	0.999444	0.999435	0.859645	0.962649	0.962858
8240	0.965524	0.999500	0.999492	0.859751	0.962649	0.962858
8250	0.965590	0.999500	0.999492	0.859789	0.962649	0.962858
8260	0.965656	0.999500	0.999492	0.859815	0.962649	0.962858
8270	0.965715	0.999444	0.999435	0.859869	0.962649	0.962818
8280	0.965767	0.999389	0.999379	0.859929	0.962649	0.962818
8290	0.965850	0.999444	0.999436	0.859990	0.962649	0.962818
8300	0.965957	0.999444	0.999434	0.860083	0.962649	0.962818
8310	0.966022	0.999444	0.999434	0.860131	0.962649	0.962818
8320	0.966081	0.999444	0.999434	0.860216	0.963147	0.963363
8330	0.966191	0.999500	0.999490	0.860304	0.963147	0.963363
8340	0.966261	0.999500	0.999490	0.860373	0.963147	0.963363
8350	0.966364	0.999500	0.999490	0.860353	0.963147	0.963363
8360	0.966420	0.999500	0.999490	0.860395	0.962649	0.963014
8370	0.966487	0.999500	0.999490	0.860458	0.962649	0.963014
8380	0.966525	0.999500	0.999490	0.860500	0.963147	0.963441
8390	0.966562	0.999500	0.999490	0.860546	0.963147	0.963441
8400	0.966644	0.999555	0.999547	0.860627	0.963147	0.963441
8410	0.966705	0.999555	0.999547	0.860725	0.963147	0.963441
8420	0.966772	0.999555	0.999547	0.860812	0.963147	0.963441
8430	0.966840	0.999611	0.999605	0.860896	0.963147	0.963441
8440	0.966867	0.999611	0.999605	0.860853	0.963147	0.963441
8450	0.966946	0.999667	0.999661	0.860950	0.962649	0.963014
8460	0.966995	0.999722	0.999718	0.860966	0.962151	0.962476
8470	0.967073	0.999667	0.999661	0.861030	0.962649	0.962965
8480	0.967137	0.999667	0.999661	0.861072	0.962649	0.962845
8490	0.967198	0.999667	0.999661	0.861146	0.962649	0.962903
8500	0.967270	0.999722	0.999718	0.861253	0.962151	0.962335
8510	0.967332	0.999722	0.999718	0.861252	0.962151	0.962335
8520	0.967374	0.999722	0.999718	0.861325	0.962151	0.962305
8530	0.967398	0.999722	0.999718	0.861367	0.962151	0.962335
8540	0.967465	0.999722	0.999718	0.861462	0.962151	0.962335
8550	0.967496	0.999722	0.999718	0.861479	0.962151	0.962335
8560	0.967517	0.999722	0.999718	0.861491	0.962151	0.962335
8570	0.967605	0.999722	0.999718	0.861550	0.962649	0.962903
8580	0.967666	0.999722	0.999718	0.861583	0.963147	0.963392
8590	0.967735	0.999722	0.999718	0.861581	0.963147	0.963392
8600	0.967766	0.999722	0.999718	0.861656	0.963147	0.963363
8610	0.967785	0.999722	0.999718	0.861611	0.963147	0.963363
8620	0.967801	0.999722	0.999718	0.861584	0.963147	0.963363
8630	0.967820	0.999722	0.999718	0.861586	0.962649	0.962795
8640	0.967881	0.999722	0.999718	0.861644	0.962649	0.962795
8650	0.967926	0.999722	0.999718	0.861649	0.963147	0.963363
8660	0.967973	0.999722	0.999718	0.861672	0.963147	0.963363
8670	0.968030	0.999722	0.999718	0.861774	0.963147	0.963433
8680	0.968078	0.999722	0.999718	0.861820	0.963147	0.963363
8690	0.968136	0.999722	0.999718	0.861866	0.963147	0.963363
8700	0.968165	0.999722	0.999718	0.861917	0.963147	0.963363
8710	0.968245	0.999722	0.999718	0.862021	0.962649	0.962865
8720	0.968299	0.999722	0.999718	0.862015	0.962649	0.962795
8730	0.968384	0.999722	0.999718	0.862121	0.962649	0.962865
8740	0.968478	0.999722	0.999718	0.862288	0.963147	0.963360
8750	0.968541	0.999722	0.999718	0.862295	0.963147	0.963360
8760	0.968630	0.999722	0.999718	0.862300	0.963147	0.963360
8770	0.968724	0.999722	0.999718	0.862305	0.963147	0.963360
8780	0.968771	0.999722	0.999718	0.862432	0.963147	0.963360
8790	0.968823	0.999722	0.999718	0.862587	0.963147	0.963360
8800	0.968875	0.999722	0.999718	0.862629	0.963147	0.963360
8810	0.968925	0.999722	0.999718	0.862684	0.963147	0.963360
8820	0.968973	0.999722	0.999718	0.862743	0.963147	0.963290
8830	0.969070	0.999722	0.999718	0.862776	0.963147	0.963290
8840	0.969099	0.999722	0.999718	0.862781	0.963147	0.963290
8850	0.969123	0.999722	0.999718	0.862773	0.963147	0.963290
8860	0.969138	0.999722	0.999718	0.862769	0.963147	0.963290
8870	0.969157	0.999722	0.999718	0.862792	0.963147	0.963290
8880	0.969169	0.999722	0.999718	0.862789	0.963147	0.963290
8890	0.969183	0.999722	0.999718	0.862790	0.963147	0.963290
8900	0.969198	0.999722	0.999718	0.862770	0.963147	0.963290
8910	0.969218	0.999722	0.999718	0.862742	0.963147	0.963290
8920	0.969235	0.999722	0.999718	0.862736	0.963147	0.963290
8930	0.969248	0.999722	0.999718	0.862734	0.963147	0.963290
8940	0.969270	0.999722	0.999718	0.862697	0.963147	0.963290
8950	0.969286	0.999722	0.999718	0.862561	0.963147	0.963356
8960	0.969296	0.999722	0.999718	0.862516	0.963147	0.963356
8970	0.969310	0.999722	0.999718	0.862527	0.963147	0.963356
8980	0.969321	0.999722	0.999718	0.862526	0.963147	0.963356
8990	0.969333	0.999722	0.999718	0.862557	0.963147	0.963356
9000	0.969350	0.999722	0.999718	0.862577	0.963147	0.963356
9010	0.969422	0.999722	0.999718	0.862624	0.963147	0.963396
9020	0.969473	0.999722	0.999718	0.862633	0.963147	0.963396
9030	0.969494	0.999722	0.999718	0.862624	0.963147	0.963396
9040	0.969512	0.999722	0.999718	0.862620	0.963147	0.963396
9050	0.969591	0.999722	0.999718	0.862699	0.963147	0.963396
9060	0.969663	0.999722	0.999718	0.862753	0.963147	0.963396
9070	0.969674	0.999722	0.999718	0.862752	0.963147	0.963396
9080	0.969688	0.999722	0.999718	0.862762	0.963147	0.963396
9090	0.969747	0.999722	0.999718	0.862826	0.963147	0.963396
9100	0.969802	0.999722	0.999718	0.862845	0.963147	0.963396
9110	0.969827	0.999722	0.999718	0.862917	0.963147	0.963396
9120	0.969869	0.999722	0.999718	0.862977	0.963147	0.963396
9130	0.969956	0.999722	0.999718	0.863077	0.963147	0.963356
9140	0.970013	0.999722	0.999718	0.863186	0.963147	0.963396
9150	0.970068	0.999722	0.999718	0.863262	0.963147	0.963356
9160	0.970140	0.999722	0.999718	0.863366	0.963147	0.963356
9170	0.970175	0.999722	0.999718	0.863396	0.963147	0.963356
9180	0.970232	0.999722	0.999718	0.863451	0.963147	0.963356
9190	0.970257	0.999722	0.999718	0.863474	0.963147	0.963356
9200	0.970284	0.999722	0.999718	0.863507	0.963147	0.963356
9210	0.970378	0.999722	0.999718	0.863596	0.963147	0.963356
9220	0.970445	0.999722	0.999718	0.863704	0.963147	0.963356
9230	0.970478	0.999722	0.999718	0.863709	0.963147	0.963356
9240	0.970554	0.999722	0.999718	0.863761	0.963147	0.963356
9250	0.970629	0.999722	0.999718	0.863804	0.963147	0.963356
9260	0.970680	0.999722	0.999718	0.863806	0.963147	0.963356
9270	0.970720	0.999722	0.999718	0.863867	0.962649	0.962827
9280	0.970771	0.999722	0.999718	0.863969	0.963645	0.963873
9290	0.970798	0.999722	0.999718	0.863987	0.963645	0.963873
9300	0.970824	0.999722	0.999718	0.864021	0.964143	0.964335
9310	0.970851	0.999722	0.999718	0.864063	0.963645	0.963873
9320	0.970937	0.999722	0.999718	0.864238	0.963645	0.963873
9330	0.970976	0.999722	0.999718	0.864225	0.963147	0.963356
9340	0.971064	0.999722	0.999718	0.864338	0.962649	0.962827
9350	0.971117	0.999722	0.999718	0.864341	0.962649	0.962827
9360	0.971181	0.999722	0.999718	0.864419	0.962649	0.962827
9370	0.971239	0.999722	0.999718	0.864483	0.962649	0.962827
9380	0.971275	0.999722	0.999718	0.864524	0.962649	0.962827
9390	0.971331	0.999722	0.999718	0.864615	0.962649	0.962827
9400	0.971386	0.999722	0.999718	0.864682	0.962649	0.962827
9410	0.971451	0.999722	0.999718	0.864755	0.963147	0.963356
9420	0.971513	0.999722	0.999718	0.864870	0.963147	0.963356
9430	0.971557	0.999722	0.999718	0.864890	0.962649	0.962867
9440	0.971619	0.999722	0.999718	0.864975	0.962649	0.962867
9450	0.971648	0.999722	0.999718	0.864948	0.963147	0.963356
9460	0.971693	0.999722	0.999718	0.864961	0.963147	0.963356
9470	0.971741	0.999722	0.999718	0.864995	0.963147	0.963356
9480	0.971791	0.999722	0.999718	0.865047	0.963147	0.963356
9490	0.971835	0.999722	0.999718	0.865095	0.963147	0.963356
9500	0.971893	0.999778	0.999774	0.865108	0.963147	0.963356
9510	0.971951	0.999778	0.999774	0.865150	0.963147	0.963356
9520	0.972016	0.999833	0.999831	0.865245	0.963147	0.963356
9530	0.972050	0.999833	0.999831	0.865292	0.963147	0.963356
9540	0.972114	0.999833	0.999831	0.865376	0.963147	0.963356
9550	0.972174	0.999833	0.999831	0.865395	0.963147	0.963356
9560	0.972206	0.999833	0.999831	0.865388	0.963147	0.963356
9570	0.972262	0.999833	0.999831	0.865546	0.963147	0.963356
9580	0.972306	0.999833	0.999831	0.865589	0.963147	0.963356
9590	0.972352	0.999833	0.999831	0.865671	0.963147	0.963356
9600	0.972425	0.999833	0.999831	0.865760	0.963147	0.963356
9610	0.972471	0.999833	0.999831	0.865819	0.963645	0.963856
9620	0.972519	0.999833	0.999831	0.865871	0.963147	0.963297
9630	0.972572	0.999833	0.999831	0.865970	0.963147	0.963297
9640	0.972627	0.999833	0.999831	0.866057	0.963147	0.963297
9650	0.972685	0.999833	0.999831	0.866098	0.963147	0.963297
9660	0.972755	0.999833	0.999831	0.866117	0.963147	0.963297
9670	0.972808	0.999833	0.999831	0.866153	0.963147	0.963297
9680	0.972870	0.999833	0.999831	0.866290	0.963147	0.963297
9690	0.972933	0.999889	0.999887	0.866420	0.963147	0.963297
9700	0.972970	0.999889	0.999887	0.866461	0.963147	0.963297
9710	0.973012	0.999889	0.999887	0.866476	0.963147	0.963297
9720	0.973068	0.999889	0.999887	0.866504	0.963147	0.963297
9730	0.973128	0.999889	0.999887	0.866572	0.963147	0.963297
9740	0.973169	0.999889	0.999887	0.866592	0.963147	0.963297
9750	0.973211	0.999889	0.999887	0.866604	0.963147	0.963297
9760	0.973230	0.999889	0.999887	0.866595	0.963147	0.963297
9770	0.973279	0.999889	0.999887	0.866565	0.963147	0.963297
9780	0.973321	0.999889	0.999887	0.866608	0.963147	0.963297
9790	0.973373	0.999889	0.999887	0.866620	0.963147	0.963297
9800	0.973395	0.999889	0.999887	0.866673	0.963147	0.963297
9810	0.973446	0.999889	0.999887	0.866691	0.963147	0.963297
9820	0.973465	0.999889	0.999887	0.866755	0.963147	0.963297
9830	0.973484	0.999889	0.999887	0.866812	0.963147	0.963297
9840	0.973535	0.999889	0.999887	0.866874	0.963147	0.963297
9850	0.973552	0.999889	0.999887	0.866877	0.963147	0.963297
9860	0.973595	0.999889	0.999887	0.866901	0.963147	0.963297
9870	0.973643	0.999889	0.999887	0.866993	0.963147	0.963297
9880	0.973673	0.999889	0.999887	0.867057	0.963147	0.963297
9890	0.973718	0.999889	0.999887	0.867084	0.963147	0.963297
9900	0.973773	0.999889	0.999887	0.867182	0.963147	0.963297
9910	0.973818	0.999889	0.999887	0.867260	0.962649	0.962767
9920	0.973872	0.999889	0.999887	0.867311	0.962649	0.962767
9930	0.973926	0.999889	0.999887	0.867415	0.962649	0.962767
9940	0.973958	0.999889	0.999887	0.867454	0.962649	0.962767
9950	0.973989	0.999889	0.999887	0.867481	0.962649	0.962767
9960	0.974032	0.999889	0.999887	0.867495	0.962649	0.962767
9970	0.974084	0.999889	0.999887	0.867509	0.962649	0.962767
9980	0.974112	0.999889	0.999887	0.867501	0.962649	0.962767
9990	0.974130	0.999889	0.999887	0.867485	0.962649	0.962767
10000	0.974151	0.999889	0.999887	0.867506	0.962649	0.962767
