10	0.066108	0.336191	0.303594	0.065443	0.327434	0.298947
20	0.109824	0.582333	0.595214	0.105836	0.561166	0.582797
30	0.158983	0.693235	0.700183	0.154242	0.670484	0.681985
40	0.188704	0.715194	0.724953	0.181789	0.686622	0.701975
50	0.213222	0.727750	0.736708	0.203145	0.705362	0.721446
60	0.238877	0.745727	0.751914	0.227086	0.720979	0.734483
70	0.261076	0.758560	0.763802	0.246562	0.733993	0.746332
80	0.278841	0.769456	0.772714	0.261179	0.742322	0.751223
90	0.299627	0.780464	0.782021	0.280353	0.758980	0.766909
100	0.318395	0.791526	0.791051	0.297695	0.769391	0.774542
110	0.328798	0.797389	0.796244	0.306602	0.769912	0.775487
120	0.341907	0.802478	0.800210	0.318203	0.777720	0.780179
130	0.355382	0.811660	0.808067	0.329763	0.778240	0.780446
140	0.365856	0.814979	0.810825	0.337843	0.783967	0.784691
150	0.378097	0.820178	0.815061	0.349131	0.790213	0.789917
160	0.387884	0.824382	0.818845	0.358938	0.795419	0.794404
170	0.402018	0.830909	0.824363	0.371778	0.799584	0.796816
180	0.411536	0.836274	0.828707	0.379693	0.805830	0.801862
190	0.420207	0.839427	0.831717	0.386679	0.804269	0.801138
200	0.431841	0.845014	0.836465	0.396982	0.812598	0.808937
210	0.439177	0.847613	0.838897	0.402650	0.814680	0.810629
220	0.448375	0.851872	0.842705	0.410809	0.817803	0.812622
230	0.456887	0.856131	0.846363	0.418505	0.823009	0.817509
240	0.466796	0.859174	0.848805	0.426306	0.824050	0.817973
250	0.478809	0.864207	0.852819	0.436218	0.826653	0.820120
260	0.487870	0.868356	0.856352	0.443939	0.833420	0.825586
270	0.492732	0.869683	0.857513	0.447595	0.834982	0.826954
280	0.498716	0.872615	0.860123	0.452814	0.836023	0.827723
290	0.505314	0.875878	0.862882	0.457848	0.838626	0.829493
300	0.512157	0.878367	0.864904	0.463718	0.841229	0.831782
310	0.517780	0.880027	0.866347	0.467976	0.843831	0.834194
320	0.525105	0.883069	0.868727	0.473177	0.846434	0.835912
330	0.528665	0.884949	0.870449	0.476477	0.846955	0.836495
340	0.533427	0.885613	0.871116	0.480612	0.846955	0.836139
350	0.538002	0.887217	0.872601	0.483983	0.847996	0.837323
360	0.543745	0.889153	0.874408	0.488033	0.850599	0.839503
370	0.551553	0.892306	0.877281	0.495400	0.853722	0.842260
380	0.557020	0.893855	0.878655	0.499001	0.851640	0.839944
390	0.562553	0.895514	0.880252	0.502026	0.850599	0.838957
400	0.566925	0.897008	0.881574	0.505613	0.851640	0.839866
410	0.571352	0.897671	0.882191	0.509274	0.854763	0.842798
420	0.576816	0.899054	0.883473	0.513552	0.856325	0.844169
430	0.581340	0.900603	0.884870	0.516523	0.857366	0.845363
440	0.584961	0.901764	0.885960	0.518777	0.857887	0.845774
450	0.587901	0.902815	0.886976	0.520848	0.858407	0.845928
460	0.590106	0.903258	0.887373	0.522669	0.859448	0.847024
470	0.595173	0.904973	0.888856	0.526546	0.861530	0.848763
480	0.598507	0.905968	0.889832	0.528482	0.861530	0.848757
490	0.603016	0.907351	0.891062	0.532056	0.864133	0.851469
500	0.608051	0.908679	0.892292	0.536292	0.865695	0.852512
510	0.612316	0.909508	0.893125	0.539817	0.865695	0.852756
520	0.618055	0.911334	0.894730	0.545776	0.867257	0.854298
530	0.621578	0.911942	0.895282	0.548568	0.867777	0.854689
540	0.623575	0.912550	0.895857	0.550320	0.867777	0.854770
550	0.626743	0.913823	0.897005	0.552718	0.868818	0.856042
560	0.631731	0.915040	0.898148	0.558978	0.872983	0.859845
570	0.635319	0.915703	0.898759	0.562138	0.874024	0.860905
580	0.638526	0.916975	0.899961	0.565142	0.876627	0.863516
590	0.641662	0.918580	0.901513	0.567627	0.877147	0.863560
600	0.645268	0.919243	0.901996	0.569066	0.878709	0.864694
610	0.648414	0.920847	0.903487	0.572178	0.881312	0.867377
620	0.651619	0.921898	0.904469	0.574900	0.880271	0.866507
630	0.654077	0.922783	0.905309	0.576671	0.880791	0.867002
640	0.656855	0.923834	0.906260	0.579324	0.881312	0.867553
650	0.660083	0.924830	0.907143	0.581373	0.883394	0.869423
660	0.663294	0.925438	0.907647	0.583570	0.884435	0.870585
670	0.665882	0.926213	0.908382	0.585119	0.884956	0.870722
680	0.667539	0.927208	0.909321	0.586446	0.885997	0.871895
690	0.670905	0.927374	0.909505	0.589298	0.885476	0.871413
700	0.673254	0.927927	0.910035	0.590928	0.885476	0.871165
710	0.676595	0.929089	0.911162	0.594205	0.886517	0.872135
720	0.680003	0.930417	0.912431	0.597061	0.888600	0.873720
730	0.682361	0.931357	0.913305	0.598495	0.887559	0.872824
740	0.683875	0.931302	0.913251	0.599636	0.887038	0.872432
750	0.686223	0.932021	0.913834	0.601430	0.887038	0.872091
760	0.688334	0.932408	0.914242	0.603242	0.888600	0.873589
770	0.690271	0.932740	0.914538	0.604769	0.888600	0.873580
780	0.692223	0.933072	0.914820	0.606116	0.890161	0.874754
790	0.694279	0.933625	0.915306	0.607417	0.889641	0.874241
800	0.696392	0.934122	0.915767	0.609045	0.891202	0.875752
810	0.698272	0.934454	0.916090	0.610672	0.891723	0.876551
820	0.699946	0.934565	0.916178	0.611531	0.892764	0.877477
830	0.701292	0.934952	0.916545	0.612523	0.892764	0.877461
840	0.703305	0.935561	0.917132	0.614097	0.891723	0.876425
850	0.704847	0.935837	0.917381	0.615833	0.892244	0.876791
860	0.706980	0.936114	0.917614	0.617698	0.894326	0.878704
870	0.709251	0.936612	0.918090	0.619040	0.893285	0.877496
880	0.711080	0.937331	0.918790	0.620560	0.893805	0.878095
890	0.712110	0.937718	0.919157	0.621214	0.893805	0.878095
900	0.713528	0.938050	0.919471	0.622282	0.893805	0.878049
910	0.716172	0.938990	0.920373	0.625222	0.895367	0.879520
920	0.718055	0.939377	0.920725	0.626287	0.895367	0.879616
930	0.719734	0.939432	0.920757	0.627820	0.896929	0.881185
940	0.721345	0.940152	0.921412	0.628901	0.897449	0.881814
950	0.723063	0.940594	0.921863	0.630213	0.897970	0.882230
960	0.724521	0.940981	0.922206	0.631483	0.899531	0.883761
970	0.726140	0.941258	0.922488	0.632767	0.899531	0.884036
980	0.728049	0.941479	0.922685	0.634303	0.898490	0.882771
990	0.729543	0.941977	0.923135	0.635610	0.900052	0.884214
1000	0.731155	0.942530	0.923642	0.636833	0.900573	0.884716
1010	0.733175	0.943028	0.924085	0.639308	0.902134	0.886474
1020	0.734287	0.943304	0.924350	0.640545	0.903175	0.887361
1030	0.735060	0.943194	0.924241	0.641020	0.901614	0.886006
1040	0.736266	0.943581	0.924598	0.641955	0.902134	0.886528
1050	0.737160	0.943581	0.924557	0.642513	0.903175	0.887527
1060	0.738193	0.944134	0.925086	0.643138	0.904737	0.888946
1070	0.739584	0.944466	0.925443	0.643874	0.904737	0.888993
1080	0.740744	0.944466	0.925410	0.644763	0.904217	0.888393
1090	0.742055	0.944908	0.925835	0.645438	0.903696	0.887859
1100	0.742894	0.945074	0.925972	0.646135	0.903175	0.887359
1110	0.743956	0.944908	0.925814	0.647097	0.903175	0.887362
1120	0.745509	0.945240	0.926135	0.648444	0.903175	0.887395
1130	0.747394	0.945904	0.926774	0.649371	0.903175	0.887390
1140	0.748718	0.946291	0.927123	0.650755	0.904217	0.888281
1150	0.749934	0.946457	0.927301	0.651640	0.904737	0.888795
1160	0.751013	0.946402	0.927245	0.652886	0.904737	0.889101
1170	0.751819	0.946623	0.927457	0.653488	0.904737	0.888789
1180	0.752585	0.946844	0.927678	0.654012	0.904737	0.888783
1190	0.753237	0.947121	0.927947	0.654592	0.904217	0.888322
1200	0.754327	0.947287	0.928071	0.655521	0.904737	0.888881
1210	0.755274	0.947563	0.928358	0.656131	0.903696	0.887618
1220	0.756037	0.947674	0.928466	0.656631	0.903696	0.887799
1230	0.756733	0.947674	0.928461	0.657384	0.904217	0.888051
1240	0.757875	0.948283	0.929033	0.658843	0.903696	0.887562
1250	0.758845	0.948283	0.929024	0.660127	0.904217	0.888051
1260	0.759770	0.948559	0.929255	0.661094	0.904737	0.888749
1270	0.760360	0.948725	0.929431	0.661599	0.904217	0.888248
1280	0.761702	0.949168	0.929865	0.662986	0.904737	0.888752
1290	0.762558	0.949555	0.930240	0.663688	0.905778	0.889735
1300	0.763730	0.949665	0.930330	0.664410	0.904737	0.888959
1310	0.764756	0.949776	0.930459	0.665328	0.905258	0.889282
1320	0.765838	0.950108	0.930769	0.666128	0.906819	0.890874
1330	0.766695	0.950163	0.930797	0.666894	0.906299	0.890449
1340	0.767704	0.950274	0.931055	0.667765	0.906299	0.890764
1350	0.768836	0.950108	0.930705	0.668636	0.906299	0.890475
1360	0.769407	0.950329	0.930923	0.668977	0.906299	0.890464
1370	0.770417	0.950661	0.931239	0.669573	0.906299	0.890611
1380	0.771435	0.950716	0.931305	0.670390	0.906819	0.891066
1390	0.772341	0.950827	0.931393	0.670969	0.906299	0.890675
1400	0.774351	0.951767	0.951959	0.672954	0.906299	0.891231
1410	0.775563	0.953648	0.953713	0.674131	0.907340	0.911048
1420	0.776378	0.955418	0.955484	0.674883	0.908902	0.912378
1430	0.776931	0.954588	0.954666	0.675426	0.909422	0.912761
1440	0.777924	0.955916	0.956035	0.676344	0.912025	0.915066
1450	0.778832	0.957741	0.957800	0.677271	0.913587	0.916324
1460	0.779564	0.957630	0.957693	0.677976	0.914107	0.917079
1470	0.780611	0.958958	0.959005	0.678916	0.916189	0.918796
1480	0.782751	0.961889	0.961906	0.681078	0.917231	0.919675
1490	0.784089	0.963328	0.963330	0.682419	0.918272	0.920691
1500	0.785093	0.964379	0.964364	0.683408	0.918792	0.921140
1510	0.785942	0.965264	0.965243	0.684101	0.919833	0.921952
1520	0.787185	0.966315	0.966306	0.685264	0.920354	0.922400
1530	0.788578	0.967476	0.967449	0.686675	0.920354	0.922515
1540	0.789345	0.967753	0.967733	0.687442	0.920875	0.923094
1550	0.790183	0.968140	0.968117	0.688281	0.922436	0.924424
1560	0.790961	0.968638	0.968622	0.689056	0.922957	0.924925
1570	0.791613	0.968748	0.968724	0.689603	0.923998	0.925924
1580	0.792365	0.969301	0.969263	0.690370	0.923477	0.925375
1590	0.793437	0.969689	0.969646	0.691591	0.924518	0.926372
1600	0.795399	0.970574	0.970521	0.693662	0.925560	0.927428
1610	0.796157	0.971127	0.971074	0.694412	0.926080	0.928031
1620	0.797149	0.971403	0.971347	0.695363	0.925560	0.927514
1630	0.797958	0.971459	0.971403	0.696096	0.926601	0.928532
1640	0.799205	0.971956	0.971896	0.697239	0.926601	0.928333
1650	0.799905	0.971956	0.971896	0.697891	0.926601	0.928281
1660	0.801398	0.972454	0.972393	0.699285	0.927121	0.928776
1670	0.802014	0.972731	0.972663	0.699903	0.927121	0.928776
1680	0.802608	0.972897	0.972825	0.700465	0.927121	0.928776
1690	0.803235	0.973118	0.973045	0.701026	0.927121	0.928776
1700	0.804500	0.973560	0.973479	0.702152	0.927121	0.928776
1710	0.806842	0.974556	0.974480	0.704175	0.927121	0.928776
1720	0.807604	0.974611	0.974531	0.704723	0.927642	0.929359
1730	0.808447	0.974722	0.974645	0.705474	0.928162	0.929819
1740	0.809555	0.974999	0.974915	0.706662	0.928162	0.929819
1750	0.810224	0.974999	0.974908	0.707282	0.928683	0.930261
1760	0.810966	0.974943	0.974854	0.707935	0.928683	0.930261
1770	0.811525	0.975165	0.975072	0.708539	0.928683	0.930227
1780	0.812067	0.975330	0.975239	0.709036	0.929204	0.930713
1790	0.813571	0.975607	0.975515	0.710485	0.929724	0.931204
1800	0.814641	0.975939	0.975852	0.711788	0.929724	0.931310
1810	0.815234	0.976105	0.976017	0.712330	0.929724	0.931310
1820	0.816825	0.976381	0.976284	0.713856	0.929724	0.931310
1830	0.817733	0.976658	0.976558	0.714861	0.930765	0.932328
1840	0.818333	0.976824	0.976721	0.715452	0.931286	0.932793
1850	0.818917	0.977101	0.977000	0.716057	0.931286	0.932785
1860	0.819588	0.977266	0.977160	0.716792	0.931806	0.933284
1870	0.820059	0.977432	0.977326	0.717243	0.931806	0.933310
1880	0.820474	0.977432	0.977327	0.717598	0.931806	0.933212
1890	0.821394	0.977432	0.977325	0.718525	0.932327	0.933684
1900	0.822053	0.977488	0.977384	0.719139	0.933368	0.934797
1910	0.822771	0.977709	0.977603	0.719760	0.933889	0.935339
1920	0.823613	0.978041	0.977937	0.720573	0.934930	0.936383
1930	0.824281	0.978373	0.978265	0.721095	0.934409	0.935879
1940	0.825191	0.978483	0.978376	0.721921	0.934930	0.936441
1950	0.825635	0.978539	0.978431	0.722444	0.934409	0.935879
1960	0.826380	0.979092	0.978985	0.723168	0.934409	0.935879
1970	0.826881	0.979147	0.979039	0.723459	0.934409	0.935879
1980	0.827324	0.979313	0.979208	0.723737	0.934930	0.936296
1990	0.827892	0.979866	0.979759	0.724186	0.937533	0.938589
2000	0.828788	0.980364	0.980241	0.724950	0.938053	0.939128
2010	0.829495	0.980585	0.980460	0.725639	0.938053	0.939062
2020	0.830599	0.980972	0.980852	0.726599	0.938053	0.939062
2030	0.831223	0.980972	0.980856	0.727284	0.938574	0.939523
2040	0.831925	0.981083	0.980960	0.727903	0.939094	0.940047
2050	0.832617	0.981194	0.981073	0.728410	0.939094	0.940047
2060	0.833386	0.981249	0.981132	0.729131	0.939094	0.940011
2070	0.833897	0.981194	0.981076	0.729565	0.938574	0.939512
2080	0.834289	0.981360	0.981240	0.729832	0.938574	0.939512
2090	0.834648	0.981526	0.981402	0.730191	0.939094	0.939939
2100	0.835114	0.981636	0.981508	0.730563	0.939615	0.940488
2110	0.835842	0.981636	0.981509	0.731107	0.939615	0.940488
2120	0.836445	0.981747	0.981616	0.731625	0.939615	0.940419
2130	0.837185	0.981857	0.981725	0.732321	0.939615	0.940412
2140	0.837724	0.981802	0.981675	0.732865	0.939094	0.939854
2150	0.838026	0.981857	0.981729	0.733127	0.939094	0.939854
2160	0.838611	0.981857	0.981732	0.733736	0.939615	0.940301
2170	0.838996	0.982079	0.981954	0.733955	0.939615	0.940301
2180	0.839472	0.982134	0.982008	0.734440	0.939094	0.939880
2190	0.839855	0.982300	0.982173	0.734702	0.939094	0.939880
2200	0.840413	0.982355	0.982224	0.735122	0.939094	0.939879
2210	0.840945	0.982576	0.982439	0.735517	0.938574	0.939418
2220	0.841669	0.982521	0.982385	0.736077	0.938574	0.939418
2230	0.842214	0.982742	0.982603	0.736480	0.939094	0.939908
2240	0.842753	0.982687	0.982549	0.736889	0.939615	0.940509
2250	0.843275	0.982853	0.982713	0.737617	0.939615	0.940509
2260	0.843676	0.982742	0.982603	0.737980	0.939615	0.940509
2270	0.844016	0.982964	0.982825	0.738327	0.940135	0.941018
2280	0.844626	0.983019	0.982879	0.739001	0.941176	0.942022
2290	0.845482	0.983240	0.983098	0.740094	0.940656	0.941513
2300	0.845898	0.983185	0.983046	0.740384	0.941176	0.942014
2310	0.846650	0.983130	0.982992	0.741135	0.940656	0.941505
2320	0.847386	0.983240	0.983102	0.741813	0.940656	0.941470
2330	0.847784	0.983351	0.983211	0.742148	0.940656	0.941470
2340	0.848075	0.983351	0.983210	0.742536	0.940656	0.941470
2350	0.848345	0.983296	0.983156	0.742872	0.940656	0.941470
2360	0.848743	0.983517	0.983375	0.743119	0.940656	0.941470
2370	0.849093	0.983572	0.983430	0.743399	0.940656	0.941470
2380	0.849573	0.983738	0.983595	0.743771	0.940656	0.941441
2390	0.850111	0.983683	0.983539	0.744322	0.939615	0.940352
2400	0.850652	0.983904	0.983760	0.744602	0.939615	0.940352
2410	0.851373	0.984070	0.983927	0.745391	0.939615	0.940354
2420	0.851936	0.984070	0.983924	0.745776	0.939615	0.940352
2430	0.852455	0.984125	0.983980	0.746337	0.940135	0.940940
2440	0.853345	0.984402	0.984260	0.747346	0.940135	0.940772
2450	0.853708	0.984623	0.984477	0.747584	0.940135	0.940772
2460	0.854122	0.984734	0.984587	0.747941	0.940135	0.940772
2470	0.854572	0.984789	0.984640	0.748262	0.940135	0.940772
2480	0.855077	0.984678	0.984528	0.748719	0.940656	0.941361
2490	0.855553	0.984734	0.984584	0.749205	0.940656	0.941361
2500	0.856005	0.984900	0.984748	0.749624	0.940656	0.941361
2510	0.856381	0.984900	0.984752	0.749904	0.940656	0.941364
2520	0.856862	0.984844	0.984695	0.750231	0.941176	0.941797
2530	0.857314	0.984844	0.984694	0.750539	0.941176	0.941797
2540	0.857955	0.985010	0.984862	0.751096	0.941697	0.942336
2550	0.858455	0.985066	0.984919	0.751554	0.941697	0.942336
2560	0.859108	0.985176	0.985032	0.752343	0.942218	0.942833
2570	0.859484	0.985176	0.985030	0.752748	0.942218	0.942838
2580	0.860246	0.985176	0.985034	0.753503	0.942218	0.942838
2590	0.860562	0.985176	0.985031	0.753835	0.942218	0.942838
2600	0.861060	0.985176	0.985028	0.754203	0.942218	0.942838
2610	0.861270	0.985231	0.985078	0.754380	0.942218	0.942838
2620	0.861445	0.985231	0.985078	0.754541	0.942218	0.942838
2630	0.861689	0.985231	0.985080	0.754798	0.942218	0.942838
2640	0.861898	0.985287	0.985135	0.754979	0.942218	0.942838
2650	0.862188	0.985453	0.985304	0.755152	0.942218	0.942838
2660	0.862540	0.985397	0.985247	0.755450	0.942218	0.942838
2670	0.862841	0.985397	0.985252	0.755624	0.942218	0.942867
2680	0.863145	0.985563	0.985416	0.755830	0.941697	0.942341
2690	0.863679	0.985729	0.985576	0.756292	0.941697	0.942341
2700	0.864084	0.985840	0.985687	0.756609	0.941697	0.942380
2710	0.864528	0.985951	0.985801	0.757046	0.941697	0.942341
2720	0.864940	0.985840	0.985688	0.757335	0.941697	0.942413
2730	0.865209	0.985840	0.985688	0.757508	0.941697	0.942413
2740	0.865609	0.985895	0.985743	0.757633	0.942218	0.942896
2750	0.865987	0.986116	0.985965	0.757925	0.942218	0.942959
2760	0.866532	0.986227	0.986078	0.758367	0.942218	0.942917
2770	0.866869	0.986282	0.986130	0.758757	0.941176	0.941887
2780	0.867187	0.986393	0.986244	0.759021	0.941697	0.942364
2790	0.867596	0.986504	0.986357	0.759442	0.941697	0.942317
2800	0.868068	0.986614	0.986463	0.759784	0.941697	0.942279
2810	0.868451	0.986614	0.986466	0.760145	0.941176	0.941768
2820	0.868862	0.986725	0.986577	0.760393	0.942218	0.942783
2830	0.869489	0.986891	0.986742	0.760916	0.942218	0.942749
2840	0.869951	0.986946	0.986801	0.761325	0.942218	0.942749
2850	0.870319	0.986891	0.986743	0.761730	0.942218	0.942749
2860	0.870493	0.986946	0.986798	0.761859	0.942218	0.942749
2870	0.870666	0.986946	0.986799	0.762049	0.942218	0.942749
2880	0.870889	0.986946	0.986799	0.762209	0.942218	0.942721
2890	0.871113	0.986946	0.986797	0.762371	0.942218	0.942756
2900	0.871439	0.987167	0.987020	0.762660	0.942218	0.942756
2910	0.871839	0.987167	0.987017	0.762933	0.941697	0.942273
2920	0.872051	0.987223	0.987071	0.763118	0.942218	0.942769
2930	0.872353	0.987333	0.987181	0.763369	0.943259	0.943718
2940	0.872901	0.987278	0.987125	0.764041	0.942218	0.942714
2950	0.873209	0.987389	0.987235	0.764254	0.942738	0.943180
2960	0.873699	0.987333	0.987180	0.764598	0.942738	0.943344
2970	0.874130	0.987610	0.987457	0.764989	0.942738	0.943215
2980	0.874486	0.987721	0.987563	0.765329	0.942218	0.942732
2990	0.874983	0.987831	0.987682	0.765710	0.942218	0.942862
3000	0.875218	0.987831	0.987683	0.765793	0.942738	0.943209
3010	0.875481	0.987831	0.987679	0.765975	0.942218	0.942719
3020	0.875846	0.987942	0.987787	0.766260	0.941697	0.942222
3030	0.876147	0.987997	0.987843	0.766612	0.941697	0.942222
3040	0.876574	0.987997	0.987836	0.766991	0.941697	0.942222
3050	0.876817	0.987886	0.987732	0.767123	0.941697	0.942222
3060	0.877345	0.988052	0.987898	0.767623	0.941697	0.942351
3070	0.877724	0.988052	0.987896	0.768144	0.942738	0.943335
3080	0.878004	0.988052	0.987894	0.768520	0.943779	0.944391
3090	0.878208	0.988052	0.987896	0.768682	0.943779	0.944391
3100	0.878417	0.988108	0.987949	0.768904	0.943779	0.944353
3110	0.878818	0.988052	0.987896	0.769334	0.943779	0.944334
3120	0.879201	0.988163	0.988008	0.769725	0.943779	0.944259
3130	0.879393	0.988218	0.988064	0.770006	0.944820	0.945187
3140	0.879978	0.988274	0.988118	0.770720	0.943779	0.944197
3150	0.880378	0.988440	0.988287	0.771053	0.944300	0.944690
3160	0.880647	0.988440	0.988287	0.771351	0.944300	0.944690
3170	0.881054	0.988440	0.988285	0.771868	0.944820	0.945194
3180	0.881483	0.988495	0.988342	0.772332	0.944820	0.945178
3190	0.881810	0.988550	0.988397	0.772641	0.944820	0.945178
3200	0.882219	0.988661	0.988503	0.773050	0.944820	0.945178
3210	0.882431	0.988606	0.988447	0.773264	0.944820	0.945178
3220	0.882923	0.988606	0.988445	0.773845	0.945341	0.945796
3230	0.883331	0.988827	0.988669	0.774130	0.945862	0.946272
3240	0.883644	0.988827	0.988670	0.774415	0.945341	0.945658
3250	0.883864	0.988937	0.988781	0.774498	0.945341	0.945811
3260	0.884111	0.988937	0.988781	0.774787	0.945341	0.945811
3270	0.884238	0.988937	0.988783	0.774835	0.945341	0.945792
3280	0.884483	0.988993	0.988840	0.775153	0.945862	0.946137
3290	0.884735	0.988993	0.988841	0.775373	0.945862	0.946148
3300	0.884945	0.988993	0.988839	0.775508	0.945862	0.946137
3310	0.885107	0.989048	0.988894	0.775643	0.945862	0.946137
3320	0.885250	0.989048	0.988895	0.775778	0.945862	0.946137
3330	0.885500	0.989159	0.989007	0.776116	0.945862	0.946132
3340	0.885809	0.989048	0.988897	0.776369	0.945341	0.945624
3350	0.886179	0.989214	0.989064	0.776707	0.945862	0.946271
3360	0.886873	0.989601	0.989458	0.777363	0.945862	0.946271
3370	0.887164	0.989657	0.989511	0.777747	0.945862	0.946271
3380	0.887643	0.989657	0.989511	0.778091	0.946382	0.946761
3390	0.888134	0.989657	0.989511	0.778515	0.946382	0.946761
3400	0.888427	0.989657	0.989512	0.778869	0.946903	0.947236
3410	0.888683	0.989601	0.989454	0.779047	0.946903	0.947236
3420	0.889079	0.989601	0.989452	0.779324	0.946903	0.947230
3430	0.889394	0.989657	0.989509	0.779673	0.946903	0.947230
3440	0.889671	0.989767	0.989621	0.779934	0.946903	0.947230
3450	0.889844	0.989657	0.989512	0.780070	0.946903	0.947230
3460	0.890057	0.989712	0.989566	0.780165	0.946903	0.947230
3470	0.890307	0.989601	0.989455	0.780368	0.946903	0.947230
3480	0.890680	0.989712	0.989569	0.780813	0.946903	0.947230
3490	0.891065	0.989767	0.989625	0.781074	0.947423	0.947740
3500	0.891442	0.989767	0.989625	0.781398	0.947423	0.947740
3510	0.891796	0.989767	0.989621	0.781710	0.947423	0.947740
3520	0.892226	0.990044	0.989895	0.782038	0.947423	0.947669
3530	0.892570	0.990154	0.990009	0.782239	0.947423	0.947669
3540	0.892966	0.990154	0.990007	0.782773	0.946903	0.947197
3550	0.893143	0.990154	0.990007	0.782847	0.946903	0.947197
3560	0.893519	0.990265	0.990117	0.783141	0.945862	0.946292
3570	0.894059	0.990320	0.990175	0.783681	0.945862	0.946292
3580	0.894478	0.990376	0.990232	0.784022	0.945862	0.946303
3590	0.894757	0.990431	0.990288	0.784203	0.945862	0.946244
3600	0.894928	0.990431	0.990290	0.784404	0.946382	0.946749
3610	0.895059	0.990542	0.990402	0.784500	0.946382	0.946749
3620	0.895210	0.990597	0.990458	0.784725	0.946382	0.946749
3630	0.895357	0.990597	0.990457	0.784858	0.946382	0.946749
3640	0.895833	0.990707	0.990569	0.785346	0.946382	0.946997
3650	0.896130	0.990652	0.990510	0.785688	0.947423	0.947997
3660	0.896448	0.990763	0.990625	0.785828	0.946903	0.947472
3670	0.896654	0.990818	0.990681	0.786050	0.946903	0.947472
3680	0.896818	0.990818	0.990682	0.786164	0.946903	0.947472
3690	0.897262	0.990929	0.990795	0.786556	0.946903	0.947472
3700	0.897463	0.990929	0.990794	0.786866	0.946903	0.947472
3710	0.897728	0.990929	0.990795	0.787089	0.946903	0.947417
3720	0.898042	0.990873	0.990739	0.787363	0.947423	0.947941
3730	0.898355	0.990873	0.990740	0.787733	0.946903	0.947362
3740	0.898526	0.990929	0.990794	0.787849	0.946903	0.947417
3750	0.898791	0.990984	0.990850	0.788047	0.946903	0.947362
3760	0.899131	0.991095	0.990963	0.788501	0.946903	0.947417
3770	0.899446	0.991205	0.991072	0.788829	0.946903	0.947362
3780	0.899622	0.991205	0.991068	0.788937	0.946903	0.947417
3790	0.899825	0.991205	0.991071	0.789133	0.947423	0.948005
3800	0.899872	0.991205	0.991072	0.789181	0.947423	0.948005
3810	0.900104	0.991261	0.991128	0.789402	0.946903	0.947417
3820	0.900321	0.991371	0.991235	0.789638	0.947423	0.948005
3830	0.900386	0.991371	0.991235	0.789725	0.947423	0.948005
3840	0.900621	0.991316	0.991182	0.790035	0.947944	0.948457
3850	0.900844	0.991371	0.991240	0.790195	0.948985	0.949432
3860	0.901080	0.991371	0.991236	0.790322	0.948464	0.948916
3870	0.901298	0.991371	0.991237	0.790315	0.947944	0.948392
3880	0.901528	0.991371	0.991239	0.790485	0.947944	0.948392
3890	0.901829	0.991371	0.991238	0.790643	0.947944	0.948392
3900	0.902169	0.991371	0.991239	0.790971	0.947944	0.948392
3910	0.902477	0.991427	0.991294	0.791314	0.947944	0.948392
3920	0.902675	0.991482	0.991348	0.791416	0.948464	0.948899
3930	0.902986	0.991537	0.991403	0.791745	0.948464	0.948899
3940	0.903212	0.991592	0.991458	0.791957	0.948985	0.949393
3950	0.903436	0.991592	0.991458	0.792129	0.948985	0.949407
3960	0.903665	0.991592	0.991458	0.792382	0.948985	0.949407
3970	0.903870	0.991592	0.991458	0.792378	0.948985	0.949462
3980	0.904146	0.991648	0.991514	0.792525	0.948464	0.948967
3990	0.904506	0.991592	0.991455	0.792733	0.948464	0.948943
4000	0.904848	0.991592	0.991456	0.793219	0.949505	0.949889
4010	0.905246	0.991703	0.991569	0.793691	0.949505	0.949909
4020	0.905511	0.991648	0.991513	0.793921	0.949505	0.949910
4030	0.905750	0.991648	0.991511	0.794099	0.948985	0.949459
4040	0.906044	0.991758	0.991624	0.794270	0.948985	0.949459
4050	0.906168	0.991758	0.991623	0.794382	0.948985	0.949459
4060	0.906233	0.991758	0.991623	0.794477	0.948985	0.949459
4070	0.906551	0.991814	0.991678	0.794689	0.948985	0.949459
4080	0.906919	0.991869	0.991735	0.795040	0.948985	0.949478
4090	0.907178	0.991814	0.991677	0.795229	0.950026	0.950432
4100	0.907574	0.991980	0.991845	0.795620	0.950026	0.950440
4110	0.907913	0.992035	0.991896	0.795804	0.950547	0.950877
4120	0.908168	0.992090	0.991950	0.796032	0.950026	0.950391
4130	0.908483	0.992146	0.992005	0.796319	0.950547	0.950877
4140	0.908779	0.992201	0.992060	0.796518	0.950026	0.950391
4150	0.909024	0.992256	0.992117	0.796717	0.950026	0.950391
4160	0.909296	0.992256	0.992115	0.796943	0.950026	0.950316
4170	0.909471	0.992146	0.992005	0.797253	0.950026	0.950316
4180	0.909668	0.992146	0.992005	0.797541	0.950026	0.950316
4190	0.909801	0.992256	0.992118	0.797652	0.950026	0.950316
4200	0.910186	0.992312	0.992175	0.798032	0.950026	0.950391
4210	0.910447	0.992367	0.992235	0.798477	0.950026	0.950391
4220	0.910676	0.992422	0.992289	0.798716	0.950026	0.950391
4230	0.910879	0.992367	0.992231	0.798843	0.949505	0.949894
4240	0.911028	0.992367	0.992231	0.798908	0.949505	0.949894
4250	0.911311	0.992477	0.992344	0.799188	0.949505	0.949894
4260	0.911517	0.992477	0.992344	0.799520	0.950026	0.950371
4270	0.911779	0.992533	0.992401	0.799759	0.950547	0.950843
4280	0.912000	0.992588	0.992458	0.799982	0.950547	0.950798
4290	0.912294	0.992588	0.992460	0.800403	0.950547	0.950798
4300	0.912461	0.992754	0.992628	0.800691	0.950547	0.950853
4310	0.912777	0.992754	0.992628	0.800960	0.951067	0.951288
4320	0.913002	0.992754	0.992625	0.801121	0.951067	0.951314
4330	0.913117	0.992754	0.992625	0.801121	0.951067	0.951314
4340	0.913305	0.992754	0.992622	0.801280	0.951067	0.951278
4350	0.913424	0.992754	0.992622	0.801388	0.951067	0.951278
4360	0.913675	0.992754	0.992621	0.801612	0.951067	0.951278
4370	0.914000	0.992754	0.992622	0.801987	0.951067	0.951278
4380	0.914172	0.992865	0.992730	0.802311	0.951067	0.951278
4390	0.914386	0.992865	0.992727	0.802635	0.953149	0.953370
4400	0.914723	0.992920	0.992783	0.803089	0.952629	0.952853
4410	0.915066	0.992865	0.992722	0.803212	0.952108	0.952302
4420	0.915330	0.992920	0.992783	0.803420	0.952108	0.952302
4430	0.915479	0.992865	0.992727	0.803587	0.952108	0.952308
4440	0.915547	0.992920	0.992783	0.803659	0.952629	0.952860
4450	0.915619	0.992920	0.992783	0.803690	0.952108	0.952308
4460	0.915787	0.992920	0.992781	0.803811	0.952108	0.952314
4470	0.916108	0.992975	0.992837	0.804219	0.952108	0.952307
4480	0.916512	0.993141	0.993007	0.804523	0.952629	0.952808
4490	0.916715	0.993086	0.992948	0.804640	0.952108	0.952307
4500	0.916865	0.993141	0.993009	0.804728	0.952108	0.952307
4510	0.917080	0.993252	0.993119	0.804886	0.952108	0.952307
4520	0.917267	0.993252	0.993123	0.805002	0.952108	0.952307
4530	0.917499	0.993362	0.993235	0.805195	0.952108	0.952307
4540	0.917648	0.993418	0.993288	0.805274	0.952108	0.952307
4550	0.917897	0.993418	0.993286	0.805593	0.952629	0.952798
4560	0.918164	0.993473	0.993343	0.805774	0.952629	0.952798
4570	0.918409	0.993528	0.993403	0.805988	0.952629	0.952798
4580	0.918631	0.993528	0.993404	0.806190	0.952629	0.952798
4590	0.918812	0.993584	0.993457	0.806316	0.952629	0.952719
4600	0.919042	0.993584	0.993458	0.806611	0.952629	0.952719
4610	0.919314	0.993584	0.993459	0.806881	0.953670	0.953847
4620	0.919630	0.993639	0.993516	0.807147	0.953670	0.953847
4630	0.919797	0.993639	0.993514	0.807166	0.952629	0.952719
4640	0.919985	0.993694	0.993567	0.807295	0.952629	0.952719
4650	0.920192	0.993694	0.993568	0.807568	0.953149	0.953331
4660	0.920415	0.993750	0.993625	0.807832	0.953149	0.953265
4670	0.920712	0.993694	0.993568	0.808104	0.952629	0.952653
4680	0.920867	0.993750	0.993622	0.808279	0.952629	0.952653
4690	0.921064	0.993694	0.993568	0.808376	0.952629	0.952653
4700	0.921137	0.993694	0.993568	0.808415	0.952629	0.952653
4710	0.921188	0.993750	0.993625	0.808432	0.952629	0.952653
4720	0.921232	0.993805	0.993680	0.808460	0.952629	0.952653
4730	0.921261	0.993805	0.993680	0.808489	0.952629	0.952653
4740	0.921293	0.993805	0.993680	0.808520	0.952629	0.952653
4750	0.921328	0.993805	0.993680	0.808520	0.952629	0.952653
4760	0.921571	0.993805	0.993684	0.808794	0.953670	0.953728
4770	0.921734	0.993805	0.993680	0.808826	0.952629	0.952693
4780	0.921970	0.993860	0.993737	0.809075	0.952629	0.952667
4790	0.922183	0.994026	0.993910	0.809379	0.952629	0.952667
4800	0.922530	0.993971	0.993850	0.809703	0.952629	0.952621
4810	0.922801	0.993971	0.993849	0.809963	0.952629	0.952667
4820	0.923155	0.994026	0.993909	0.810348	0.952629	0.952667
4830	0.923361	0.994082	0.993964	0.810477	0.952629	0.952673
4840	0.923681	0.993971	0.993850	0.810743	0.952629	0.952673
4850	0.923864	0.994026	0.993907	0.810848	0.952629	0.952728
4860	0.924156	0.994082	0.993964	0.811085	0.952629	0.952673
4870	0.924435	0.994082	0.993965	0.811242	0.953149	0.953189
4880	0.924665	0.994137	0.994020	0.811463	0.952629	0.952673
4890	0.924743	0.994192	0.994078	0.811498	0.952629	0.952673
4900	0.924996	0.994413	0.994305	0.811614	0.952629	0.952632
4910	0.925080	0.994413	0.994308	0.811621	0.952629	0.952632
4920	0.925267	0.994469	0.994364	0.811859	0.952629	0.952632
4930	0.925466	0.994469	0.994364	0.812068	0.952629	0.952632
4940	0.925773	0.994635	0.994533	0.812330	0.952629	0.952687
4950	0.925831	0.994690	0.994590	0.812324	0.952629	0.952687
4960	0.925895	0.994635	0.994533	0.812316	0.952629	0.952632
4970	0.925979	0.994690	0.994592	0.812314	0.952629	0.952632
4980	0.926224	0.994745	0.994645	0.812598	0.952629	0.952632
4990	0.926473	0.994745	0.994648	0.812876	0.952629	0.952632
5000	0.926601	0.994801	0.994704	0.812979	0.952629	0.952632
5010	0.926793	0.994801	0.994703	0.813088	0.953149	0.953110
5020	0.926881	0.994801	0.994701	0.813098	0.953149	0.953110
5030	0.927082	0.995022	0.994927	0.813201	0.953149	0.953110
5040	0.927181	0.995022	0.994927	0.813233	0.953149	0.953110
5050	0.927453	0.995022	0.994926	0.813495	0.953149	0.953110
5060	0.927681	0.995077	0.994983	0.813745	0.953149	0.953110
5070	0.928014	0.995077	0.994982	0.814076	0.953149	0.953110
5080	0.928285	0.995243	0.995152	0.814449	0.953149	0.953110
5090	0.928516	0.995298	0.995207	0.814691	0.953149	0.953110
5100	0.928740	0.995354	0.995264	0.815011	0.953670	0.953596
5110	0.928936	0.995409	0.995321	0.815171	0.953670	0.953637
5120	0.929003	0.995409	0.995321	0.815297	0.953670	0.953637
5130	0.929063	0.995409	0.995321	0.815341	0.954191	0.954145
5140	0.929298	0.995409	0.995324	0.815601	0.954191	0.954145
5150	0.929455	0.995409	0.995324	0.815767	0.954191	0.954145
5160	0.929733	0.995575	0.995497	0.815973	0.954191	0.954145
5170	0.930070	0.995575	0.995494	0.816391	0.954191	0.954145
5180	0.930185	0.995575	0.995496	0.816496	0.954191	0.954145
5190	0.930423	0.995630	0.995552	0.816666	0.954191	0.954145
5200	0.930590	0.995630	0.995552	0.816928	0.954711	0.954593
5210	0.930719	0.995630	0.995552	0.817048	0.954191	0.954145
5220	0.931020	0.995630	0.995553	0.817350	0.954191	0.954145
5230	0.931170	0.995741	0.995667	0.817489	0.954711	0.954553
5240	0.931265	0.995741	0.995665	0.817556	0.954711	0.954553
5250	0.931379	0.995796	0.995723	0.817701	0.954711	0.954553
5260	0.931580	0.995741	0.995666	0.817799	0.954711	0.954593
5270	0.931668	0.995741	0.995666	0.817966	0.954711	0.954649
5280	0.931897	0.995852	0.995781	0.818202	0.954711	0.954608
5290	0.932106	0.995852	0.995778	0.818380	0.954711	0.954608
5300	0.932339	0.995962	0.995888	0.818543	0.954711	0.954608
5310	0.932564	0.996017	0.995945	0.818735	0.954711	0.954608
5320	0.932738	0.996017	0.995945	0.818774	0.954191	0.954122
5330	0.932832	0.996017	0.995945	0.818820	0.954191	0.954122
5340	0.933013	0.996017	0.995945	0.818987	0.954191	0.954122
5350	0.933202	0.996017	0.995945	0.819211	0.954191	0.954122
5360	0.933451	0.996128	0.996056	0.819416	0.954191	0.954122
5370	0.933613	0.996128	0.996056	0.819607	0.954711	0.954608
5380	0.933920	0.996294	0.996223	0.819920	0.954711	0.954608
5390	0.934092	0.996128	0.996056	0.820036	0.954711	0.954608
5400	0.934247	0.996128	0.996056	0.820090	0.954711	0.954608
5410	0.934356	0.996239	0.996169	0.820120	0.954711	0.954608
5420	0.934538	0.996349	0.996283	0.820378	0.954711	0.954608
5430	0.934646	0.996405	0.996338	0.820483	0.954711	0.954608
5440	0.934808	0.996515	0.996452	0.820612	0.954711	0.954608
5450	0.935035	0.996515	0.996451	0.820839	0.954711	0.954608
5460	0.935229	0.996515	0.996451	0.821028	0.954711	0.954608
5470	0.935456	0.996460	0.996395	0.821342	0.954711	0.954608
5480	0.935574	0.996405	0.996340	0.821392	0.954711	0.954608
5490	0.935827	0.996515	0.996453	0.821663	0.954711	0.954608
5500	0.935940	0.996515	0.996453	0.821783	0.954711	0.954608
5510	0.936158	0.996571	0.996509	0.821925	0.954711	0.954617
5520	0.936254	0.996626	0.996565	0.822021	0.954711	0.954617
5530	0.936408	0.996626	0.996566	0.822136	0.954711	0.954617
5540	0.936429	0.996626	0.996566	0.822114	0.954711	0.954617
5550	0.936447	0.996626	0.996566	0.822126	0.954711	0.954617
5560	0.936518	0.996681	0.996624	0.822211	0.954711	0.954617
5570	0.936721	0.996681	0.996622	0.822333	0.954711	0.954608
5580	0.936827	0.996792	0.996736	0.822539	0.954711	0.954608
5590	0.937038	0.996792	0.996733	0.822747	0.954711	0.954617
5600	0.937304	0.996902	0.996847	0.823144	0.955232	0.955184
5610	0.937419	0.996902	0.996848	0.823322	0.955752	0.955793
5620	0.937571	0.996902	0.996848	0.823458	0.955752	0.955793
5630	0.937727	0.997013	0.996961	0.823588	0.955752	0.955801
5640	0.937993	0.997124	0.997072	0.823786	0.955232	0.955315
5650	0.938193	0.997124	0.997071	0.823860	0.954711	0.954655
5660	0.938353	0.997124	0.997071	0.823980	0.955232	0.955142
5670	0.938510	0.997124	0.997071	0.824130	0.954711	0.954605
5680	0.938701	0.997234	0.997186	0.824326	0.954711	0.954605
5690	0.938843	0.997179	0.997130	0.824463	0.954711	0.954605
5700	0.938994	0.997234	0.997185	0.824593	0.954711	0.954605
5710	0.939184	0.997290	0.997241	0.824783	0.954711	0.954605
5720	0.939400	0.997456	0.997412	0.824998	0.954711	0.954605
5730	0.939651	0.997400	0.997354	0.825240	0.954711	0.954605
5740	0.939846	0.997456	0.997408	0.825547	0.954711	0.954605
5750	0.940034	0.997511	0.997469	0.825766	0.954711	0.954605
5760	0.940206	0.997566	0.997521	0.825877	0.954191	0.954125
5770	0.940302	0.997566	0.997521	0.826001	0.954191	0.954125
5780	0.940425	0.997566	0.997523	0.826032	0.954191	0.954125
5790	0.940620	0.997566	0.997521	0.826270	0.954191	0.954125
5800	0.940791	0.997566	0.997520	0.826445	0.954711	0.954603
5810	0.940867	0.997622	0.997578	0.826542	0.955752	0.955707
5820	0.941034	0.997622	0.997578	0.826751	0.955752	0.955707
5830	0.941205	0.997566	0.997522	0.826901	0.955752	0.955707
5840	0.941382	0.997622	0.997578	0.827066	0.955232	0.955133
5850	0.941511	0.997622	0.997578	0.827229	0.955752	0.955707
5860	0.941677	0.997732	0.997690	0.827463	0.955232	0.955177
5870	0.941812	0.997787	0.997744	0.827577	0.955232	0.955177
5880	0.942054	0.997898	0.997856	0.827728	0.955232	0.955177
5890	0.942217	0.997953	0.997911	0.827872	0.955232	0.955177
5900	0.942245	0.997953	0.997911	0.827906	0.955232	0.955177
5910	0.942265	0.997953	0.997911	0.827911	0.955752	0.955657
5920	0.942323	0.997953	0.997911	0.828014	0.955752	0.955657
5930	0.942619	0.997953	0.997911	0.828281	0.955752	0.955657
5940	0.942780	0.998009	0.997968	0.828479	0.956273	0.956076
5950	0.942954	0.998064	0.998024	0.828557	0.955752	0.955657
5960	0.943070	0.998064	0.998024	0.828689	0.956273	0.956155
5970	0.943234	0.998119	0.998081	0.828884	0.956273	0.956155
5980	0.943281	0.998119	0.998081	0.828850	0.956273	0.956155
5990	0.943408	0.998175	0.998137	0.828954	0.956273	0.956155
6000	0.943579	0.998175	0.998137	0.829121	0.956273	0.956155
6010	0.943662	0.998175	0.998137	0.829181	0.956273	0.956155
6020	0.943769	0.998175	0.998137	0.829242	0.956273	0.956155
6030	0.943887	0.998175	0.998137	0.829387	0.956273	0.956155
6040	0.944019	0.998175	0.998137	0.829544	0.956273	0.956155
6050	0.944188	0.998285	0.998248	0.829714	0.956273	0.956155
6060	0.944387	0.998230	0.998192	0.829893	0.956273	0.956155
6070	0.944603	0.998285	0.998248	0.830148	0.955752	0.955586
6080	0.944702	0.998285	0.998248	0.830349	0.956273	0.956155
6090	0.944843	0.998285	0.998248	0.830471	0.955752	0.955586
6100	0.945030	0.998341	0.998305	0.830596	0.955752	0.955586
6110	0.945080	0.998341	0.998305	0.830625	0.955752	0.955586
6120	0.945160	0.998341	0.998305	0.830642	0.955752	0.955586
6130	0.945182	0.998341	0.998305	0.830692	0.955752	0.955586
6140	0.945202	0.998341	0.998305	0.830725	0.955752	0.955586
6150	0.945227	0.998341	0.998305	0.830731	0.955752	0.955586
6160	0.945252	0.998341	0.998305	0.830748	0.955752	0.955586
6170	0.945297	0.998341	0.998305	0.830818	0.955752	0.955586
6180	0.945443	0.998341	0.998305	0.830921	0.955752	0.955586
6190	0.945527	0.998341	0.998305	0.830904	0.955752	0.955586
6200	0.945613	0.998285	0.998248	0.830955	0.955752	0.955586
6210	0.945773	0.998285	0.998248	0.831160	0.955752	0.955586
6220	0.945952	0.998285	0.998248	0.831333	0.955232	0.955075
6230	0.946114	0.998285	0.998248	0.831310	0.955232	0.955075
6240	0.946256	0.998285	0.998249	0.831399	0.955232	0.955075
6250	0.946389	0.998285	0.998248	0.831507	0.955232	0.955075
6260	0.946500	0.998285	0.998251	0.831615	0.955232	0.955075
6270	0.946673	0.998341	0.998307	0.831787	0.955232	0.955075
6280	0.946823	0.998396	0.998360	0.831864	0.955232	0.955075
6290	0.946954	0.998396	0.998360	0.831999	0.955232	0.955105
6300	0.947076	0.998396	0.998359	0.832034	0.955232	0.955105
6310	0.947302	0.998396	0.998359	0.832191	0.955232	0.955105
6320	0.947482	0.998396	0.998359	0.832386	0.954711	0.954594
6330	0.947626	0.998396	0.998359	0.832500	0.954711	0.954594
6340	0.947759	0.998507	0.998475	0.832664	0.954711	0.954594
6350	0.947949	0.998507	0.998475	0.832822	0.955232	0.955125
6360	0.948148	0.998507	0.998475	0.833003	0.955232	0.955125
6370	0.948335	0.998507	0.998474	0.833219	0.955752	0.955611
6380	0.948462	0.998507	0.998474	0.833355	0.955752	0.955611
6390	0.948600	0.998507	0.998474	0.833507	0.955752	0.955611
6400	0.948768	0.998507	0.998474	0.833690	0.955752	0.955611
6410	0.948860	0.998507	0.998474	0.833838	0.955752	0.955611
6420	0.948982	0.998507	0.998474	0.833949	0.954711	0.954575
6430	0.949052	0.998507	0.998474	0.833948	0.955752	0.955525
6440	0.949095	0.998562	0.998530	0.833909	0.955752	0.955525
6450	0.949180	0.998562	0.998530	0.833929	0.955752	0.955560
6460	0.949282	0.998562	0.998530	0.834064	0.955752	0.955560
6470	0.949406	0.998507	0.998474	0.834162	0.955752	0.955560
6480	0.949575	0.998617	0.998587	0.834296	0.955752	0.955560
6490	0.949737	0.998617	0.998587	0.834491	0.955752	0.955560
6500	0.949919	0.998617	0.998587	0.834598	0.955752	0.955560
6510	0.950097	0.998617	0.998587	0.834844	0.956273	0.956049
6520	0.950180	0.998617	0.998587	0.834935	0.955752	0.955512
6530	0.950299	0.998672	0.998645	0.834997	0.955752	0.955512
6540	0.950310	0.998672	0.998645	0.835030	0.955752	0.955512
6550	0.950320	0.998672	0.998645	0.835042	0.955752	0.955512
6560	0.950326	0.998672	0.998645	0.835059	0.955752	0.955512
6570	0.950332	0.998672	0.998645	0.835075	0.955752	0.955512
6580	0.950341	0.998672	0.998645	0.835102	0.955752	0.955512
6590	0.950355	0.998672	0.998645	0.835140	0.955752	0.955512
6600	0.950475	0.998672	0.998645	0.835231	0.955752	0.955512
6610	0.950631	0.998672	0.998645	0.835413	0.955752	0.955512
6620	0.950777	0.998672	0.998645	0.835494	0.955752	0.955512
6630	0.950877	0.998672	0.998645	0.835629	0.955232	0.954939
6640	0.950967	0.998672	0.998645	0.835617	0.955232	0.954939
6650	0.951140	0.998672	0.998644	0.835929	0.955232	0.954939
6660	0.951238	0.998672	0.998644	0.835972	0.954711	0.954455
6670	0.951390	0.998672	0.998644	0.836154	0.955232	0.954986
6680	0.951460	0.998672	0.998644	0.836305	0.955232	0.954986
6690	0.951564	0.998672	0.998644	0.836433	0.955232	0.954986
6700	0.951716	0.998672	0.998644	0.836608	0.955232	0.954986
6710	0.951819	0.998672	0.998644	0.836660	0.954711	0.954455
6720	0.951979	0.998672	0.998644	0.836774	0.954711	0.954455
6730	0.952098	0.998672	0.998644	0.836940	0.954711	0.954455
6740	0.952200	0.998672	0.998644	0.837099	0.954711	0.954455
6750	0.952265	0.998672	0.998644	0.837148	0.954711	0.954455
6760	0.952367	0.998672	0.998644	0.837268	0.954711	0.954455
6770	0.952475	0.998672	0.998644	0.837464	0.954711	0.954455
6780	0.952640	0.998672	0.998644	0.837661	0.955232	0.954939
6790	0.952730	0.998672	0.998644	0.837821	0.955232	0.954939
6800	0.952834	0.998672	0.998644	0.837925	0.955232	0.954939
6810	0.952948	0.998672	0.998644	0.838065	0.955232	0.954939
6820	0.953078	0.998672	0.998644	0.838173	0.955232	0.954939
6830	0.953254	0.998672	0.998644	0.838445	0.955232	0.954939
6840	0.953326	0.998672	0.998644	0.838539	0.955232	0.954939
6850	0.953471	0.998672	0.998644	0.838704	0.955752	0.955487
6860	0.953627	0.998672	0.998644	0.838848	0.955752	0.955487
6870	0.953650	0.998672	0.998644	0.838905	0.955752	0.955487
6880	0.953704	0.998672	0.998644	0.839011	0.955752	0.955487
6890	0.953780	0.998672	0.998644	0.839036	0.955752	0.955487
6900	0.953892	0.998672	0.998644	0.839147	0.955752	0.955487
6910	0.953921	0.998672	0.998644	0.839179	0.955752	0.955487
6920	0.953945	0.998672	0.998644	0.839191	0.955232	0.954939
6930	0.953961	0.998672	0.998644	0.839201	0.955232	0.954939
6940	0.953973	0.998672	0.998644	0.839231	0.955232	0.954939
6950	0.953981	0.998672	0.998644	0.839241	0.955232	0.954939
6960	0.953988	0.998672	0.998644	0.839251	0.955232	0.954939
6970	0.953996	0.998672	0.998644	0.839240	0.955752	0.955487
6980	0.954004	0.998672	0.998644	0.839242	0.955752	0.955487
6990	0.954009	0.998672	0.998644	0.839249	0.955752	0.955487
7000	0.954013	0.998672	0.998644	0.839241	0.955752	0.955487
7010	0.954019	0.998672	0.998644	0.839248	0.955752	0.955487
7020	0.954024	0.998672	0.998644	0.839256	0.955752	0.955487
7030	0.954029	0.998672	0.998644	0.839267	0.955752	0.955487
7040	0.954036	0.998672	0.998644	0.839277	0.955752	0.955487
7050	0.954048	0.998672	0.998644	0.839289	0.956273	0.955955
7060	0.954057	0.998672	0.998644	0.839288	0.956273	0.955955
7070	0.954075	0.998672	0.998644	0.839303	0.956273	0.955955
7080	0.954246	0.998672	0.998644	0.839494	0.956273	0.955955
7090	0.954395	0.998672	0.998644	0.839557	0.956273	0.955955
7100	0.954502	0.998672	0.998644	0.839668	0.956273	0.955955
7110	0.954582	0.998672	0.998642	0.839764	0.956793	0.956492
7120	0.954690	0.998672	0.998642	0.839914	0.956793	0.956492
7130	0.954757	0.998672	0.998642	0.839952	0.956793	0.956492
7140	0.954883	0.998672	0.998642	0.840132	0.956793	0.956492
7150	0.954939	0.998672	0.998642	0.840208	0.956793	0.956492
7160	0.955056	0.998672	0.998642	0.840319	0.956793	0.956492
7170	0.955110	0.998672	0.998642	0.840280	0.956793	0.956492
7180	0.955155	0.998672	0.998642	0.840333	0.956793	0.956492
7190	0.955244	0.998672	0.998642	0.840421	0.956793	0.956492
7200	0.955300	0.998672	0.998642	0.840533	0.956793	0.956492
7210	0.955399	0.998672	0.998642	0.840665	0.956793	0.956492
7220	0.955457	0.998672	0.998642	0.840696	0.956793	0.956492
7230	0.955505	0.998672	0.998642	0.840699	0.956273	0.956009
7240	0.955564	0.998672	0.998642	0.840789	0.956273	0.956009
7250	0.955648	0.998672	0.998642	0.840889	0.956273	0.956009
7260	0.955767	0.998672	0.998642	0.841102	0.956273	0.956009
7270	0.955871	0.998672	0.998642	0.841263	0.956273	0.956009
7280	0.955919	0.998672	0.998642	0.841342	0.956273	0.956009
7290	0.955955	0.998672	0.998642	0.841398	0.956273	0.956009
7300	0.955989	0.998672	0.998642	0.841457	0.956273	0.956009
7310	0.956030	0.998672	0.998642	0.841527	0.956273	0.956009
7320	0.956074	0.998672	0.998642	0.841549	0.956273	0.956009
7330	0.956164	0.998672	0.998642	0.841646	0.956273	0.956009
7340	0.956223	0.998672	0.998642	0.841657	0.956273	0.956009
7350	0.956242	0.998672	0.998642	0.841703	0.956273	0.956009
7360	0.956305	0.998672	0.998642	0.841772	0.956273	0.956009
7370	0.956328	0.998728	0.998698	0.841791	0.956273	0.956009
7380	0.956442	0.998728	0.998698	0.841905	0.956273	0.956009
7390	0.956492	0.998728	0.998698	0.841906	0.956273	0.956009
7400	0.956612	0.998728	0.998698	0.842023	0.956273	0.956009
7410	0.956743	0.998728	0.998698	0.842242	0.956273	0.956009
7420	0.956847	0.998728	0.998698	0.842364	0.956273	0.956009
7430	0.956943	0.998728	0.998698	0.842511	0.956273	0.956009
7440	0.957083	0.998783	0.998754	0.842619	0.956273	0.956009
7450	0.957173	0.998783	0.998754	0.842775	0.956273	0.956009
7460	0.957248	0.998783	0.998754	0.842867	0.956273	0.956009
7470	0.957289	0.998783	0.998754	0.842820	0.956273	0.956009
7480	0.957298	0.998783	0.998754	0.842800	0.956273	0.956009
7490	0.957396	0.998783	0.998754	0.842847	0.956273	0.956009
7500	0.957405	0.998783	0.998754	0.842890	0.956273	0.956009
7510	0.957411	0.998783	0.998754	0.842893	0.956273	0.956009
7520	0.957418	0.998783	0.998754	0.842890	0.956273	0.956009
7530	0.957424	0.998783	0.998754	0.842884	0.956273	0.956009
7540	0.957500	0.998783	0.998754	0.842935	0.956273	0.956009
7550	0.957623	0.998783	0.998754	0.843061	0.956273	0.956009
7560	0.957723	0.998783	0.998754	0.843159	0.956273	0.956009
7570	0.957777	0.998783	0.998754	0.843174	0.956273	0.956009
7580	0.957843	0.998783	0.998754	0.843202	0.956273	0.956009
7590	0.957885	0.998783	0.998754	0.843224	0.956273	0.956009
7600	0.957931	0.998783	0.998754	0.843220	0.956273	0.956009
7610	0.958001	0.998783	0.998754	0.843289	0.956273	0.956009
7620	0.958039	0.998783	0.998754	0.843339	0.956273	0.956009
7630	0.958096	0.998783	0.998754	0.843409	0.956273	0.956009
7640	0.958167	0.998783	0.998754	0.843491	0.956793	0.956492
7650	0.958258	0.998783	0.998754	0.843551	0.956793	0.956492
7660	0.958347	0.998783	0.998754	0.843577	0.956273	0.956009
7670	0.958432	0.998783	0.998754	0.843711	0.956273	0.956009
7680	0.958569	0.998783	0.998754	0.843917	0.956793	0.956492
7690	0.958677	0.998783	0.998754	0.844015	0.956793	0.956492
7700	0.958783	0.998783	0.998754	0.843959	0.956793	0.956492
7710	0.958892	0.998838	0.998812	0.844126	0.956793	0.956492
7720	0.959003	0.998894	0.998868	0.844250	0.956793	0.956492
7730	0.959108	0.998894	0.998868	0.844337	0.956793	0.956492
7740	0.959172	0.998894	0.998868	0.844407	0.956793	0.956492
7750	0.959249	0.998894	0.998868	0.844525	0.956793	0.956492
7760	0.959307	0.998894	0.998868	0.844595	0.956793	0.956492
7770	0.959372	0.998894	0.998868	0.844605	0.956793	0.956492
7780	0.959414	0.998894	0.998868	0.844626	0.956793	0.956492
7790	0.959470	0.998894	0.998868	0.844655	0.956793	0.956492
7800	0.959548	0.998894	0.998868	0.844761	0.956793	0.956492
7810	0.959636	0.998894	0.998868	0.844840	0.956793	0.956492
7820	0.959752	0.998894	0.998868	0.844967	0.956273	0.955990
7830	0.959867	0.998894	0.998868	0.845181	0.956793	0.956492
7840	0.959946	0.998894	0.998868	0.845268	0.956273	0.955990
7850	0.960023	0.998949	0.998924	0.845394	0.956273	0.955990
7860	0.960099	0.998949	0.998924	0.845467	0.956273	0.955990
7870	0.960204	0.999004	0.998981	0.845562	0.956273	0.955990
7880	0.960286	0.999004	0.998981	0.845607	0.956273	0.955990
7890	0.960376	0.999004	0.998981	0.845663	0.956273	0.955990
7900	0.960446	0.999004	0.998981	0.845737	0.956273	0.955990
7910	0.960539	0.999004	0.998981	0.845799	0.956273	0.955990
7920	0.960601	0.999004	0.998981	0.845857	0.956273	0.955990
7930	0.960664	0.999004	0.998981	0.845941	0.956273	0.955990
7940	0.960718	0.999004	0.998981	0.845991	0.956273	0.955990
7950	0.960829	0.999060	0.999039	0.846037	0.956273	0.955990
7960	0.960886	0.999060	0.999039	0.846087	0.956273	0.955990
7970	0.960969	0.999060	0.999039	0.846257	0.956273	0.955990
7980	0.960991	0.999060	0.999039	0.846300	0.956273	0.955990
7990	0.961009	0.999060	0.999039	0.846340	0.956273	0.955990
8000	0.961030	0.999060	0.999039	0.846367	0.956273	0.955990
8010	0.961062	0.999060	0.999039	0.846413	0.956273	0.955990
8020	0.961136	0.999115	0.999094	0.846555	0.956273	0.955990
8030	0.961259	0.999115	0.999094	0.846645	0.956273	0.955990
8040	0.961371	0.999115	0.999094	0.846832	0.956273	0.956068
8050	0.961429	0.999115	0.999094	0.846862	0.956273	0.955989
8060	0.961487	0.999115	0.999094	0.846988	0.956273	0.955989
8070	0.961592	0.999115	0.999094	0.847097	0.956793	0.956538
8080	0.961697	0.999115	0.999094	0.847247	0.956273	0.956068
8090	0.961825	0.999115	0.999094	0.847428	0.956273	0.956068
8100	0.961886	0.999115	0.999094	0.847517	0.956273	0.956068
8110	0.961985	0.999115	0.999094	0.847562	0.956273	0.956068
8120	0.962062	0.999115	0.999094	0.847703	0.956793	0.956503
8130	0.962133	0.999115	0.999094	0.847904	0.956793	0.956503
8140	0.962206	0.999115	0.999094	0.847895	0.956793	0.956503
8150	0.962299	0.999170	0.999151	0.848016	0.956793	0.956503
8160	0.962410	0.999170	0.999151	0.848061	0.956793	0.956503
8170	0.962465	0.999170	0.999151	0.848206	0.957314	0.957015
8180	0.962563	0.999170	0.999151	0.848346	0.957314	0.957015
8190	0.962595	0.999170	0.999151	0.848410	0.957314	0.957015
8200	0.962626	0.999170	0.999151	0.848449	0.957314	0.957015
8210	0.962646	0.999170	0.999151	0.848490	0.957314	0.957015
8220	0.962685	0.999170	0.999151	0.848553	0.957314	0.957015
8230	0.962728	0.999170	0.999151	0.848528	0.957314	0.957015
8240	0.962839	0.999170	0.999151	0.848657	0.957314	0.957049
8250	0.962920	0.999170	0.999151	0.848690	0.957314	0.957049
8260	0.963006	0.999170	0.999151	0.848796	0.957314	0.957049
8270	0.963148	0.999170	0.999151	0.848946	0.957314	0.957049
8280	0.963220	0.999170	0.999151	0.849079	0.957314	0.957049
8290	0.963330	0.999170	0.999151	0.849246	0.957314	0.957049
8300	0.963416	0.999170	0.999151	0.849333	0.957314	0.957049
8310	0.963511	0.999170	0.999151	0.849447	0.957314	0.957049
8320	0.963622	0.999170	0.999151	0.849542	0.957314	0.957049
8330	0.963638	0.999170	0.999151	0.849575	0.957314	0.957049
8340	0.963699	0.999170	0.999151	0.849646	0.957314	0.957049
8350	0.963760	0.999170	0.999151	0.849776	0.957314	0.957049
8360	0.963832	0.999170	0.999151	0.849849	0.957314	0.957049
8370	0.963884	0.999170	0.999151	0.849901	0.957314	0.957049
8380	0.963954	0.999170	0.999151	0.850004	0.957834	0.957582
8390	0.963994	0.999170	0.999151	0.850052	0.957834	0.957582
8400	0.964078	0.999170	0.999151	0.850160	0.957834	0.957582
8410	0.964121	0.999170	0.999151	0.850216	0.957834	0.957582
8420	0.964137	0.999170	0.999151	0.850203	0.957834	0.957582
8430	0.964149	0.999170	0.999151	0.850187	0.957834	0.957582
8440	0.964158	0.999170	0.999151	0.850183	0.957834	0.957582
8450	0.964177	0.999170	0.999151	0.850184	0.957834	0.957582
8460	0.964208	0.999170	0.999151	0.850275	0.957834	0.957582
8470	0.964312	0.999170	0.999151	0.850375	0.957834	0.957582
8480	0.964388	0.999170	0.999151	0.850458	0.957834	0.957582
8490	0.964469	0.999170	0.999151	0.850586	0.957834	0.957582
8500	0.964528	0.999170	0.999151	0.850648	0.957834	0.957582
8510	0.964604	0.999170	0.999151	0.850672	0.957834	0.957582
8520	0.964693	0.999170	0.999151	0.850763	0.957834	0.957582
8530	0.964763	0.999170	0.999151	0.850842	0.957834	0.957582
8540	0.964825	0.999170	0.999151	0.850927	0.957834	0.957582
8550	0.964867	0.999170	0.999151	0.851000	0.957834	0.957582
8560	0.964923	0.999170	0.999151	0.851124	0.957834	0.957582
8570	0.964977	0.999170	0.999151	0.851263	0.957834	0.957582
8580	0.965006	0.999170	0.999151	0.851268	0.956793	0.956601
8590	0.965069	0.999170	0.999151	0.851341	0.956793	0.956601
8600	0.965095	0.999170	0.999151	0.851410	0.957314	0.957071
8610	0.965123	0.999170	0.999151	0.851419	0.957314	0.957071
8620	0.965158	0.999170	0.999151	0.851435	0.957314	0.957071
8630	0.965201	0.999170	0.999151	0.851494	0.957314	0.957071
8640	0.965280	0.999170	0.999151	0.851596	0.957314	0.957071
8650	0.965337	0.999170	0.999151	0.851604	0.957314	0.957071
8660	0.965392	0.999170	0.999151	0.851657	0.956793	0.956522
8670	0.965466	0.999226	0.999207	0.851735	0.956793	0.956522
8680	0.965565	0.999226	0.999207	0.851874	0.956793	0.956522
8690	0.965615	0.999226	0.999207	0.851913	0.956793	0.956522
8700	0.965675	0.999226	0.999207	0.851988	0.956793	0.956522
8710	0.965726	0.999170	0.999151	0.852109	0.956793	0.956522
8720	0.965770	0.999170	0.999151	0.852208	0.956793	0.956522
8730	0.965859	0.999170	0.999151	0.852221	0.956793	0.956522
8740	0.965895	0.999170	0.999151	0.852204	0.956793	0.956522
8750	0.965959	0.999226	0.999207	0.852310	0.956793	0.956522
8760	0.966014	0.999226	0.999207	0.852373	0.956793	0.956522
8770	0.966028	0.999226	0.999207	0.852383	0.956793	0.956522
8780	0.966113	0.999226	0.999207	0.852601	0.956793	0.956522
8790	0.966177	0.999281	0.999263	0.852734	0.956793	0.956522
8800	0.966203	0.999281	0.999263	0.852749	0.956793	0.956522
8810	0.966229	0.999281	0.999263	0.852775	0.956793	0.956522
8820	0.966265	0.999281	0.999263	0.852934	0.956793	0.956522
8830	0.966328	0.999281	0.999263	0.852939	0.956793	0.956522
8840	0.966344	0.999281	0.999263	0.852959	0.956793	0.956522
8850	0.966357	0.999281	0.999263	0.852969	0.956793	0.956522
8860	0.966371	0.999281	0.999263	0.852963	0.956793	0.956522
8870	0.966389	0.999281	0.999263	0.852988	0.957314	0.957096
8880	0.966449	0.999281	0.999263	0.853047	0.957314	0.957096
8890	0.966496	0.999281	0.999263	0.853138	0.957834	0.957645
8900	0.966520	0.999281	0.999263	0.853170	0.957834	0.957645
8910	0.966550	0.999281	0.999263	0.853255	0.958355	0.958140
8920	0.966572	0.999281	0.999263	0.853312	0.957834	0.957566
8930	0.966649	0.999281	0.999263	0.853354	0.957834	0.957566
8940	0.966719	0.999226	0.999207	0.853425	0.957834	0.957566
8950	0.966807	0.999281	0.999263	0.853535	0.957834	0.957566
8960	0.966925	0.999336	0.999319	0.853676	0.957834	0.957566
8970	0.967003	0.999281	0.999263	0.853755	0.958355	0.958140
8980	0.967085	0.999226	0.999207	0.853815	0.958355	0.958140
8990	0.967138	0.999281	0.999263	0.853837	0.958876	0.958608
9000	0.967169	0.999336	0.999319	0.853864	0.958876	0.958608
9010	0.967202	0.999336	0.999319	0.853873	0.958876	0.958608
9020	0.967257	0.999336	0.999319	0.853926	0.958876	0.958608
9030	0.967271	0.999336	0.999319	0.853972	0.958876	0.958608
9040	0.967281	0.999336	0.999319	0.853973	0.958876	0.958608
9050	0.967290	0.999336	0.999319	0.853964	0.958876	0.958608
9060	0.967301	0.999336	0.999319	0.853957	0.958876	0.958608
9070	0.967306	0.999336	0.999319	0.853958	0.958876	0.958608
9080	0.967311	0.999336	0.999319	0.853953	0.958876	0.958608
9090	0.967317	0.999336	0.999319	0.853955	0.958876	0.958608
9100	0.967327	0.999336	0.999319	0.854000	0.958876	0.958608
9110	0.967345	0.999336	0.999319	0.854054	0.958876	0.958608
9120	0.967384	0.999336	0.999319	0.854116	0.958876	0.958608
9130	0.967444	0.999336	0.999319	0.854190	0.958876	0.958608
9140	0.967476	0.999336	0.999319	0.854223	0.958876	0.958608
9150	0.967519	0.999336	0.999319	0.854318	0.959396	0.959112
9160	0.967606	0.999336	0.999319	0.854384	0.959396	0.959112
9170	0.967712	0.999336	0.999319	0.854446	0.959396	0.959112
9180	0.967777	0.999336	0.999319	0.854510	0.959396	0.959112
9190	0.967872	0.999336	0.999319	0.854562	0.959396	0.959112
9200	0.967923	0.999336	0.999319	0.854574	0.959917	0.959601
9210	0.967999	0.999392	0.999376	0.854634	0.960437	0.960113
9220	0.968045	0.999392	0.999376	0.854662	0.960437	0.960113
9230	0.968063	0.999392	0.999376	0.854668	0.960437	0.960113
9240	0.968097	0.999392	0.999376	0.854663	0.960437	0.960113
9250	0.968101	0.999392	0.999376	0.854674	0.960437	0.960113
9260	0.968105	0.999392	0.999376	0.854683	0.960437	0.960113
9270	0.968108	0.999392	0.999376	0.854694	0.960437	0.960113
9280	0.968113	0.999392	0.999376	0.854708	0.960437	0.960113
9290	0.968136	0.999392	0.999376	0.854711	0.960437	0.960113
9300	0.968141	0.999392	0.999376	0.854692	0.960437	0.960113
9310	0.968152	0.999392	0.999376	0.854664	0.960437	0.960113
9320	0.968180	0.999392	0.999376	0.854722	0.960437	0.960113
9330	0.968220	0.999392	0.999376	0.854796	0.960437	0.960113
9340	0.968236	0.999392	0.999376	0.854822	0.960437	0.960113
9350	0.968295	0.999447	0.999432	0.854880	0.960437	0.960113
9360	0.968327	0.999447	0.999432	0.854922	0.960437	0.960113
9370	0.968366	0.999447	0.999432	0.855013	0.960437	0.960113
9380	0.968397	0.999447	0.999432	0.855027	0.960437	0.960113
9390	0.968420	0.999447	0.999432	0.855063	0.960437	0.960113
9400	0.968477	0.999447	0.999432	0.855103	0.960437	0.960113
9410	0.968563	0.999447	0.999432	0.855208	0.960437	0.960113
9420	0.968649	0.999447	0.999432	0.855293	0.960437	0.960113
9430	0.968693	0.999502	0.999489	0.855219	0.960437	0.960113
9440	0.968769	0.999502	0.999489	0.855270	0.960958	0.960624
9450	0.968830	0.999502	0.999489	0.855297	0.960437	0.960113
9460	0.968902	0.999502	0.999489	0.855317	0.960958	0.960624
9470	0.968958	0.999502	0.999489	0.855389	0.960958	0.960624
9480	0.969015	0.999502	0.999489	0.855486	0.960958	0.960624
9490	0.969062	0.999502	0.999489	0.855517	0.960958	0.960624
9500	0.969103	0.999502	0.999489	0.855541	0.960958	0.960624
9510	0.969131	0.999557	0.999545	0.855594	0.960958	0.960624
9520	0.969165	0.999557	0.999545	0.855547	0.960958	0.960624
9530	0.969217	0.999557	0.999545	0.855604	0.960958	0.960624
9540	0.969286	0.999557	0.999545	0.855636	0.960958	0.960624
9550	0.969321	0.999557	0.999545	0.855676	0.960437	0.960113
9560	0.969341	0.999557	0.999545	0.855716	0.960437	0.960113
9570	0.969371	0.999557	0.999545	0.855748	0.959917	0.959609
9580	0.969419	0.999557	0.999545	0.855824	0.959917	0.959609
9590	0.969477	0.999557	0.999545	0.855871	0.960958	0.960624
9600	0.969558	0.999557	0.999545	0.855953	0.960437	0.960113
9610	0.969589	0.999557	0.999545	0.856052	0.960437	0.960113
9620	0.969615	0.999557	0.999545	0.856136	0.959396	0.959097
9630	0.969640	0.999557	0.999545	0.856235	0.959396	0.959097
9640	0.969664	0.999557	0.999545	0.856316	0.959396	0.959097
9650	0.969710	0.999557	0.999545	0.856439	0.959396	0.959097
9660	0.969748	0.999557	0.999545	0.856553	0.960437	0.960113
9670	0.969775	0.999557	0.999545	0.856593	0.960437	0.960113
9680	0.969795	0.999557	0.999545	0.856628	0.960437	0.960113
9690	0.969823	0.999557	0.999545	0.856686	0.960437	0.960113
9700	0.969874	0.999557	0.999545	0.856802	0.959917	0.959592
9710	0.969897	0.999557	0.999545	0.856845	0.959917	0.959592
9720	0.969912	0.999557	0.999545	0.856835	0.959917	0.959592
9730	0.969983	0.999557	0.999545	0.856898	0.959917	0.959592
9740	0.970027	0.999557	0.999545	0.856908	0.959917	0.959592
9750	0.970078	0.999557	0.999545	0.856966	0.959917	0.959592
9760	0.970099	0.999557	0.999545	0.856963	0.959917	0.959592
9770	0.970104	0.999557	0.999545	0.856971	0.959917	0.959592
9780	0.970128	0.999557	0.999545	0.857007	0.959917	0.959592
9790	0.970134	0.999557	0.999545	0.856999	0.959917	0.959592
9800	0.970157	0.999557	0.999545	0.856979	0.959917	0.959592
9810	0.970170	0.999557	0.999545	0.857042	0.959917	0.959592
9820	0.970179	0.999557	0.999545	0.857039	0.959917	0.959592
9830	0.970201	0.999557	0.999545	0.857033	0.959917	0.959592
9840	0.970208	0.999557	0.999545	0.857049	0.959917	0.959592
9850	0.970215	0.999557	0.999545	0.857068	0.959917	0.959592
9860	0.970230	0.999557	0.999545	0.857018	0.959917	0.959592
9870	0.970272	0.999557	0.999545	0.857099	0.959917	0.959592
9880	0.970293	0.999557	0.999545	0.857093	0.959917	0.959592
9890	0.970307	0.999557	0.999545	0.857121	0.959917	0.959592
9900	0.970320	0.999557	0.999545	0.857138	0.959917	0.959592
9910	0.970356	0.999557	0.999545	0.857211	0.959917	0.959592
9920	0.970393	0.999557	0.999545	0.857300	0.959917	0.959592
9930	0.970440	0.999557	0.999545	0.857295	0.959917	0.959592
9940	0.970483	0.999557	0.999545	0.857313	0.959917	0.959592
9950	0.970531	0.999557	0.999545	0.857342	0.959917	0.959592
9960	0.970587	0.999557	0.999545	0.857380	0.959917	0.959592
9970	0.970628	0.999557	0.999545	0.857404	0.959917	0.959592
9980	0.970709	0.999557	0.999545	0.857496	0.959917	0.959592
9990	0.970787	0.999557	0.999545	0.857602	0.960437	0.960104
10000	0.970868	0.999557	0.999545	0.857718	0.960437	0.960104
