10	0.067908	0.366574	0.320209	0.067588	0.358049	0.317089
20	0.102815	0.599610	0.606837	0.100722	0.590732	0.610474
30	0.140547	0.682563	0.687370	0.139874	0.675122	0.684592
40	0.169742	0.707632	0.713458	0.168745	0.695610	0.704624
50	0.194944	0.733259	0.736842	0.193770	0.716585	0.723152
60	0.218739	0.743788	0.747135	0.217272	0.733659	0.738396
70	0.234273	0.751142	0.753595	0.232205	0.737561	0.741579
80	0.255129	0.762340	0.764180	0.251674	0.755122	0.759571
90	0.276727	0.776379	0.775869	0.270931	0.765854	0.766804
100	0.293314	0.783120	0.782449	0.287629	0.770244	0.772232
110	0.311343	0.795265	0.791961	0.303936	0.777073	0.774961
120	0.327753	0.802786	0.798116	0.318586	0.782439	0.779270
130	0.341415	0.811532	0.805845	0.330907	0.787317	0.783586
140	0.353309	0.816657	0.810177	0.341861	0.797073	0.792924
150	0.363686	0.820111	0.813295	0.351900	0.802439	0.797281
160	0.375601	0.825571	0.817925	0.362457	0.807317	0.800796
170	0.386272	0.829694	0.821864	0.371070	0.808780	0.802625
180	0.398840	0.834986	0.826373	0.382670	0.813171	0.806206
190	0.407784	0.838552	0.829203	0.390656	0.818049	0.810738
200	0.417049	0.842061	0.832496	0.398353	0.821463	0.812835
210	0.425636	0.845627	0.834713	0.406362	0.822439	0.812364
220	0.433042	0.849136	0.838076	0.412644	0.827805	0.817262
230	0.443278	0.853092	0.841766	0.421651	0.830732	0.819870
240	0.454148	0.857382	0.845683	0.430741	0.837073	0.825414
250	0.462715	0.861448	0.849276	0.438078	0.839512	0.827367
260	0.470414	0.864234	0.851786	0.444321	0.841951	0.829672
270	0.478394	0.866518	0.853930	0.451913	0.845366	0.832744
280	0.482273	0.869359	0.856662	0.455243	0.847805	0.835521
290	0.485867	0.870919	0.858097	0.458119	0.848293	0.835751
300	0.495593	0.874485	0.861197	0.467496	0.850244	0.836985
310	0.500633	0.875822	0.862377	0.472055	0.852195	0.838849
320	0.505130	0.876880	0.863360	0.475964	0.851707	0.838845
330	0.513352	0.879889	0.866095	0.483770	0.856098	0.842437
340	0.519257	0.881838	0.867882	0.488690	0.857073	0.843289
350	0.526443	0.884067	0.869808	0.495561	0.860000	0.845751
360	0.533806	0.886017	0.871569	0.501429	0.862439	0.847611
370	0.541622	0.889081	0.874294	0.507658	0.864878	0.850039
380	0.548503	0.890641	0.875807	0.513494	0.864878	0.849831
390	0.554362	0.892033	0.877044	0.518904	0.866829	0.851762
400	0.561097	0.893928	0.878744	0.525155	0.871220	0.855596
410	0.567826	0.895487	0.880264	0.531079	0.871707	0.855827
420	0.571359	0.896267	0.880967	0.534123	0.872195	0.856526
430	0.574719	0.897994	0.882581	0.536510	0.873171	0.857315
440	0.578616	0.899777	0.884210	0.539483	0.873171	0.857302
450	0.583628	0.901058	0.885378	0.542656	0.873659	0.858047
460	0.587866	0.902340	0.886517	0.546530	0.876098	0.860453
470	0.592311	0.904178	0.888227	0.549992	0.876585	0.860965
480	0.596460	0.905237	0.889208	0.552654	0.876585	0.860916
490	0.598942	0.906072	0.890071	0.553869	0.876585	0.860684
500	0.603458	0.907744	0.891599	0.556989	0.875610	0.859590
510	0.608324	0.909304	0.893005	0.560999	0.879512	0.863289
520	0.613632	0.910919	0.894493	0.564537	0.881463	0.865035
530	0.618037	0.912033	0.895524	0.568454	0.882439	0.865936
540	0.621914	0.913649	0.897084	0.571205	0.882439	0.866195
550	0.625130	0.914318	0.897680	0.574029	0.883415	0.866846
560	0.628973	0.915487	0.898731	0.576790	0.882927	0.866508
570	0.632754	0.917214	0.900297	0.578979	0.883415	0.867024
580	0.635872	0.918162	0.901133	0.581449	0.884390	0.867785
590	0.638530	0.918719	0.901647	0.583677	0.884390	0.867767
600	0.642228	0.920056	0.902880	0.587201	0.887317	0.870421
610	0.645595	0.921003	0.903795	0.589519	0.888780	0.871712
620	0.647363	0.921337	0.904149	0.590973	0.890244	0.873021
630	0.648944	0.921727	0.904501	0.591936	0.889756	0.872694
640	0.651926	0.922841	0.905553	0.594141	0.890732	0.873539
650	0.654557	0.923565	0.906233	0.596580	0.891707	0.874384
660	0.656755	0.924680	0.907336	0.597955	0.891220	0.874024
670	0.659291	0.925738	0.908347	0.599831	0.892683	0.875451
680	0.662616	0.926240	0.908721	0.602415	0.891707	0.874339
690	0.665681	0.926351	0.908822	0.605080	0.895610	0.878494
700	0.667568	0.926184	0.908629	0.607109	0.895122	0.877968
710	0.670808	0.927075	0.909451	0.610075	0.896585	0.879243
720	0.674977	0.928134	0.910480	0.614216	0.897073	0.879502
730	0.676861	0.928747	0.911089	0.615926	0.897073	0.879561
740	0.680048	0.929359	0.911705	0.618214	0.899512	0.881851
750	0.683233	0.930418	0.912611	0.619754	0.899512	0.882142
760	0.685220	0.930641	0.912787	0.620989	0.900000	0.882609
770	0.687447	0.931421	0.913556	0.622330	0.900488	0.882985
780	0.689174	0.931978	0.914058	0.623494	0.900000	0.882641
790	0.691470	0.932535	0.914523	0.624985	0.901951	0.884148
800	0.693165	0.933036	0.915026	0.626292	0.902927	0.884940
810	0.695065	0.933482	0.915378	0.627535	0.902927	0.884858
820	0.696909	0.933872	0.915795	0.629584	0.904390	0.886293
830	0.698830	0.934485	0.916283	0.631291	0.904878	0.886651
840	0.700081	0.934930	0.916748	0.632332	0.904390	0.886258
850	0.701613	0.935265	0.917109	0.633202	0.904878	0.886900
860	0.703965	0.935933	0.917759	0.634848	0.904390	0.886462
870	0.706376	0.936435	0.918138	0.636256	0.903902	0.885753
880	0.707683	0.936435	0.918128	0.637353	0.903902	0.885746
890	0.708916	0.936992	0.918694	0.637545	0.904390	0.886317
900	0.710804	0.937437	0.919059	0.638892	0.904878	0.886769
910	0.712381	0.937716	0.919305	0.640464	0.904390	0.886305
920	0.714520	0.937994	0.919631	0.642199	0.903902	0.886014
930	0.716065	0.938440	0.920008	0.643411	0.903902	0.885962
940	0.717542	0.938496	0.920053	0.644552	0.904390	0.886500
950	0.719082	0.938942	0.920439	0.645849	0.905854	0.887754
960	0.720527	0.939666	0.921123	0.647543	0.905854	0.887757
970	0.722098	0.939721	0.921176	0.648815	0.905366	0.887196
980	0.723513	0.940000	0.921402	0.649983	0.905854	0.887642
990	0.724707	0.940501	0.921885	0.650595	0.905854	0.887507
1000	0.726140	0.941281	0.922647	0.651423	0.906829	0.888426
1010	0.727437	0.941560	0.922892	0.652383	0.906341	0.887985
1020	0.729186	0.942006	0.923310	0.653542	0.906341	0.887993
1030	0.730522	0.942117	0.923415	0.654412	0.907317	0.889036
1040	0.732023	0.942340	0.923642	0.655856	0.908780	0.890337
1050	0.733231	0.942730	0.924029	0.656814	0.908293	0.890141
1060	0.735091	0.942953	0.924236	0.658397	0.908780	0.890680
1070	0.736449	0.943120	0.924408	0.659281	0.910244	0.891992
1080	0.737365	0.943120	0.924404	0.659960	0.909756	0.891447
1090	0.738572	0.943287	0.924571	0.661262	0.910732	0.892382
1100	0.739934	0.943287	0.924625	0.662396	0.911220	0.892956
1110	0.741037	0.943510	0.924794	0.663462	0.910732	0.892624
1120	0.741754	0.943844	0.925118	0.663866	0.911220	0.893160
1130	0.743008	0.944178	0.925421	0.664967	0.912683	0.894200
1140	0.743786	0.944345	0.925632	0.665187	0.913171	0.894840
1150	0.745231	0.944735	0.925974	0.665157	0.911707	0.893336
1160	0.746293	0.944791	0.926015	0.665955	0.911707	0.893226
1170	0.746855	0.945070	0.926269	0.666394	0.910732	0.892434
1180	0.747442	0.945237	0.926445	0.666894	0.910732	0.892384
1190	0.748231	0.945460	0.926687	0.667780	0.910732	0.892136
1200	0.749703	0.945794	0.927008	0.669117	0.911707	0.892970
1210	0.750918	0.946072	0.927220	0.670158	0.912683	0.893935
1220	0.751539	0.946295	0.927449	0.670673	0.913171	0.894354
1230	0.752584	0.946630	0.927775	0.671555	0.913171	0.894295
1240	0.753563	0.946685	0.927835	0.672320	0.911707	0.892964
1250	0.754282	0.946852	0.927997	0.672946	0.912683	0.893899
1260	0.755261	0.947019	0.928175	0.673628	0.912683	0.893876
1270	0.756093	0.947242	0.928352	0.674095	0.911707	0.892880
1280	0.756793	0.947298	0.928464	0.674599	0.911707	0.893024
1290	0.757625	0.947465	0.928606	0.675126	0.911707	0.893138
1300	0.758764	0.947688	0.928851	0.675960	0.912195	0.893571
1310	0.759816	0.947855	0.928884	0.676940	0.912195	0.893615
1320	0.760733	0.948189	0.929279	0.677420	0.912683	0.894097
1330	0.761531	0.948524	0.929663	0.677973	0.913171	0.894499
1340	0.762426	0.948468	0.929619	0.678764	0.914146	0.895418
1350	0.763557	0.948579	0.929763	0.679803	0.913171	0.894376
1360	0.764310	0.948691	0.929816	0.680433	0.914146	0.895388
1370	0.765297	0.948969	0.930068	0.681158	0.913659	0.894845
1380	0.766325	0.949025	0.930126	0.682294	0.915122	0.896103
1390	0.767086	0.949136	0.930249	0.682923	0.915122	0.896071
1400	0.767839	0.949359	0.930455	0.683656	0.915122	0.896065
1410	0.768706	0.949582	0.930696	0.684110	0.914634	0.895915
1420	0.769449	0.949749	0.930845	0.684552	0.914146	0.895290
1430	0.770439	0.949638	0.930748	0.685362	0.913659	0.894805
1440	0.771432	0.950028	0.950573	0.686311	0.914146	0.895454
1450	0.772342	0.950139	0.950700	0.687207	0.914146	0.895428
1460	0.773235	0.951476	0.951936	0.687841	0.916585	0.917342
1470	0.774231	0.950808	0.951434	0.688651	0.916585	0.917410
1480	0.775082	0.953203	0.953571	0.689413	0.918537	0.919174
1490	0.776242	0.954373	0.954704	0.690333	0.919024	0.919878
1500	0.777262	0.955487	0.955804	0.691449	0.920000	0.920872
1510	0.778143	0.955989	0.956272	0.692208	0.920000	0.920964
1520	0.779556	0.957047	0.957316	0.693445	0.920976	0.921908
1530	0.780654	0.959331	0.959544	0.694347	0.924878	0.925749
1540	0.781873	0.960557	0.960758	0.695421	0.925366	0.926263
1550	0.782612	0.961393	0.961590	0.695499	0.924878	0.926021
1560	0.784676	0.963064	0.963232	0.697220	0.926341	0.927599
1570	0.785657	0.965070	0.965233	0.698071	0.928293	0.929548
1580	0.786479	0.966128	0.966270	0.698862	0.929756	0.930904
1590	0.787247	0.966351	0.966491	0.699503	0.929756	0.930841
1600	0.789370	0.967242	0.967373	0.701265	0.929756	0.930825
1610	0.790590	0.967688	0.967814	0.702084	0.931220	0.932315
1620	0.791837	0.968412	0.968545	0.703132	0.931220	0.932275
1630	0.793296	0.968802	0.968917	0.704518	0.932195	0.933271
1640	0.794249	0.969248	0.969362	0.705531	0.930732	0.931837
1650	0.795073	0.969861	0.969948	0.706189	0.931220	0.932181
1660	0.796199	0.970919	0.971008	0.707101	0.931220	0.932181
1670	0.797327	0.971198	0.971293	0.708024	0.932195	0.933216
1680	0.798396	0.971643	0.971724	0.708879	0.932683	0.933738
1690	0.799347	0.971755	0.971831	0.709577	0.933171	0.934163
1700	0.799980	0.971811	0.971882	0.710150	0.932683	0.933546
1710	0.800548	0.972033	0.972097	0.710582	0.933171	0.934080
1720	0.801637	0.972646	0.972701	0.711509	0.933171	0.934183
1730	0.802970	0.972925	0.972967	0.712604	0.934634	0.935510
1740	0.804345	0.973370	0.973420	0.713952	0.935122	0.935873
1750	0.805240	0.973593	0.973627	0.714643	0.936098	0.936868
1760	0.805936	0.973705	0.973738	0.715244	0.935610	0.936428
1770	0.806742	0.973983	0.974013	0.715896	0.936098	0.936868
1780	0.807630	0.974150	0.974163	0.716676	0.936585	0.937277
1790	0.808471	0.974485	0.974505	0.717440	0.936585	0.937163
1800	0.809204	0.974652	0.974668	0.718286	0.937561	0.938015
1810	0.809620	0.974652	0.974665	0.718685	0.937561	0.938015
1820	0.810131	0.974708	0.974715	0.719098	0.937073	0.937534
1830	0.810600	0.974708	0.974714	0.719523	0.937561	0.938015
1840	0.811070	0.974819	0.974828	0.719918	0.937561	0.938018
1850	0.812982	0.975432	0.975435	0.721518	0.937561	0.938018
1860	0.814004	0.975487	0.975492	0.722390	0.937561	0.938018
1870	0.815014	0.976045	0.976041	0.723170	0.937561	0.938033
1880	0.815993	0.976435	0.976429	0.723869	0.939512	0.940189
1890	0.817039	0.976379	0.976368	0.724748	0.940000	0.940669
1900	0.817599	0.976546	0.976542	0.725099	0.939024	0.939700
1910	0.818099	0.977103	0.977085	0.725442	0.939512	0.940150
1920	0.818606	0.976992	0.976986	0.725757	0.939512	0.940150
1930	0.819699	0.977437	0.977430	0.726646	0.939512	0.940108
1940	0.820436	0.977604	0.977592	0.727164	0.939024	0.939659
1950	0.821049	0.977604	0.977584	0.727750	0.939512	0.940013
1960	0.821788	0.977883	0.977855	0.728317	0.940000	0.940456
1970	0.822402	0.978273	0.978241	0.728736	0.940000	0.940619
1980	0.823037	0.978329	0.978300	0.729286	0.940000	0.940619
1990	0.823954	0.979053	0.979013	0.730316	0.941463	0.942057
2000	0.824478	0.978942	0.978900	0.730746	0.941951	0.942494
2010	0.825188	0.979276	0.979230	0.731288	0.941951	0.942363
2020	0.825889	0.979443	0.979402	0.731804	0.941463	0.941808
2030	0.826539	0.979777	0.979736	0.732324	0.940976	0.941406
2040	0.826925	0.979889	0.979842	0.732552	0.941463	0.941782
2050	0.827898	0.980223	0.980177	0.733143	0.941463	0.941820
2060	0.828479	0.980279	0.980237	0.733455	0.941463	0.941812
2070	0.828797	0.980279	0.980237	0.733721	0.941463	0.941812
2080	0.830235	0.980446	0.980397	0.735073	0.941463	0.941812
2090	0.830655	0.980557	0.980514	0.735403	0.941463	0.941812
2100	0.830930	0.980613	0.980566	0.735575	0.941463	0.941899
2110	0.831210	0.980613	0.980567	0.735665	0.941951	0.942358
2120	0.831583	0.980724	0.980682	0.735972	0.941951	0.942358
2130	0.831877	0.980891	0.980846	0.736218	0.941951	0.942358
2140	0.832270	0.980891	0.980849	0.736576	0.942439	0.942877
2150	0.832826	0.981226	0.981183	0.737013	0.940976	0.941294
2160	0.833271	0.981393	0.981351	0.737371	0.941463	0.941813
2170	0.833890	0.981560	0.981524	0.737913	0.942439	0.942896
2180	0.834570	0.981337	0.981297	0.738574	0.942927	0.943357
2190	0.835393	0.981616	0.981573	0.739244	0.943415	0.943844
2200	0.835911	0.981504	0.981463	0.739761	0.942927	0.943419
2210	0.836229	0.981560	0.981519	0.739928	0.942439	0.943052
2220	0.836842	0.981727	0.981684	0.740488	0.942927	0.943596
2230	0.837239	0.981894	0.981849	0.740838	0.942439	0.942994
2240	0.837902	0.982117	0.982064	0.741296	0.942927	0.943515
2250	0.838890	0.982340	0.982283	0.741991	0.942927	0.943468
2260	0.839496	0.982451	0.982394	0.742458	0.942927	0.943449
2270	0.840218	0.982618	0.982570	0.743114	0.942927	0.943375
2280	0.840701	0.982563	0.982510	0.743703	0.942927	0.943404
2290	0.841381	0.982730	0.982671	0.744313	0.942927	0.943404
2300	0.841844	0.982953	0.982894	0.744770	0.942927	0.943404
2310	0.842276	0.982953	0.982892	0.744977	0.942927	0.943387
2320	0.842762	0.983008	0.982949	0.744918	0.943415	0.943898
2330	0.843192	0.983120	0.983062	0.745338	0.942927	0.943456
2340	0.843880	0.983064	0.983006	0.745850	0.943415	0.943898
2350	0.844477	0.983175	0.983118	0.746266	0.943415	0.943989
2360	0.845027	0.983120	0.983065	0.746774	0.943415	0.943946
2370	0.845314	0.983231	0.983173	0.746968	0.942927	0.943395
2380	0.845651	0.983231	0.983173	0.747237	0.942927	0.943395
2390	0.846041	0.983343	0.983286	0.747549	0.942927	0.943395
2400	0.846596	0.983398	0.983340	0.748015	0.943415	0.943945
2410	0.846966	0.983565	0.983505	0.748188	0.943415	0.943872
2420	0.847311	0.983510	0.983447	0.748460	0.942927	0.943318
2430	0.847874	0.983733	0.983666	0.749010	0.942927	0.943318
2440	0.848292	0.983900	0.983834	0.749358	0.942927	0.943318
2450	0.848691	0.983900	0.983835	0.749655	0.943415	0.943865
2460	0.849051	0.984011	0.983943	0.749929	0.943415	0.943865
2470	0.849446	0.983955	0.983889	0.750335	0.943415	0.943934
2480	0.850115	0.983955	0.983890	0.750779	0.942927	0.943319
2490	0.850548	0.984067	0.984000	0.751097	0.943415	0.943940
2500	0.851105	0.984123	0.984055	0.751640	0.943415	0.943940
2510	0.851699	0.984178	0.984115	0.752140	0.943415	0.943898
2520	0.852091	0.984345	0.984280	0.752333	0.943415	0.943898
2530	0.852936	0.984457	0.984390	0.753023	0.943902	0.944368
2540	0.853397	0.984457	0.984390	0.753460	0.943415	0.943789
2550	0.853843	0.984457	0.984389	0.753899	0.943902	0.944368
2560	0.854211	0.984568	0.984502	0.754205	0.944878	0.945364
2570	0.854748	0.984624	0.984558	0.754611	0.945854	0.946301
2580	0.855273	0.984624	0.984557	0.754929	0.945854	0.946237
2590	0.855615	0.984680	0.984614	0.755210	0.945854	0.946237
2600	0.855923	0.984680	0.984614	0.755524	0.945854	0.946237
2610	0.856323	0.984791	0.984725	0.755852	0.944878	0.945188
2620	0.856672	0.984791	0.984724	0.756172	0.944878	0.945220
2630	0.857101	0.984624	0.984559	0.756418	0.944878	0.945253
2640	0.857476	0.984680	0.984608	0.756709	0.944878	0.945253
2650	0.857823	0.984735	0.984662	0.756988	0.944878	0.945253
2660	0.858172	0.984847	0.984774	0.757253	0.944878	0.945253
2670	0.858483	0.984735	0.984659	0.757504	0.944878	0.945253
2680	0.859178	0.985014	0.984939	0.757957	0.944878	0.945188
2690	0.859702	0.985070	0.984995	0.758365	0.944878	0.945147
2700	0.860444	0.985125	0.985055	0.759013	0.944878	0.945147
2710	0.860848	0.985181	0.985106	0.759281	0.944878	0.945114
2720	0.861201	0.985125	0.985052	0.759551	0.944878	0.945114
2730	0.861638	0.985181	0.985107	0.759895	0.944878	0.945114
2740	0.862134	0.985292	0.985218	0.760261	0.944878	0.945114
2750	0.862440	0.985348	0.985273	0.760466	0.944878	0.945114
2760	0.862882	0.985404	0.985328	0.760688	0.944878	0.945114
2770	0.863485	0.985348	0.985268	0.761115	0.944390	0.944645
2780	0.863864	0.985460	0.985377	0.761434	0.944390	0.944645
2790	0.864093	0.985515	0.985434	0.761586	0.944390	0.944645
2800	0.864503	0.985571	0.985490	0.761705	0.944390	0.944645
2810	0.864889	0.985571	0.985486	0.762043	0.944878	0.945105
2820	0.865218	0.985571	0.985485	0.762265	0.944878	0.945105
2830	0.865889	0.985794	0.985704	0.763035	0.945366	0.945621
2840	0.866516	0.985850	0.985760	0.763414	0.945366	0.945621
2850	0.867008	0.985850	0.985758	0.763786	0.945366	0.945621
2860	0.867341	0.986017	0.985923	0.764245	0.945854	0.946142
2870	0.867823	0.986128	0.986032	0.764494	0.945854	0.946142
2880	0.868437	0.986184	0.986087	0.765049	0.945854	0.946183
2890	0.868831	0.986184	0.986089	0.765233	0.945854	0.946183
2900	0.869483	0.986240	0.986144	0.765735	0.945854	0.946183
2910	0.870400	0.986462	0.986374	0.766613	0.946341	0.946652
2920	0.870900	0.986518	0.986430	0.767109	0.946341	0.946621
2930	0.871504	0.986574	0.986487	0.767633	0.946341	0.946621
2940	0.872142	0.986630	0.986539	0.768080	0.946341	0.946642
2950	0.872500	0.986574	0.986487	0.768297	0.946341	0.946642
2960	0.872682	0.986574	0.986483	0.768448	0.946341	0.946642
2970	0.872981	0.986630	0.986542	0.768758	0.946341	0.946633
2980	0.873236	0.986685	0.986594	0.768958	0.947317	0.947651
2990	0.873611	0.986797	0.986701	0.769167	0.947317	0.947651
3000	0.873938	0.986797	0.986704	0.769490	0.947317	0.947651
3010	0.874279	0.986741	0.986646	0.769749	0.946829	0.947189
3020	0.874547	0.986908	0.986816	0.770015	0.946829	0.947189
3030	0.874756	0.986964	0.986872	0.770231	0.946829	0.947189
3040	0.874920	0.986964	0.986872	0.770377	0.946829	0.947189
3050	0.875282	0.986964	0.986870	0.770642	0.946829	0.947189
3060	0.875727	0.986964	0.986865	0.771118	0.946829	0.947189
3070	0.876119	0.986964	0.986869	0.771429	0.946829	0.947189
3080	0.876505	0.986964	0.986869	0.771724	0.946829	0.947189
3090	0.876743	0.987019	0.986922	0.771918	0.946829	0.947199
3100	0.877006	0.987131	0.987034	0.772237	0.946829	0.947199
3110	0.877335	0.987187	0.987092	0.772534	0.946829	0.947199
3120	0.877700	0.987242	0.987147	0.772692	0.946829	0.947199
3130	0.878024	0.987242	0.987149	0.772911	0.946829	0.947199
3140	0.878256	0.987242	0.987147	0.773030	0.946829	0.947199
3150	0.878777	0.987354	0.987257	0.773406	0.946829	0.947199
3160	0.879183	0.987409	0.987315	0.773616	0.946829	0.947199
3170	0.879640	0.987577	0.987482	0.773979	0.946829	0.947258
3180	0.879977	0.987521	0.987425	0.774288	0.946829	0.947258
3190	0.880368	0.987688	0.987591	0.774736	0.946829	0.947258
3200	0.880775	0.987688	0.987587	0.775006	0.947317	0.947694
3210	0.881027	0.987632	0.987532	0.775245	0.946829	0.947258
3220	0.881435	0.987688	0.987585	0.775536	0.946829	0.947258
3230	0.881861	0.987799	0.987700	0.775902	0.947317	0.947745
3240	0.882091	0.987855	0.987757	0.776060	0.947317	0.947745
3250	0.882388	0.987799	0.987701	0.776274	0.947317	0.947669
3260	0.882646	0.987799	0.987699	0.776358	0.947805	0.948207
3270	0.882992	0.987911	0.987810	0.776679	0.947805	0.948207
3280	0.883347	0.987911	0.987809	0.776944	0.947317	0.947745
3290	0.883606	0.987967	0.987861	0.777172	0.947805	0.948131
3300	0.883921	0.987967	0.987861	0.777490	0.947805	0.948171
3310	0.884147	0.988022	0.987917	0.777754	0.947805	0.948080
3320	0.884322	0.987967	0.987863	0.777915	0.947805	0.948080
3330	0.884707	0.988022	0.987917	0.778228	0.947805	0.948080
3340	0.884970	0.988078	0.987976	0.778504	0.947805	0.948019
3350	0.885120	0.988078	0.987977	0.778559	0.947805	0.948019
3360	0.885731	0.988022	0.987920	0.779213	0.947805	0.948019
3370	0.885974	0.988022	0.987919	0.779455	0.948293	0.948450
3380	0.886590	0.988134	0.988032	0.780250	0.948780	0.948974
3390	0.886994	0.988189	0.988088	0.780836	0.949268	0.949454
3400	0.887245	0.988189	0.988088	0.781081	0.949268	0.949480
3410	0.887447	0.988301	0.988197	0.781246	0.949268	0.949454
3420	0.887621	0.988357	0.988254	0.781431	0.949268	0.949454
3430	0.887782	0.988412	0.988309	0.781540	0.949268	0.949454
3440	0.887938	0.988524	0.988417	0.781610	0.949268	0.949454
3450	0.888416	0.988579	0.988481	0.781960	0.949268	0.949513
3460	0.888577	0.988635	0.988534	0.782127	0.949268	0.949549
3470	0.888894	0.988802	0.988708	0.782491	0.949756	0.950080
3480	0.889105	0.988914	0.988817	0.782651	0.949756	0.950080
3490	0.889267	0.988858	0.988760	0.782895	0.949756	0.950118
3500	0.889607	0.988969	0.988871	0.782463	0.949756	0.950150
3510	0.889778	0.988914	0.988815	0.782572	0.949756	0.950091
3520	0.890018	0.988969	0.988868	0.782609	0.949756	0.950091
3530	0.890368	0.988969	0.988870	0.782852	0.949756	0.950118
3540	0.890806	0.989081	0.988980	0.783220	0.949756	0.950118
3550	0.891087	0.989136	0.989037	0.783506	0.950244	0.950619
3560	0.891360	0.989136	0.989038	0.783834	0.950732	0.951098
3570	0.891632	0.989248	0.989149	0.784023	0.950732	0.951100
3580	0.892042	0.989359	0.989262	0.784280	0.950244	0.950568
3590	0.892352	0.989471	0.989375	0.784545	0.950244	0.950568
3600	0.892538	0.989582	0.989490	0.784740	0.950244	0.950530
3610	0.892851	0.989638	0.989545	0.785129	0.950244	0.950530
3620	0.893185	0.989749	0.989661	0.785446	0.950244	0.950530
3630	0.893491	0.989749	0.989660	0.785623	0.950732	0.950981
3640	0.893682	0.989749	0.989659	0.785776	0.950732	0.950981
3650	0.894014	0.989805	0.989714	0.786033	0.951220	0.951567
3660	0.894376	0.989805	0.989715	0.786451	0.951220	0.951567
3670	0.894745	0.989916	0.989827	0.786755	0.951707	0.952000
3680	0.895009	0.989972	0.989883	0.786877	0.951707	0.952000
3690	0.895221	0.989972	0.989883	0.787087	0.951220	0.951551
3700	0.895513	0.989972	0.989883	0.787484	0.950732	0.951009
3710	0.895944	0.990195	0.990106	0.787896	0.950732	0.950950
3720	0.896147	0.990139	0.990048	0.788048	0.950732	0.950950
3730	0.896529	0.990195	0.990102	0.788586	0.951220	0.951457
3740	0.896786	0.990195	0.990103	0.788660	0.951220	0.951457
3750	0.896927	0.990418	0.990328	0.788877	0.951707	0.951983
3760	0.897198	0.990474	0.990383	0.789135	0.951707	0.952038
3770	0.897326	0.990529	0.990438	0.789196	0.951707	0.952155
3780	0.897563	0.990529	0.990438	0.789479	0.952195	0.952584
3790	0.897841	0.990418	0.990328	0.789718	0.952195	0.952592
3800	0.898352	0.990474	0.990384	0.790194	0.952195	0.952592
3810	0.898716	0.990529	0.990438	0.790500	0.952195	0.952635
3820	0.898958	0.990641	0.990552	0.790722	0.952195	0.952635
3830	0.899370	0.990752	0.990666	0.791029	0.952683	0.953133
3840	0.899566	0.990752	0.990667	0.791283	0.952683	0.953133
3850	0.899924	0.990808	0.990723	0.791582	0.952195	0.952583
3860	0.900096	0.990975	0.990891	0.791755	0.952683	0.953083
3870	0.900242	0.991031	0.990945	0.791946	0.952683	0.953062
3880	0.900711	0.991142	0.991060	0.792396	0.952683	0.953045
3890	0.900869	0.991142	0.991060	0.792506	0.952683	0.953112
3900	0.901069	0.991142	0.991061	0.792582	0.952683	0.953086
3910	0.901486	0.991198	0.991117	0.792826	0.953171	0.953562
3920	0.901813	0.991198	0.991117	0.793078	0.952683	0.953132
3930	0.902181	0.991253	0.991171	0.793391	0.952195	0.952648
3940	0.902627	0.991253	0.991172	0.793773	0.952195	0.952578
3950	0.902967	0.991421	0.991339	0.794022	0.953171	0.953604
3960	0.903386	0.991309	0.991228	0.794378	0.952683	0.953135
3970	0.903767	0.991309	0.991227	0.794706	0.953171	0.953604
3980	0.903982	0.991421	0.991344	0.794807	0.953171	0.953604
3990	0.904086	0.991365	0.991289	0.794852	0.953171	0.953656
4000	0.904313	0.991476	0.991401	0.794931	0.953171	0.953656
4010	0.904508	0.991476	0.991401	0.795052	0.953171	0.953656
4020	0.904563	0.991476	0.991402	0.795141	0.953171	0.953656
4030	0.904610	0.991476	0.991400	0.795187	0.953171	0.953656
4040	0.904716	0.991476	0.991399	0.795242	0.953171	0.953656
4050	0.905146	0.991421	0.991345	0.795497	0.953171	0.953699
4060	0.905511	0.991476	0.991402	0.795629	0.953171	0.953641
4070	0.905943	0.991476	0.991401	0.796071	0.953171	0.953656
4080	0.906313	0.991476	0.991400	0.796495	0.954146	0.954677
4090	0.906627	0.991588	0.991507	0.796733	0.954146	0.954677
4100	0.906768	0.991588	0.991507	0.796884	0.954146	0.954611
4110	0.907238	0.991643	0.991564	0.797249	0.954146	0.954611
4120	0.907527	0.991643	0.991562	0.797385	0.954146	0.954611
4130	0.907795	0.991643	0.991563	0.797650	0.954146	0.954611
4140	0.908166	0.991643	0.991563	0.797863	0.953659	0.954081
4150	0.908514	0.991755	0.991674	0.798104	0.953659	0.954081
4160	0.908889	0.991811	0.991729	0.798284	0.954146	0.954611
4170	0.909049	0.991811	0.991727	0.798426	0.953659	0.954081
4180	0.909153	0.991811	0.991728	0.798629	0.953659	0.954081
4190	0.909357	0.991811	0.991729	0.798781	0.954146	0.954616
4200	0.909523	0.991755	0.991668	0.798993	0.954634	0.955144
4210	0.909731	0.991755	0.991669	0.799126	0.954634	0.955144
4220	0.910086	0.991866	0.991779	0.799584	0.954634	0.955215
4230	0.910369	0.991922	0.991835	0.799827	0.954634	0.955215
4240	0.910608	0.991866	0.991779	0.800106	0.954634	0.955136
4250	0.910901	0.991922	0.991841	0.800318	0.954634	0.955149
4260	0.911225	0.991922	0.991843	0.800637	0.954634	0.955144
4270	0.911594	0.992033	0.991958	0.800816	0.954634	0.955144
4280	0.911976	0.992089	0.992016	0.801279	0.954634	0.955136
4290	0.912283	0.992033	0.991960	0.801604	0.954634	0.955136
4300	0.912552	0.992089	0.992013	0.801757	0.954634	0.955144
4310	0.912816	0.992145	0.992065	0.802105	0.954634	0.955108
4320	0.912980	0.992256	0.992176	0.802217	0.954634	0.955108
4330	0.913311	0.992201	0.992122	0.802466	0.954634	0.955108
4340	0.913531	0.992256	0.992176	0.802687	0.954634	0.955108
4350	0.913843	0.992312	0.992230	0.802877	0.954634	0.955108
4360	0.914092	0.992479	0.992401	0.803162	0.954634	0.955108
4370	0.914404	0.992535	0.992457	0.803426	0.954634	0.955168
4380	0.914569	0.992646	0.992569	0.803518	0.954634	0.955106
4390	0.914828	0.992535	0.992458	0.803578	0.954634	0.955106
4400	0.914964	0.992535	0.992460	0.803544	0.954634	0.955106
4410	0.915219	0.992702	0.992623	0.803756	0.954634	0.955106
4420	0.915567	0.992646	0.992566	0.803990	0.954634	0.955106
4430	0.915727	0.992591	0.992511	0.804067	0.954634	0.955106
4440	0.915931	0.992813	0.992734	0.804191	0.954146	0.954635
4450	0.916133	0.992869	0.992792	0.804427	0.954634	0.955110
4460	0.916472	0.992981	0.992903	0.804634	0.954146	0.954635
4470	0.916632	0.992813	0.992736	0.804807	0.953659	0.954083
4480	0.916850	0.992869	0.992793	0.805115	0.953659	0.954142
4490	0.917075	0.992869	0.992793	0.805327	0.954146	0.954636
4500	0.917278	0.992869	0.992793	0.805539	0.954146	0.954636
4510	0.917602	0.992869	0.992794	0.805745	0.954146	0.954700
4520	0.917745	0.992869	0.992793	0.805979	0.954146	0.954700
4530	0.917910	0.992925	0.992847	0.806017	0.953659	0.954206
4540	0.918125	0.993036	0.992959	0.806154	0.953659	0.954206
4550	0.918236	0.993036	0.992959	0.806239	0.953659	0.954206
4560	0.918419	0.993148	0.993070	0.806500	0.953659	0.954191
4570	0.918558	0.993259	0.993181	0.806641	0.953659	0.954191
4580	0.918716	0.993259	0.993181	0.806850	0.954634	0.955159
4590	0.919032	0.993426	0.993346	0.807085	0.954634	0.955169
4600	0.919359	0.993482	0.993399	0.807302	0.954146	0.954610
4610	0.919623	0.993649	0.993568	0.807514	0.954634	0.955092
4620	0.919810	0.993538	0.993456	0.807696	0.955122	0.955575
4630	0.920110	0.993538	0.993456	0.808021	0.956098	0.956499
4640	0.920355	0.993482	0.993400	0.808289	0.956098	0.956499
4650	0.920684	0.993538	0.993457	0.808639	0.955610	0.956082
4660	0.920943	0.993593	0.993513	0.808788	0.955610	0.956082
4670	0.921213	0.993760	0.993680	0.809065	0.955610	0.956082
4680	0.921381	0.993649	0.993568	0.809322	0.955610	0.956082
4690	0.921591	0.993760	0.993681	0.809591	0.955610	0.956082
4700	0.921719	0.993816	0.993737	0.809769	0.955610	0.956082
4710	0.921799	0.993872	0.993791	0.809776	0.955610	0.956082
4720	0.921980	0.993983	0.993903	0.810027	0.955610	0.956018
4730	0.922163	0.993983	0.993904	0.810137	0.955610	0.956018
4740	0.922374	0.994039	0.993960	0.810280	0.956585	0.956998
4750	0.922629	0.994150	0.994071	0.810539	0.956585	0.956998
4760	0.922811	0.994095	0.994014	0.810701	0.957073	0.957482
4770	0.923168	0.994318	0.994240	0.810801	0.957561	0.958031
4780	0.923422	0.994318	0.994245	0.811022	0.957561	0.958028
4790	0.923802	0.994373	0.994302	0.811234	0.957561	0.958028
4800	0.924074	0.994373	0.994303	0.811424	0.957561	0.958028
4810	0.924236	0.994429	0.994357	0.811650	0.957561	0.958028
4820	0.924480	0.994373	0.994302	0.811928	0.957561	0.958028
4830	0.924610	0.994429	0.994358	0.811970	0.958049	0.958495
4840	0.924850	0.994429	0.994359	0.812195	0.957561	0.958028
4850	0.924929	0.994429	0.994358	0.812266	0.957561	0.958028
4860	0.925171	0.994318	0.994244	0.812431	0.957561	0.958028
4870	0.925364	0.994373	0.994302	0.812587	0.957561	0.958028
4880	0.925568	0.994429	0.994359	0.812794	0.957561	0.958028
4890	0.925833	0.994485	0.994412	0.813108	0.957561	0.958028
4900	0.926138	0.994485	0.994411	0.813411	0.957561	0.958028
4910	0.926319	0.994485	0.994412	0.813646	0.957561	0.958028
4920	0.926587	0.994485	0.994414	0.813948	0.957561	0.958028
4930	0.926751	0.994540	0.994467	0.814168	0.957561	0.958028
4940	0.927080	0.994652	0.994580	0.814481	0.957561	0.958028
4950	0.927259	0.994763	0.994693	0.814611	0.957561	0.958028
4960	0.927420	0.994763	0.994693	0.814670	0.957561	0.958028
4970	0.927523	0.994763	0.994692	0.814790	0.957561	0.958028
4980	0.927740	0.994763	0.994694	0.814949	0.958049	0.958495
4990	0.927982	0.994763	0.994694	0.815035	0.957561	0.958028
5000	0.928126	0.994763	0.994690	0.815161	0.957561	0.958028
5010	0.928334	0.994763	0.994690	0.815380	0.957073	0.957534
5020	0.928578	0.994763	0.994690	0.815620	0.956585	0.956980
5030	0.928714	0.994819	0.994745	0.815706	0.956585	0.956980
5040	0.928864	0.994875	0.994802	0.815823	0.957073	0.957447
5050	0.929100	0.994930	0.994858	0.816037	0.957073	0.957534
5060	0.929311	0.995097	0.995025	0.816249	0.957073	0.957537
5070	0.929563	0.995265	0.995193	0.816436	0.957073	0.957537
5080	0.929758	0.995265	0.995195	0.816555	0.957073	0.957534
5090	0.929949	0.995376	0.995308	0.816666	0.957073	0.957534
5100	0.930145	0.995320	0.995250	0.816692	0.957073	0.957534
5110	0.930377	0.995543	0.995477	0.816896	0.956585	0.957060
5120	0.930533	0.995599	0.995535	0.817013	0.956585	0.957060
5130	0.930657	0.995543	0.995477	0.817245	0.956585	0.957060
5140	0.930894	0.995599	0.995535	0.817466	0.956585	0.957060
5150	0.931109	0.995766	0.995704	0.817703	0.956585	0.957064
5160	0.931306	0.995766	0.995704	0.817927	0.956585	0.957064
5170	0.931417	0.995877	0.995815	0.818013	0.957073	0.957530
5180	0.931473	0.995877	0.995815	0.818019	0.956585	0.957037
5190	0.931631	0.995822	0.995758	0.818197	0.957073	0.957533
5200	0.931766	0.995766	0.995701	0.818394	0.957073	0.957533
5210	0.931955	0.995877	0.995815	0.818519	0.957073	0.957533
5220	0.932013	0.995877	0.995818	0.818587	0.957073	0.957533
5230	0.932166	0.995877	0.995815	0.818656	0.957073	0.957533
5240	0.932422	0.995822	0.995756	0.818891	0.957561	0.958063
5250	0.932720	0.995933	0.995870	0.819129	0.956585	0.957040
5260	0.933062	0.996045	0.995982	0.819402	0.957073	0.957475
5270	0.933138	0.996100	0.996038	0.819434	0.957073	0.957475
5280	0.933266	0.996100	0.996041	0.819546	0.957073	0.957475
5290	0.933514	0.996212	0.996154	0.819797	0.957073	0.957475
5300	0.933718	0.996267	0.996211	0.820038	0.957561	0.957977
5310	0.933788	0.996267	0.996212	0.820101	0.958049	0.958507
5320	0.933873	0.996323	0.996268	0.820224	0.958049	0.958507
5330	0.934000	0.996323	0.996267	0.820360	0.958049	0.958507
5340	0.934066	0.996323	0.996267	0.820413	0.958049	0.958507
5350	0.934323	0.996379	0.996323	0.820536	0.957561	0.957974
5360	0.934470	0.996323	0.996265	0.820701	0.957561	0.957974
5370	0.934572	0.996379	0.996321	0.820835	0.957561	0.957974
5380	0.934666	0.996379	0.996322	0.821042	0.957561	0.957974
5390	0.934866	0.996435	0.996380	0.821141	0.958049	0.958495
5400	0.935062	0.996490	0.996436	0.821275	0.957561	0.957965
5410	0.935202	0.996490	0.996436	0.821370	0.957561	0.957965
5420	0.935252	0.996490	0.996436	0.821428	0.957561	0.957965
5430	0.935348	0.996546	0.996492	0.821529	0.957561	0.957965
5440	0.935575	0.996602	0.996551	0.821654	0.957561	0.957965
5450	0.935734	0.996713	0.996663	0.821841	0.957561	0.957974
5460	0.935945	0.996657	0.996607	0.821970	0.957561	0.957974
5470	0.936089	0.996713	0.996664	0.822141	0.957561	0.957974
5480	0.936236	0.996713	0.996664	0.822399	0.957561	0.957974
5490	0.936404	0.996713	0.996664	0.822565	0.957561	0.957965
5500	0.936591	0.996769	0.996719	0.822690	0.957561	0.957965
5510	0.936836	0.996769	0.996719	0.822912	0.957561	0.957974
5520	0.937147	0.996880	0.996834	0.823262	0.957561	0.957974
5530	0.937333	0.996880	0.996834	0.823279	0.957561	0.957974
5540	0.937452	0.996880	0.996834	0.823423	0.957561	0.957974
5550	0.937620	0.996880	0.996832	0.823572	0.957561	0.957977
5560	0.937798	0.996936	0.996890	0.823705	0.958049	0.958448
5570	0.938035	0.996880	0.996832	0.824023	0.958537	0.958935
5580	0.938094	0.996936	0.996888	0.824178	0.958537	0.958935
5590	0.938276	0.996992	0.996947	0.824422	0.958537	0.958935
5600	0.938562	0.996992	0.996947	0.824672	0.958537	0.958935
5610	0.938846	0.997047	0.997004	0.824904	0.958537	0.958935
5620	0.939054	0.997214	0.997172	0.824980	0.958537	0.958935
5630	0.939253	0.997214	0.997172	0.825085	0.958537	0.958935
5640	0.939375	0.997214	0.997172	0.825144	0.958537	0.958935
5650	0.939579	0.997159	0.997114	0.825272	0.958537	0.958935
5660	0.939710	0.997214	0.997173	0.825387	0.958537	0.958938
5670	0.939886	0.997270	0.997230	0.825481	0.958537	0.958938
5680	0.940023	0.997270	0.997228	0.825552	0.958537	0.958938
5690	0.940173	0.997270	0.997227	0.825771	0.958537	0.958938
5700	0.940206	0.997270	0.997227	0.825780	0.958537	0.958938
5710	0.940325	0.997270	0.997227	0.825816	0.958049	0.958467
5720	0.940401	0.997270	0.997227	0.825951	0.958049	0.958467
5730	0.940535	0.997437	0.997399	0.826175	0.958537	0.958938
5740	0.940667	0.997493	0.997455	0.826341	0.958537	0.958938
5750	0.940841	0.997493	0.997455	0.826410	0.958537	0.958938
5760	0.940988	0.997493	0.997454	0.826468	0.958537	0.958938
5770	0.941334	0.997604	0.997570	0.826604	0.958537	0.958938
5780	0.941509	0.997604	0.997570	0.826731	0.958049	0.958448
5790	0.941606	0.997604	0.997569	0.826836	0.957561	0.957977
5800	0.941767	0.997660	0.997625	0.826832	0.957561	0.957977
5810	0.941829	0.997660	0.997625	0.826868	0.957561	0.957977
5820	0.942018	0.997660	0.997625	0.826797	0.957561	0.957977
5830	0.942104	0.997660	0.997625	0.826836	0.957561	0.957977
5840	0.942256	0.997772	0.997739	0.826948	0.957561	0.957977
5850	0.942345	0.997716	0.997683	0.827040	0.957561	0.957977
5860	0.942390	0.997772	0.997739	0.827089	0.957561	0.957977
5870	0.942556	0.997716	0.997683	0.827181	0.958049	0.958394
5880	0.942709	0.997716	0.997683	0.827270	0.957561	0.957974
5890	0.942861	0.997660	0.997626	0.827433	0.958049	0.958394
5900	0.943018	0.997772	0.997738	0.827560	0.958049	0.958394
5910	0.943241	0.997827	0.997795	0.827795	0.957561	0.957974
5920	0.943347	0.997772	0.997738	0.827895	0.957561	0.957974
5930	0.943451	0.997883	0.997851	0.827937	0.957561	0.957974
5940	0.943590	0.997883	0.997851	0.828160	0.957561	0.957974
5950	0.943650	0.997883	0.997851	0.828233	0.957561	0.957974
5960	0.943699	0.997883	0.997851	0.828321	0.957561	0.957974
5970	0.943967	0.997939	0.997908	0.828544	0.957561	0.957974
5980	0.944092	0.997994	0.997964	0.828605	0.958049	0.958397
5990	0.944203	0.997994	0.997963	0.828668	0.957561	0.957977
6000	0.944513	0.997939	0.997906	0.829083	0.958049	0.958452
6010	0.944685	0.998050	0.998020	0.829164	0.958537	0.958942
6020	0.944798	0.998050	0.998021	0.829279	0.959024	0.959413
6030	0.944912	0.998050	0.998021	0.829392	0.959024	0.959413
6040	0.945044	0.998050	0.998021	0.829527	0.959024	0.959413
6050	0.945153	0.998106	0.998078	0.829668	0.959024	0.959413
6060	0.945377	0.998106	0.998078	0.829736	0.959024	0.959413
6070	0.945575	0.998106	0.998078	0.829925	0.959024	0.959413
6080	0.945665	0.998106	0.998078	0.829999	0.959024	0.959413
6090	0.945778	0.998162	0.998134	0.830118	0.959024	0.959413
6100	0.945969	0.998217	0.998191	0.830376	0.959512	0.959963
6110	0.946141	0.998217	0.998191	0.830632	0.959512	0.959963
6120	0.946282	0.998217	0.998191	0.830799	0.959512	0.959963
6130	0.946474	0.998217	0.998191	0.831006	0.959512	0.959963
6140	0.946606	0.998217	0.998191	0.831100	0.959512	0.959963
6150	0.946715	0.998217	0.998191	0.831167	0.959512	0.959959
6160	0.946835	0.998217	0.998191	0.831299	0.959512	0.959959
6170	0.946862	0.998217	0.998191	0.831295	0.959512	0.959959
6180	0.946918	0.998217	0.998192	0.831390	0.959512	0.959959
6190	0.947004	0.998217	0.998192	0.831485	0.959512	0.959959
6200	0.947192	0.998217	0.998192	0.831854	0.959512	0.959959
6210	0.947317	0.998217	0.998192	0.832182	0.960000	0.960377
6220	0.947526	0.998217	0.998192	0.832499	0.960000	0.960377
6230	0.947701	0.998273	0.998249	0.832755	0.960000	0.960377
6240	0.947888	0.998273	0.998249	0.833014	0.960000	0.960377
6250	0.948003	0.998273	0.998249	0.833175	0.960000	0.960377
6260	0.948167	0.998273	0.998249	0.833272	0.960000	0.960377
6270	0.948268	0.998273	0.998249	0.833348	0.960000	0.960377
6280	0.948449	0.998273	0.998249	0.833492	0.960000	0.960377
6290	0.948580	0.998273	0.998249	0.833559	0.959512	0.959828
6300	0.948726	0.998273	0.998249	0.833680	0.959512	0.959828
6310	0.948898	0.998273	0.998249	0.833742	0.959512	0.959828
6320	0.949012	0.998329	0.998305	0.833945	0.959512	0.959828
6330	0.949124	0.998384	0.998361	0.834086	0.959512	0.959828
6340	0.949272	0.998384	0.998361	0.834201	0.959512	0.959828
6350	0.949376	0.998384	0.998361	0.834326	0.959512	0.959828
6360	0.949450	0.998384	0.998361	0.834336	0.959512	0.959828
6370	0.949629	0.998384	0.998361	0.834515	0.959512	0.959828
6380	0.949782	0.998384	0.998361	0.834697	0.959512	0.959828
6390	0.949920	0.998384	0.998361	0.834861	0.959512	0.959828
6400	0.950010	0.998384	0.998361	0.834977	0.960000	0.960377
6410	0.950144	0.998384	0.998361	0.835125	0.959512	0.959828
6420	0.950278	0.998384	0.998361	0.835252	0.960000	0.960377
6430	0.950448	0.998384	0.998361	0.835401	0.960000	0.960377
6440	0.950557	0.998384	0.998361	0.835490	0.960488	0.960849
6450	0.950709	0.998384	0.998361	0.835650	0.960488	0.960849
6460	0.950792	0.998384	0.998361	0.835628	0.960488	0.960849
6470	0.950902	0.998384	0.998361	0.835722	0.960488	0.960849
6480	0.951024	0.998384	0.998361	0.835841	0.960488	0.960849
6490	0.951157	0.998384	0.998361	0.836005	0.960000	0.960300
6500	0.951276	0.998384	0.998361	0.836102	0.960488	0.960849
6510	0.951382	0.998384	0.998361	0.836187	0.960000	0.960300
6520	0.951532	0.998384	0.998361	0.836182	0.960000	0.960300
6530	0.951681	0.998384	0.998361	0.836340	0.960000	0.960300
6540	0.951796	0.998384	0.998361	0.836420	0.960488	0.960791
6550	0.951902	0.998384	0.998361	0.836501	0.960000	0.960300
6560	0.951972	0.998384	0.998361	0.836602	0.960000	0.960300
6570	0.951979	0.998384	0.998361	0.836607	0.960000	0.960300
6580	0.951985	0.998384	0.998361	0.836616	0.960000	0.960300
6590	0.952060	0.998384	0.998361	0.836609	0.960000	0.960300
6600	0.952100	0.998384	0.998361	0.836661	0.960000	0.960300
6610	0.952118	0.998384	0.998361	0.836689	0.960000	0.960300
6620	0.952206	0.998384	0.998361	0.836802	0.960000	0.960300
6630	0.952364	0.998440	0.998417	0.836926	0.960000	0.960300
6640	0.952497	0.998496	0.998472	0.836988	0.960000	0.960300
6650	0.952666	0.998552	0.998528	0.837094	0.960000	0.960300
6660	0.952808	0.998552	0.998528	0.837213	0.960000	0.960300
6670	0.952970	0.998552	0.998528	0.837331	0.960000	0.960300
6680	0.953027	0.998552	0.998528	0.837435	0.960488	0.960849
6690	0.953108	0.998607	0.998584	0.837619	0.960488	0.960849
6700	0.953256	0.998607	0.998584	0.837770	0.960488	0.960849
6710	0.953316	0.998607	0.998584	0.837865	0.960488	0.960849
6720	0.953367	0.998607	0.998584	0.837885	0.960976	0.961340
6730	0.953462	0.998607	0.998584	0.838029	0.960488	0.960790
6740	0.953559	0.998607	0.998584	0.838131	0.960488	0.960790
6750	0.953642	0.998607	0.998584	0.838257	0.960488	0.960790
6760	0.953731	0.998607	0.998584	0.838320	0.960488	0.960790
6770	0.953855	0.998663	0.998642	0.838422	0.960488	0.960790
6780	0.953942	0.998663	0.998642	0.838639	0.960488	0.960790
6790	0.954063	0.998663	0.998642	0.838714	0.960000	0.960299
6800	0.954219	0.998663	0.998642	0.838842	0.960000	0.960299
6810	0.954303	0.998663	0.998642	0.838868	0.960000	0.960299
6820	0.954417	0.998663	0.998642	0.838960	0.960000	0.960299
6830	0.954523	0.998663	0.998642	0.839003	0.960000	0.960299
6840	0.954611	0.998663	0.998642	0.839076	0.960000	0.960299
6850	0.954751	0.998663	0.998642	0.839333	0.959512	0.959749
6860	0.954787	0.998663	0.998642	0.839379	0.959512	0.959749
6870	0.954885	0.998663	0.998642	0.839480	0.960000	0.960240
6880	0.954926	0.998663	0.998642	0.839549	0.960000	0.960240
6890	0.955015	0.998663	0.998644	0.839604	0.960000	0.960240
6900	0.955064	0.998663	0.998644	0.839643	0.960000	0.960240
6910	0.955173	0.998663	0.998644	0.839721	0.960000	0.960240
6920	0.955256	0.998663	0.998644	0.839780	0.960488	0.960799
6930	0.955347	0.998663	0.998644	0.839814	0.960488	0.960799
6940	0.955456	0.998663	0.998644	0.839909	0.960000	0.960240
6950	0.955558	0.998663	0.998644	0.839967	0.960488	0.960791
6960	0.955680	0.998663	0.998644	0.840075	0.960976	0.961292
6970	0.955814	0.998719	0.998701	0.840168	0.960000	0.960183
6980	0.955918	0.998774	0.998758	0.840252	0.960000	0.960183
6990	0.956014	0.998774	0.998758	0.840397	0.960000	0.960183
7000	0.956090	0.998830	0.998811	0.840484	0.960488	0.960733
7010	0.956192	0.998886	0.998867	0.840628	0.960976	0.961287
7020	0.956232	0.998830	0.998814	0.840703	0.960976	0.961287
7030	0.956291	0.998830	0.998814	0.840750	0.960976	0.961287
7040	0.956307	0.998830	0.998814	0.840797	0.960976	0.961287
7050	0.956373	0.998830	0.998814	0.840740	0.960976	0.961287
7060	0.956448	0.998830	0.998814	0.840826	0.960976	0.961287
7070	0.956500	0.998830	0.998814	0.840918	0.961463	0.961837
7080	0.956588	0.998830	0.998814	0.840958	0.961463	0.961837
7090	0.956637	0.998830	0.998814	0.840987	0.961463	0.961837
7100	0.956727	0.998830	0.998814	0.841087	0.961463	0.961837
7110	0.956853	0.998886	0.998867	0.841197	0.961463	0.961837
7120	0.956912	0.998886	0.998867	0.841214	0.961463	0.961837
7130	0.957059	0.998886	0.998867	0.841337	0.960488	0.960877
7140	0.957162	0.998886	0.998867	0.841370	0.960488	0.960820
7150	0.957214	0.998886	0.998867	0.841448	0.960488	0.960877
7160	0.957284	0.998830	0.998814	0.841636	0.960488	0.960877
7170	0.957317	0.998830	0.998814	0.841647	0.960488	0.960877
7180	0.957406	0.998886	0.998870	0.841755	0.960488	0.960877
7190	0.957508	0.998942	0.998924	0.841830	0.960976	0.961403
7200	0.957694	0.998942	0.998925	0.842081	0.960488	0.960954
7210	0.957803	0.998942	0.998925	0.842207	0.960488	0.960954
7220	0.957889	0.998942	0.998925	0.842291	0.960488	0.960954
7230	0.957966	0.998942	0.998925	0.842398	0.960976	0.961423
7240	0.958028	0.998942	0.998925	0.842479	0.960976	0.961423
7250	0.958096	0.998942	0.998925	0.842522	0.960976	0.961423
7260	0.958181	0.998942	0.998925	0.842571	0.960488	0.960954
7270	0.958299	0.998942	0.998925	0.842638	0.960488	0.960954
7280	0.958390	0.998942	0.998925	0.842776	0.960488	0.960954
7290	0.958496	0.998942	0.998925	0.842865	0.960488	0.960954
7300	0.958590	0.998942	0.998925	0.842980	0.960488	0.960954
7310	0.958683	0.998942	0.998925	0.843100	0.960488	0.960954
7320	0.958717	0.998942	0.998925	0.843153	0.960488	0.960954
7330	0.958757	0.998942	0.998925	0.843181	0.960488	0.960954
7340	0.958774	0.998942	0.998925	0.843163	0.960488	0.960954
7350	0.958789	0.998942	0.998925	0.843182	0.960488	0.960954
7360	0.958806	0.998942	0.998925	0.843161	0.960488	0.960954
7370	0.958823	0.998942	0.998925	0.843183	0.960488	0.960954
7380	0.958841	0.998942	0.998925	0.843202	0.960488	0.960954
7390	0.958858	0.998942	0.998925	0.843212	0.960000	0.960464
7400	0.958877	0.998942	0.998925	0.843215	0.960000	0.960464
7410	0.958894	0.998942	0.998925	0.843195	0.960000	0.960464
7420	0.958977	0.998942	0.998925	0.843251	0.960000	0.960464
7430	0.959067	0.998942	0.998925	0.843271	0.960000	0.960464
7440	0.959170	0.998942	0.998923	0.843358	0.960488	0.960931
7450	0.959222	0.998942	0.998923	0.843378	0.960488	0.960931
7460	0.959268	0.998942	0.998923	0.843398	0.960488	0.960931
7470	0.959411	0.998942	0.998923	0.843496	0.960488	0.960931
7480	0.959485	0.998942	0.998923	0.843542	0.960488	0.960931
7490	0.959519	0.998942	0.998923	0.843533	0.960488	0.960931
7500	0.959576	0.998942	0.998923	0.843576	0.960488	0.960931
7510	0.959656	0.998942	0.998923	0.843618	0.960488	0.960931
7520	0.959719	0.998942	0.998923	0.843690	0.960488	0.960931
7530	0.959762	0.998942	0.998923	0.843835	0.960488	0.960931
7540	0.959790	0.998942	0.998923	0.843878	0.960488	0.960931
7550	0.959869	0.998942	0.998923	0.843981	0.960488	0.960931
7560	0.959976	0.998942	0.998923	0.844014	0.960488	0.960931
7570	0.960134	0.998942	0.998923	0.844178	0.960488	0.960931
7580	0.960257	0.998942	0.998923	0.844317	0.960488	0.960931
7590	0.960398	0.998942	0.998923	0.844438	0.960488	0.960931
7600	0.960510	0.998942	0.998923	0.844608	0.960488	0.960874
7610	0.960599	0.998942	0.998923	0.844617	0.960488	0.960874
7620	0.960688	0.998942	0.998923	0.844734	0.960488	0.960874
7630	0.960790	0.998942	0.998923	0.844807	0.960488	0.960874
7640	0.960905	0.998942	0.998925	0.844935	0.960488	0.960804
7650	0.961059	0.998942	0.998925	0.845164	0.960488	0.960874
7660	0.961144	0.998997	0.998982	0.845287	0.960488	0.960874
7670	0.961223	0.998997	0.998982	0.845335	0.960488	0.960874
7680	0.961324	0.998997	0.998982	0.845523	0.960488	0.960874
7690	0.961371	0.998997	0.998982	0.845581	0.960488	0.960874
7700	0.961443	0.998997	0.998981	0.845759	0.960488	0.960874
7710	0.961534	0.999053	0.999037	0.845891	0.960488	0.960874
7720	0.961548	0.999053	0.999037	0.845915	0.960488	0.960804
7730	0.961563	0.999053	0.999037	0.845911	0.960488	0.960809
7740	0.961580	0.999053	0.999037	0.845924	0.960488	0.960809
7750	0.961672	0.999053	0.999037	0.846011	0.960488	0.960804
7760	0.961750	0.999053	0.999037	0.846023	0.960488	0.960804
7770	0.961769	0.999053	0.999037	0.846059	0.960488	0.960804
7780	0.961817	0.999053	0.999038	0.846103	0.960488	0.960804
7790	0.961909	0.999053	0.999038	0.846275	0.960000	0.960338
7800	0.962021	0.999053	0.999038	0.846333	0.960000	0.960338
7810	0.962126	0.999053	0.999038	0.846413	0.960000	0.960337
7820	0.962197	0.999053	0.999038	0.846505	0.960000	0.960337
7830	0.962244	0.999053	0.999038	0.846553	0.960000	0.960338
7840	0.962337	0.999053	0.999038	0.846649	0.960000	0.960337
7850	0.962394	0.999053	0.999038	0.846723	0.960000	0.960337
7860	0.962487	0.999053	0.999038	0.846821	0.960488	0.960897
7870	0.962574	0.999109	0.999095	0.846834	0.960488	0.960897
7880	0.962642	0.999109	0.999095	0.846859	0.960488	0.960897
7890	0.962710	0.999109	0.999095	0.846918	0.960488	0.960897
7900	0.962812	0.999109	0.999093	0.847014	0.960488	0.960897
7910	0.962910	0.999109	0.999093	0.847338	0.960488	0.960897
7920	0.963002	0.999220	0.999206	0.847359	0.960488	0.960897
7930	0.963098	0.999220	0.999206	0.847426	0.960488	0.960828
7940	0.963143	0.999164	0.999150	0.847476	0.960488	0.960885
7950	0.963185	0.999164	0.999150	0.847564	0.960488	0.960885
7960	0.963242	0.999220	0.999206	0.847593	0.960488	0.960885
7970	0.963286	0.999220	0.999206	0.847657	0.960488	0.960885
7980	0.963317	0.999220	0.999206	0.847721	0.960488	0.960885
7990	0.963403	0.999220	0.999206	0.847757	0.960488	0.960885
8000	0.963435	0.999220	0.999206	0.847807	0.960488	0.960885
8010	0.963495	0.999220	0.999206	0.847885	0.960488	0.960885
8020	0.963536	0.999276	0.999263	0.847853	0.960488	0.960885
8030	0.963637	0.999331	0.999318	0.847890	0.960488	0.960885
8040	0.963660	0.999331	0.999318	0.847893	0.960488	0.960885
8050	0.963694	0.999331	0.999318	0.847921	0.960488	0.960885
8060	0.963823	0.999331	0.999318	0.848099	0.960488	0.960885
8070	0.963907	0.999276	0.999262	0.848190	0.960976	0.961440
8080	0.964027	0.999331	0.999318	0.848293	0.960976	0.961440
8090	0.964178	0.999331	0.999318	0.848427	0.960976	0.961440
8100	0.964257	0.999331	0.999318	0.848588	0.961463	0.961907
8110	0.964357	0.999331	0.999318	0.848650	0.961463	0.961907
8120	0.964443	0.999331	0.999318	0.848704	0.960976	0.961440
8130	0.964517	0.999331	0.999320	0.848801	0.960976	0.961440
8140	0.964562	0.999331	0.999320	0.848881	0.961463	0.961850
8150	0.964582	0.999331	0.999320	0.848915	0.960976	0.961383
8160	0.964605	0.999331	0.999320	0.848959	0.961463	0.961850
8170	0.964630	0.999331	0.999320	0.848953	0.961463	0.961850
8180	0.964653	0.999331	0.999320	0.848917	0.960976	0.961383
8190	0.964686	0.999331	0.999320	0.848988	0.960976	0.961383
8200	0.964817	0.999331	0.999318	0.849166	0.960976	0.961440
8210	0.964837	0.999331	0.999318	0.849175	0.960976	0.961440
8220	0.964878	0.999331	0.999318	0.849262	0.960976	0.961440
8230	0.964952	0.999331	0.999318	0.849337	0.960976	0.961383
8240	0.965027	0.999331	0.999318	0.849360	0.960976	0.961383
8250	0.965088	0.999331	0.999318	0.849329	0.960976	0.961440
8260	0.965146	0.999331	0.999318	0.849426	0.960976	0.961509
8270	0.965224	0.999331	0.999318	0.849498	0.960976	0.961509
8280	0.965255	0.999331	0.999318	0.849540	0.960976	0.961509
8290	0.965298	0.999331	0.999318	0.849612	0.960976	0.961509
8300	0.965406	0.999331	0.999318	0.849702	0.961463	0.961981
8310	0.965484	0.999331	0.999318	0.849777	0.960976	0.961509
8320	0.965565	0.999331	0.999320	0.849803	0.960976	0.961509
8330	0.965599	0.999331	0.999320	0.849818	0.960976	0.961509
8340	0.965633	0.999331	0.999320	0.849915	0.960976	0.961509
8350	0.965703	0.999331	0.999320	0.850023	0.961463	0.961955
8360	0.965726	0.999331	0.999320	0.850053	0.961463	0.961955
8370	0.965803	0.999331	0.999320	0.850145	0.961463	0.961955
8380	0.965845	0.999331	0.999320	0.850239	0.961463	0.961955
8390	0.965943	0.999331	0.999320	0.850298	0.961463	0.961955
8400	0.966063	0.999331	0.999320	0.850370	0.961463	0.961955
8410	0.966145	0.999331	0.999320	0.850418	0.961463	0.961955
8420	0.966210	0.999387	0.999375	0.850515	0.961463	0.961955
8430	0.966269	0.999331	0.999318	0.850579	0.961463	0.961955
8440	0.966339	0.999331	0.999318	0.850640	0.961463	0.961955
8450	0.966376	0.999331	0.999318	0.850713	0.961463	0.961955
8460	0.966441	0.999387	0.999375	0.850796	0.961463	0.961955
8470	0.966496	0.999387	0.999374	0.850838	0.961463	0.961955
8480	0.966554	0.999387	0.999374	0.850870	0.961463	0.961955
8490	0.966582	0.999387	0.999374	0.850881	0.961463	0.961955
8500	0.966631	0.999387	0.999374	0.850908	0.961463	0.961955
8510	0.966671	0.999387	0.999374	0.850946	0.961463	0.961955
8520	0.966694	0.999387	0.999374	0.850923	0.961463	0.961955
8530	0.966735	0.999387	0.999374	0.850930	0.961463	0.961955
8540	0.966787	0.999387	0.999374	0.850968	0.961463	0.961955
8550	0.966871	0.999387	0.999374	0.851023	0.961463	0.961955
8560	0.966942	0.999387	0.999374	0.851047	0.961463	0.961955
8570	0.966963	0.999387	0.999374	0.851091	0.961463	0.961955
8580	0.966987	0.999387	0.999374	0.851058	0.961463	0.961955
8590	0.967000	0.999387	0.999374	0.851077	0.961463	0.961955
8600	0.967015	0.999387	0.999374	0.851092	0.961463	0.961955
8610	0.967021	0.999387	0.999374	0.851106	0.961463	0.961955
8620	0.967041	0.999387	0.999374	0.851150	0.961463	0.961955
8630	0.967047	0.999387	0.999374	0.851161	0.961463	0.961955
8640	0.967058	0.999387	0.999374	0.851171	0.961463	0.961955
8650	0.967070	0.999387	0.999374	0.851208	0.961463	0.961955
8660	0.967102	0.999443	0.999433	0.851285	0.961463	0.961955
8670	0.967182	0.999443	0.999433	0.851228	0.961463	0.961955
8680	0.967212	0.999443	0.999433	0.851284	0.961463	0.961955
8690	0.967255	0.999443	0.999433	0.851327	0.961463	0.961955
8700	0.967308	0.999443	0.999433	0.851369	0.961463	0.961955
8710	0.967400	0.999443	0.999433	0.851430	0.961463	0.961955
8720	0.967462	0.999443	0.999433	0.851510	0.961463	0.961955
8730	0.967485	0.999443	0.999433	0.851535	0.961951	0.962426
8740	0.967544	0.999443	0.999433	0.851649	0.961951	0.962426
8750	0.967584	0.999443	0.999433	0.851696	0.961951	0.962426
8760	0.967661	0.999499	0.999491	0.851761	0.961951	0.962426
8770	0.967727	0.999443	0.999433	0.851792	0.961951	0.962426
8780	0.967775	0.999499	0.999491	0.851858	0.961951	0.962426
8790	0.967805	0.999499	0.999491	0.851894	0.961951	0.962426
8800	0.967865	0.999499	0.999491	0.851935	0.961951	0.962426
8810	0.967903	0.999499	0.999491	0.852030	0.961951	0.962426
8820	0.967962	0.999499	0.999491	0.852080	0.961951	0.962426
8830	0.967987	0.999499	0.999491	0.852136	0.961951	0.962426
8840	0.968004	0.999499	0.999491	0.852148	0.961951	0.962426
8850	0.968019	0.999499	0.999491	0.852186	0.961951	0.962426
8860	0.968029	0.999499	0.999491	0.852199	0.961951	0.962426
8870	0.968036	0.999499	0.999491	0.852230	0.961951	0.962426
8880	0.968048	0.999499	0.999491	0.852256	0.961951	0.962426
8890	0.968055	0.999499	0.999491	0.852266	0.961951	0.962426
8900	0.968072	0.999499	0.999491	0.852279	0.961951	0.962426
8910	0.968099	0.999499	0.999491	0.852298	0.961951	0.962426
8920	0.968166	0.999443	0.999433	0.852428	0.961951	0.962426
8930	0.968235	0.999499	0.999491	0.852517	0.961951	0.962426
8940	0.968297	0.999443	0.999433	0.852612	0.961951	0.962426
8950	0.968344	0.999443	0.999433	0.852686	0.961951	0.962426
8960	0.968398	0.999443	0.999433	0.852736	0.961951	0.962426
8970	0.968466	0.999443	0.999433	0.852847	0.961951	0.962426
8980	0.968556	0.999499	0.999491	0.853002	0.961951	0.962426
8990	0.968625	0.999499	0.999491	0.853128	0.961951	0.962426
9000	0.968698	0.999499	0.999491	0.853168	0.961951	0.962426
9010	0.968723	0.999499	0.999491	0.853219	0.961951	0.962426
9020	0.968782	0.999499	0.999491	0.853206	0.961951	0.962426
9030	0.968794	0.999499	0.999491	0.853126	0.961951	0.962426
9040	0.968802	0.999499	0.999491	0.853139	0.961951	0.962426
9050	0.968849	0.999499	0.999491	0.853204	0.961951	0.962426
9060	0.968896	0.999499	0.999491	0.853233	0.961951	0.962426
9070	0.968962	0.999499	0.999491	0.853275	0.962439	0.962903
9080	0.968991	0.999499	0.999491	0.853301	0.962439	0.962903
9090	0.969044	0.999499	0.999491	0.853353	0.962439	0.962903
9100	0.969098	0.999499	0.999491	0.853429	0.962439	0.962903
9110	0.969118	0.999499	0.999491	0.853456	0.962439	0.962903
9120	0.969151	0.999499	0.999491	0.853481	0.962439	0.962903
9130	0.969177	0.999499	0.999491	0.853535	0.962439	0.962903
9140	0.969213	0.999499	0.999491	0.853566	0.962439	0.962903
9150	0.969256	0.999499	0.999491	0.853600	0.962439	0.962903
9160	0.969276	0.999499	0.999491	0.853602	0.962439	0.962903
9170	0.969310	0.999499	0.999491	0.853618	0.962439	0.962903
9180	0.969344	0.999499	0.999491	0.853682	0.962439	0.962903
9190	0.969363	0.999499	0.999491	0.853698	0.962439	0.962903
9200	0.969414	0.999499	0.999491	0.853761	0.962439	0.962903
9210	0.969476	0.999499	0.999491	0.853828	0.962439	0.962903
9220	0.969549	0.999499	0.999491	0.853942	0.962439	0.962903
9230	0.969637	0.999499	0.999491	0.854064	0.962439	0.962903
9240	0.969687	0.999499	0.999491	0.854096	0.962439	0.962903
9250	0.969745	0.999499	0.999491	0.854123	0.962439	0.962903
9260	0.969797	0.999499	0.999491	0.854202	0.962439	0.962903
9270	0.969838	0.999499	0.999491	0.854259	0.962439	0.962903
9280	0.969909	0.999499	0.999491	0.854406	0.962439	0.962903
9290	0.969932	0.999499	0.999491	0.854434	0.962439	0.962903
9300	0.969976	0.999499	0.999491	0.854473	0.962439	0.962903
9310	0.970032	0.999499	0.999491	0.854565	0.962439	0.962903
9320	0.970076	0.999499	0.999491	0.854656	0.962439	0.962903
9330	0.970138	0.999499	0.999491	0.854678	0.962439	0.962903
9340	0.970148	0.999499	0.999491	0.854706	0.962439	0.962903
9350	0.970166	0.999499	0.999491	0.854758	0.962439	0.962903
9360	0.970192	0.999499	0.999491	0.854794	0.962439	0.962903
9370	0.970196	0.999499	0.999491	0.854809	0.962439	0.962903
9380	0.970200	0.999499	0.999491	0.854833	0.962439	0.962903
9390	0.970205	0.999499	0.999491	0.854794	0.962439	0.962903
9400	0.970209	0.999499	0.999491	0.854781	0.962439	0.962903
9410	0.970212	0.999499	0.999491	0.854770	0.962927	0.963428
9420	0.970216	0.999499	0.999491	0.854760	0.962927	0.963428
9430	0.970220	0.999499	0.999491	0.854758	0.962927	0.963428
9440	0.970223	0.999499	0.999491	0.854757	0.962927	0.963428
9450	0.970226	0.999499	0.999491	0.854770	0.962927	0.963428
9460	0.970229	0.999499	0.999491	0.854776	0.962927	0.963428
9470	0.970232	0.999499	0.999491	0.854781	0.962927	0.963428
9480	0.970234	0.999499	0.999491	0.854790	0.962927	0.963428
9490	0.970236	0.999499	0.999491	0.854805	0.962927	0.963428
9500	0.970237	0.999499	0.999491	0.854817	0.962927	0.963428
9510	0.970238	0.999499	0.999491	0.854824	0.962927	0.963428
9520	0.970240	0.999499	0.999491	0.854831	0.962927	0.963428
9530	0.970241	0.999499	0.999491	0.854838	0.962927	0.963428
9540	0.970243	0.999499	0.999491	0.854842	0.962927	0.963428
9550	0.970243	0.999499	0.999491	0.854845	0.962927	0.963428
9560	0.970244	0.999499	0.999491	0.854847	0.962927	0.963428
9570	0.970245	0.999499	0.999491	0.854848	0.962927	0.963428
9580	0.970246	0.999499	0.999491	0.854851	0.962927	0.963428
9590	0.970248	0.999499	0.999491	0.854854	0.962927	0.963428
9600	0.970249	0.999499	0.999491	0.854857	0.962927	0.963428
9610	0.970250	0.999499	0.999491	0.854863	0.962927	0.963428
9620	0.970252	0.999499	0.999491	0.854864	0.962927	0.963428
9630	0.970255	0.999499	0.999491	0.854864	0.962927	0.963428
9640	0.970257	0.999499	0.999491	0.854868	0.962927	0.963428
9650	0.970259	0.999499	0.999491	0.854870	0.962927	0.963428
9660	0.970261	0.999499	0.999491	0.854871	0.962439	0.962903
9670	0.970263	0.999499	0.999491	0.854873	0.962439	0.962903
9680	0.970265	0.999499	0.999491	0.854874	0.962439	0.962903
9690	0.970266	0.999499	0.999491	0.854883	0.962439	0.962903
9700	0.970268	0.999499	0.999491	0.854889	0.962439	0.962903
9710	0.970270	0.999499	0.999491	0.854890	0.962439	0.962903
9720	0.970271	0.999499	0.999491	0.854891	0.962439	0.962903
9730	0.970272	0.999499	0.999491	0.854892	0.962439	0.962903
9740	0.970273	0.999499	0.999491	0.854893	0.962439	0.962903
9750	0.970274	0.999499	0.999491	0.854895	0.962439	0.962903
9760	0.970275	0.999499	0.999491	0.854893	0.962439	0.962903
9770	0.970276	0.999499	0.999491	0.854894	0.962439	0.962903
9780	0.970277	0.999499	0.999491	0.854895	0.962439	0.962903
9790	0.970278	0.999499	0.999491	0.854897	0.962439	0.962903
9800	0.970280	0.999499	0.999491	0.854897	0.962439	0.962903
9810	0.970280	0.999499	0.999491	0.854898	0.962439	0.962903
9820	0.970281	0.999499	0.999491	0.854898	0.962439	0.962903
9830	0.970283	0.999499	0.999491	0.854901	0.962927	0.963428
9840	0.970288	0.999499	0.999491	0.854909	0.962927	0.963428
9850	0.970349	0.999499	0.999491	0.854885	0.962927	0.963428
9860	0.970477	0.999554	0.999547	0.855028	0.962927	0.963428
9870	0.970518	0.999554	0.999547	0.855000	0.962439	0.962954
9880	0.970545	0.999554	0.999547	0.855022	0.962439	0.962954
9890	0.970592	0.999554	0.999547	0.855048	0.962439	0.962954
9900	0.970603	0.999554	0.999547	0.855088	0.962439	0.962954
9910	0.970611	0.999554	0.999547	0.855100	0.962439	0.962954
9920	0.970618	0.999554	0.999547	0.855110	0.962439	0.962954
9930	0.970623	0.999554	0.999547	0.855124	0.962439	0.962954
9940	0.970637	0.999554	0.999547	0.855124	0.962439	0.962954
9950	0.970660	0.999554	0.999547	0.855171	0.962927	0.963428
9960	0.970690	0.999554	0.999547	0.855198	0.962927	0.963428
9970	0.970711	0.999554	0.999547	0.855243	0.962927	0.963428
9980	0.970725	0.999554	0.999547	0.855269	0.962927	0.963428
9990	0.970732	0.999554	0.999547	0.855278	0.962927	0.963428
10000	0.970739	0.999554	0.999547	0.855283	0.962927	0.963428
