10	0.069539	0.372186	0.341733	0.067625	0.370804	0.348161
20	0.105892	0.593046	0.605454	0.103527	0.575280	0.594083
30	0.145473	0.684152	0.692416	0.143468	0.666836	0.679669
40	0.173483	0.712709	0.719351	0.170158	0.702950	0.713175
50	0.203933	0.733226	0.737352	0.199471	0.727874	0.734529
60	0.230646	0.747976	0.749801	0.226013	0.741099	0.746867
70	0.252573	0.761062	0.762365	0.246717	0.751780	0.757855
80	0.269848	0.769768	0.769892	0.262908	0.759410	0.764738
90	0.286006	0.779638	0.778622	0.278611	0.768566	0.772526
100	0.299537	0.783908	0.782350	0.291989	0.775178	0.778438
110	0.315569	0.793668	0.790606	0.305505	0.783316	0.785005
120	0.328871	0.800543	0.796224	0.317685	0.786368	0.788279
130	0.339100	0.804869	0.800196	0.327607	0.790946	0.791830
140	0.350876	0.810026	0.804461	0.338200	0.796541	0.796695
150	0.364545	0.818177	0.811526	0.350321	0.799593	0.800085
160	0.376126	0.823556	0.816400	0.359361	0.803662	0.803089
170	0.388852	0.827881	0.820085	0.370060	0.805188	0.803935
180	0.399810	0.832705	0.824284	0.380253	0.812309	0.810148
190	0.411281	0.836642	0.827554	0.388675	0.812309	0.809827
200	0.418288	0.840690	0.831299	0.394377	0.812818	0.811121
210	0.424148	0.842852	0.833197	0.399259	0.816378	0.813976
220	0.433748	0.845625	0.835814	0.407313	0.821465	0.818711
230	0.442517	0.848564	0.838383	0.413597	0.824008	0.821217
240	0.451594	0.852002	0.841472	0.420956	0.828077	0.824189
250	0.460153	0.855162	0.844516	0.428238	0.832146	0.828079
260	0.470261	0.857935	0.846884	0.436357	0.833164	0.828422
270	0.477070	0.859432	0.848208	0.442906	0.837742	0.831601
280	0.485808	0.863147	0.851398	0.450508	0.842319	0.835864
290	0.495643	0.866863	0.854486	0.460081	0.848423	0.840578
300	0.503428	0.870578	0.857877	0.466267	0.849440	0.841769
310	0.508818	0.872020	0.859304	0.472097	0.851475	0.843775
320	0.516152	0.875679	0.862356	0.478751	0.855036	0.846776
330	0.523954	0.878230	0.864850	0.484798	0.856562	0.848177
340	0.528967	0.879783	0.866201	0.489144	0.858596	0.849639
350	0.533861	0.881557	0.867840	0.492622	0.859105	0.850175
360	0.538873	0.883831	0.869944	0.496392	0.860122	0.851155
370	0.545625	0.886936	0.872711	0.501853	0.861648	0.852406
380	0.550859	0.889265	0.874734	0.506707	0.864191	0.854818
390	0.554469	0.890374	0.875686	0.509473	0.864191	0.854744
400	0.560149	0.891871	0.877027	0.513095	0.867752	0.858098
410	0.565789	0.894477	0.879415	0.517371	0.868260	0.858736
420	0.570716	0.896806	0.881519	0.520626	0.868769	0.859318
430	0.574026	0.897749	0.882374	0.522867	0.869278	0.859692
440	0.578292	0.898691	0.883260	0.525681	0.870804	0.861308
450	0.583665	0.900410	0.884959	0.530226	0.869786	0.860700
460	0.587594	0.900688	0.885216	0.533437	0.872330	0.862676
470	0.591854	0.902850	0.887115	0.536275	0.874364	0.864387
480	0.596361	0.904569	0.888712	0.539729	0.873856	0.864248
490	0.600634	0.905456	0.889557	0.542362	0.874873	0.865087
500	0.605695	0.907453	0.891247	0.546224	0.876907	0.866424
510	0.609514	0.908395	0.892049	0.548732	0.878942	0.868130
520	0.613507	0.909892	0.893448	0.551931	0.879959	0.868887
530	0.617617	0.910613	0.894098	0.555356	0.878942	0.867846
540	0.620837	0.912166	0.895563	0.558012	0.880468	0.869343
550	0.623740	0.912720	0.896031	0.559980	0.881485	0.870301
560	0.627953	0.914218	0.897446	0.563415	0.881994	0.870482
570	0.632492	0.915271	0.898339	0.566618	0.881994	0.870299
580	0.636506	0.916380	0.899365	0.569403	0.883011	0.871263
590	0.639816	0.917877	0.900667	0.571608	0.881994	0.870474
600	0.641736	0.918099	0.900860	0.572920	0.883011	0.871428
610	0.644396	0.918321	0.901021	0.575216	0.884028	0.872222
620	0.647130	0.919208	0.901925	0.577494	0.884028	0.872093
630	0.650821	0.919153	0.901876	0.580287	0.883520	0.871657
640	0.652610	0.919485	0.902161	0.580962	0.884028	0.872229
650	0.654977	0.920040	0.902657	0.582943	0.883520	0.871615
660	0.657987	0.920705	0.903295	0.585089	0.885046	0.873186
670	0.661338	0.921537	0.904104	0.588083	0.885046	0.873225
680	0.663892	0.922147	0.904684	0.590473	0.885046	0.873375
690	0.666771	0.922868	0.905247	0.592699	0.886063	0.873969
700	0.669463	0.923256	0.905611	0.594352	0.886572	0.874249
710	0.671524	0.924199	0.906469	0.596116	0.886572	0.874109
720	0.674338	0.925252	0.907533	0.599095	0.887080	0.874588
730	0.676090	0.925141	0.907400	0.600230	0.888606	0.875892
740	0.677666	0.926084	0.908322	0.601492	0.889624	0.877022
750	0.679810	0.926749	0.908970	0.603267	0.890641	0.877686
760	0.681586	0.927249	0.909411	0.604994	0.890641	0.877685
770	0.684188	0.928136	0.910262	0.606713	0.892675	0.879402
780	0.687226	0.928912	0.910955	0.608905	0.892167	0.879055
790	0.689187	0.929134	0.911102	0.610768	0.893184	0.879817
800	0.691681	0.929966	0.911884	0.612728	0.893184	0.879925
810	0.694023	0.930520	0.912351	0.613734	0.892167	0.878857
820	0.696319	0.931685	0.913443	0.615162	0.892675	0.879624
830	0.699188	0.932849	0.914545	0.617900	0.894201	0.880936
840	0.700858	0.933348	0.914987	0.619284	0.894201	0.880906
850	0.702718	0.933792	0.915412	0.620869	0.895219	0.881911
860	0.704160	0.934291	0.915892	0.622059	0.895219	0.881845
870	0.706710	0.934623	0.916175	0.624355	0.897762	0.884154
880	0.708456	0.934956	0.916486	0.625668	0.898271	0.884601
890	0.710399	0.935677	0.917195	0.627094	0.898779	0.885225
900	0.712162	0.936287	0.917769	0.628757	0.898271	0.884571
910	0.713755	0.936675	0.918070	0.630387	0.898779	0.885003
920	0.714892	0.936564	0.917963	0.631227	0.898271	0.884590
930	0.716463	0.936786	0.918159	0.632346	0.898779	0.884958
940	0.717846	0.937451	0.918756	0.633569	0.897762	0.884000
950	0.719302	0.937507	0.918814	0.634861	0.897762	0.884079
960	0.721359	0.938228	0.919557	0.636062	0.898271	0.884566
970	0.723141	0.938560	0.919792	0.637311	0.899288	0.885398
980	0.724713	0.939004	0.920247	0.638401	0.900814	0.887030
990	0.726333	0.939448	0.920661	0.639177	0.899797	0.886179
1000	0.727029	0.939448	0.920685	0.639594	0.899797	0.886007
1010	0.728215	0.940002	0.921178	0.640646	0.899797	0.886144
1020	0.729448	0.940224	0.921390	0.641672	0.901831	0.888099
1030	0.730206	0.940446	0.921605	0.642341	0.901831	0.888088
1040	0.730800	0.940779	0.921901	0.642863	0.901831	0.888050
1050	0.732264	0.941222	0.922381	0.643761	0.900814	0.887089
1060	0.734002	0.942165	0.923271	0.644997	0.901831	0.887959
1070	0.735222	0.942387	0.923465	0.646018	0.901831	0.887775
1080	0.736764	0.943052	0.924128	0.646958	0.902848	0.888787
1090	0.737971	0.943107	0.924175	0.647470	0.902340	0.888374
1100	0.739194	0.943218	0.924283	0.648370	0.903866	0.889719
1110	0.740090	0.943329	0.924350	0.648810	0.904374	0.890388
1120	0.740819	0.943662	0.924671	0.649630	0.903866	0.889901
1130	0.741739	0.943828	0.924833	0.650427	0.903866	0.889817
1140	0.742546	0.943939	0.924948	0.650968	0.903357	0.889486
1150	0.743472	0.944383	0.925366	0.651598	0.903357	0.889300
1160	0.744623	0.944494	0.925451	0.652422	0.902848	0.888623
1170	0.746002	0.944771	0.925725	0.653441	0.903357	0.889207
1180	0.746981	0.945048	0.925951	0.654310	0.903866	0.889656
1190	0.747770	0.945325	0.926241	0.654541	0.903357	0.889073
1200	0.748731	0.945603	0.926505	0.655195	0.903357	0.889315
1210	0.750058	0.946102	0.926925	0.656169	0.903357	0.889218
1220	0.751351	0.946545	0.927365	0.657121	0.903357	0.889122
1230	0.752427	0.946823	0.927624	0.657773	0.903357	0.889160
1240	0.753164	0.946878	0.927670	0.658254	0.902848	0.888665
1250	0.754341	0.947599	0.928388	0.659188	0.902848	0.888509
1260	0.755583	0.947765	0.928524	0.660358	0.902848	0.888504
1270	0.756364	0.948043	0.928831	0.660956	0.903866	0.889618
1280	0.757127	0.948320	0.929068	0.661518	0.904374	0.890107
1290	0.758519	0.948763	0.929458	0.662615	0.903866	0.889927
1300	0.759882	0.948597	0.929321	0.663706	0.903866	0.889960
1310	0.761087	0.948653	0.929294	0.664742	0.903357	0.889373
1320	0.761897	0.948874	0.929494	0.665216	0.903866	0.889910
1330	0.762815	0.949318	0.929914	0.665899	0.903357	0.889361
1340	0.763676	0.949429	0.930010	0.666568	0.904374	0.890309
1350	0.764714	0.949872	0.930449	0.667625	0.904374	0.890178
1360	0.765776	0.950150	0.930693	0.668524	0.905392	0.890928
1370	0.766374	0.950372	0.930896	0.669061	0.905392	0.891064
1380	0.767286	0.950427	0.930967	0.669827	0.905900	0.891344
1390	0.768176	0.950427	0.930965	0.670576	0.905900	0.891524
1400	0.769060	0.950427	0.930958	0.671620	0.906409	0.892295
1410	0.769951	0.950538	0.931054	0.672776	0.906409	0.891879
1420	0.771027	0.950815	0.931348	0.673851	0.905900	0.891491
1430	0.771617	0.950926	0.931448	0.674472	0.906409	0.892029
1440	0.772325	0.950926	0.931437	0.674928	0.906918	0.892426
1450	0.773185	0.951037	0.931529	0.675623	0.906918	0.892364
1460	0.774048	0.951370	0.931853	0.676511	0.906918	0.892671
1470	0.774877	0.951536	0.932024	0.677242	0.907426	0.892847
1480	0.775855	0.951591	0.932069	0.678151	0.906409	0.891902
1490	0.776903	0.951924	0.951938	0.678781	0.906918	0.892495
1500	0.777771	0.953643	0.953643	0.679508	0.908952	0.913901
1510	0.778916	0.955972	0.955934	0.680570	0.912004	0.916622
1520	0.780111	0.958855	0.958806	0.681739	0.913021	0.917196
1530	0.782046	0.960796	0.960742	0.683640	0.914547	0.918858
1540	0.783810	0.962072	0.962051	0.684997	0.915565	0.919722
1550	0.784775	0.962903	0.962879	0.686015	0.916073	0.920098
1560	0.785653	0.963402	0.963380	0.686788	0.917599	0.921473
1570	0.787378	0.964622	0.964599	0.688560	0.919125	0.922919
1580	0.788617	0.965620	0.965592	0.689665	0.919634	0.923203
1590	0.789362	0.965842	0.965815	0.690378	0.920142	0.923729
1600	0.790328	0.966563	0.966527	0.691108	0.921160	0.924629
1610	0.791136	0.967173	0.967125	0.691831	0.921160	0.924557
1620	0.792399	0.968060	0.968009	0.693205	0.923703	0.926967
1630	0.793407	0.968781	0.968724	0.694137	0.924212	0.927423
1640	0.794333	0.969114	0.969055	0.695055	0.924212	0.927364
1650	0.796545	0.969613	0.969523	0.697182	0.924720	0.927639
1660	0.797268	0.970722	0.970642	0.697865	0.926755	0.929679
1670	0.797975	0.970722	0.970649	0.698513	0.926246	0.929013
1680	0.799633	0.971443	0.971357	0.700206	0.927772	0.930532
1690	0.800652	0.971720	0.971634	0.701106	0.927263	0.930022
1700	0.801517	0.972164	0.972073	0.701973	0.927772	0.930505
1710	0.802274	0.972663	0.972569	0.702818	0.928281	0.931078
1720	0.802917	0.972885	0.972794	0.703404	0.927772	0.930615
1730	0.803489	0.973051	0.972974	0.703936	0.927772	0.930615
1740	0.804014	0.973162	0.973090	0.704367	0.927772	0.930542
1750	0.805378	0.973883	0.973818	0.705603	0.927772	0.930536
1760	0.806369	0.973938	0.973869	0.706523	0.927772	0.930605
1770	0.807531	0.974493	0.974422	0.707839	0.927772	0.930464
1780	0.808201	0.974548	0.974474	0.708317	0.929298	0.931941
1790	0.808928	0.974770	0.974697	0.709026	0.929298	0.931902
1800	0.809849	0.974881	0.974810	0.709680	0.929807	0.932485
1810	0.810587	0.975047	0.974972	0.710257	0.929807	0.932620
1820	0.811066	0.975158	0.975081	0.710628	0.929807	0.932430
1830	0.812287	0.975546	0.975452	0.711979	0.929807	0.932417
1840	0.813437	0.975768	0.975678	0.712903	0.930824	0.933405
1850	0.814115	0.976045	0.975955	0.713494	0.929807	0.932373
1860	0.814541	0.975934	0.975834	0.713882	0.930824	0.933283
1870	0.815090	0.976101	0.976008	0.714382	0.930315	0.932752
1880	0.815670	0.976101	0.976012	0.714901	0.930315	0.932825
1890	0.816557	0.976378	0.976279	0.715697	0.930315	0.932825
1900	0.816976	0.976378	0.976280	0.716082	0.930315	0.932825
1910	0.817755	0.976544	0.976448	0.716818	0.930824	0.933363
1920	0.818559	0.976932	0.976833	0.717365	0.931841	0.934374
1930	0.819365	0.977265	0.977153	0.718060	0.931841	0.934374
1940	0.819825	0.977099	0.976991	0.718517	0.931841	0.934382
1950	0.820283	0.977487	0.977374	0.718779	0.931841	0.934382
1960	0.820891	0.977764	0.977639	0.719459	0.933367	0.935725
1970	0.821409	0.977931	0.977803	0.720071	0.933367	0.935725
1980	0.822144	0.978097	0.977970	0.720916	0.933876	0.936133
1990	0.823202	0.978485	0.978349	0.721912	0.933876	0.936197
2000	0.823894	0.978263	0.978132	0.723035	0.934893	0.937131
2010	0.824521	0.978651	0.978510	0.723674	0.934385	0.936570
2020	0.825833	0.979040	0.978889	0.724916	0.934893	0.937121
2030	0.826703	0.978984	0.978837	0.725607	0.934385	0.936481
2040	0.827120	0.979150	0.978998	0.725742	0.934893	0.937086
2050	0.827664	0.979206	0.979060	0.726432	0.935910	0.938221
2060	0.828302	0.979650	0.979516	0.726971	0.936419	0.938733
2070	0.829110	0.979650	0.979513	0.727482	0.936928	0.939259
2080	0.830059	0.979760	0.979626	0.728237	0.936419	0.938693
2090	0.830608	0.979982	0.979840	0.728763	0.935910	0.938359
2100	0.830955	0.980093	0.979954	0.728946	0.935910	0.938344
2110	0.831253	0.980093	0.979958	0.729416	0.935910	0.938344
2120	0.831827	0.980204	0.980066	0.729991	0.935910	0.938346
2130	0.832867	0.980426	0.980290	0.730993	0.935910	0.938344
2140	0.833801	0.980925	0.980783	0.731910	0.936928	0.939308
2150	0.834338	0.980869	0.980737	0.732274	0.936419	0.938837
2160	0.834774	0.981091	0.980956	0.732783	0.936419	0.938747
2170	0.835775	0.981535	0.981395	0.733700	0.936928	0.939246
2180	0.836340	0.981646	0.981505	0.734228	0.937436	0.939723
2190	0.836794	0.981812	0.981665	0.734429	0.937436	0.939723
2200	0.837287	0.982089	0.981936	0.734941	0.937436	0.939725
2210	0.837736	0.982145	0.981992	0.735516	0.937945	0.940184
2220	0.838336	0.982145	0.981995	0.736110	0.937945	0.940184
2230	0.838908	0.982145	0.981998	0.736768	0.937945	0.940196
2240	0.839794	0.982311	0.982168	0.737761	0.937945	0.940196
2250	0.840481	0.982422	0.982276	0.738350	0.938454	0.940585
2260	0.841140	0.982422	0.982271	0.739037	0.939471	0.941582
2270	0.841605	0.982478	0.982331	0.739432	0.939471	0.941575
2280	0.841988	0.982644	0.982495	0.739872	0.939980	0.942143
2290	0.842718	0.982588	0.982442	0.740480	0.940488	0.942557
2300	0.843280	0.982699	0.982555	0.741096	0.940488	0.942583
2310	0.843961	0.982755	0.982609	0.741811	0.940488	0.942583
2320	0.844281	0.983032	0.982882	0.742063	0.940488	0.942620
2330	0.845069	0.983088	0.982934	0.743141	0.940488	0.942558
2340	0.845523	0.983198	0.983040	0.743252	0.940488	0.942558
2350	0.846139	0.983143	0.982984	0.743898	0.941506	0.943546
2360	0.846646	0.983254	0.983090	0.744331	0.941506	0.943546
2370	0.847045	0.983309	0.983142	0.744744	0.940997	0.943046
2380	0.847668	0.983254	0.983088	0.745357	0.940488	0.942503
2390	0.848027	0.983309	0.983145	0.745814	0.940488	0.942473
2400	0.848493	0.983476	0.983311	0.746233	0.940488	0.942346
2410	0.849065	0.983420	0.983258	0.746646	0.940488	0.942346
2420	0.849390	0.983531	0.983368	0.746778	0.940488	0.942346
2430	0.849865	0.983587	0.983422	0.747069	0.940488	0.942314
2440	0.850468	0.983753	0.983583	0.747669	0.939980	0.941807
2450	0.850936	0.983753	0.983587	0.748045	0.939980	0.941807
2460	0.851423	0.983808	0.983637	0.748480	0.940488	0.942263
2470	0.851843	0.983808	0.983637	0.748994	0.940488	0.942263
2480	0.852138	0.983919	0.983750	0.749255	0.939471	0.941303
2490	0.852386	0.983808	0.983638	0.749463	0.939980	0.941760
2500	0.852659	0.983808	0.983638	0.749643	0.939980	0.941760
2510	0.852926	0.983864	0.983692	0.749851	0.939980	0.941760
2520	0.853179	0.983808	0.983637	0.750074	0.940488	0.942325
2530	0.853749	0.984141	0.983968	0.750569	0.939980	0.941760
2540	0.854243	0.984197	0.984023	0.750943	0.940488	0.942325
2550	0.854607	0.984141	0.983962	0.751118	0.940488	0.942224
2560	0.854933	0.984307	0.984127	0.751334	0.940488	0.942163
2570	0.855383	0.984307	0.984128	0.751720	0.940997	0.942626
2580	0.855916	0.984307	0.984128	0.752113	0.940997	0.942602
2590	0.856385	0.984307	0.984127	0.752542	0.940997	0.942602
2600	0.856819	0.984363	0.984184	0.752763	0.940997	0.942597
2610	0.857175	0.984585	0.984407	0.753015	0.940997	0.942597
2620	0.857696	0.984585	0.984409	0.753319	0.940997	0.942597
2630	0.858124	0.984640	0.984464	0.753651	0.939980	0.941586
2640	0.858789	0.984806	0.984631	0.754225	0.940997	0.942472
2650	0.859245	0.984806	0.984633	0.754649	0.942014	0.943419
2660	0.859727	0.984806	0.984637	0.755104	0.942014	0.943419
2670	0.860072	0.984806	0.984634	0.755455	0.942014	0.943419
2680	0.860380	0.984806	0.984635	0.755811	0.942014	0.943419
2690	0.860511	0.984806	0.984635	0.755950	0.942014	0.943410
2700	0.860676	0.984862	0.984689	0.756088	0.942014	0.943507
2710	0.860886	0.984862	0.984691	0.756294	0.941506	0.942876
2720	0.861131	0.984973	0.984803	0.756367	0.940997	0.942410
2730	0.861607	0.985139	0.984968	0.756765	0.941506	0.942924
2740	0.862106	0.985250	0.985080	0.757239	0.940997	0.942400
2750	0.862360	0.985195	0.985024	0.757443	0.940997	0.942400
2760	0.862729	0.985361	0.985192	0.757831	0.941506	0.942934
2770	0.863123	0.985361	0.985191	0.758249	0.942014	0.943391
2780	0.863347	0.985638	0.985469	0.758509	0.941506	0.942934
2790	0.863621	0.985638	0.985466	0.758737	0.941506	0.942947
2800	0.864047	0.985638	0.985466	0.759135	0.941506	0.942930
2810	0.864596	0.985749	0.985579	0.759504	0.942014	0.943386
2820	0.865007	0.985805	0.985635	0.759903	0.942523	0.943857
2830	0.865410	0.985749	0.985579	0.760248	0.942523	0.943857
2840	0.866015	0.985805	0.985637	0.760948	0.942014	0.943400
2850	0.866357	0.985860	0.985691	0.761359	0.942014	0.943400
2860	0.866659	0.985915	0.985746	0.761648	0.942523	0.943890
2870	0.866907	0.985915	0.985746	0.761818	0.942523	0.943987
2880	0.867254	0.985971	0.985798	0.762073	0.942014	0.943400
2890	0.867632	0.986026	0.985855	0.762357	0.942014	0.943434
2900	0.868007	0.986248	0.986079	0.762725	0.941506	0.942990
2910	0.868343	0.986248	0.986080	0.762912	0.941506	0.942990
2920	0.868993	0.986359	0.986196	0.763556	0.942014	0.943475
2930	0.869275	0.986415	0.986247	0.763876	0.942523	0.944070
2940	0.869522	0.986581	0.986414	0.764044	0.942523	0.943992
2950	0.869980	0.986803	0.986634	0.764010	0.943032	0.944529
2960	0.870318	0.986803	0.986635	0.764193	0.943032	0.944607
2970	0.870721	0.986969	0.986803	0.764475	0.942523	0.944070
2980	0.871082	0.986914	0.986748	0.764764	0.943032	0.944569
2990	0.871565	0.986858	0.986691	0.765259	0.943032	0.944569
3000	0.871974	0.986969	0.986802	0.765568	0.943540	0.945060
3010	0.872401	0.986914	0.986747	0.765808	0.943540	0.944982
3020	0.872933	0.986914	0.986744	0.766292	0.944049	0.945428
3030	0.873337	0.987025	0.986855	0.766661	0.943032	0.944479
3040	0.873704	0.987135	0.986967	0.766975	0.944049	0.945441
3050	0.874129	0.987191	0.987019	0.767297	0.943540	0.945045
3060	0.874507	0.987191	0.987020	0.767661	0.943032	0.944460
3070	0.874807	0.987246	0.987074	0.767957	0.943540	0.944970
3080	0.875205	0.987191	0.987014	0.768318	0.943540	0.944950
3090	0.875624	0.987468	0.987296	0.768453	0.943540	0.944873
3100	0.876002	0.987524	0.987351	0.768697	0.944049	0.945426
3110	0.876351	0.987468	0.987292	0.768935	0.944557	0.945878
3120	0.876673	0.987468	0.987292	0.769241	0.944049	0.945426
3130	0.876985	0.987579	0.987406	0.769531	0.944557	0.945959
3140	0.877289	0.987579	0.987405	0.769893	0.944049	0.945324
3150	0.877465	0.987634	0.987461	0.770149	0.944049	0.945426
3160	0.877789	0.987634	0.987462	0.770500	0.945066	0.946331
3170	0.878106	0.987745	0.987573	0.770789	0.944557	0.945748
3180	0.878637	0.987801	0.987628	0.771346	0.944557	0.945748
3190	0.878887	0.987856	0.987684	0.771620	0.944049	0.945195
3200	0.879149	0.987856	0.987687	0.771772	0.944049	0.945195
3210	0.879350	0.987912	0.987742	0.771946	0.943540	0.944742
3220	0.879521	0.988023	0.987854	0.772095	0.943032	0.944201
3230	0.879827	0.987967	0.987797	0.772455	0.943540	0.944679
3240	0.880186	0.988078	0.987909	0.772642	0.944049	0.945198
3250	0.880572	0.988189	0.988021	0.773019	0.944049	0.945229
3260	0.880792	0.988189	0.988026	0.773270	0.944049	0.945229
3270	0.881183	0.988134	0.987967	0.773675	0.944049	0.945214
3280	0.881591	0.988023	0.987859	0.773991	0.944049	0.945193
3290	0.881832	0.988134	0.987973	0.774178	0.944049	0.945193
3300	0.882038	0.988134	0.987972	0.774414	0.944049	0.945193
3310	0.882391	0.988134	0.987968	0.774722	0.944049	0.945193
3320	0.882764	0.988134	0.987968	0.775039	0.944049	0.945193
3330	0.883260	0.988244	0.988076	0.775495	0.945066	0.946176
3340	0.883451	0.988244	0.988077	0.775710	0.945575	0.946629
3350	0.883620	0.988244	0.988082	0.775882	0.944557	0.945648
3360	0.883808	0.988411	0.988250	0.776081	0.944557	0.945669
3370	0.883837	0.988411	0.988250	0.776090	0.944557	0.945669
3380	0.884046	0.988411	0.988251	0.776242	0.944557	0.945640
3390	0.884254	0.988466	0.988306	0.776273	0.944557	0.945619
3400	0.884566	0.988577	0.988417	0.776604	0.944557	0.945619
3410	0.884920	0.988577	0.988417	0.776790	0.945066	0.946104
3420	0.885188	0.988688	0.988527	0.777026	0.945066	0.946104
3430	0.885424	0.988688	0.988526	0.777325	0.945575	0.946625
3440	0.885620	0.988743	0.988580	0.777550	0.945575	0.946640
3450	0.885919	0.988743	0.988580	0.777798	0.945066	0.946099
3460	0.886315	0.988743	0.988578	0.778206	0.945575	0.946572
3470	0.886597	0.988854	0.988689	0.778452	0.944557	0.945617
3480	0.886977	0.988854	0.988687	0.778745	0.945575	0.946548
3490	0.887540	0.988854	0.988686	0.779311	0.946592	0.947623
3500	0.887921	0.988910	0.988743	0.779830	0.946592	0.947666
3510	0.888146	0.989021	0.988856	0.780325	0.946592	0.947666
3520	0.888465	0.989021	0.988860	0.780499	0.946083	0.947213
3530	0.888772	0.989021	0.988860	0.780797	0.945575	0.946741
3540	0.889120	0.989132	0.988972	0.781002	0.945575	0.946741
3550	0.889487	0.989132	0.988970	0.781278	0.945575	0.946745
3560	0.889761	0.989243	0.989080	0.781426	0.945066	0.946242
3570	0.890039	0.989132	0.988968	0.781614	0.946592	0.947638
3580	0.890430	0.989409	0.989250	0.782036	0.946083	0.947142
3590	0.890716	0.989464	0.989306	0.782213	0.946083	0.947142
3600	0.890993	0.989464	0.989307	0.782464	0.946592	0.947622
3610	0.891461	0.989464	0.989307	0.782810	0.946083	0.947119
3620	0.891884	0.989464	0.989312	0.783223	0.946592	0.947622
3630	0.892086	0.989631	0.989481	0.783447	0.946592	0.947622
3640	0.892253	0.989631	0.989482	0.783775	0.946592	0.947622
3650	0.892574	0.989575	0.989422	0.783879	0.946592	0.947622
3660	0.892841	0.989575	0.989425	0.784102	0.946592	0.947622
3670	0.893073	0.989631	0.989478	0.784359	0.947101	0.948058
3680	0.893416	0.989686	0.989532	0.784684	0.947101	0.948058
3690	0.893573	0.989686	0.989537	0.784793	0.947101	0.948035
3700	0.893811	0.989686	0.989537	0.784948	0.947101	0.948035
3710	0.894223	0.989797	0.989650	0.785318	0.947609	0.948540
3720	0.894488	0.989742	0.989594	0.785578	0.947101	0.948058
3730	0.894853	0.989742	0.989592	0.785901	0.947101	0.948058
3740	0.895245	0.989853	0.989707	0.786184	0.947609	0.948521
3750	0.895460	0.989853	0.989707	0.786324	0.947609	0.948521
3760	0.895629	0.989908	0.989759	0.786545	0.947101	0.948058
3770	0.895941	0.990130	0.989981	0.786859	0.947609	0.948544
3780	0.896165	0.990185	0.990037	0.787116	0.948118	0.949008
3790	0.896509	0.990407	0.990262	0.787515	0.948118	0.949008
3800	0.896767	0.990407	0.990261	0.787730	0.948118	0.949008
3810	0.897078	0.990462	0.990318	0.788145	0.948118	0.949008
3820	0.897396	0.990462	0.990320	0.788395	0.948118	0.948985
3830	0.897660	0.990518	0.990379	0.788687	0.948627	0.949459
3840	0.897757	0.990573	0.990431	0.788784	0.948627	0.949459
3850	0.897990	0.990629	0.990490	0.788925	0.949135	0.949994
3860	0.898175	0.990740	0.990601	0.789077	0.948627	0.949459
3870	0.898319	0.990740	0.990594	0.789259	0.948118	0.949068
3880	0.898404	0.990629	0.990484	0.789334	0.948627	0.949603
3890	0.898611	0.990629	0.990486	0.789520	0.948627	0.949603
3900	0.898951	0.990629	0.990486	0.789920	0.948627	0.949603
3910	0.899262	0.990684	0.990544	0.790159	0.948118	0.949059
3920	0.899592	0.990684	0.990542	0.790477	0.948627	0.949594
3930	0.899960	0.990740	0.990597	0.790824	0.948627	0.949594
3940	0.900304	0.990851	0.990714	0.791258	0.949135	0.950129
3950	0.900682	0.990795	0.990657	0.791421	0.949135	0.950129
3960	0.901057	0.990795	0.990657	0.791833	0.949135	0.950129
3970	0.901223	0.990906	0.990768	0.791843	0.949135	0.950129
3980	0.901516	0.990962	0.990819	0.792149	0.949135	0.950129
3990	0.901697	0.991072	0.990929	0.792260	0.949135	0.950189
4000	0.902028	0.991072	0.990933	0.792450	0.949135	0.950189
4010	0.902410	0.991239	0.991102	0.792755	0.949135	0.950189
4020	0.902659	0.991294	0.991155	0.792995	0.949135	0.950189
4030	0.902879	0.991350	0.991209	0.793159	0.949135	0.950189
4040	0.903136	0.991405	0.991268	0.793362	0.949135	0.950189
4050	0.903438	0.991461	0.991325	0.793772	0.949644	0.950631
4060	0.903704	0.991405	0.991273	0.793972	0.949644	0.950631
4070	0.903987	0.991516	0.991383	0.794272	0.950661	0.951573
4080	0.904319	0.991405	0.991276	0.794636	0.950661	0.951573
4090	0.904650	0.991461	0.991330	0.795078	0.950153	0.951113
4100	0.904888	0.991516	0.991385	0.795270	0.950153	0.951113
4110	0.905111	0.991627	0.991498	0.795421	0.950153	0.951113
4120	0.905363	0.991627	0.991493	0.795569	0.950153	0.951113
4130	0.905593	0.991738	0.991603	0.795929	0.950153	0.951113
4140	0.905875	0.991738	0.991603	0.796162	0.950153	0.951113
4150	0.906110	0.991682	0.991549	0.796294	0.950153	0.951113
4160	0.906370	0.991738	0.991604	0.796475	0.950661	0.951573
4170	0.906710	0.991793	0.991662	0.796776	0.950661	0.951573
4180	0.906957	0.991793	0.991663	0.796887	0.951170	0.952102
4190	0.907268	0.991793	0.991662	0.797086	0.951170	0.952102
4200	0.907379	0.991793	0.991662	0.797162	0.951170	0.952102
4210	0.907617	0.991904	0.991776	0.797334	0.951170	0.952102
4220	0.908006	0.992015	0.991887	0.797610	0.951170	0.952102
4230	0.908316	0.992015	0.991887	0.797816	0.951170	0.952102
4240	0.908505	0.992015	0.991887	0.798013	0.951170	0.952102
4250	0.908661	0.992071	0.991946	0.798093	0.951170	0.952102
4260	0.908786	0.992071	0.991946	0.798195	0.951170	0.952102
4270	0.908912	0.992071	0.991946	0.798292	0.951170	0.952102
4280	0.909070	0.992126	0.992002	0.798479	0.951170	0.952102
4290	0.909202	0.992181	0.992056	0.798637	0.951170	0.952102
4300	0.909495	0.992181	0.992058	0.798905	0.951170	0.952102
4310	0.909730	0.992403	0.992281	0.799132	0.951170	0.952102
4320	0.909895	0.992403	0.992281	0.799293	0.951170	0.952102
4330	0.910051	0.992403	0.992281	0.799398	0.950661	0.951573
4340	0.910238	0.992348	0.992223	0.799527	0.951170	0.952102
4350	0.910427	0.992348	0.992224	0.799587	0.951170	0.952102
4360	0.910734	0.992292	0.992168	0.799818	0.950661	0.951573
4370	0.911022	0.992403	0.992278	0.800105	0.951170	0.952043
4380	0.911109	0.992403	0.992279	0.800131	0.951170	0.952043
4390	0.911219	0.992403	0.992279	0.800210	0.951170	0.952043
4400	0.911306	0.992403	0.992279	0.800259	0.951170	0.952043
4410	0.911392	0.992403	0.992279	0.800310	0.951170	0.952043
4420	0.911497	0.992403	0.992279	0.800378	0.951170	0.952043
4430	0.911970	0.992459	0.992335	0.800844	0.951170	0.952043
4440	0.912262	0.992514	0.992388	0.801053	0.951170	0.952043
4450	0.912507	0.992514	0.992388	0.801268	0.951170	0.952043
4460	0.912819	0.992625	0.992494	0.801619	0.951170	0.952043
4470	0.913015	0.992625	0.992494	0.801831	0.951679	0.952535
4480	0.913209	0.992680	0.992551	0.801998	0.951679	0.952535
4490	0.913465	0.992736	0.992607	0.802197	0.951170	0.952043
4500	0.913620	0.992736	0.992607	0.802242	0.951170	0.952043
4510	0.913857	0.992791	0.992664	0.802470	0.951170	0.952043
4520	0.914080	0.992791	0.992665	0.802662	0.951170	0.952043
4530	0.914283	0.992791	0.992665	0.802919	0.951170	0.952043
4540	0.914487	0.992791	0.992667	0.802177	0.950661	0.951489
4550	0.914706	0.992902	0.992781	0.802161	0.950661	0.951489
4560	0.914985	0.992847	0.992724	0.802365	0.950661	0.951489
4570	0.915206	0.992847	0.992725	0.802621	0.951170	0.952041
4580	0.915527	0.992847	0.992725	0.802861	0.951170	0.951982
4590	0.915831	0.993069	0.992948	0.803222	0.951679	0.952534
4600	0.916108	0.993180	0.993062	0.803483	0.951679	0.952534
4610	0.916326	0.993235	0.993119	0.803659	0.951170	0.952010
4620	0.916513	0.993180	0.993064	0.803764	0.951170	0.952010
4630	0.916807	0.993235	0.993120	0.803961	0.951170	0.952010
4640	0.917090	0.993290	0.993178	0.804152	0.951170	0.952010
4650	0.917388	0.993290	0.993181	0.804619	0.951170	0.952010
4660	0.917756	0.993346	0.993238	0.805041	0.951679	0.952564
4670	0.918090	0.993346	0.993238	0.805206	0.951170	0.952010
4680	0.918356	0.993346	0.993238	0.805540	0.951170	0.952010
4690	0.918594	0.993512	0.993405	0.805900	0.951170	0.952010
4700	0.918895	0.993679	0.993566	0.806230	0.951170	0.952010
4710	0.919118	0.993679	0.993566	0.806444	0.951170	0.952010
4720	0.919420	0.993568	0.993454	0.806647	0.951170	0.952010
4730	0.919582	0.993623	0.993509	0.806783	0.951679	0.952426
4740	0.919778	0.993790	0.993674	0.807039	0.951679	0.952426
4750	0.920077	0.993790	0.993678	0.807275	0.951679	0.952426
4760	0.920414	0.993790	0.993677	0.807139	0.951679	0.952426
4770	0.920688	0.993845	0.993733	0.807035	0.951679	0.952426
4780	0.921010	0.993900	0.993788	0.807384	0.951170	0.951957
4790	0.921369	0.993956	0.993844	0.807660	0.951679	0.952439
4800	0.921572	0.993956	0.993844	0.807877	0.951679	0.952439
4810	0.921884	0.994067	0.993956	0.808297	0.951679	0.952449
4820	0.922111	0.994067	0.993955	0.808484	0.951679	0.952449
4830	0.922275	0.994067	0.993956	0.808625	0.952696	0.953471
4840	0.922484	0.994067	0.993955	0.808750	0.951679	0.952463
4850	0.922583	0.994122	0.994011	0.808762	0.952187	0.953002
4860	0.922706	0.994067	0.993955	0.808860	0.952187	0.953002
4870	0.922929	0.994067	0.993954	0.809061	0.952187	0.952994
4880	0.923292	0.994178	0.994067	0.809357	0.952187	0.953055
4890	0.923421	0.994178	0.994068	0.809471	0.952696	0.953584
4900	0.923527	0.994289	0.994180	0.809610	0.952696	0.953530
4910	0.923725	0.994344	0.994237	0.809904	0.951679	0.952594
4920	0.924016	0.994344	0.994237	0.810116	0.952187	0.953046
4930	0.924135	0.994344	0.994234	0.810265	0.952187	0.953046
4940	0.924384	0.994399	0.994290	0.810470	0.952696	0.953584
4950	0.924742	0.994399	0.994288	0.810798	0.952696	0.953584
4960	0.924931	0.994455	0.994342	0.810964	0.952187	0.953055
4970	0.925215	0.994510	0.994398	0.811218	0.952696	0.953506
4980	0.925439	0.994510	0.994398	0.811592	0.952696	0.953506
4990	0.925704	0.994566	0.994454	0.811816	0.952696	0.953506
5000	0.925784	0.994566	0.994454	0.811864	0.952696	0.953506
5010	0.925834	0.994566	0.994454	0.811898	0.952696	0.953506
5020	0.925958	0.994566	0.994454	0.811985	0.952696	0.953506
5030	0.926281	0.994621	0.994510	0.812377	0.952696	0.953506
5040	0.926449	0.994677	0.994566	0.812515	0.952696	0.953506
5050	0.926734	0.994732	0.994622	0.812713	0.952696	0.953506
5060	0.926867	0.994732	0.994622	0.812761	0.952696	0.953506
5070	0.927138	0.994732	0.994622	0.813004	0.952696	0.953506
5080	0.927378	0.994843	0.994737	0.813203	0.952696	0.953506
5090	0.927569	0.994732	0.994622	0.813412	0.952696	0.953506
5100	0.927889	0.994899	0.994794	0.813691	0.952696	0.953506
5110	0.928131	0.994954	0.994854	0.813930	0.952696	0.953444
5120	0.928258	0.995009	0.994909	0.813985	0.952696	0.953444
5130	0.928498	0.995176	0.995078	0.814129	0.952696	0.953444
5140	0.928787	0.995231	0.995135	0.814308	0.952696	0.953444
5150	0.928880	0.995287	0.995189	0.814431	0.952696	0.953444
5160	0.929181	0.995231	0.995131	0.814718	0.952696	0.953506
5170	0.929324	0.995287	0.995189	0.814937	0.952187	0.952992
5180	0.929640	0.995398	0.995301	0.815324	0.952696	0.953493
5190	0.929817	0.995453	0.995357	0.815271	0.952696	0.953493
5200	0.930100	0.995564	0.995471	0.815448	0.952696	0.953493
5210	0.930372	0.995619	0.995528	0.815652	0.952187	0.952963
5220	0.930526	0.995619	0.995528	0.815750	0.952187	0.952963
5230	0.930640	0.995730	0.995640	0.815779	0.952187	0.952963
5240	0.930920	0.995619	0.995528	0.816004	0.952696	0.953477
5250	0.931165	0.995675	0.995583	0.816220	0.952696	0.953477
5260	0.931365	0.995786	0.995695	0.816392	0.952696	0.953477
5270	0.931560	0.995730	0.995641	0.816568	0.952187	0.952995
5280	0.931810	0.995841	0.995753	0.816737	0.952187	0.952995
5290	0.932069	0.995952	0.995865	0.816960	0.952187	0.952995
5300	0.932270	0.996118	0.996038	0.817068	0.952187	0.952995
5310	0.932495	0.996118	0.996035	0.817161	0.951679	0.952431
5320	0.932613	0.996174	0.996091	0.817301	0.951679	0.952431
5330	0.932879	0.996340	0.996264	0.817386	0.952187	0.952913
5340	0.933115	0.996229	0.996150	0.817501	0.951679	0.952431
5350	0.933298	0.996229	0.996150	0.817657	0.952187	0.952913
5360	0.933423	0.996285	0.996207	0.817778	0.952187	0.952913
5370	0.933725	0.996285	0.996208	0.818033	0.952187	0.952925
5380	0.933906	0.996285	0.996208	0.818225	0.952696	0.953407
5390	0.934088	0.996340	0.996266	0.818361	0.952696	0.953407
5400	0.934254	0.996340	0.996266	0.818456	0.952696	0.953407
5410	0.934384	0.996340	0.996266	0.818556	0.952696	0.953407
5420	0.934688	0.996451	0.996378	0.818570	0.952696	0.953407
5430	0.934927	0.996451	0.996376	0.818790	0.952696	0.953407
5440	0.935123	0.996562	0.996490	0.819047	0.952696	0.953407
5450	0.935433	0.996507	0.996431	0.819141	0.952696	0.953407
5460	0.935558	0.996673	0.996604	0.819206	0.952696	0.953407
5470	0.935764	0.996618	0.996545	0.819384	0.952696	0.953407
5480	0.936061	0.996673	0.996603	0.819569	0.952696	0.953407
5490	0.936196	0.996728	0.996661	0.819711	0.952696	0.953407
5500	0.936335	0.996728	0.996659	0.819855	0.952696	0.953407
5510	0.936641	0.996839	0.996775	0.820097	0.952696	0.953407
5520	0.936863	0.996839	0.996773	0.820394	0.952187	0.952955
5530	0.936997	0.996839	0.996773	0.820556	0.952187	0.952955
5540	0.937165	0.996839	0.996772	0.820712	0.951679	0.952444
5550	0.937401	0.996895	0.996827	0.821094	0.952187	0.952955
5560	0.937650	0.996839	0.996770	0.821395	0.952187	0.952936
5570	0.937872	0.996895	0.996827	0.821626	0.951170	0.952026
5580	0.938008	0.997006	0.996942	0.821723	0.951170	0.952026
5590	0.938248	0.997006	0.996942	0.821884	0.951679	0.952492
5600	0.938395	0.997061	0.997000	0.821973	0.952187	0.952934
5610	0.938693	0.997117	0.997056	0.822225	0.952187	0.952934
5620	0.938902	0.997061	0.996996	0.822394	0.952187	0.952934
5630	0.939203	0.997117	0.997056	0.822596	0.952187	0.952934
5640	0.939414	0.997172	0.997113	0.822628	0.952696	0.953379
5650	0.939488	0.997172	0.997113	0.822729	0.952187	0.952934
5660	0.939629	0.997172	0.997113	0.822871	0.951679	0.952468
5670	0.939770	0.997227	0.997171	0.822955	0.951679	0.952468
5680	0.939825	0.997227	0.997171	0.822982	0.951679	0.952468
5690	0.939971	0.997227	0.997171	0.823086	0.951679	0.952468
5700	0.940053	0.997172	0.997113	0.823141	0.951679	0.952468
5710	0.940210	0.997227	0.997171	0.823260	0.952187	0.952992
5720	0.940291	0.997227	0.997171	0.823374	0.952187	0.952992
5730	0.940435	0.997227	0.997171	0.823445	0.952187	0.952992
5740	0.940630	0.997227	0.997171	0.823411	0.952187	0.952992
5750	0.940898	0.997283	0.997228	0.823622	0.952187	0.952992
5760	0.941078	0.997283	0.997228	0.823842	0.952187	0.952880
5770	0.941192	0.997338	0.997286	0.823931	0.952187	0.952880
5780	0.941321	0.997283	0.997229	0.824100	0.952696	0.953436
5790	0.941503	0.997283	0.997229	0.824154	0.952696	0.953376
5800	0.941581	0.997283	0.997229	0.824156	0.951679	0.952436
5810	0.941696	0.997283	0.997229	0.824243	0.952187	0.952992
5820	0.941786	0.997338	0.997285	0.824292	0.952187	0.952941
5830	0.941992	0.997394	0.997341	0.824372	0.951679	0.952496
5840	0.942143	0.997394	0.997341	0.824494	0.951679	0.952496
5850	0.942290	0.997449	0.997398	0.824614	0.951679	0.952496
5860	0.942440	0.997449	0.997398	0.824720	0.951679	0.952496
5870	0.942581	0.997449	0.997398	0.824795	0.952187	0.952941
5880	0.942705	0.997560	0.997510	0.824868	0.952696	0.953436
5890	0.942889	0.997560	0.997511	0.825042	0.952696	0.953436
5900	0.943072	0.997560	0.997511	0.825252	0.952696	0.953367
5910	0.943227	0.997560	0.997511	0.825406	0.952696	0.953367
5920	0.943346	0.997560	0.997511	0.825547	0.952696	0.953367
5930	0.943577	0.997560	0.997510	0.825741	0.953204	0.953915
5940	0.943787	0.997616	0.997566	0.825979	0.952696	0.953367
5950	0.943916	0.997616	0.997566	0.826058	0.952696	0.953367
5960	0.944005	0.997616	0.997566	0.826193	0.952696	0.953367
5970	0.944127	0.997616	0.997566	0.826268	0.952696	0.953367
5980	0.944310	0.997616	0.997565	0.826442	0.953204	0.953816
5990	0.944451	0.997616	0.997565	0.826602	0.953204	0.953816
6000	0.944687	0.997616	0.997565	0.826901	0.952696	0.953367
6010	0.944892	0.997616	0.997565	0.827069	0.953204	0.953915
6020	0.945038	0.997616	0.997562	0.827228	0.953204	0.953915
6030	0.945199	0.997727	0.997676	0.827377	0.953713	0.954448
6040	0.945283	0.997837	0.997786	0.827413	0.953713	0.954364
6050	0.945449	0.997893	0.997842	0.827535	0.953713	0.954403
6060	0.945587	0.997893	0.997841	0.827671	0.953204	0.953871
6070	0.945712	0.997893	0.997842	0.827784	0.953204	0.953871
6080	0.945756	0.997837	0.997789	0.827843	0.953204	0.953871
6090	0.945792	0.997948	0.997900	0.827872	0.953204	0.953871
6100	0.945851	0.997948	0.997900	0.827945	0.953204	0.953871
6110	0.945995	0.997948	0.997900	0.828094	0.953204	0.953871
6120	0.946152	0.997948	0.997900	0.828218	0.952696	0.953423
6130	0.946201	0.997948	0.997900	0.828278	0.952696	0.953423
6140	0.946225	0.997948	0.997900	0.828263	0.952696	0.953423
6150	0.946255	0.997948	0.997900	0.828297	0.952696	0.953423
6160	0.946413	0.998004	0.997956	0.828381	0.952696	0.953423
6170	0.946526	0.998004	0.997956	0.828353	0.952696	0.953423
6180	0.946813	0.998059	0.998014	0.828513	0.952696	0.953423
6190	0.947011	0.998059	0.998014	0.828902	0.952696	0.953423
6200	0.947242	0.998226	0.998183	0.829125	0.952696	0.953423
6210	0.947371	0.998170	0.998129	0.829183	0.953204	0.953975
6220	0.947559	0.998281	0.998240	0.829349	0.953713	0.954468
6230	0.947661	0.998336	0.998296	0.829380	0.953204	0.953916
6240	0.947785	0.998336	0.998296	0.829556	0.953204	0.953916
6250	0.947928	0.998447	0.998408	0.829577	0.953204	0.953916
6260	0.947978	0.998447	0.998408	0.829625	0.953204	0.953911
6270	0.948028	0.998447	0.998408	0.829632	0.953204	0.953911
6280	0.948124	0.998447	0.998407	0.829736	0.953204	0.953911
6290	0.948250	0.998447	0.998407	0.829888	0.953204	0.953911
6300	0.948389	0.998447	0.998407	0.829974	0.953204	0.953911
6310	0.948581	0.998447	0.998408	0.830191	0.953204	0.953911
6320	0.948791	0.998503	0.998463	0.830343	0.953204	0.953916
6330	0.948872	0.998447	0.998408	0.830372	0.953204	0.953916
6340	0.949084	0.998447	0.998408	0.830513	0.953204	0.953916
6350	0.949254	0.998447	0.998408	0.830664	0.953204	0.953911
6360	0.949498	0.998447	0.998408	0.830975	0.953204	0.953911
6370	0.949602	0.998503	0.998463	0.831157	0.953204	0.953911
6380	0.949667	0.998447	0.998408	0.831204	0.953204	0.953942
6390	0.949820	0.998447	0.998408	0.831395	0.953204	0.953942
6400	0.949908	0.998447	0.998408	0.831530	0.953713	0.954494
6410	0.950013	0.998503	0.998463	0.831595	0.953713	0.954494
6420	0.950162	0.998503	0.998463	0.831740	0.953713	0.954494
6430	0.950268	0.998503	0.998463	0.831835	0.953204	0.953947
6440	0.950356	0.998503	0.998463	0.831931	0.953204	0.953947
6450	0.950448	0.998503	0.998463	0.832069	0.953713	0.954403
6460	0.950531	0.998503	0.998463	0.832175	0.953713	0.954403
6470	0.950625	0.998558	0.998520	0.832198	0.953713	0.954403
6480	0.950749	0.998503	0.998463	0.832331	0.953204	0.953947
6490	0.950843	0.998558	0.998520	0.832440	0.953713	0.954439
6500	0.950981	0.998614	0.998579	0.832614	0.953204	0.953947
6510	0.951123	0.998614	0.998579	0.832680	0.953713	0.954439
6520	0.951249	0.998614	0.998579	0.832694	0.953713	0.954439
6530	0.951354	0.998614	0.998579	0.832763	0.953713	0.954439
6540	0.951411	0.998614	0.998579	0.832865	0.953713	0.954439
6550	0.951492	0.998614	0.998579	0.833016	0.954222	0.954987
6560	0.951596	0.998614	0.998579	0.833107	0.954222	0.954987
6570	0.951675	0.998669	0.998636	0.833174	0.954222	0.954987
6580	0.951740	0.998614	0.998579	0.833276	0.954222	0.954987
6590	0.951880	0.998669	0.998636	0.833403	0.954222	0.954987
6600	0.952007	0.998669	0.998636	0.833484	0.954222	0.954987
6610	0.952126	0.998725	0.998693	0.833584	0.954222	0.954987
6620	0.952238	0.998725	0.998693	0.833652	0.954222	0.954987
6630	0.952380	0.998725	0.998693	0.833457	0.954222	0.954987
6640	0.952524	0.998725	0.998693	0.833551	0.954222	0.954987
6650	0.952574	0.998725	0.998693	0.833614	0.954222	0.954987
6660	0.952653	0.998725	0.998693	0.833766	0.954222	0.954987
6670	0.952673	0.998725	0.998693	0.833843	0.954730	0.955475
6680	0.952859	0.998725	0.998693	0.834013	0.954222	0.954987
6690	0.952978	0.998725	0.998692	0.834138	0.954222	0.954987
6700	0.953096	0.998725	0.998693	0.834245	0.954730	0.955475
6710	0.953176	0.998725	0.998693	0.834367	0.954730	0.955475
6720	0.953279	0.998725	0.998693	0.834519	0.954730	0.955475
6730	0.953359	0.998725	0.998693	0.834603	0.953713	0.954542
6740	0.953476	0.998725	0.998693	0.834670	0.953713	0.954542
6750	0.953665	0.998725	0.998693	0.834713	0.954222	0.954987
6760	0.953799	0.998725	0.998693	0.834787	0.954730	0.955516
6770	0.953852	0.998725	0.998693	0.834780	0.954222	0.955023
6780	0.953960	0.998725	0.998694	0.834798	0.954222	0.954993
6790	0.954122	0.998725	0.998694	0.834916	0.954222	0.954993
6800	0.954261	0.998725	0.998694	0.835114	0.954222	0.954993
6810	0.954306	0.998725	0.998694	0.835137	0.953713	0.954548
6820	0.954404	0.998725	0.998694	0.835242	0.953204	0.954100
6830	0.954515	0.998780	0.998751	0.835360	0.953713	0.954544
6840	0.954654	0.998780	0.998751	0.835426	0.953204	0.954100
6850	0.954754	0.998780	0.998751	0.835454	0.953713	0.954544
6860	0.954862	0.998836	0.998808	0.835573	0.953713	0.954544
6870	0.954938	0.998836	0.998808	0.835629	0.953204	0.954015
6880	0.955067	0.998836	0.998808	0.835749	0.953204	0.954015
6890	0.955227	0.998836	0.998808	0.835889	0.953713	0.954503
6900	0.955301	0.998836	0.998808	0.836081	0.953713	0.954503
6910	0.955410	0.998836	0.998808	0.836220	0.953713	0.954464
6920	0.955525	0.998836	0.998808	0.836353	0.953713	0.954464
6930	0.955640	0.998836	0.998808	0.836581	0.953713	0.954464
6940	0.955767	0.998836	0.998808	0.836736	0.953713	0.954464
6950	0.955829	0.998836	0.998808	0.836826	0.953713	0.954464
6960	0.955906	0.998891	0.998864	0.836887	0.954222	0.954994
6970	0.956043	0.998891	0.998864	0.837023	0.953713	0.954464
6980	0.956115	0.998891	0.998864	0.837141	0.953713	0.954464
6990	0.956232	0.998891	0.998864	0.837257	0.953713	0.954464
7000	0.956281	0.998891	0.998864	0.837348	0.953713	0.954464
7010	0.956324	0.998891	0.998864	0.837411	0.953204	0.953906
7020	0.956410	0.998891	0.998864	0.837519	0.953713	0.954464
7030	0.956515	0.998891	0.998864	0.837578	0.954222	0.954796
7040	0.956612	0.998946	0.998921	0.837637	0.954222	0.954766
7050	0.956702	0.998946	0.998921	0.837721	0.954222	0.954699
7060	0.956842	0.998946	0.998921	0.837894	0.954730	0.955262
7070	0.956900	0.998946	0.998921	0.838021	0.954730	0.955262
7080	0.956974	0.998946	0.998921	0.838141	0.954730	0.955262
7090	0.957109	0.999002	0.998978	0.838333	0.954730	0.955225
7100	0.957255	0.999002	0.998978	0.838485	0.954222	0.954780
7110	0.957394	0.999002	0.998978	0.838640	0.954222	0.954855
7120	0.957529	0.999002	0.998978	0.838752	0.954222	0.954855
7130	0.957651	0.999002	0.998978	0.838889	0.953204	0.953869
7140	0.957735	0.999002	0.998978	0.838927	0.953713	0.954396
7150	0.957813	0.999002	0.998978	0.838973	0.953713	0.954396
7160	0.957863	0.999002	0.998978	0.838949	0.953713	0.954396
7170	0.957912	0.999002	0.998978	0.838978	0.954222	0.954855
7180	0.957989	0.999002	0.998978	0.839064	0.954222	0.954855
7190	0.958076	0.999057	0.999034	0.839228	0.954222	0.954855
7200	0.958116	0.999057	0.999034	0.839284	0.954222	0.954855
7210	0.958157	0.999057	0.999034	0.839321	0.954222	0.954855
7220	0.958287	0.999057	0.999034	0.839314	0.954222	0.954855
7230	0.958349	0.999057	0.999034	0.839355	0.954730	0.955331
7240	0.958429	0.999057	0.999034	0.839465	0.954730	0.955331
7250	0.958476	0.999057	0.999034	0.839544	0.954730	0.955331
7260	0.958552	0.999057	0.999034	0.839650	0.954730	0.955331
7270	0.958591	0.999057	0.999034	0.839667	0.954730	0.955331
7280	0.958658	0.999057	0.999034	0.839794	0.954730	0.955331
7290	0.958744	0.999057	0.999034	0.839852	0.954222	0.954855
7300	0.958804	0.999057	0.999034	0.839886	0.954222	0.954855
7310	0.958948	0.999057	0.999034	0.840077	0.954222	0.954855
7320	0.959053	0.999113	0.999091	0.840195	0.954222	0.954855
7330	0.959110	0.999113	0.999091	0.840218	0.954222	0.954855
7340	0.959182	0.999168	0.999148	0.840275	0.954222	0.954855
7350	0.959241	0.999168	0.999147	0.840319	0.955239	0.955925
7360	0.959317	0.999168	0.999147	0.840419	0.955239	0.955925
7370	0.959384	0.999168	0.999147	0.840473	0.955239	0.955925
7380	0.959471	0.999168	0.999148	0.840571	0.955239	0.955925
7390	0.959572	0.999224	0.999205	0.840666	0.955239	0.955925
7400	0.959693	0.999224	0.999205	0.840735	0.955748	0.956401
7410	0.959780	0.999224	0.999205	0.840877	0.955748	0.956401
7420	0.959874	0.999224	0.999205	0.840941	0.955748	0.956401
7430	0.959994	0.999224	0.999205	0.841050	0.955748	0.956401
7440	0.960073	0.999224	0.999205	0.841075	0.955748	0.956401
7450	0.960130	0.999224	0.999205	0.841044	0.955748	0.956401
7460	0.960205	0.999224	0.999205	0.841123	0.955748	0.956401
7470	0.960272	0.999224	0.999205	0.841155	0.955748	0.956401
7480	0.960332	0.999224	0.999205	0.841198	0.955239	0.955925
7490	0.960403	0.999279	0.999264	0.841214	0.955239	0.955925
7500	0.960461	0.999279	0.999264	0.841206	0.955239	0.955925
7510	0.960511	0.999279	0.999264	0.841305	0.955239	0.955925
7520	0.960528	0.999279	0.999264	0.841390	0.955239	0.955925
7530	0.960584	0.999279	0.999264	0.841460	0.955239	0.955925
7540	0.960623	0.999279	0.999264	0.841468	0.955239	0.955925
7550	0.960706	0.999279	0.999264	0.841513	0.954730	0.955373
7560	0.960802	0.999279	0.999263	0.841626	0.955239	0.955865
7570	0.960881	0.999279	0.999263	0.841656	0.955748	0.956417
7580	0.960969	0.999335	0.999320	0.841687	0.955239	0.955865
7590	0.961013	0.999335	0.999320	0.841697	0.955239	0.955865
7600	0.961081	0.999335	0.999320	0.841735	0.955239	0.955865
7610	0.961178	0.999335	0.999320	0.841859	0.955239	0.955865
7620	0.961266	0.999335	0.999320	0.841910	0.955239	0.955865
7630	0.961315	0.999335	0.999320	0.841936	0.955239	0.955865
7640	0.961376	0.999335	0.999320	0.841956	0.955239	0.955865
7650	0.961420	0.999335	0.999320	0.842015	0.955239	0.955865
7660	0.961479	0.999335	0.999320	0.842041	0.955239	0.955865
7670	0.961576	0.999335	0.999320	0.842089	0.954730	0.955336
7680	0.961665	0.999335	0.999320	0.842206	0.955748	0.956341
7690	0.961747	0.999335	0.999320	0.842259	0.956256	0.956893
7700	0.961792	0.999335	0.999320	0.842321	0.956256	0.956893
7710	0.961870	0.999335	0.999320	0.842445	0.956256	0.956922
7720	0.961949	0.999335	0.999320	0.842513	0.956765	0.957451
7730	0.961999	0.999335	0.999320	0.842508	0.955748	0.956338
7740	0.962038	0.999335	0.999320	0.842554	0.955748	0.956338
7750	0.962091	0.999335	0.999320	0.842623	0.956256	0.956792
7760	0.962156	0.999335	0.999320	0.842732	0.956256	0.956792
7770	0.962235	0.999335	0.999320	0.842901	0.956256	0.956778
7780	0.962312	0.999335	0.999320	0.842961	0.956256	0.956778
7790	0.962358	0.999335	0.999320	0.843014	0.956256	0.956778
7800	0.962398	0.999335	0.999320	0.843030	0.956256	0.956778
7810	0.962438	0.999335	0.999320	0.843118	0.956256	0.956778
7820	0.962487	0.999335	0.999320	0.843200	0.956256	0.956778
7830	0.962578	0.999335	0.999320	0.843334	0.956256	0.956778
7840	0.962661	0.999335	0.999320	0.843417	0.955748	0.956287
7850	0.962720	0.999335	0.999320	0.843512	0.956256	0.956778
7860	0.962796	0.999335	0.999320	0.843592	0.956256	0.956778
7870	0.962857	0.999335	0.999320	0.843702	0.956256	0.956778
7880	0.962913	0.999335	0.999320	0.843740	0.955748	0.956287
7890	0.962955	0.999335	0.999320	0.843752	0.955748	0.956287
7900	0.963028	0.999335	0.999320	0.843840	0.955748	0.956287
7910	0.963102	0.999335	0.999320	0.843897	0.955748	0.956287
7920	0.963172	0.999335	0.999320	0.843944	0.956256	0.956778
7930	0.963236	0.999335	0.999320	0.843991	0.956256	0.956778
7940	0.963317	0.999335	0.999320	0.844040	0.955748	0.956287
7950	0.963364	0.999335	0.999320	0.844073	0.956256	0.956742
7960	0.963492	0.999335	0.999320	0.844191	0.955748	0.956287
7970	0.963540	0.999335	0.999320	0.844291	0.955748	0.956287
7980	0.963632	0.999335	0.999320	0.844414	0.955748	0.956287
7990	0.963664	0.999335	0.999320	0.844451	0.955748	0.956287
8000	0.963766	0.999335	0.999320	0.844496	0.955748	0.956287
8010	0.963850	0.999335	0.999320	0.844556	0.955748	0.956287
8020	0.963896	0.999335	0.999320	0.844584	0.955748	0.956287
8030	0.963948	0.999335	0.999320	0.844620	0.955239	0.955761
8040	0.964004	0.999390	0.999377	0.844618	0.955239	0.955761
8050	0.964049	0.999390	0.999377	0.844631	0.955239	0.955761
8060	0.964106	0.999390	0.999377	0.844665	0.955239	0.955761
8070	0.964123	0.999390	0.999377	0.844648	0.955239	0.955776
8080	0.964148	0.999390	0.999377	0.844665	0.955239	0.955776
8090	0.964196	0.999390	0.999377	0.844696	0.954730	0.955290
8100	0.964265	0.999390	0.999377	0.844765	0.954222	0.954760
8110	0.964320	0.999390	0.999377	0.844818	0.954730	0.955246
8120	0.964336	0.999390	0.999377	0.844847	0.954730	0.955246
8130	0.964388	0.999390	0.999377	0.844905	0.955239	0.955776
8140	0.964423	0.999390	0.999377	0.844915	0.954730	0.955246
8150	0.964442	0.999390	0.999377	0.844911	0.954730	0.955246
8160	0.964461	0.999390	0.999377	0.844956	0.954730	0.955246
8170	0.964541	0.999390	0.999377	0.845054	0.954730	0.955246
8180	0.964589	0.999390	0.999377	0.845070	0.954730	0.955246
8190	0.964683	0.999390	0.999377	0.845156	0.954730	0.955246
8200	0.964727	0.999390	0.999377	0.845220	0.954730	0.955246
8210	0.964761	0.999390	0.999377	0.845285	0.954730	0.955246
8220	0.964844	0.999390	0.999377	0.845323	0.954730	0.955246
8230	0.964941	0.999390	0.999377	0.845397	0.954222	0.954760
8240	0.964983	0.999390	0.999377	0.845508	0.954222	0.954760
8250	0.965020	0.999390	0.999377	0.845621	0.955239	0.955773
8260	0.965049	0.999390	0.999377	0.845660	0.955748	0.956249
8270	0.965079	0.999390	0.999377	0.845697	0.955748	0.956249
8280	0.965099	0.999390	0.999377	0.845725	0.955748	0.956249
8290	0.965120	0.999390	0.999377	0.845766	0.955748	0.956249
8300	0.965155	0.999390	0.999377	0.845810	0.955748	0.956249
8310	0.965211	0.999390	0.999377	0.845922	0.955748	0.956249
8320	0.965252	0.999445	0.999433	0.845947	0.955748	0.956249
8330	0.965295	0.999445	0.999433	0.845978	0.955748	0.956249
8340	0.965372	0.999445	0.999433	0.846004	0.955748	0.956249
8350	0.965417	0.999445	0.999433	0.846086	0.955748	0.956249
8360	0.965515	0.999445	0.999433	0.846120	0.955748	0.956249
8370	0.965556	0.999445	0.999433	0.846173	0.955748	0.956249
8380	0.965669	0.999445	0.999433	0.846321	0.955239	0.955722
8390	0.965724	0.999445	0.999433	0.846384	0.955239	0.955722
8400	0.965778	0.999445	0.999433	0.846399	0.955239	0.955722
8410	0.965820	0.999445	0.999433	0.846411	0.955239	0.955722
8420	0.965872	0.999445	0.999433	0.846441	0.955239	0.955722
8430	0.965931	0.999445	0.999433	0.846385	0.954730	0.955246
8440	0.966035	0.999445	0.999433	0.846463	0.955239	0.955722
8450	0.966134	0.999445	0.999433	0.846647	0.954730	0.955246
8460	0.966195	0.999445	0.999433	0.846692	0.954730	0.955246
8470	0.966246	0.999445	0.999433	0.846751	0.954730	0.955246
8480	0.966296	0.999445	0.999433	0.846813	0.955239	0.955773
8490	0.966318	0.999445	0.999433	0.846891	0.955748	0.956213
8500	0.966374	0.999445	0.999433	0.847001	0.955748	0.956213
8510	0.966435	0.999445	0.999433	0.847051	0.955748	0.956213
8520	0.966495	0.999445	0.999433	0.847117	0.955748	0.956213
8530	0.966587	0.999445	0.999433	0.847308	0.955748	0.956213
8540	0.966608	0.999445	0.999433	0.847382	0.955748	0.956213
8550	0.966632	0.999445	0.999433	0.847577	0.955748	0.956213
8560	0.966662	0.999445	0.999433	0.847652	0.955748	0.956213
8570	0.966706	0.999445	0.999433	0.847691	0.955748	0.956213
8580	0.966749	0.999445	0.999433	0.847761	0.956256	0.956694
8590	0.966835	0.999501	0.999489	0.847901	0.956256	0.956694
8600	0.966915	0.999501	0.999489	0.848019	0.955748	0.956223
8610	0.966966	0.999501	0.999489	0.848071	0.956256	0.956694
8620	0.967044	0.999501	0.999489	0.848113	0.955748	0.956223
8630	0.967102	0.999501	0.999489	0.848127	0.955748	0.956223
8640	0.967151	0.999501	0.999489	0.848178	0.955748	0.956223
8650	0.967239	0.999501	0.999489	0.848273	0.955748	0.956223
8660	0.967287	0.999501	0.999489	0.848257	0.955748	0.956223
8670	0.967387	0.999501	0.999489	0.848388	0.955748	0.956223
8680	0.967450	0.999501	0.999489	0.848462	0.955748	0.956223
8690	0.967496	0.999501	0.999489	0.848485	0.956256	0.956777
8700	0.967520	0.999501	0.999489	0.848540	0.956256	0.956777
8710	0.967557	0.999501	0.999489	0.848576	0.956256	0.956777
8720	0.967598	0.999501	0.999489	0.848692	0.956256	0.956777
8730	0.967637	0.999501	0.999489	0.848734	0.956256	0.956777
8740	0.967670	0.999501	0.999489	0.848791	0.956256	0.956777
8750	0.967706	0.999501	0.999489	0.848726	0.956256	0.956777
8760	0.967750	0.999501	0.999489	0.848725	0.956256	0.956777
8770	0.967804	0.999501	0.999489	0.848882	0.956256	0.956777
8780	0.967827	0.999501	0.999489	0.848918	0.956256	0.956777
8790	0.967878	0.999501	0.999489	0.849015	0.956256	0.956777
8800	0.967893	0.999501	0.999489	0.849055	0.955748	0.956223
8810	0.967902	0.999501	0.999489	0.849088	0.955748	0.956223
8820	0.967909	0.999501	0.999489	0.849114	0.955748	0.956223
8830	0.967917	0.999501	0.999489	0.849172	0.955748	0.956223
8840	0.967926	0.999501	0.999489	0.849216	0.955748	0.956223
8850	0.967934	0.999501	0.999489	0.849246	0.955748	0.956223
8860	0.967943	0.999501	0.999489	0.849265	0.955748	0.956223
8870	0.967951	0.999501	0.999489	0.849280	0.955748	0.956223
8880	0.967959	0.999501	0.999489	0.849299	0.955748	0.956223
8890	0.967970	0.999501	0.999489	0.849329	0.955748	0.956223
8900	0.967981	0.999501	0.999489	0.849370	0.955748	0.956223
8910	0.967990	0.999501	0.999489	0.849399	0.955748	0.956223
8920	0.967998	0.999501	0.999489	0.849420	0.955748	0.956223
8930	0.968004	0.999501	0.999489	0.849435	0.955748	0.956223
8940	0.968009	0.999501	0.999489	0.849445	0.955748	0.956223
8950	0.968023	0.999501	0.999489	0.849453	0.955748	0.956223
8960	0.968034	0.999501	0.999489	0.849461	0.955748	0.956223
8970	0.968045	0.999501	0.999489	0.849483	0.955748	0.956223
8980	0.968050	0.999501	0.999489	0.849494	0.955748	0.956223
8990	0.968056	0.999501	0.999489	0.849510	0.955748	0.956223
9000	0.968060	0.999501	0.999489	0.849513	0.955748	0.956223
9010	0.968072	0.999501	0.999489	0.849522	0.955748	0.956223
9020	0.968078	0.999501	0.999489	0.849532	0.955748	0.956223
9030	0.968081	0.999501	0.999489	0.849543	0.955748	0.956223
9040	0.968087	0.999501	0.999489	0.849562	0.955748	0.956223
9050	0.968094	0.999501	0.999489	0.849551	0.955748	0.956223
9060	0.968103	0.999501	0.999489	0.849540	0.955748	0.956223
9070	0.968109	0.999501	0.999489	0.849552	0.955748	0.956223
9080	0.968113	0.999501	0.999489	0.849565	0.955748	0.956223
9090	0.968118	0.999501	0.999489	0.849572	0.955748	0.956223
9100	0.968122	0.999501	0.999489	0.849581	0.955748	0.956223
9110	0.968126	0.999501	0.999489	0.849591	0.955748	0.956223
9120	0.968129	0.999501	0.999489	0.849599	0.955748	0.956223
9130	0.968132	0.999501	0.999489	0.849610	0.955748	0.956223
9140	0.968135	0.999501	0.999489	0.849621	0.955748	0.956223
9150	0.968138	0.999501	0.999489	0.849627	0.955748	0.956223
9160	0.968142	0.999501	0.999489	0.849636	0.955748	0.956223
9170	0.968150	0.999501	0.999489	0.849651	0.955748	0.956223
9180	0.968153	0.999501	0.999489	0.849658	0.955748	0.956223
9190	0.968157	0.999501	0.999489	0.849665	0.955748	0.956223
9200	0.968170	0.999501	0.999489	0.849632	0.955748	0.956223
9210	0.968176	0.999501	0.999489	0.849598	0.955748	0.956223
9220	0.968179	0.999501	0.999489	0.849606	0.955748	0.956223
9230	0.968181	0.999501	0.999489	0.849608	0.955748	0.956223
9240	0.968183	0.999501	0.999489	0.849613	0.955748	0.956223
9250	0.968188	0.999501	0.999489	0.849628	0.955748	0.956223
9260	0.968191	0.999501	0.999489	0.849631	0.955748	0.956223
9270	0.968192	0.999501	0.999489	0.849636	0.955748	0.956223
9280	0.968194	0.999501	0.999489	0.849636	0.955748	0.956223
9290	0.968196	0.999501	0.999489	0.849638	0.955748	0.956223
9300	0.968197	0.999501	0.999489	0.849643	0.955748	0.956223
9310	0.968200	0.999501	0.999489	0.849648	0.955748	0.956223
9320	0.968201	0.999501	0.999489	0.849653	0.955748	0.956223
9330	0.968207	0.999501	0.999489	0.849675	0.955748	0.956223
9340	0.968212	0.999501	0.999489	0.849686	0.955748	0.956223
9350	0.968214	0.999501	0.999489	0.849689	0.955748	0.956223
9360	0.968216	0.999501	0.999489	0.849694	0.955748	0.956223
9370	0.968220	0.999501	0.999489	0.849697	0.955748	0.956223
9380	0.968227	0.999501	0.999489	0.849681	0.955748	0.956223
9390	0.968234	0.999501	0.999489	0.849687	0.955748	0.956223
9400	0.968238	0.999501	0.999489	0.849689	0.955748	0.956223
9410	0.968245	0.999501	0.999489	0.849692	0.955748	0.956223
9420	0.968292	0.999501	0.999489	0.849728	0.955748	0.956223
9430	0.968375	0.999501	0.999489	0.849798	0.956256	0.956777
9440	0.968441	0.999501	0.999489	0.849866	0.956256	0.956777
9450	0.968524	0.999501	0.999489	0.849983	0.956256	0.956777
9460	0.968556	0.999501	0.999489	0.850025	0.956256	0.956777
9470	0.968637	0.999501	0.999489	0.850062	0.956256	0.956777
9480	0.968685	0.999501	0.999489	0.850147	0.956256	0.956777
9490	0.968770	0.999501	0.999489	0.850196	0.956256	0.956777
9500	0.968849	0.999501	0.999489	0.850254	0.956765	0.957249
9510	0.968900	0.999501	0.999489	0.850293	0.956256	0.956777
9520	0.968967	0.999501	0.999489	0.850314	0.956256	0.956777
9530	0.969019	0.999501	0.999489	0.850406	0.956256	0.956777
9540	0.969057	0.999501	0.999489	0.850446	0.956256	0.956777
9550	0.969124	0.999501	0.999489	0.850559	0.956256	0.956777
9560	0.969222	0.999501	0.999489	0.850683	0.956256	0.956777
9570	0.969263	0.999501	0.999489	0.850767	0.956256	0.956777
9580	0.969309	0.999501	0.999489	0.850792	0.956256	0.956777
9590	0.969324	0.999501	0.999489	0.850853	0.956256	0.956777
9600	0.969358	0.999501	0.999489	0.850889	0.956256	0.956777
9610	0.969417	0.999501	0.999489	0.850964	0.956256	0.956777
9620	0.969470	0.999556	0.999546	0.851032	0.956256	0.956777
9630	0.969567	0.999556	0.999546	0.851117	0.956256	0.956777
9640	0.969596	0.999556	0.999546	0.851105	0.956256	0.956777
9650	0.969640	0.999612	0.999604	0.851147	0.956256	0.956777
9660	0.969693	0.999612	0.999604	0.851209	0.956256	0.956777
9670	0.969738	0.999612	0.999604	0.851398	0.956256	0.956777
9680	0.969802	0.999612	0.999604	0.851446	0.956256	0.956777
9690	0.969858	0.999612	0.999604	0.851503	0.956765	0.957336
9700	0.969890	0.999612	0.999604	0.851586	0.956765	0.957336
9710	0.969954	0.999612	0.999604	0.851695	0.957274	0.957712
9720	0.969975	0.999612	0.999604	0.851813	0.957274	0.957798
9730	0.969998	0.999612	0.999604	0.851945	0.957782	0.958242
9740	0.970054	0.999612	0.999604	0.852009	0.957782	0.958339
9750	0.970120	0.999612	0.999604	0.851966	0.957274	0.957781
9760	0.970159	0.999612	0.999604	0.851976	0.957274	0.957781
9770	0.970218	0.999612	0.999604	0.852102	0.957782	0.958339
9780	0.970301	0.999612	0.999604	0.852158	0.957274	0.957781
9790	0.970366	0.999612	0.999604	0.852188	0.957274	0.957781
9800	0.970395	0.999612	0.999604	0.852214	0.957274	0.957781
9810	0.970418	0.999612	0.999604	0.852259	0.957274	0.957754
9820	0.970476	0.999612	0.999604	0.852274	0.957782	0.958283
9830	0.970540	0.999612	0.999604	0.852350	0.958291	0.958782
9840	0.970606	0.999612	0.999604	0.852400	0.958291	0.958782
9850	0.970657	0.999612	0.999604	0.852383	0.958291	0.958782
9860	0.970694	0.999612	0.999604	0.852448	0.958291	0.958782
9870	0.970748	0.999612	0.999604	0.852481	0.958291	0.958782
9880	0.970816	0.999612	0.999604	0.852545	0.958291	0.958782
9890	0.970878	0.999612	0.999604	0.852690	0.958291	0.958755
9900	0.970936	0.999612	0.999604	0.852715	0.958800	0.959313
9910	0.970985	0.999612	0.999604	0.852796	0.958800	0.959313
9920	0.971041	0.999612	0.999604	0.852858	0.958800	0.959313
9930	0.971101	0.999612	0.999604	0.852879	0.958800	0.959313
9940	0.971175	0.999612	0.999604	0.852880	0.958800	0.959313
9950	0.971230	0.999612	0.999604	0.852969	0.958800	0.959313
9960	0.971298	0.999612	0.999604	0.853045	0.958800	0.959313
9970	0.971347	0.999612	0.999604	0.853059	0.958800	0.959313
9980	0.971394	0.999612	0.999604	0.853117	0.958800	0.959313
9990	0.971456	0.999612	0.999604	0.853102	0.958291	0.958856
10000	0.971518	0.999612	0.999604	0.853209	0.958291	0.958856
