10	0.072679	0.395705	0.371214	0.071038	0.367863	0.354197
20	0.106369	0.602020	0.608294	0.104054	0.576554	0.585420
30	0.138269	0.675601	0.680935	0.136236	0.664982	0.674892
40	0.171135	0.712780	0.717204	0.167574	0.707428	0.715665
50	0.201908	0.728872	0.733148	0.197093	0.721577	0.728522
60	0.226353	0.742023	0.744948	0.219666	0.727640	0.732750
70	0.249160	0.753177	0.755575	0.239964	0.740273	0.743962
80	0.268718	0.767549	0.768215	0.257189	0.753916	0.756347
90	0.289699	0.783863	0.783556	0.274294	0.765538	0.766507
100	0.306673	0.791909	0.790369	0.289308	0.770086	0.770753
110	0.323157	0.798457	0.796617	0.303756	0.773623	0.774942
120	0.340962	0.807669	0.804958	0.317843	0.779181	0.780127
130	0.355077	0.814106	0.810714	0.330017	0.788277	0.787697
140	0.367129	0.820487	0.815890	0.340666	0.791309	0.790395
150	0.383768	0.826036	0.819558	0.354058	0.793835	0.790961
160	0.396040	0.830809	0.823339	0.365792	0.796867	0.792239
170	0.406466	0.834970	0.827118	0.374792	0.802425	0.797124
180	0.416667	0.838910	0.830369	0.382792	0.806468	0.800381
190	0.427133	0.843516	0.834081	0.391374	0.812026	0.805361
200	0.435063	0.846790	0.836930	0.398575	0.814553	0.807820
210	0.441954	0.849231	0.839044	0.404438	0.818595	0.811142
220	0.452460	0.853615	0.842932	0.413652	0.825164	0.818085
230	0.460150	0.856112	0.844940	0.419988	0.827185	0.819181
240	0.464659	0.858110	0.846857	0.423449	0.827691	0.819582
250	0.472280	0.861217	0.849529	0.428687	0.833249	0.824882
260	0.480923	0.865213	0.852906	0.436342	0.836786	0.827637
270	0.487723	0.866600	0.854140	0.441896	0.835776	0.827016
280	0.496515	0.870706	0.857591	0.448954	0.838807	0.829794
290	0.503672	0.872593	0.859401	0.454623	0.844366	0.834671
300	0.513014	0.875257	0.861679	0.463323	0.848408	0.837302
310	0.520549	0.877698	0.863766	0.469182	0.850430	0.839305
320	0.526150	0.879086	0.864903	0.472609	0.848914	0.837630
330	0.531605	0.881749	0.867288	0.476687	0.848914	0.837458
340	0.537936	0.884912	0.870257	0.481791	0.850935	0.839041
350	0.543384	0.886521	0.871697	0.485812	0.851440	0.839210
360	0.546500	0.887909	0.872997	0.488029	0.852451	0.840057
370	0.552035	0.890517	0.875340	0.491866	0.850935	0.838961
380	0.559367	0.892514	0.877115	0.498367	0.853461	0.840973
390	0.564308	0.894734	0.879295	0.502244	0.853461	0.840874
400	0.567138	0.895067	0.879626	0.503977	0.854472	0.842019
410	0.573025	0.897231	0.882080	0.508829	0.856493	0.844476
420	0.578104	0.898951	0.883479	0.512986	0.859525	0.847042
430	0.583525	0.900394	0.884835	0.517413	0.860536	0.848248
440	0.590302	0.902558	0.886697	0.522776	0.863062	0.850382
450	0.594023	0.903723	0.887798	0.526267	0.864578	0.851318
460	0.596517	0.904500	0.888583	0.528275	0.868115	0.854695
470	0.598524	0.905111	0.889191	0.530074	0.868621	0.855209
480	0.601631	0.906442	0.890396	0.532859	0.866599	0.853222
490	0.604838	0.907996	0.891907	0.535415	0.867610	0.854080
500	0.609064	0.909550	0.893233	0.539086	0.868621	0.854718
510	0.612612	0.910049	0.893592	0.541660	0.869126	0.855011
520	0.615355	0.911215	0.894713	0.543684	0.869126	0.855037
530	0.618460	0.912158	0.895366	0.546465	0.871147	0.856520
540	0.621459	0.912713	0.895996	0.548540	0.872158	0.857751
550	0.624665	0.914378	0.897557	0.550353	0.873168	0.858560
560	0.627690	0.915044	0.898239	0.552616	0.873674	0.859131
570	0.631245	0.916153	0.899222	0.555120	0.874684	0.860364
580	0.635075	0.917041	0.899887	0.558665	0.876200	0.861964
590	0.638450	0.918096	0.900780	0.561737	0.878221	0.864035
600	0.640849	0.918650	0.901356	0.563518	0.878727	0.863807
610	0.643419	0.919816	0.902413	0.565218	0.881253	0.866288
620	0.646369	0.920482	0.902872	0.567635	0.883274	0.867536
630	0.651208	0.921480	0.903796	0.571629	0.881758	0.865775
640	0.653778	0.921758	0.904058	0.573771	0.882264	0.866265
650	0.656068	0.922257	0.904589	0.575557	0.884790	0.868546
660	0.658723	0.922812	0.905102	0.577942	0.885801	0.869458
670	0.660417	0.923534	0.905753	0.579142	0.884790	0.868542
680	0.662812	0.923867	0.906102	0.580699	0.884285	0.868063
690	0.665166	0.924144	0.906296	0.582164	0.883780	0.867586
700	0.667819	0.925476	0.907631	0.583862	0.882769	0.867112
710	0.670089	0.926197	0.908278	0.585684	0.882769	0.866881
720	0.673012	0.927085	0.909056	0.587562	0.884285	0.868049
730	0.676712	0.928417	0.910378	0.591639	0.885296	0.868882
740	0.678980	0.928972	0.910851	0.593301	0.885801	0.869221
750	0.680990	0.929915	0.911768	0.595257	0.886812	0.870267
760	0.683639	0.930581	0.912378	0.597826	0.887317	0.870734
770	0.686247	0.931358	0.913107	0.600575	0.887317	0.870741
780	0.688695	0.932190	0.913931	0.601962	0.889338	0.872745
790	0.690587	0.932412	0.914124	0.603327	0.889843	0.872932
800	0.691916	0.932856	0.914543	0.605135	0.890349	0.873579
810	0.693421	0.933078	0.914725	0.606274	0.889843	0.873062
820	0.695401	0.933522	0.915183	0.608025	0.892370	0.875448
830	0.697814	0.933966	0.915608	0.609716	0.890349	0.873822
840	0.700149	0.934576	0.916192	0.611292	0.891865	0.875166
850	0.702057	0.935298	0.916920	0.613641	0.893380	0.876662
860	0.703518	0.935298	0.916834	0.614623	0.894391	0.877460
870	0.705604	0.935853	0.917375	0.615863	0.894896	0.877981
880	0.706736	0.935853	0.917396	0.616663	0.896412	0.879513
890	0.709161	0.936740	0.918225	0.618007	0.896918	0.880081
900	0.711065	0.937517	0.918982	0.619772	0.896918	0.880004
910	0.712426	0.938183	0.919571	0.620990	0.895402	0.878472
920	0.714137	0.938405	0.919777	0.622401	0.897423	0.880247
930	0.716243	0.938516	0.919876	0.624062	0.898434	0.881402
940	0.717855	0.939127	0.920489	0.625646	0.897928	0.880766
950	0.718670	0.939349	0.920724	0.626034	0.898434	0.881170
960	0.721306	0.940292	0.921642	0.627932	0.897928	0.880905
970	0.723055	0.940791	0.922076	0.629435	0.899444	0.882318
980	0.724827	0.941124	0.922393	0.631494	0.900455	0.883197
990	0.725790	0.941513	0.922759	0.632639	0.900960	0.883749
1000	0.727337	0.942123	0.923302	0.633885	0.901971	0.884754
1010	0.728905	0.942345	0.923519	0.634954	0.901971	0.884648
1020	0.730308	0.942401	0.923521	0.635997	0.902476	0.885073
1030	0.731659	0.942622	0.923726	0.637516	0.903487	0.886120
1040	0.733246	0.943399	0.924463	0.639000	0.904497	0.887117
1050	0.734695	0.943899	0.924931	0.640238	0.902476	0.885164
1060	0.736196	0.944232	0.925216	0.641384	0.902476	0.885007
1070	0.737292	0.944232	0.925250	0.642308	0.903487	0.886077
1080	0.738272	0.944509	0.925527	0.643103	0.903487	0.886034
1090	0.739509	0.944676	0.925660	0.643811	0.903992	0.886308
1100	0.740561	0.944842	0.925825	0.644807	0.903992	0.886333
1110	0.741516	0.945064	0.926034	0.645465	0.903487	0.886005
1120	0.742602	0.945453	0.926419	0.646246	0.904497	0.887002
1130	0.743816	0.945785	0.926749	0.647385	0.904497	0.886828
1140	0.745100	0.946063	0.926994	0.648420	0.905003	0.887355
1150	0.746103	0.946340	0.927276	0.648914	0.903992	0.886180
1160	0.746911	0.946396	0.927296	0.649651	0.903992	0.886195
1170	0.747750	0.946618	0.927527	0.650625	0.903487	0.885681
1180	0.748959	0.946895	0.927790	0.651817	0.903487	0.885489
1190	0.749961	0.947617	0.928545	0.652506	0.902476	0.884464
1200	0.750938	0.947839	0.928744	0.653287	0.903487	0.885608
1210	0.752313	0.948172	0.929065	0.654477	0.904497	0.886529
1220	0.753279	0.948394	0.929228	0.654862	0.903487	0.885756
1230	0.753814	0.948505	0.929321	0.655253	0.902981	0.885317
1240	0.754758	0.948726	0.929557	0.655998	0.903992	0.886132
1250	0.756948	0.949170	0.929991	0.657555	0.905003	0.887142
1260	0.758226	0.949503	0.930273	0.658721	0.906518	0.888576
1270	0.759155	0.949559	0.930343	0.659560	0.905508	0.887548
1280	0.760094	0.949670	0.930475	0.660623	0.907024	0.888996
1290	0.760917	0.950169	0.930937	0.661148	0.907024	0.888904
1300	0.761806	0.950280	0.931028	0.661818	0.906518	0.888371
1310	0.762613	0.950280	0.931003	0.662633	0.906518	0.888399
1320	0.763402	0.950502	0.931232	0.663397	0.906518	0.888474
1330	0.764252	0.950613	0.931368	0.664195	0.907024	0.888911
1340	0.765263	0.950835	0.931661	0.665111	0.907529	0.889353
1350	0.766173	0.951002	0.931724	0.665834	0.907529	0.889643
1360	0.767184	0.951224	0.931899	0.666626	0.907529	0.889394
1370	0.767945	0.951279	0.931973	0.667262	0.907529	0.889596
1380	0.768991	0.951390	0.932057	0.668173	0.907024	0.889153
1390	0.769955	0.951612	0.932307	0.669504	0.907024	0.889132
1400	0.770679	0.951667	0.932381	0.670052	0.907529	0.889713
1410	0.771806	0.951778	0.932651	0.671080	0.907024	0.889022
1420	0.772740	0.951834	0.932563	0.671985	0.908034	0.890053
1430	0.773465	0.951778	0.932686	0.672631	0.908540	0.890787
1440	0.774123	0.952500	0.952699	0.673177	0.910056	0.911656
1450	0.774724	0.952999	0.953211	0.673667	0.907529	0.909421
1460	0.775412	0.954830	0.954973	0.674299	0.910056	0.911847
1470	0.776210	0.957050	0.957158	0.675012	0.911572	0.913246
1480	0.777831	0.960324	0.960398	0.676238	0.914098	0.915510
1490	0.778796	0.960546	0.960646	0.677323	0.914603	0.915934
1500	0.779936	0.961656	0.961703	0.678495	0.915109	0.916432
1510	0.781122	0.962710	0.962738	0.679528	0.916119	0.917306
1520	0.782153	0.963376	0.963410	0.680458	0.917130	0.918365
1530	0.784734	0.966206	0.966201	0.682846	0.920162	0.921255
1540	0.785946	0.967538	0.967538	0.684104	0.921172	0.922201
1550	0.787004	0.967649	0.967651	0.685098	0.921678	0.922715
1560	0.787928	0.968037	0.968018	0.685895	0.922183	0.923239
1570	0.789108	0.968481	0.968462	0.686828	0.922688	0.923687
1580	0.790026	0.968814	0.968813	0.687618	0.922183	0.923163
1590	0.792565	0.969702	0.969682	0.689930	0.925215	0.926041
1600	0.793755	0.970257	0.970235	0.690991	0.925215	0.925899
1610	0.795038	0.970590	0.970578	0.692061	0.926225	0.926922
1620	0.796478	0.971311	0.971276	0.693247	0.925720	0.926313
1630	0.797248	0.971755	0.971714	0.693823	0.925215	0.925826
1640	0.797945	0.971811	0.971770	0.694447	0.926225	0.926925
1650	0.798673	0.971922	0.971866	0.695201	0.927236	0.927878
1660	0.799707	0.972033	0.971978	0.696153	0.927741	0.928324
1670	0.800542	0.972144	0.972077	0.696815	0.927236	0.927768
1680	0.801348	0.972199	0.972138	0.697591	0.927741	0.928291
1690	0.803117	0.972865	0.972792	0.699237	0.927741	0.928291
1700	0.804050	0.973364	0.973300	0.700208	0.928752	0.929284
1710	0.804663	0.973364	0.973304	0.700830	0.927741	0.928414
1720	0.805634	0.973697	0.973628	0.701636	0.927741	0.928550
1730	0.806674	0.973975	0.973901	0.702523	0.927236	0.928124
1740	0.807218	0.974086	0.974009	0.702982	0.928752	0.929496
1750	0.807713	0.974363	0.974292	0.703422	0.928247	0.929088
1760	0.808750	0.974419	0.974343	0.704339	0.929763	0.930560
1770	0.810019	0.975196	0.975116	0.705528	0.930268	0.931010
1780	0.810891	0.975751	0.975660	0.706447	0.931278	0.931974
1790	0.811432	0.976361	0.976278	0.706928	0.931278	0.932046
1800	0.812220	0.976583	0.976498	0.707525	0.931278	0.932046
1810	0.812661	0.976694	0.976609	0.707834	0.932289	0.933017
1820	0.813564	0.976916	0.976836	0.708612	0.932289	0.933017
1830	0.815441	0.977249	0.977168	0.710178	0.933300	0.933986
1840	0.816548	0.977526	0.977440	0.711127	0.933805	0.934448
1850	0.817478	0.977748	0.977658	0.711854	0.933300	0.933957
1860	0.818265	0.977970	0.977877	0.712518	0.933805	0.934391
1870	0.819043	0.978192	0.978105	0.713174	0.934310	0.934769
1880	0.819852	0.978470	0.978376	0.713916	0.934310	0.934745
1890	0.820482	0.978747	0.978657	0.714515	0.935826	0.936204
1900	0.821324	0.978747	0.978657	0.715214	0.935321	0.935763
1910	0.822213	0.978858	0.978765	0.716116	0.935321	0.935829
1920	0.822942	0.978858	0.978764	0.716826	0.934310	0.934830
1930	0.823464	0.978913	0.978824	0.717171	0.934310	0.934830
1940	0.823997	0.979024	0.978934	0.717636	0.934310	0.934760
1950	0.824523	0.979024	0.978933	0.718175	0.935826	0.936300
1960	0.825264	0.979135	0.979049	0.718882	0.934310	0.934830
1970	0.825816	0.979191	0.979102	0.719349	0.934816	0.935249
1980	0.827017	0.979357	0.979266	0.720527	0.935321	0.935831
1990	0.827754	0.979524	0.979429	0.721165	0.935826	0.936272
2000	0.828596	0.979690	0.979602	0.721904	0.936331	0.936653
2010	0.828964	0.979801	0.979716	0.722144	0.936837	0.937266
2020	0.829519	0.980023	0.979929	0.722705	0.937342	0.937762
2030	0.829826	0.979968	0.979878	0.723005	0.937342	0.937762
2040	0.830565	0.980023	0.979932	0.723568	0.936331	0.936705
2050	0.830981	0.980134	0.980044	0.723970	0.937847	0.938222
2060	0.831354	0.980301	0.980209	0.724336	0.937847	0.938230
2070	0.831995	0.980245	0.980152	0.724918	0.937847	0.938222
2080	0.832299	0.980356	0.980265	0.725152	0.938858	0.939216
2090	0.832830	0.980578	0.980488	0.725661	0.938858	0.939216
2100	0.833593	0.980856	0.980766	0.726302	0.938858	0.939266
2110	0.834409	0.980856	0.980768	0.727024	0.938858	0.939224
2120	0.835041	0.981078	0.980988	0.727523	0.938858	0.939347
2130	0.835676	0.981244	0.981143	0.728015	0.938353	0.938816
2140	0.836169	0.981300	0.981197	0.728417	0.938353	0.938788
2150	0.836477	0.981300	0.981196	0.728614	0.938353	0.938788
2160	0.836934	0.981300	0.981199	0.728928	0.938353	0.938788
2170	0.837560	0.981355	0.981255	0.729566	0.937847	0.938271
2180	0.838072	0.981411	0.981309	0.729929	0.937847	0.938271
2190	0.838671	0.981466	0.981360	0.730495	0.937847	0.938271
2200	0.839153	0.981688	0.981585	0.730697	0.937847	0.938271
2210	0.839601	0.981855	0.981757	0.730942	0.938858	0.939326
2220	0.840014	0.981910	0.981814	0.731357	0.938858	0.939298
2230	0.840403	0.981910	0.981811	0.731740	0.938858	0.939359
2240	0.840851	0.982076	0.981979	0.732115	0.938858	0.939359
2250	0.841488	0.982298	0.982207	0.732555	0.938858	0.939319
2260	0.842337	0.982465	0.982368	0.733183	0.938858	0.939319
2270	0.843005	0.982631	0.982532	0.733628	0.938858	0.939319
2280	0.843579	0.982631	0.982528	0.734121	0.938858	0.939319
2290	0.844130	0.982742	0.982641	0.734585	0.939363	0.939809
2300	0.844740	0.982687	0.982589	0.735081	0.938858	0.939319
2310	0.845530	0.982853	0.982754	0.735739	0.939869	0.940285
2320	0.846132	0.983020	0.982916	0.736348	0.940374	0.940782
2330	0.846685	0.983131	0.983031	0.736874	0.939869	0.940285
2340	0.847158	0.983353	0.983251	0.737264	0.939869	0.940285
2350	0.847412	0.983408	0.983305	0.737443	0.939869	0.940338
2360	0.848083	0.983630	0.983526	0.738074	0.939869	0.940338
2370	0.848515	0.983575	0.983468	0.738504	0.939869	0.940387
2380	0.849006	0.983797	0.983687	0.738923	0.939869	0.940387
2390	0.849336	0.983852	0.983744	0.739012	0.939363	0.939941
2400	0.849578	0.983852	0.983744	0.739144	0.939363	0.939941
2410	0.850051	0.983797	0.983691	0.739531	0.939869	0.940407
2420	0.850491	0.983852	0.983747	0.739949	0.939363	0.939941
2430	0.850913	0.983963	0.983859	0.740300	0.939363	0.939941
2440	0.851310	0.984019	0.983914	0.740671	0.939363	0.939941
2450	0.851701	0.984074	0.983966	0.740970	0.939869	0.940330
2460	0.852135	0.984074	0.983968	0.741357	0.940374	0.940874
2470	0.852516	0.984130	0.984027	0.741846	0.940879	0.941425
2480	0.852985	0.984185	0.984080	0.742188	0.940879	0.941401
2490	0.853461	0.984296	0.984188	0.742571	0.941385	0.941829
2500	0.853912	0.984296	0.984188	0.743057	0.941385	0.941891
2510	0.854691	0.984407	0.984301	0.743688	0.941385	0.941847
2520	0.854974	0.984518	0.984404	0.743933	0.941385	0.941803
2530	0.855332	0.984629	0.984519	0.744297	0.941385	0.941803
2540	0.855668	0.984574	0.984464	0.744541	0.941890	0.942274
2550	0.856006	0.984629	0.984520	0.744863	0.942395	0.942720
2560	0.856668	0.984629	0.984514	0.745457	0.942395	0.942720
2570	0.857111	0.984685	0.984567	0.745819	0.942395	0.942720
2580	0.857502	0.984796	0.984680	0.746527	0.942900	0.943139
2590	0.857974	0.984851	0.984730	0.746929	0.942395	0.942664
2600	0.858570	0.984906	0.984780	0.747484	0.942900	0.943157
2610	0.858926	0.985017	0.984890	0.747812	0.943406	0.943652
2620	0.859423	0.985128	0.985000	0.748247	0.944416	0.944690
2630	0.859942	0.984962	0.984836	0.748739	0.943911	0.944270
2640	0.860120	0.985239	0.985117	0.748721	0.943911	0.944270
2650	0.860578	0.985350	0.985227	0.749272	0.943911	0.944270
2660	0.861203	0.985461	0.985341	0.749856	0.944416	0.944698
2670	0.861570	0.985517	0.985396	0.750220	0.944416	0.944698
2680	0.861983	0.985628	0.985509	0.750565	0.944416	0.944831
2690	0.862366	0.985683	0.985566	0.750851	0.943911	0.944409
2700	0.862663	0.985683	0.985565	0.751100	0.943911	0.944409
2710	0.863091	0.985850	0.985732	0.751460	0.943911	0.944409
2720	0.863689	0.985850	0.985728	0.751998	0.943911	0.944372
2730	0.864121	0.986016	0.985897	0.752324	0.943911	0.944366
2740	0.864452	0.986016	0.985896	0.752596	0.943911	0.944366
2750	0.864713	0.986072	0.985948	0.752841	0.943911	0.944366
2760	0.864855	0.986127	0.986001	0.752911	0.943406	0.943877
2770	0.865625	0.986294	0.986166	0.753506	0.943911	0.944366
2780	0.866057	0.986349	0.986223	0.753849	0.943911	0.944366
2790	0.866368	0.986349	0.986225	0.754154	0.943911	0.944366
2800	0.866699	0.986349	0.986226	0.754558	0.944416	0.944882
2810	0.867030	0.986349	0.986230	0.754838	0.943911	0.944402
2820	0.867405	0.986405	0.986288	0.755051	0.944922	0.945408
2830	0.867604	0.986405	0.986284	0.755127	0.944416	0.944855
2840	0.867807	0.986405	0.986285	0.755282	0.943911	0.944369
2850	0.868114	0.986349	0.986229	0.755513	0.943911	0.944406
2860	0.868654	0.986460	0.986339	0.756048	0.944416	0.944922
2870	0.869053	0.986516	0.986394	0.756407	0.944416	0.944885
2880	0.869358	0.986627	0.986507	0.756473	0.944922	0.945200
2890	0.869700	0.986627	0.986507	0.756667	0.944416	0.944779
2900	0.869988	0.986627	0.986510	0.756803	0.944416	0.944778
2910	0.870415	0.986682	0.986564	0.757173	0.944922	0.945264
2920	0.870914	0.986793	0.986678	0.757576	0.944416	0.944779
2930	0.871199	0.986849	0.986730	0.757671	0.944922	0.945265
2940	0.871471	0.986849	0.986729	0.757978	0.943911	0.944299
2950	0.871963	0.986849	0.986728	0.758293	0.943911	0.944299
2960	0.872378	0.986849	0.986725	0.758539	0.943911	0.944299
2970	0.872827	0.986849	0.986727	0.758961	0.943911	0.944405
2980	0.873186	0.986904	0.986783	0.759381	0.943406	0.943876
2990	0.873445	0.986904	0.986781	0.759621	0.943911	0.944369
3000	0.874016	0.986904	0.986782	0.760135	0.943911	0.944405
3010	0.874198	0.987015	0.986893	0.760217	0.944416	0.944885
3020	0.874502	0.987126	0.987002	0.760382	0.943911	0.944443
3030	0.874921	0.987126	0.987000	0.760512	0.943406	0.943770
3040	0.875500	0.987293	0.987165	0.761058	0.944416	0.944779
3050	0.875956	0.987348	0.987223	0.761274	0.944922	0.945285
3060	0.876209	0.987237	0.987113	0.761335	0.945427	0.945770
3070	0.876799	0.987459	0.987328	0.761897	0.945427	0.945770
3080	0.876955	0.987459	0.987332	0.762082	0.945932	0.946279
3090	0.877117	0.987515	0.987389	0.762276	0.946438	0.946767
3100	0.877346	0.987570	0.987443	0.762390	0.947448	0.947706
3110	0.877709	0.987570	0.987444	0.762623	0.945932	0.946325
3120	0.878216	0.987626	0.987494	0.763055	0.946943	0.947212
3130	0.878343	0.987570	0.987439	0.763165	0.946438	0.946772
3140	0.878426	0.987515	0.987386	0.763211	0.946438	0.946772
3150	0.878863	0.987626	0.987502	0.763509	0.946438	0.946798
3160	0.879186	0.987681	0.987556	0.763583	0.945932	0.946269
3170	0.879550	0.987903	0.987777	0.763943	0.945427	0.945809
3180	0.879947	0.987903	0.987775	0.764156	0.945427	0.945769
3190	0.880405	0.988069	0.987937	0.764677	0.945932	0.946269
3200	0.880919	0.988069	0.987939	0.765193	0.945932	0.946269
3210	0.881101	0.988180	0.988047	0.765327	0.945932	0.946269
3220	0.881449	0.988180	0.988047	0.765613	0.945932	0.946269
3230	0.881675	0.988236	0.988102	0.765837	0.945932	0.946269
3240	0.882169	0.988236	0.988107	0.766256	0.946438	0.946747
3250	0.882419	0.988347	0.988223	0.766348	0.945932	0.946215
3260	0.882627	0.988402	0.988278	0.766503	0.945932	0.946215
3270	0.883075	0.988513	0.988386	0.766900	0.945932	0.946110
3280	0.883325	0.988513	0.988386	0.767015	0.945932	0.946110
3290	0.883645	0.988624	0.988500	0.767286	0.945932	0.946110
3300	0.883838	0.988569	0.988446	0.767511	0.945932	0.946076
3310	0.884164	0.988569	0.988444	0.767697	0.945932	0.946076
3320	0.884432	0.988680	0.988557	0.767921	0.945932	0.946076
3330	0.884817	0.988624	0.988496	0.768380	0.945427	0.945625
3340	0.885129	0.988680	0.988555	0.768584	0.945427	0.945625
3350	0.885464	0.988624	0.988496	0.768736	0.945427	0.945619
3360	0.885830	0.988846	0.988717	0.769003	0.945427	0.945619
3370	0.886198	0.988846	0.988719	0.769311	0.945932	0.946079
3380	0.886603	0.988957	0.988832	0.769561	0.945932	0.946079
3390	0.886895	0.989013	0.988887	0.769810	0.945932	0.946113
3400	0.887242	0.989124	0.988999	0.770006	0.945932	0.946113
3410	0.887486	0.989290	0.989169	0.770191	0.945427	0.945670
3420	0.887680	0.989346	0.989224	0.770337	0.945427	0.945678
3430	0.887959	0.989401	0.989279	0.770579	0.945427	0.945678
3440	0.888183	0.989457	0.989337	0.770731	0.945427	0.945670
3450	0.888384	0.989457	0.989338	0.770936	0.945427	0.945670
3460	0.888632	0.989512	0.989393	0.771232	0.945427	0.945670
3470	0.888810	0.989568	0.989449	0.771376	0.945427	0.945670
3480	0.889173	0.989512	0.989393	0.771662	0.945932	0.946164
3490	0.889344	0.989568	0.989447	0.771837	0.945932	0.946173
3500	0.889566	0.989568	0.989448	0.772096	0.946438	0.946786
3510	0.889935	0.989679	0.989560	0.772407	0.946438	0.946786
3520	0.890098	0.989845	0.989725	0.772469	0.946438	0.946786
3530	0.890383	0.989901	0.989778	0.772704	0.946943	0.947223
3540	0.890694	0.990012	0.989891	0.772870	0.946943	0.947215
3550	0.891058	0.989901	0.989782	0.773119	0.946943	0.947215
3560	0.891403	0.990067	0.989948	0.773329	0.946438	0.946680
3570	0.891716	0.990289	0.990177	0.773630	0.946438	0.946680
3580	0.892175	0.990400	0.990287	0.774003	0.946438	0.946680
3590	0.892402	0.990234	0.990117	0.774152	0.946438	0.946680
3600	0.892797	0.990400	0.990287	0.774654	0.946943	0.947215
3610	0.893026	0.990511	0.990402	0.774831	0.946943	0.947215
3620	0.893266	0.990567	0.990454	0.775057	0.947448	0.947749
3630	0.893557	0.990678	0.990568	0.775349	0.947954	0.948225
3640	0.893845	0.990678	0.990561	0.775522	0.947448	0.947728
3650	0.894156	0.990733	0.990624	0.775866	0.947448	0.947728
3660	0.894491	0.990733	0.990622	0.776050	0.947448	0.947693
3670	0.894981	0.990789	0.990678	0.776418	0.947448	0.947693
3680	0.895283	0.990900	0.990789	0.776581	0.947954	0.948207
3690	0.895621	0.990955	0.990845	0.776786	0.948459	0.948689
3700	0.895891	0.990955	0.990844	0.776988	0.948459	0.948689
3710	0.896201	0.991066	0.990953	0.777248	0.948459	0.948689
3720	0.896395	0.991066	0.990959	0.777411	0.948459	0.948689
3730	0.896839	0.990955	0.990844	0.777874	0.948459	0.948689
3740	0.897276	0.991066	0.990955	0.778238	0.948459	0.948689
3750	0.897634	0.991066	0.990956	0.778422	0.948459	0.948689
3760	0.897907	0.991010	0.990902	0.778821	0.947954	0.948175
3770	0.898225	0.991066	0.990959	0.779023	0.948459	0.948656
3780	0.898505	0.991066	0.990953	0.779156	0.947448	0.947530
3790	0.898896	0.991177	0.991063	0.779387	0.947448	0.947530
3800	0.899249	0.991232	0.991119	0.779699	0.948459	0.948614
3810	0.899717	0.991232	0.991122	0.780316	0.948459	0.948656
3820	0.900071	0.991399	0.991287	0.780624	0.948459	0.948529
3830	0.900277	0.991454	0.991341	0.780749	0.948964	0.949067
3840	0.900600	0.991621	0.991509	0.780985	0.948964	0.949126
3850	0.900863	0.991565	0.991453	0.781209	0.948459	0.948597
3860	0.901064	0.991565	0.991453	0.781346	0.948459	0.948597
3870	0.901289	0.991510	0.991397	0.781601	0.947954	0.948114
3880	0.901513	0.991565	0.991452	0.781828	0.948459	0.948585
3890	0.901837	0.991565	0.991454	0.782212	0.947954	0.948114
3900	0.902076	0.991565	0.991453	0.782416	0.947954	0.948114
3910	0.902346	0.991565	0.991456	0.782616	0.948459	0.948635
3920	0.902627	0.991565	0.991455	0.782868	0.948964	0.949106
3930	0.902803	0.991510	0.991400	0.783025	0.948964	0.949106
3940	0.903046	0.991621	0.991509	0.783179	0.948964	0.949106
3950	0.903516	0.991787	0.991677	0.783470	0.948459	0.948509
3960	0.903853	0.991676	0.991567	0.783853	0.948459	0.948509
3970	0.904056	0.991621	0.991512	0.784032	0.948459	0.948509
3980	0.904510	0.991732	0.991622	0.784167	0.948459	0.948509
3990	0.904862	0.991843	0.991734	0.784560	0.947954	0.948027
4000	0.905257	0.992065	0.991953	0.784834	0.947954	0.947988
4010	0.905598	0.992009	0.991896	0.785220	0.948459	0.948502
4020	0.905819	0.992120	0.992008	0.785497	0.948459	0.948502
4030	0.905905	0.992120	0.992008	0.785560	0.948459	0.948502
4040	0.905946	0.992120	0.992008	0.785609	0.948459	0.948502
4050	0.906027	0.992176	0.992064	0.785662	0.948459	0.948502
4060	0.906082	0.992176	0.992064	0.785794	0.948459	0.948541
4070	0.906410	0.992176	0.992065	0.785982	0.948964	0.949084
4080	0.906642	0.992231	0.992119	0.786234	0.948964	0.949084
4090	0.906895	0.992231	0.992119	0.786539	0.949469	0.949657
4100	0.907144	0.992287	0.992173	0.786741	0.948964	0.949084
4110	0.907406	0.992231	0.992111	0.786936	0.948459	0.948647
4120	0.907511	0.992231	0.992111	0.787066	0.948459	0.948647
4130	0.907709	0.992231	0.992113	0.787162	0.948459	0.948647
4140	0.907929	0.992287	0.992170	0.787281	0.948459	0.948647
4150	0.908137	0.992287	0.992170	0.787462	0.948459	0.948647
4160	0.908269	0.992231	0.992113	0.787582	0.948459	0.948647
4170	0.908563	0.992287	0.992170	0.787890	0.948459	0.948647
4180	0.908794	0.992287	0.992170	0.788099	0.948459	0.948647
4190	0.909059	0.992287	0.992170	0.788387	0.948459	0.948647
4200	0.909237	0.992342	0.992226	0.788669	0.948459	0.948647
4210	0.909481	0.992342	0.992229	0.788982	0.948459	0.948647
4220	0.909744	0.992398	0.992285	0.789187	0.948459	0.948647
4230	0.909881	0.992453	0.992343	0.789401	0.948459	0.948647
4240	0.910175	0.992453	0.992343	0.789710	0.948459	0.948647
4250	0.910536	0.992453	0.992344	0.790119	0.948459	0.948647
4260	0.910727	0.992509	0.992399	0.790285	0.948459	0.948647
4270	0.911025	0.992675	0.992570	0.790581	0.948459	0.948647
4280	0.911229	0.992675	0.992570	0.790850	0.948459	0.948647
4290	0.911554	0.992731	0.992628	0.790981	0.948459	0.948647
4300	0.911842	0.992731	0.992629	0.791319	0.948459	0.948647
4310	0.912121	0.992731	0.992626	0.791657	0.948964	0.949084
4320	0.912360	0.992731	0.992629	0.791848	0.948459	0.948647
4330	0.912544	0.992731	0.992629	0.791998	0.948459	0.948647
4340	0.912765	0.992897	0.992797	0.792114	0.948459	0.948647
4350	0.912992	0.992953	0.992850	0.792402	0.948459	0.948686
4360	0.913229	0.993008	0.992904	0.792621	0.948459	0.948686
4370	0.913435	0.993008	0.992904	0.792795	0.948459	0.948686
4380	0.913589	0.993064	0.992961	0.792748	0.948459	0.948686
4390	0.913786	0.993064	0.992960	0.792991	0.948964	0.949251
4400	0.914130	0.993175	0.993073	0.793199	0.949469	0.949688
4410	0.914375	0.993175	0.993072	0.793502	0.949469	0.949688
4420	0.914588	0.993230	0.993130	0.793695	0.949469	0.949688
4430	0.914766	0.993230	0.993130	0.793863	0.949469	0.949688
4440	0.914926	0.993230	0.993134	0.793907	0.949469	0.949688
4450	0.915068	0.993230	0.993133	0.794020	0.949469	0.949657
4460	0.915284	0.993230	0.993129	0.794226	0.949469	0.949721
4470	0.915454	0.993230	0.993131	0.794384	0.948964	0.949251
4480	0.915614	0.993230	0.993131	0.794484	0.948964	0.949251
4490	0.915732	0.993230	0.993131	0.794613	0.949469	0.949693
4500	0.916006	0.993230	0.993131	0.794816	0.949469	0.949693
4510	0.916118	0.993230	0.993131	0.794927	0.949469	0.949693
4520	0.916274	0.993230	0.993130	0.795029	0.949469	0.949642
4530	0.916627	0.993286	0.993184	0.795356	0.949975	0.950224
4540	0.916793	0.993341	0.993238	0.795553	0.949975	0.950224
4550	0.916938	0.993341	0.993239	0.795631	0.949469	0.949732
4560	0.917319	0.993341	0.993237	0.796041	0.949469	0.949732
4570	0.917581	0.993397	0.993292	0.796164	0.949975	0.950205
4580	0.917839	0.993452	0.993348	0.796438	0.950480	0.950759
4590	0.918017	0.993452	0.993348	0.796612	0.950480	0.950759
4600	0.918258	0.993508	0.993407	0.796801	0.950985	0.951232
4610	0.918592	0.993508	0.993405	0.797079	0.950985	0.951232
4620	0.918754	0.993563	0.993462	0.797123	0.951491	0.951671
4630	0.918909	0.993563	0.993461	0.797370	0.951491	0.951671
4640	0.919238	0.993508	0.993404	0.797728	0.951996	0.952106
4650	0.919435	0.993563	0.993462	0.797900	0.953007	0.953059
4660	0.919621	0.993730	0.993630	0.798183	0.953007	0.953059
4670	0.919886	0.993674	0.993575	0.798376	0.953007	0.953059
4680	0.920013	0.993674	0.993575	0.798509	0.953007	0.953059
4690	0.920292	0.993730	0.993632	0.798730	0.953007	0.953059
4700	0.920546	0.993841	0.993743	0.798987	0.953007	0.953059
4710	0.920724	0.993785	0.993687	0.799168	0.953007	0.953059
4720	0.920931	0.993841	0.993743	0.799171	0.953007	0.953059
4730	0.920991	0.993841	0.993743	0.799198	0.953007	0.953059
4740	0.921142	0.993785	0.993683	0.799459	0.953007	0.953059
4750	0.921333	0.993785	0.993685	0.799653	0.953007	0.953059
4760	0.921539	0.993841	0.993742	0.799835	0.953007	0.953096
4770	0.921808	0.993841	0.993742	0.800074	0.953007	0.953096
4780	0.922034	0.993952	0.993855	0.800357	0.952501	0.952635
4790	0.922320	0.993952	0.993853	0.800561	0.952501	0.952635
4800	0.922637	0.994062	0.993965	0.800762	0.952501	0.952635
4810	0.922838	0.994173	0.994079	0.800993	0.952501	0.952635
4820	0.922954	0.994229	0.994134	0.801050	0.952501	0.952635
4830	0.923115	0.994340	0.994248	0.801212	0.952501	0.952635
4840	0.923368	0.994340	0.994248	0.801506	0.952501	0.952635
4850	0.923464	0.994340	0.994248	0.801527	0.952501	0.952635
4860	0.923576	0.994340	0.994248	0.801544	0.952501	0.952635
4870	0.923801	0.994340	0.994248	0.801838	0.952501	0.952635
4880	0.924069	0.994340	0.994245	0.802068	0.952501	0.952635
4890	0.924227	0.994506	0.994413	0.802232	0.952501	0.952635
4900	0.924418	0.994506	0.994413	0.802382	0.952501	0.952635
4910	0.924632	0.994506	0.994413	0.802490	0.951996	0.952143
4920	0.924810	0.994562	0.994470	0.802591	0.951996	0.952143
4930	0.924869	0.994506	0.994413	0.802662	0.951996	0.952143
4940	0.924989	0.994506	0.994413	0.802770	0.951996	0.952106
4950	0.925206	0.994562	0.994470	0.802924	0.951996	0.952106
4960	0.925353	0.994728	0.994640	0.802989	0.951996	0.952106
4970	0.925566	0.994673	0.994585	0.803205	0.951996	0.952106
4980	0.925699	0.994673	0.994583	0.803336	0.951491	0.951565
4990	0.926023	0.994673	0.994585	0.803625	0.951491	0.951615
5000	0.926184	0.994673	0.994583	0.803824	0.951996	0.952107
5010	0.926306	0.994673	0.994583	0.803961	0.951996	0.952107
5020	0.926556	0.994784	0.994697	0.804105	0.951996	0.952107
5030	0.926810	0.994728	0.994639	0.804305	0.952501	0.952600
5040	0.926984	0.994784	0.994697	0.804359	0.952501	0.952533
5050	0.927329	0.994784	0.994696	0.804655	0.952501	0.952533
5060	0.927733	0.994839	0.994755	0.805045	0.953512	0.953552
5070	0.927838	0.994839	0.994753	0.805006	0.953007	0.953078
5080	0.927936	0.994839	0.994753	0.805105	0.952501	0.952584
5090	0.928147	0.995006	0.994921	0.805336	0.952501	0.952584
5100	0.928407	0.995061	0.994980	0.805553	0.952501	0.952584
5110	0.928655	0.995061	0.994980	0.805779	0.952501	0.952584
5120	0.928910	0.995061	0.994980	0.806206	0.953007	0.953057
5130	0.929105	0.995061	0.994981	0.806391	0.953007	0.953057
5140	0.929329	0.995117	0.995037	0.806458	0.952501	0.952618
5150	0.929568	0.995172	0.995097	0.806660	0.951996	0.952174
5160	0.929689	0.995283	0.995206	0.806791	0.951996	0.952174
5170	0.929809	0.995283	0.995206	0.806936	0.952501	0.952648
5180	0.929910	0.995339	0.995265	0.807070	0.952501	0.952653
5190	0.929954	0.995339	0.995264	0.807094	0.952501	0.952653
5200	0.930016	0.995339	0.995265	0.807156	0.953007	0.953127
5210	0.930067	0.995339	0.995266	0.807172	0.952501	0.952653
5220	0.930335	0.995339	0.995267	0.807473	0.953007	0.953127
5230	0.930531	0.995339	0.995264	0.807547	0.953007	0.953097
5240	0.930655	0.995339	0.995264	0.807748	0.953007	0.953097
5250	0.930966	0.995505	0.995435	0.808016	0.953007	0.953097
5260	0.931100	0.995505	0.995435	0.808184	0.953512	0.953571
5270	0.931270	0.995505	0.995435	0.808431	0.952501	0.952618
5280	0.931369	0.995450	0.995379	0.808611	0.953007	0.953092
5290	0.931449	0.995450	0.995381	0.808670	0.953007	0.953092
5300	0.931564	0.995505	0.995435	0.808782	0.953512	0.953571
5310	0.931682	0.995561	0.995491	0.808891	0.953512	0.953571
5320	0.931981	0.995561	0.995491	0.809110	0.953512	0.953571
5330	0.932240	0.995616	0.995547	0.809376	0.953007	0.953097
5340	0.932357	0.995616	0.995547	0.809538	0.953007	0.953097
5350	0.932616	0.995616	0.995548	0.809855	0.954017	0.954061
5360	0.932876	0.995616	0.995549	0.810116	0.954017	0.954061
5370	0.933036	0.995616	0.995549	0.810308	0.953512	0.953587
5380	0.933154	0.995616	0.995549	0.810336	0.953512	0.953587
5390	0.933345	0.995672	0.995604	0.810538	0.953512	0.953587
5400	0.933489	0.995616	0.995549	0.810648	0.953007	0.953039
5410	0.933634	0.995616	0.995546	0.810707	0.952501	0.952566
5420	0.933736	0.995616	0.995547	0.810841	0.953512	0.953513
5430	0.933882	0.995616	0.995549	0.810850	0.953007	0.953039
5440	0.934003	0.995616	0.995549	0.811026	0.953007	0.953039
5450	0.934184	0.995672	0.995604	0.811067	0.953007	0.953039
5460	0.934263	0.995616	0.995548	0.811140	0.953007	0.953039
5470	0.934427	0.995727	0.995663	0.811328	0.953007	0.953039
5480	0.934610	0.995672	0.995605	0.811619	0.953512	0.953513
5490	0.934687	0.995727	0.995660	0.811677	0.953512	0.953513
5500	0.934838	0.995672	0.995605	0.811826	0.953512	0.953513
5510	0.934923	0.995727	0.995660	0.811866	0.953512	0.953513
5520	0.935054	0.995727	0.995660	0.811888	0.953512	0.953513
5530	0.935340	0.995838	0.995774	0.812115	0.953512	0.953544
5540	0.935518	0.995838	0.995774	0.812322	0.953512	0.953544
5550	0.935674	0.995838	0.995774	0.812531	0.954017	0.954023
5560	0.935899	0.995838	0.995774	0.812639	0.954017	0.954023
5570	0.936061	0.995838	0.995774	0.812647	0.954017	0.954023
5580	0.936278	0.995838	0.995774	0.812869	0.954017	0.954023
5590	0.936504	0.995838	0.995774	0.813012	0.954017	0.954023
5600	0.936726	0.996005	0.995944	0.813255	0.954017	0.954023
5610	0.936822	0.996005	0.995944	0.813282	0.954017	0.954023
5620	0.936979	0.996060	0.996000	0.813379	0.953512	0.953531
5630	0.937150	0.996060	0.995998	0.813528	0.953512	0.953531
5640	0.937475	0.996116	0.996058	0.813846	0.953007	0.953057
5650	0.937583	0.996060	0.996000	0.813776	0.953007	0.953057
5660	0.937643	0.996060	0.996000	0.813791	0.953007	0.953057
5670	0.937737	0.996060	0.995999	0.813893	0.953007	0.953057
5680	0.937988	0.996060	0.995997	0.814034	0.953007	0.953057
5690	0.938153	0.996227	0.996164	0.814235	0.953007	0.953057
5700	0.938329	0.996282	0.996220	0.814465	0.953007	0.953057
5710	0.938473	0.996282	0.996220	0.814558	0.953007	0.953057
5720	0.938657	0.996449	0.996384	0.814780	0.953512	0.953549
5730	0.938902	0.996615	0.996553	0.814965	0.952501	0.952560
5740	0.939035	0.996615	0.996553	0.815088	0.953512	0.953549
5750	0.939187	0.996671	0.996609	0.815175	0.953007	0.953052
5760	0.939366	0.996671	0.996609	0.815343	0.953007	0.953052
5770	0.939543	0.996726	0.996666	0.815502	0.953007	0.953052
5780	0.939789	0.996837	0.996779	0.815776	0.953007	0.953052
5790	0.939949	0.996782	0.996724	0.815875	0.953007	0.953052
5800	0.940138	0.996837	0.996781	0.816047	0.953512	0.953555
5810	0.940362	0.996948	0.996894	0.816236	0.953512	0.953555
5820	0.940722	0.997114	0.997065	0.816484	0.953512	0.953555
5830	0.940858	0.997114	0.997065	0.816653	0.953512	0.953555
5840	0.941037	0.997114	0.997065	0.816762	0.953512	0.953555
5850	0.941169	0.997114	0.997065	0.816842	0.953512	0.953555
5860	0.941330	0.997170	0.997122	0.816978	0.953512	0.953555
5870	0.941462	0.997170	0.997122	0.817169	0.953512	0.953547
5880	0.941635	0.997281	0.997235	0.817266	0.953512	0.953555
5890	0.941767	0.997281	0.997235	0.817379	0.953512	0.953555
5900	0.941888	0.997281	0.997235	0.817480	0.953512	0.953555
5910	0.942004	0.997281	0.997235	0.817524	0.953512	0.953555
5920	0.942276	0.997281	0.997235	0.817820	0.954017	0.954086
5930	0.942408	0.997281	0.997235	0.817968	0.954017	0.954086
5940	0.942625	0.997336	0.997291	0.818165	0.954522	0.954521
5950	0.942769	0.997392	0.997348	0.818315	0.954522	0.954521
5960	0.942931	0.997447	0.997403	0.818457	0.954522	0.954521
5970	0.943081	0.997558	0.997517	0.818545	0.954522	0.954558
5980	0.943271	0.997614	0.997573	0.818732	0.954522	0.954558
5990	0.943369	0.997669	0.997628	0.818832	0.954017	0.954123
6000	0.943529	0.997669	0.997628	0.818935	0.954017	0.954123
6010	0.943730	0.997725	0.997686	0.819124	0.954017	0.954123
6020	0.943855	0.997669	0.997628	0.819261	0.954017	0.954123
6030	0.944046	0.997836	0.997798	0.819530	0.954017	0.954123
6040	0.944213	0.997891	0.997855	0.819696	0.954017	0.954123
6050	0.944353	0.997836	0.997800	0.819886	0.954017	0.954123
6060	0.944463	0.997836	0.997800	0.820072	0.954017	0.954123
6070	0.944588	0.997947	0.997910	0.820178	0.954017	0.954123
6080	0.944718	0.998002	0.997967	0.820197	0.954017	0.954123
6090	0.944887	0.998113	0.998080	0.820335	0.954017	0.954123
6100	0.944996	0.998113	0.998080	0.820445	0.954017	0.954123
6110	0.945221	0.998113	0.998080	0.820743	0.954017	0.954123
6120	0.945417	0.998058	0.998023	0.820914	0.954017	0.954136
6130	0.945566	0.998113	0.998080	0.821062	0.954017	0.954153
6140	0.945620	0.998113	0.998080	0.821102	0.954017	0.954153
6150	0.945780	0.998113	0.998080	0.821249	0.954017	0.954136
6160	0.945917	0.998113	0.998080	0.821284	0.954017	0.954136
6170	0.946041	0.998113	0.998080	0.821386	0.954522	0.954575
6180	0.946138	0.998113	0.998080	0.821429	0.954522	0.954562
6190	0.946258	0.998113	0.998080	0.821574	0.954522	0.954575
6200	0.946374	0.998113	0.998080	0.821674	0.954017	0.954136
6210	0.946571	0.998224	0.998188	0.821883	0.954522	0.954575
6220	0.946717	0.998224	0.998188	0.822063	0.954522	0.954592
6230	0.946836	0.998224	0.998188	0.822131	0.954017	0.954102
6240	0.946929	0.998224	0.998188	0.822244	0.954017	0.954102
6250	0.947003	0.998224	0.998188	0.822315	0.954017	0.954102
6260	0.947048	0.998224	0.998188	0.822414	0.954017	0.954102
6270	0.947183	0.998169	0.998131	0.822474	0.954017	0.954102
6280	0.947343	0.998280	0.998245	0.822618	0.954017	0.954102
6290	0.947433	0.998335	0.998300	0.822708	0.954017	0.954085
6300	0.947629	0.998335	0.998300	0.822751	0.954017	0.954085
6310	0.947816	0.998335	0.998300	0.822904	0.954017	0.954085
6320	0.947942	0.998335	0.998300	0.823011	0.954017	0.954085
6330	0.948076	0.998335	0.998300	0.823099	0.954017	0.954085
6340	0.948247	0.998335	0.998300	0.823263	0.954017	0.954102
6350	0.948434	0.998335	0.998300	0.823789	0.954522	0.954575
6360	0.948552	0.998335	0.998300	0.823904	0.954522	0.954575
6370	0.948679	0.998335	0.998300	0.824026	0.954522	0.954575
6380	0.948795	0.998335	0.998300	0.824161	0.954522	0.954575
6390	0.948940	0.998335	0.998300	0.824306	0.954522	0.954575
6400	0.949094	0.998391	0.998357	0.824443	0.955028	0.955014
6410	0.949173	0.998391	0.998357	0.824546	0.955028	0.955014
6420	0.949330	0.998391	0.998357	0.824730	0.955028	0.955014
6430	0.949431	0.998391	0.998357	0.824836	0.955028	0.955014
6440	0.949531	0.998391	0.998357	0.824962	0.955028	0.955014
6450	0.949604	0.998391	0.998357	0.824982	0.955028	0.955014
6460	0.949785	0.998446	0.998415	0.825186	0.955028	0.955014
6470	0.949850	0.998446	0.998415	0.825270	0.955028	0.955014
6480	0.950101	0.998446	0.998415	0.825466	0.955028	0.955014
6490	0.950154	0.998446	0.998415	0.825574	0.955028	0.955014
6500	0.950208	0.998446	0.998415	0.825751	0.955028	0.955014
6510	0.950298	0.998446	0.998415	0.826011	0.955028	0.955014
6520	0.950445	0.998446	0.998415	0.826241	0.955028	0.955014
6530	0.950533	0.998446	0.998415	0.826314	0.955028	0.955014
6540	0.950731	0.998502	0.998471	0.826412	0.955028	0.955014
6550	0.950825	0.998502	0.998471	0.826444	0.955028	0.955014
6560	0.951011	0.998557	0.998527	0.826535	0.955028	0.955014
6570	0.951138	0.998557	0.998528	0.826557	0.955028	0.955014
6580	0.951220	0.998557	0.998527	0.826767	0.955028	0.954977
6590	0.951314	0.998557	0.998528	0.826795	0.955028	0.955014
6600	0.951353	0.998557	0.998528	0.826871	0.955028	0.955014
6610	0.951473	0.998557	0.998528	0.826988	0.955028	0.955014
6620	0.951583	0.998613	0.998585	0.827091	0.955028	0.955014
6630	0.951797	0.998613	0.998585	0.827249	0.955533	0.955518
6640	0.951943	0.998613	0.998585	0.827363	0.955028	0.955031
6650	0.952059	0.998613	0.998585	0.827504	0.955028	0.955031
6660	0.952213	0.998613	0.998585	0.827599	0.955533	0.955460
6670	0.952383	0.998613	0.998585	0.827758	0.955028	0.955031
6680	0.952512	0.998613	0.998585	0.827906	0.955533	0.955443
6690	0.952626	0.998613	0.998585	0.828024	0.955533	0.955443
6700	0.952767	0.998613	0.998585	0.828210	0.955533	0.955443
6710	0.952926	0.998613	0.998585	0.828183	0.955533	0.955443
6720	0.953083	0.998613	0.998585	0.828218	0.955533	0.955443
6730	0.953288	0.998613	0.998582	0.828319	0.955028	0.954969
6740	0.953372	0.998668	0.998639	0.828384	0.955028	0.954969
6750	0.953428	0.998668	0.998639	0.828450	0.955028	0.954969
6760	0.953503	0.998668	0.998639	0.828475	0.955028	0.954986
6770	0.953566	0.998724	0.998696	0.828510	0.955028	0.954986
6780	0.953668	0.998724	0.998696	0.828559	0.955028	0.954986
6790	0.953770	0.998724	0.998698	0.828679	0.955028	0.954986
6800	0.953863	0.998779	0.998754	0.828689	0.955028	0.954986
6810	0.953897	0.998779	0.998754	0.828749	0.955028	0.954986
6820	0.953977	0.998779	0.998756	0.828865	0.955028	0.954986
6830	0.954066	0.998779	0.998754	0.828980	0.955028	0.954969
6840	0.954166	0.998779	0.998753	0.829073	0.955028	0.954986
6850	0.954288	0.998779	0.998754	0.829138	0.956038	0.955858
6860	0.954429	0.998779	0.998754	0.829466	0.955533	0.955429
6870	0.954587	0.998835	0.998811	0.829636	0.956038	0.955858
6880	0.954657	0.998835	0.998811	0.829675	0.955533	0.955398
6890	0.954691	0.998835	0.998811	0.829738	0.955533	0.955398
6900	0.954796	0.998779	0.998754	0.829899	0.955533	0.955429
6910	0.954892	0.998835	0.998812	0.829986	0.955533	0.955429
6920	0.954962	0.998835	0.998812	0.830052	0.956038	0.955858
6930	0.955044	0.998835	0.998812	0.830098	0.956038	0.955858
6940	0.955145	0.998779	0.998755	0.830127	0.956038	0.955858
6950	0.955206	0.998835	0.998812	0.830165	0.956038	0.955858
6960	0.955310	0.998890	0.998870	0.830286	0.956038	0.955858
6970	0.955484	0.998890	0.998870	0.830379	0.956038	0.955881
6980	0.955607	0.998890	0.998870	0.830450	0.956038	0.955881
6990	0.955706	0.998890	0.998870	0.830550	0.956038	0.955881
7000	0.955861	0.998890	0.998871	0.830749	0.955533	0.955452
7010	0.955995	0.998890	0.998869	0.830856	0.955533	0.955452
7020	0.956121	0.998890	0.998869	0.831086	0.955533	0.955452
7030	0.956277	0.998890	0.998869	0.831238	0.955533	0.955429
7040	0.956337	0.998890	0.998869	0.831318	0.955533	0.955429
7050	0.956424	0.998890	0.998869	0.831398	0.955533	0.955429
7060	0.956570	0.998890	0.998869	0.831519	0.955533	0.955429
7070	0.956664	0.998890	0.998869	0.831657	0.955533	0.955429
7080	0.956763	0.998835	0.998811	0.831807	0.955533	0.955429
7090	0.956921	0.998835	0.998811	0.832032	0.955533	0.955429
7100	0.956987	0.998835	0.998811	0.832018	0.955028	0.954969
7110	0.957078	0.998890	0.998869	0.832135	0.955028	0.954969
7120	0.957177	0.998890	0.998869	0.832197	0.955533	0.955429
7130	0.957281	0.998946	0.998925	0.832300	0.955533	0.955429
7140	0.957419	0.998890	0.998873	0.832478	0.955533	0.955429
7150	0.957517	0.998890	0.998871	0.832625	0.955533	0.955429
7160	0.957626	0.998946	0.998925	0.832717	0.955533	0.955429
7170	0.957721	0.998890	0.998871	0.832775	0.955533	0.955429
7180	0.957763	0.998890	0.998871	0.832856	0.955533	0.955429
7190	0.957872	0.998890	0.998871	0.832923	0.955533	0.955429
7200	0.957957	0.998890	0.998871	0.832950	0.955028	0.954990
7210	0.958082	0.998890	0.998871	0.833093	0.955028	0.954990
7220	0.958164	0.998946	0.998925	0.833195	0.955028	0.954953
7230	0.958202	0.998890	0.998871	0.833208	0.955028	0.954953
7240	0.958288	0.998946	0.998927	0.833239	0.955028	0.954953
7250	0.958355	0.999001	0.998981	0.833251	0.955028	0.954953
7260	0.958408	0.999001	0.998981	0.833240	0.955028	0.954953
7270	0.958525	0.999001	0.998982	0.833356	0.955028	0.954953
7280	0.958662	0.999057	0.999039	0.833523	0.954522	0.954493
7290	0.958795	0.999057	0.999038	0.833599	0.954522	0.954493
7300	0.958874	0.999057	0.999038	0.833602	0.955028	0.954953
7310	0.958953	0.999057	0.999038	0.833649	0.955028	0.954953
7320	0.959014	0.999057	0.999038	0.833748	0.955028	0.954953
7330	0.959147	0.999057	0.999038	0.833884	0.955028	0.954953
7340	0.959261	0.999057	0.999037	0.834044	0.955533	0.955392
7350	0.959361	0.999057	0.999037	0.834180	0.955028	0.954932
7360	0.959496	0.999057	0.999037	0.834317	0.955028	0.954932
7370	0.959611	0.999057	0.999037	0.834472	0.955028	0.954932
7380	0.959740	0.999112	0.999097	0.834626	0.955028	0.954932
7390	0.959865	0.999112	0.999097	0.834892	0.955028	0.954932
7400	0.959976	0.999112	0.999097	0.834969	0.955028	0.954932
7410	0.960099	0.999112	0.999097	0.835126	0.955028	0.954932
7420	0.960183	0.999112	0.999097	0.835231	0.955028	0.954932
7430	0.960243	0.999112	0.999097	0.835258	0.955028	0.954932
7440	0.960262	0.999112	0.999097	0.835283	0.955533	0.955407
7450	0.960295	0.999112	0.999097	0.835325	0.955533	0.955407
7460	0.960365	0.999168	0.999153	0.835351	0.955533	0.955407
7470	0.960442	0.999168	0.999155	0.835474	0.955533	0.955407
7480	0.960508	0.999168	0.999155	0.835543	0.955533	0.955407
7490	0.960571	0.999168	0.999155	0.835647	0.955533	0.955407
7500	0.960634	0.999168	0.999155	0.835749	0.955533	0.955407
7510	0.960722	0.999168	0.999155	0.835840	0.955533	0.955407
7520	0.960814	0.999223	0.999211	0.835993	0.955533	0.955407
7530	0.960847	0.999223	0.999211	0.836071	0.955533	0.955407
7540	0.960955	0.999223	0.999211	0.836143	0.955533	0.955407
7550	0.961039	0.999223	0.999211	0.836223	0.955533	0.955407
7560	0.961101	0.999223	0.999211	0.836290	0.955533	0.955407
7570	0.961191	0.999223	0.999211	0.836272	0.955533	0.955407
7580	0.961225	0.999223	0.999211	0.836143	0.955533	0.955407
7590	0.961315	0.999223	0.999211	0.836167	0.955533	0.955407
7600	0.961417	0.999223	0.999211	0.836244	0.955028	0.954968
7610	0.961474	0.999223	0.999211	0.836301	0.955028	0.954968
7620	0.961572	0.999223	0.999211	0.836349	0.955533	0.955407
7630	0.961636	0.999223	0.999211	0.836507	0.955533	0.955553
7640	0.961728	0.999279	0.999268	0.836565	0.955533	0.955553
7650	0.961771	0.999279	0.999268	0.836639	0.955533	0.955553
7660	0.961836	0.999279	0.999268	0.836707	0.955533	0.955553
7670	0.961884	0.999223	0.999211	0.836756	0.955533	0.955553
7680	0.961983	0.999223	0.999211	0.836907	0.956038	0.955992
7690	0.962063	0.999223	0.999211	0.837044	0.956038	0.955992
7700	0.962170	0.999279	0.999268	0.837192	0.956038	0.955992
7710	0.962233	0.999279	0.999268	0.837288	0.955533	0.955407
7720	0.962279	0.999279	0.999268	0.837338	0.955533	0.955407
7730	0.962373	0.999279	0.999268	0.837414	0.955533	0.955407
7740	0.962480	0.999279	0.999268	0.837614	0.955533	0.955407
7750	0.962537	0.999279	0.999268	0.837728	0.955533	0.955407
7760	0.962621	0.999334	0.999324	0.837885	0.955533	0.955407
7770	0.962693	0.999390	0.999380	0.837984	0.955028	0.954968
7780	0.962781	0.999445	0.999436	0.838020	0.955028	0.954968
7790	0.962860	0.999445	0.999436	0.838097	0.955533	0.955407
7800	0.962945	0.999445	0.999436	0.838143	0.955533	0.955407
7810	0.963016	0.999445	0.999436	0.838190	0.955533	0.955407
7820	0.963043	0.999445	0.999436	0.838217	0.955533	0.955407
7830	0.963086	0.999445	0.999436	0.838199	0.955533	0.955407
7840	0.963103	0.999445	0.999436	0.838204	0.955533	0.955407
7850	0.963121	0.999501	0.999491	0.838202	0.955028	0.955046
7860	0.963191	0.999501	0.999491	0.838285	0.955533	0.955485
7870	0.963229	0.999501	0.999491	0.838431	0.955533	0.955485
7880	0.963274	0.999501	0.999491	0.838480	0.955533	0.955485
7890	0.963356	0.999501	0.999491	0.838592	0.955533	0.955485
7900	0.963380	0.999445	0.999436	0.838613	0.955533	0.955485
7910	0.963402	0.999445	0.999436	0.838647	0.955533	0.955485
7920	0.963420	0.999445	0.999436	0.838673	0.955533	0.955485
7930	0.963439	0.999445	0.999436	0.838698	0.955533	0.955485
7940	0.963462	0.999445	0.999436	0.838753	0.955533	0.955485
7950	0.963502	0.999445	0.999436	0.838781	0.955533	0.955485
7960	0.963624	0.999445	0.999436	0.838978	0.955533	0.955485
7970	0.963704	0.999501	0.999491	0.839067	0.955028	0.955046
7980	0.963717	0.999501	0.999491	0.839108	0.954522	0.954563
7990	0.963752	0.999501	0.999491	0.839167	0.954522	0.954563
8000	0.963814	0.999501	0.999491	0.839221	0.954522	0.954563
8010	0.963881	0.999501	0.999491	0.839302	0.954017	0.954040
8020	0.964045	0.999501	0.999491	0.839474	0.954017	0.954040
8030	0.964155	0.999501	0.999491	0.839569	0.954017	0.954040
8040	0.964260	0.999501	0.999491	0.839653	0.954522	0.954479
8050	0.964334	0.999501	0.999491	0.839760	0.955028	0.955002
8060	0.964375	0.999501	0.999491	0.839800	0.955028	0.954923
8070	0.964446	0.999501	0.999491	0.839908	0.955028	0.955002
8080	0.964504	0.999501	0.999491	0.839965	0.955028	0.955002
8090	0.964574	0.999501	0.999491	0.840063	0.954522	0.954563
8100	0.964674	0.999501	0.999491	0.840155	0.955028	0.955093
8110	0.964716	0.999501	0.999491	0.840239	0.955028	0.955093
8120	0.964764	0.999501	0.999491	0.840285	0.955028	0.955093
8130	0.964834	0.999501	0.999491	0.840477	0.955533	0.955637
8140	0.964867	0.999501	0.999491	0.840477	0.955533	0.955637
8150	0.964907	0.999501	0.999491	0.840459	0.955533	0.955637
8160	0.964944	0.999501	0.999491	0.840490	0.955533	0.955637
8170	0.965024	0.999501	0.999491	0.840551	0.955533	0.955637
8180	0.965053	0.999501	0.999491	0.840571	0.955533	0.955637
8190	0.965119	0.999501	0.999491	0.840693	0.955533	0.955637
8200	0.965269	0.999501	0.999491	0.840751	0.955533	0.955637
8210	0.965318	0.999501	0.999491	0.840730	0.955533	0.955637
8220	0.965443	0.999501	0.999491	0.840845	0.955533	0.955637
8230	0.965525	0.999501	0.999491	0.840912	0.955533	0.955637
8240	0.965550	0.999501	0.999491	0.840972	0.955533	0.955637
8250	0.965607	0.999501	0.999491	0.840996	0.955533	0.955637
8260	0.965680	0.999501	0.999491	0.841054	0.956038	0.956076
8270	0.965734	0.999501	0.999491	0.841102	0.956038	0.956076
8280	0.965773	0.999501	0.999491	0.841058	0.956038	0.956076
8290	0.965829	0.999501	0.999491	0.841041	0.956038	0.956076
8300	0.965867	0.999501	0.999491	0.841039	0.956038	0.956076
8310	0.965918	0.999501	0.999491	0.841070	0.956038	0.956076
8320	0.965956	0.999501	0.999491	0.841100	0.956038	0.956076
8330	0.966060	0.999501	0.999491	0.841206	0.956038	0.956076
8340	0.966136	0.999501	0.999491	0.841436	0.956038	0.956076
8350	0.966211	0.999501	0.999491	0.841487	0.956038	0.956076
8360	0.966301	0.999501	0.999491	0.841593	0.956038	0.956076
8370	0.966328	0.999501	0.999491	0.841619	0.956038	0.956076
8380	0.966354	0.999501	0.999491	0.841652	0.956038	0.956076
8390	0.966398	0.999501	0.999491	0.841687	0.956038	0.956076
8400	0.966460	0.999501	0.999491	0.841707	0.956038	0.956076
8410	0.966523	0.999501	0.999491	0.841844	0.956038	0.956076
8420	0.966594	0.999501	0.999491	0.841997	0.956038	0.956076
8430	0.966651	0.999501	0.999491	0.841980	0.956038	0.956076
8440	0.966741	0.999501	0.999491	0.842007	0.956038	0.956076
8450	0.966829	0.999501	0.999491	0.842046	0.956038	0.956076
8460	0.966918	0.999501	0.999491	0.842132	0.956038	0.956076
8470	0.966989	0.999501	0.999491	0.842171	0.956038	0.956076
8480	0.967003	0.999501	0.999491	0.842188	0.956038	0.956076
8490	0.967033	0.999501	0.999491	0.842199	0.956038	0.956076
8500	0.967073	0.999501	0.999491	0.842212	0.956038	0.956076
8510	0.967125	0.999501	0.999491	0.842275	0.956038	0.956076
8520	0.967143	0.999501	0.999491	0.842434	0.956038	0.956076
8530	0.967173	0.999501	0.999491	0.842490	0.956038	0.956076
8540	0.967249	0.999501	0.999491	0.842623	0.956038	0.956076
8550	0.967310	0.999501	0.999491	0.842685	0.956038	0.956076
8560	0.967382	0.999501	0.999491	0.842766	0.956544	0.956535
8570	0.967405	0.999501	0.999491	0.842815	0.956544	0.956535
8580	0.967431	0.999501	0.999491	0.842842	0.956544	0.956535
8590	0.967472	0.999501	0.999491	0.842879	0.956544	0.956535
8600	0.967498	0.999501	0.999491	0.842925	0.956544	0.956535
8610	0.967541	0.999501	0.999491	0.842954	0.956544	0.956535
8620	0.967603	0.999501	0.999491	0.842984	0.956544	0.956552
8630	0.967665	0.999501	0.999491	0.843014	0.956544	0.956552
8640	0.967698	0.999501	0.999491	0.842981	0.956544	0.956535
8650	0.967768	0.999501	0.999491	0.843072	0.956544	0.956535
8660	0.967857	0.999501	0.999493	0.843199	0.956544	0.956535
8670	0.967937	0.999501	0.999493	0.843235	0.956544	0.956535
8680	0.968008	0.999501	0.999493	0.843296	0.956544	0.956535
8690	0.968062	0.999501	0.999493	0.843358	0.956544	0.956535
8700	0.968137	0.999501	0.999493	0.843549	0.956544	0.956535
8710	0.968197	0.999501	0.999493	0.843638	0.957049	0.957126
8720	0.968218	0.999501	0.999493	0.843740	0.957049	0.957126
8730	0.968275	0.999501	0.999493	0.843805	0.957049	0.957126
8740	0.968348	0.999501	0.999493	0.843860	0.957049	0.957126
8750	0.968406	0.999501	0.999493	0.843921	0.957049	0.957126
8760	0.968459	0.999501	0.999493	0.843980	0.957049	0.957126
8770	0.968523	0.999501	0.999493	0.844043	0.957049	0.957126
8780	0.968546	0.999501	0.999493	0.844122	0.957049	0.957126
8790	0.968564	0.999501	0.999493	0.844168	0.957049	0.957126
8800	0.968585	0.999501	0.999493	0.844201	0.957049	0.957126
8810	0.968611	0.999501	0.999493	0.844225	0.957049	0.957126
8820	0.968678	0.999501	0.999493	0.844276	0.957049	0.957126
8830	0.968753	0.999501	0.999493	0.844424	0.957049	0.957126
8840	0.968833	0.999501	0.999493	0.844504	0.957049	0.957126
8850	0.968916	0.999556	0.999550	0.844622	0.957049	0.957126
8860	0.968998	0.999556	0.999550	0.844694	0.957049	0.957126
8870	0.969044	0.999556	0.999550	0.844748	0.957049	0.957126
8880	0.969103	0.999556	0.999550	0.844807	0.957049	0.957126
8890	0.969139	0.999556	0.999550	0.844910	0.957049	0.957126
8900	0.969207	0.999556	0.999550	0.845020	0.957049	0.957126
8910	0.969307	0.999556	0.999550	0.845040	0.957049	0.957126
8920	0.969356	0.999556	0.999550	0.845111	0.957049	0.957126
8930	0.969405	0.999556	0.999550	0.845169	0.957049	0.957126
8940	0.969463	0.999556	0.999550	0.845090	0.957049	0.957126
8950	0.969517	0.999556	0.999550	0.845094	0.957049	0.957126
8960	0.969576	0.999556	0.999550	0.845123	0.957049	0.957126
8970	0.969619	0.999556	0.999550	0.845160	0.957049	0.957126
8980	0.969649	0.999556	0.999550	0.845196	0.957049	0.957126
8990	0.969684	0.999556	0.999550	0.845216	0.957049	0.957126
9000	0.969706	0.999556	0.999550	0.845268	0.957049	0.957126
9010	0.969714	0.999556	0.999550	0.845276	0.957049	0.957126
9020	0.969743	0.999556	0.999550	0.845332	0.957049	0.957126
9030	0.969748	0.999556	0.999550	0.845345	0.957049	0.957126
9040	0.969782	0.999556	0.999550	0.845349	0.957049	0.957126
9050	0.969824	0.999556	0.999550	0.845367	0.957049	0.957126
9060	0.969888	0.999556	0.999550	0.845400	0.957049	0.957126
9070	0.969933	0.999556	0.999550	0.845413	0.957049	0.957126
9080	0.969983	0.999556	0.999550	0.845470	0.957049	0.957126
9090	0.970044	0.999556	0.999550	0.845556	0.957049	0.957126
9100	0.970128	0.999556	0.999550	0.845759	0.956544	0.956599
9110	0.970195	0.999556	0.999550	0.845855	0.957049	0.957038
9120	0.970247	0.999556	0.999550	0.845900	0.957554	0.957582
9130	0.970298	0.999556	0.999550	0.845979	0.957554	0.957582
9140	0.970357	0.999556	0.999550	0.846040	0.957554	0.957582
9150	0.970398	0.999556	0.999550	0.846074	0.957554	0.957582
9160	0.970487	0.999556	0.999550	0.846271	0.957554	0.957582
9170	0.970567	0.999556	0.999550	0.846378	0.957049	0.957038
9180	0.970647	0.999556	0.999550	0.846458	0.957049	0.957038
9190	0.970707	0.999556	0.999550	0.846590	0.957049	0.957038
9200	0.970732	0.999556	0.999550	0.846657	0.957049	0.957038
9210	0.970771	0.999556	0.999550	0.846746	0.957049	0.957038
9220	0.970779	0.999556	0.999550	0.846752	0.957049	0.957038
9230	0.970875	0.999556	0.999550	0.846893	0.957049	0.957038
9240	0.970927	0.999556	0.999550	0.846964	0.957049	0.957038
9250	0.970986	0.999556	0.999550	0.846956	0.957049	0.957038
9260	0.971008	0.999556	0.999550	0.846876	0.957049	0.957038
9270	0.971023	0.999556	0.999550	0.846857	0.957049	0.957038
9280	0.971047	0.999556	0.999550	0.846873	0.957049	0.957038
9290	0.971087	0.999556	0.999550	0.846959	0.956544	0.956511
9300	0.971148	0.999556	0.999550	0.847002	0.956544	0.956511
9310	0.971189	0.999556	0.999550	0.847048	0.956544	0.956511
9320	0.971251	0.999556	0.999550	0.847145	0.956544	0.956511
9330	0.971306	0.999556	0.999550	0.847169	0.956544	0.956511
9340	0.971315	0.999556	0.999550	0.847163	0.956544	0.956511
9350	0.971320	0.999556	0.999550	0.847161	0.956544	0.956511
9360	0.971337	0.999556	0.999550	0.847166	0.956544	0.956511
9370	0.971369	0.999556	0.999550	0.847158	0.956544	0.956511
9380	0.971426	0.999556	0.999550	0.847180	0.956544	0.956511
9390	0.971468	0.999556	0.999550	0.847216	0.956544	0.956511
9400	0.971500	0.999556	0.999550	0.847245	0.956544	0.956511
9410	0.971524	0.999556	0.999550	0.847287	0.956544	0.956511
9420	0.971545	0.999556	0.999550	0.847332	0.956544	0.956511
9430	0.971618	0.999556	0.999550	0.847483	0.956544	0.956511
9440	0.971671	0.999556	0.999550	0.847591	0.956544	0.956511
9450	0.971725	0.999556	0.999550	0.847688	0.956544	0.956511
9460	0.971747	0.999556	0.999550	0.847732	0.956544	0.956511
9470	0.971803	0.999556	0.999550	0.847882	0.956544	0.956511
9480	0.971841	0.999556	0.999550	0.847899	0.956544	0.956511
9490	0.971901	0.999556	0.999550	0.848027	0.956544	0.956511
9500	0.971949	0.999556	0.999550	0.848086	0.956544	0.956511
9510	0.971990	0.999556	0.999550	0.848135	0.956544	0.956511
9520	0.972037	0.999556	0.999550	0.848163	0.956544	0.956511
9530	0.972079	0.999556	0.999550	0.848187	0.957554	0.957482
9540	0.972139	0.999556	0.999550	0.848263	0.957554	0.957482
9550	0.972161	0.999556	0.999550	0.848301	0.957554	0.957482
9560	0.972177	0.999556	0.999550	0.848329	0.957554	0.957482
9570	0.972192	0.999556	0.999550	0.848346	0.957554	0.957482
9580	0.972205	0.999556	0.999550	0.848362	0.958060	0.958008
9590	0.972218	0.999556	0.999550	0.848375	0.958060	0.958008
9600	0.972239	0.999556	0.999550	0.848394	0.958060	0.958008
9610	0.972271	0.999556	0.999550	0.848402	0.958060	0.958008
9620	0.972310	0.999556	0.999550	0.848406	0.958060	0.958008
9630	0.972342	0.999556	0.999550	0.848421	0.958060	0.958008
9640	0.972353	0.999556	0.999550	0.848417	0.958060	0.958008
9650	0.972402	0.999556	0.999550	0.848464	0.958060	0.958008
9660	0.972448	0.999556	0.999550	0.848560	0.957554	0.957464
9670	0.972493	0.999556	0.999550	0.848576	0.957049	0.957038
9680	0.972550	0.999556	0.999550	0.848688	0.957049	0.957038
9690	0.972600	0.999556	0.999550	0.848777	0.957049	0.957038
9700	0.972664	0.999612	0.999605	0.848858	0.957049	0.957038
9710	0.972703	0.999612	0.999605	0.848905	0.957049	0.957038
9720	0.972737	0.999612	0.999605	0.848921	0.957049	0.957038
9730	0.972772	0.999612	0.999605	0.848982	0.957554	0.957464
9740	0.972869	0.999612	0.999605	0.849090	0.957554	0.957464
9750	0.972901	0.999612	0.999605	0.849126	0.957554	0.957464
9760	0.972937	0.999612	0.999605	0.849185	0.957554	0.957464
9770	0.972965	0.999612	0.999605	0.849197	0.958060	0.958077
9780	0.972975	0.999612	0.999605	0.849160	0.958060	0.958077
9790	0.972985	0.999612	0.999605	0.849148	0.958060	0.958077
9800	0.973017	0.999612	0.999605	0.849165	0.958060	0.958077
9810	0.973043	0.999612	0.999605	0.849160	0.958060	0.958077
9820	0.973092	0.999612	0.999605	0.849181	0.958060	0.958077
9830	0.973152	0.999612	0.999605	0.849190	0.958060	0.958077
9840	0.973192	0.999612	0.999605	0.849171	0.958060	0.958077
9850	0.973258	0.999612	0.999604	0.849054	0.958060	0.958077
9860	0.973293	0.999612	0.999604	0.849106	0.958060	0.958077
9870	0.973331	0.999612	0.999604	0.849100	0.958060	0.958077
9880	0.973374	0.999612	0.999604	0.849139	0.958060	0.958077
9890	0.973395	0.999612	0.999604	0.849214	0.958060	0.958077
9900	0.973412	0.999612	0.999604	0.849276	0.958060	0.958077
9910	0.973467	0.999667	0.999660	0.849304	0.958060	0.958077
9920	0.973479	0.999612	0.999604	0.849337	0.958060	0.958077
9930	0.973489	0.999612	0.999604	0.849341	0.958060	0.958077
9940	0.973517	0.999612	0.999605	0.849366	0.958060	0.958077
9950	0.973577	0.999723	0.999718	0.849266	0.958060	0.958077
9960	0.973641	0.999723	0.999718	0.849239	0.958060	0.958077
9970	0.973700	0.999723	0.999718	0.849304	0.958060	0.958077
9980	0.973740	0.999723	0.999717	0.849351	0.958060	0.958077
9990	0.973788	0.999723	0.999718	0.849363	0.958060	0.958077
10000	0.973847	0.999723	0.999717	0.849452	0.958060	0.958077
