10	0.074547	0.423463	0.418904	0.074091	0.416792	0.400449
20	0.107594	0.608017	0.628771	0.104943	0.594771	0.614234
30	0.145975	0.676920	0.686929	0.141638	0.666164	0.673572
40	0.175383	0.703348	0.710808	0.169251	0.695324	0.700427
50	0.202760	0.726667	0.734000	0.194558	0.715938	0.721937
60	0.230441	0.743934	0.748689	0.219402	0.732026	0.737670
70	0.252108	0.759425	0.762681	0.238081	0.744595	0.749702
80	0.271328	0.767809	0.769259	0.255233	0.752137	0.754337
90	0.291842	0.777580	0.777361	0.272476	0.760181	0.761563
100	0.307244	0.786852	0.785691	0.285572	0.768225	0.769664
110	0.323698	0.794681	0.792677	0.300453	0.778281	0.779252
120	0.336655	0.802954	0.800047	0.310949	0.784816	0.785328
130	0.351725	0.809727	0.805390	0.324147	0.785319	0.785148
140	0.368066	0.819444	0.813589	0.339807	0.795375	0.793057
150	0.383019	0.825051	0.818018	0.352390	0.799397	0.795940
160	0.395563	0.830326	0.822629	0.363496	0.808446	0.805004
170	0.407337	0.836433	0.827748	0.373499	0.811966	0.807532
180	0.416426	0.841208	0.831635	0.380209	0.815988	0.810411
190	0.424955	0.845428	0.836143	0.387403	0.818502	0.813681
200	0.435655	0.848259	0.838379	0.396209	0.820513	0.815496
210	0.446201	0.853312	0.842044	0.405372	0.821016	0.814356
220	0.453129	0.855699	0.844440	0.411040	0.825540	0.819099
230	0.462643	0.859308	0.847032	0.418728	0.826546	0.819386
240	0.472353	0.863417	0.850904	0.427657	0.829060	0.821828
250	0.479703	0.864916	0.852058	0.433575	0.830065	0.822521
260	0.485435	0.867137	0.854268	0.438120	0.833082	0.826122
270	0.494254	0.871856	0.858042	0.444831	0.838612	0.830336
280	0.499719	0.874521	0.860518	0.450207	0.840623	0.832189
290	0.509382	0.877963	0.863553	0.459168	0.846154	0.837180
300	0.515815	0.879740	0.865242	0.464168	0.844143	0.835109
310	0.525158	0.883460	0.868520	0.473332	0.850679	0.840982
320	0.532088	0.885681	0.870508	0.479240	0.853695	0.843864
330	0.537118	0.887180	0.871926	0.483657	0.853695	0.843628
340	0.543872	0.888679	0.873343	0.490345	0.856209	0.846015
350	0.549173	0.890456	0.874912	0.494797	0.856209	0.845428
360	0.553898	0.892954	0.877240	0.498785	0.860734	0.850012
370	0.558290	0.894453	0.878630	0.502293	0.862242	0.851579
380	0.562587	0.895453	0.879533	0.505772	0.864253	0.853376
390	0.566282	0.897063	0.880971	0.508881	0.864253	0.853322
400	0.570993	0.897674	0.881571	0.512918	0.866767	0.855594
410	0.574924	0.897896	0.881755	0.516331	0.868276	0.857204
420	0.578889	0.899062	0.882772	0.519448	0.868778	0.857607
430	0.583905	0.900505	0.884173	0.523216	0.868778	0.857287
440	0.589308	0.902282	0.885801	0.527886	0.871292	0.859235
450	0.593107	0.902837	0.886221	0.531626	0.872800	0.860565
460	0.595957	0.904114	0.887459	0.533954	0.873303	0.861103
470	0.600135	0.905669	0.888928	0.537164	0.874309	0.861978
480	0.605272	0.907668	0.890734	0.540845	0.875817	0.863723
490	0.608872	0.909000	0.891991	0.544228	0.877325	0.864999
500	0.613051	0.909722	0.892751	0.548222	0.878331	0.865911
510	0.617000	0.910777	0.893721	0.552211	0.877325	0.864603
520	0.621640	0.912387	0.895242	0.556382	0.877325	0.864725
530	0.625191	0.913220	0.895978	0.559130	0.880845	0.867954
540	0.629247	0.914552	0.897248	0.562591	0.881850	0.868930
550	0.632769	0.916273	0.898819	0.565669	0.882856	0.869708
560	0.635772	0.917328	0.899772	0.568844	0.883358	0.870223
570	0.637395	0.917550	0.899948	0.570268	0.884364	0.871257
580	0.639717	0.917995	0.900412	0.572259	0.885872	0.872438
590	0.642373	0.918883	0.901171	0.574507	0.886375	0.872690
600	0.646295	0.920438	0.902601	0.577589	0.886878	0.873110
610	0.649248	0.920771	0.902923	0.580020	0.888386	0.874188
620	0.653768	0.922159	0.904294	0.582941	0.888889	0.874698
630	0.657750	0.923824	0.905765	0.586973	0.890397	0.875898
640	0.660839	0.924546	0.906368	0.589996	0.890397	0.875941
650	0.663344	0.925545	0.907379	0.591902	0.890900	0.876609
660	0.665302	0.926656	0.908433	0.593011	0.889894	0.875480
670	0.667390	0.926767	0.908569	0.594612	0.890900	0.876576
680	0.668801	0.927378	0.909139	0.596068	0.892408	0.878050
690	0.670738	0.927822	0.909620	0.597638	0.892408	0.878150
700	0.673178	0.928322	0.910059	0.599501	0.891905	0.877484
710	0.678723	0.930376	0.912009	0.605201	0.894419	0.879519
720	0.681720	0.930709	0.912279	0.607834	0.896933	0.881892
730	0.684102	0.931597	0.913139	0.609898	0.896933	0.881869
740	0.686580	0.932319	0.913868	0.611881	0.895928	0.880927
750	0.688588	0.932652	0.914162	0.613393	0.895928	0.881066
760	0.690883	0.932985	0.914495	0.615121	0.895425	0.880410
770	0.693303	0.933374	0.914810	0.617363	0.896430	0.881346
780	0.695523	0.933541	0.914954	0.619484	0.897939	0.882705
790	0.697578	0.934540	0.915895	0.621463	0.899447	0.884253
800	0.700022	0.935206	0.916509	0.623860	0.899950	0.884541
810	0.701707	0.935539	0.916780	0.625031	0.899447	0.884100
820	0.703365	0.935928	0.917158	0.626218	0.898944	0.883817
830	0.705148	0.936761	0.917922	0.627762	0.898944	0.883694
840	0.706910	0.937094	0.918235	0.629109	0.896933	0.881704
850	0.707614	0.937205	0.918334	0.629795	0.897436	0.882184
860	0.708704	0.937372	0.918498	0.630465	0.897436	0.882142
870	0.710560	0.938260	0.919415	0.631870	0.898441	0.883197
880	0.712678	0.938427	0.919562	0.633740	0.897939	0.882499
890	0.714808	0.939037	0.920150	0.635277	0.899447	0.883739
900	0.716365	0.939426	0.920486	0.636528	0.898944	0.883228
910	0.717668	0.939648	0.920697	0.637727	0.898441	0.882628
920	0.719537	0.939981	0.921042	0.639620	0.899950	0.884227
930	0.721150	0.940481	0.921525	0.640569	0.898944	0.883160
940	0.722418	0.940758	0.921766	0.641566	0.898441	0.882684
950	0.723808	0.940869	0.921841	0.642746	0.897939	0.882368
960	0.724745	0.940925	0.921914	0.643380	0.897939	0.882360
970	0.725893	0.941203	0.922197	0.644070	0.898441	0.882803
980	0.727757	0.941980	0.922937	0.645549	0.898441	0.882790
990	0.729130	0.942313	0.923275	0.646610	0.899950	0.884171
1000	0.730496	0.942646	0.923569	0.647568	0.900452	0.884530
1010	0.732419	0.942924	0.923836	0.649308	0.900955	0.884880
1020	0.733975	0.943423	0.924301	0.650471	0.900955	0.884864
1030	0.735406	0.944145	0.924992	0.651182	0.900955	0.884985
1040	0.736784	0.944256	0.925068	0.652246	0.900452	0.884346
1050	0.737648	0.944145	0.924966	0.652809	0.900955	0.884769
1060	0.739253	0.944645	0.925438	0.654154	0.902464	0.886284
1070	0.740469	0.944978	0.925771	0.655037	0.902966	0.886707
1080	0.741480	0.944923	0.925718	0.655867	0.902966	0.886691
1090	0.742446	0.945256	0.926028	0.656638	0.901961	0.885834
1100	0.743360	0.945145	0.925924	0.657499	0.901961	0.885632
1110	0.744149	0.945367	0.926115	0.658148	0.901961	0.885666
1120	0.744832	0.945589	0.926362	0.658563	0.901961	0.885575
1130	0.745609	0.945589	0.926342	0.659287	0.902464	0.886075
1140	0.746730	0.945866	0.926635	0.660187	0.901961	0.885631
1150	0.747716	0.945977	0.926720	0.660953	0.901961	0.885570
1160	0.749106	0.946477	0.927228	0.662410	0.900955	0.884601
1170	0.749892	0.946977	0.927709	0.662856	0.901961	0.885565
1180	0.750387	0.946866	0.927604	0.663170	0.902464	0.886058
1190	0.750767	0.947032	0.927777	0.663425	0.901458	0.885236
1200	0.751462	0.946921	0.927673	0.664059	0.901961	0.885641
1210	0.752616	0.947365	0.928225	0.665035	0.901961	0.886042
1220	0.753371	0.947699	0.928435	0.665710	0.901961	0.885706
1230	0.754291	0.948087	0.928793	0.666290	0.900955	0.884790
1240	0.755143	0.948309	0.929038	0.666969	0.901458	0.885208
1250	0.756122	0.948809	0.929481	0.667518	0.902464	0.886020
1260	0.757032	0.948920	0.929583	0.668145	0.902464	0.886156
1270	0.757818	0.949253	0.929898	0.668977	0.901961	0.885555
1280	0.758533	0.949364	0.930000	0.669744	0.902966	0.886523
1290	0.759628	0.949420	0.930053	0.670570	0.902464	0.886031
1300	0.760736	0.949975	0.930590	0.671636	0.903469	0.887074
1310	0.761902	0.950086	0.930699	0.672934	0.903469	0.886905
1320	0.763077	0.950197	0.930786	0.674052	0.903469	0.886894
1330	0.764269	0.950364	0.930952	0.675132	0.903972	0.887314
1340	0.765544	0.950641	0.931226	0.675923	0.903972	0.887490
1350	0.766173	0.950752	0.931324	0.676400	0.904475	0.888079
1360	0.766904	0.950752	0.931348	0.676901	0.904475	0.888103
1370	0.767361	0.950919	0.931493	0.677351	0.905480	0.888970
1380	0.768019	0.950919	0.931520	0.677751	0.905480	0.889335
1390	0.768733	0.951085	0.931663	0.678398	0.905480	0.889110
1400	0.769581	0.951308	0.931839	0.679181	0.905983	0.889534
1410	0.770552	0.951308	0.931867	0.679934	0.906486	0.889943
1420	0.771332	0.951196	0.931792	0.680660	0.906988	0.890590
1430	0.772147	0.951252	0.931900	0.681327	0.906486	0.890118
1440	0.773066	0.951474	0.932157	0.682128	0.905983	0.889371
1450	0.773822	0.951530	0.932153	0.682719	0.904977	0.888597
1460	0.774417	0.951585	0.951756	0.683261	0.905480	0.888935
1470	0.775031	0.952029	0.952191	0.683881	0.905983	0.889509
1480	0.777395	0.954639	0.954708	0.686249	0.908999	0.912030
1490	0.778466	0.956082	0.956108	0.687161	0.909502	0.912342
1500	0.779818	0.957137	0.957129	0.688543	0.911513	0.914251
1510	0.780873	0.957693	0.957695	0.689357	0.914027	0.916683
1520	0.781438	0.959136	0.959111	0.689987	0.915033	0.917460
1530	0.782680	0.960135	0.960156	0.691135	0.919055	0.921086
1540	0.783552	0.961246	0.961194	0.692151	0.919055	0.921213
1550	0.784772	0.962634	0.962587	0.693238	0.921066	0.923195
1560	0.785643	0.963078	0.963019	0.694185	0.920060	0.922207
1570	0.787320	0.964966	0.964896	0.695816	0.922574	0.924391
1580	0.788422	0.966076	0.965999	0.696747	0.924585	0.926303
1590	0.790644	0.967242	0.967160	0.699120	0.925591	0.927073
1600	0.791861	0.967631	0.967537	0.700201	0.926094	0.927517
1610	0.792832	0.968408	0.968305	0.701088	0.927099	0.928506
1620	0.793746	0.968852	0.968727	0.701833	0.927602	0.929072
1630	0.794596	0.969519	0.969410	0.702421	0.927099	0.928604
1640	0.795605	0.969741	0.969616	0.703444	0.927602	0.929020
1650	0.796438	0.970018	0.969897	0.704265	0.928105	0.929503
1660	0.797232	0.970574	0.970450	0.705020	0.927602	0.928944
1670	0.798121	0.970685	0.970558	0.705900	0.929110	0.930505
1680	0.799147	0.971073	0.970946	0.707002	0.929613	0.930916
1690	0.800916	0.972073	0.971955	0.708838	0.931121	0.932314
1700	0.802053	0.972295	0.972184	0.709973	0.931624	0.932893
1710	0.803641	0.973016	0.972899	0.711627	0.931624	0.932817
1720	0.804689	0.973405	0.973295	0.712507	0.932629	0.933881
1730	0.805633	0.973794	0.973661	0.713404	0.932127	0.933391
1740	0.806116	0.974016	0.973885	0.713895	0.932629	0.933834
1750	0.806642	0.974182	0.974050	0.714426	0.933132	0.934293
1760	0.807643	0.974293	0.974163	0.715473	0.933635	0.934781
1770	0.808491	0.974349	0.974220	0.716129	0.934641	0.935841
1780	0.809609	0.974682	0.974548	0.717169	0.935143	0.936296
1790	0.810644	0.974904	0.974782	0.718007	0.935646	0.936811
1800	0.811383	0.975071	0.974940	0.718819	0.935646	0.936786
1810	0.811957	0.975126	0.975001	0.719323	0.935646	0.936704
1820	0.813030	0.975348	0.975221	0.720215	0.936149	0.937251
1830	0.813756	0.975570	0.975450	0.720885	0.936652	0.937730
1840	0.814376	0.975959	0.975832	0.721519	0.936652	0.937730
1850	0.815060	0.975904	0.975772	0.722342	0.936149	0.937251
1860	0.816470	0.976348	0.976211	0.723769	0.936652	0.937741
1870	0.817467	0.976681	0.976546	0.724710	0.937154	0.938160
1880	0.818089	0.977014	0.976870	0.725306	0.937154	0.938209
1890	0.819222	0.977125	0.976978	0.726468	0.938663	0.939685
1900	0.820018	0.977569	0.977433	0.727218	0.938160	0.939178
1910	0.820718	0.978069	0.977938	0.727979	0.938663	0.939653
1920	0.821483	0.978180	0.978046	0.728781	0.938663	0.939559
1930	0.821998	0.978291	0.978159	0.729346	0.938160	0.939067
1940	0.822996	0.978458	0.978324	0.730295	0.939668	0.940591
1950	0.823759	0.978458	0.978323	0.730798	0.939668	0.940559
1960	0.824366	0.978624	0.978496	0.731459	0.940171	0.941069
1970	0.825063	0.978735	0.978603	0.732145	0.940171	0.941069
1980	0.825481	0.978902	0.978768	0.732531	0.939668	0.940589
1990	0.826002	0.979013	0.978881	0.733116	0.940171	0.941131
2000	0.826638	0.979068	0.978936	0.733693	0.940171	0.941139
2010	0.827137	0.979235	0.979107	0.734086	0.940674	0.941633
2020	0.827903	0.979679	0.979554	0.734928	0.941176	0.942123
2030	0.828487	0.979735	0.979610	0.735437	0.940674	0.941633
2040	0.829115	0.979735	0.979613	0.736009	0.940674	0.941633
2050	0.829656	0.979735	0.979609	0.736479	0.940674	0.941633
2060	0.830159	0.979901	0.979774	0.736829	0.940674	0.941601
2070	0.830553	0.979846	0.979723	0.737277	0.941176	0.942091
2080	0.831491	0.980068	0.979940	0.738233	0.941679	0.942540
2090	0.832298	0.980179	0.980051	0.738884	0.941176	0.942054
2100	0.832989	0.980401	0.980275	0.739354	0.941176	0.942054
2110	0.833628	0.980567	0.980438	0.739850	0.942182	0.943017
2120	0.834110	0.980567	0.980434	0.740134	0.941679	0.942499
2130	0.834756	0.980678	0.980547	0.740590	0.942182	0.942992
2140	0.835481	0.980790	0.980658	0.741119	0.941679	0.942490
2150	0.836312	0.980901	0.980775	0.741878	0.941679	0.942490
2160	0.837401	0.981178	0.981055	0.743112	0.942182	0.942992
2170	0.837910	0.981234	0.981108	0.743584	0.942182	0.942992
2180	0.838409	0.981289	0.981166	0.744040	0.942182	0.942961
2190	0.838939	0.981400	0.981276	0.744514	0.942182	0.942948
2200	0.839491	0.981456	0.981331	0.745134	0.941679	0.942522
2210	0.840016	0.981567	0.981439	0.745645	0.941679	0.942520
2220	0.840548	0.981567	0.981438	0.746057	0.942182	0.943010
2230	0.841035	0.981511	0.981381	0.746500	0.942685	0.943433
2240	0.841346	0.981622	0.981493	0.746747	0.942685	0.943433
2250	0.841826	0.981733	0.981602	0.747125	0.942685	0.943433
2260	0.842764	0.981789	0.981664	0.747944	0.942685	0.943424
2270	0.843335	0.982067	0.981943	0.748511	0.942685	0.943419
2280	0.843714	0.982067	0.981938	0.748852	0.942685	0.943448
2290	0.844163	0.982289	0.982160	0.749302	0.942685	0.943448
2300	0.844617	0.982344	0.982216	0.749834	0.942685	0.943466
2310	0.845093	0.982455	0.982327	0.750086	0.942685	0.943466
2320	0.845532	0.982566	0.982434	0.750541	0.943188	0.944013
2330	0.845979	0.982788	0.982656	0.750981	0.943188	0.943995
2340	0.846439	0.983010	0.982877	0.751412	0.943188	0.943970
2350	0.846810	0.983066	0.982935	0.751604	0.943188	0.943997
2360	0.847572	0.983010	0.982880	0.752177	0.943690	0.944448
2370	0.847889	0.983232	0.983099	0.752422	0.943690	0.944448
2380	0.848453	0.983455	0.983322	0.753087	0.944193	0.944926
2390	0.849020	0.983399	0.983266	0.753408	0.943690	0.944412
2400	0.849595	0.983455	0.983323	0.753780	0.944193	0.944877
2410	0.850250	0.983344	0.983214	0.754622	0.944193	0.944893
2420	0.850966	0.983288	0.983155	0.755384	0.944696	0.945391
2430	0.851618	0.983344	0.983207	0.755896	0.944696	0.945326
2440	0.851981	0.983344	0.983210	0.756206	0.944193	0.944790
2450	0.852297	0.983455	0.983319	0.756533	0.944696	0.945312
2460	0.852626	0.983677	0.983539	0.756849	0.944696	0.945346
2470	0.853003	0.983843	0.983709	0.757157	0.944696	0.945346
2480	0.853367	0.984065	0.983929	0.757578	0.943690	0.944326
2490	0.853758	0.984232	0.984088	0.758004	0.944696	0.945372
2500	0.854015	0.983954	0.983816	0.758182	0.944696	0.945372
2510	0.854471	0.984010	0.983869	0.758670	0.945199	0.945910
2520	0.854930	0.984232	0.984084	0.758998	0.945199	0.945892
2530	0.855319	0.984287	0.984138	0.759403	0.945701	0.946365
2540	0.855800	0.984343	0.984197	0.759724	0.945199	0.945892
2550	0.856270	0.984398	0.984257	0.760167	0.945701	0.946436
2560	0.856998	0.984565	0.984423	0.760922	0.945199	0.945981
2570	0.857490	0.984398	0.984257	0.761196	0.945199	0.945981
2580	0.857794	0.984454	0.984315	0.761474	0.945199	0.945981
2590	0.858265	0.984565	0.984423	0.761949	0.945199	0.945952
2600	0.858713	0.984676	0.984534	0.762326	0.944696	0.945432
2610	0.859011	0.984787	0.984649	0.762606	0.945199	0.945878
2620	0.859512	0.984954	0.984812	0.763045	0.945199	0.945899
2630	0.860110	0.984843	0.984702	0.763681	0.946707	0.947451
2640	0.860682	0.985176	0.985036	0.764064	0.946707	0.947439
2650	0.861015	0.985120	0.984981	0.764350	0.946707	0.947445
2660	0.861269	0.985176	0.985035	0.764528	0.946204	0.946940
2670	0.861508	0.985120	0.984979	0.764668	0.946204	0.946940
2680	0.861957	0.985287	0.985144	0.764994	0.946204	0.946940
2690	0.862598	0.985342	0.985199	0.765424	0.946204	0.946925
2700	0.863327	0.985564	0.985419	0.766161	0.946204	0.946925
2710	0.863760	0.985453	0.985301	0.766579	0.945701	0.946352
2720	0.864428	0.985509	0.985358	0.766979	0.946204	0.946832
2730	0.865365	0.985509	0.985357	0.767840	0.946204	0.946897
2740	0.865911	0.985620	0.985471	0.768268	0.946204	0.946925
2750	0.866421	0.985620	0.985472	0.768725	0.946204	0.946925
2760	0.866696	0.985786	0.985640	0.768887	0.947210	0.948029
2770	0.867302	0.986064	0.985915	0.769298	0.947210	0.947936
2780	0.867676	0.986009	0.985861	0.769495	0.947210	0.947936
2790	0.868051	0.986009	0.985861	0.769769	0.947210	0.947936
2800	0.868375	0.986120	0.985972	0.769974	0.946707	0.947394
2810	0.868682	0.986120	0.985969	0.770197	0.946707	0.947394
2820	0.869057	0.986397	0.986249	0.770484	0.947210	0.947936
2830	0.869321	0.986508	0.986360	0.770691	0.947210	0.947936
2840	0.869666	0.986564	0.986414	0.771098	0.946707	0.947425
2850	0.870018	0.986619	0.986470	0.771300	0.947210	0.947936
2860	0.870476	0.986508	0.986358	0.771675	0.946707	0.947425
2870	0.870894	0.986730	0.986578	0.772094	0.947210	0.947997
2880	0.871350	0.986952	0.986792	0.772314	0.947210	0.947997
2890	0.871830	0.987008	0.986844	0.772648	0.947210	0.947936
2900	0.872090	0.986952	0.986789	0.772880	0.947210	0.947997
2910	0.872540	0.987008	0.986843	0.773407	0.947210	0.947952
2920	0.872997	0.987008	0.986845	0.773899	0.947712	0.948514
2930	0.873263	0.987063	0.986898	0.774167	0.948215	0.949024
2940	0.873746	0.987175	0.987009	0.774510	0.948215	0.949024
2950	0.873940	0.987230	0.987061	0.774658	0.947712	0.948561
2960	0.874173	0.987341	0.987173	0.774850	0.947712	0.948486
2970	0.874479	0.987286	0.987118	0.775101	0.947712	0.948561
2980	0.875089	0.987286	0.987131	0.775628	0.947712	0.948567
2990	0.875502	0.987397	0.987239	0.775929	0.948215	0.949110
3000	0.876033	0.987397	0.987239	0.776424	0.948215	0.949131
3010	0.876485	0.987508	0.987346	0.776776	0.947712	0.948663
3020	0.876776	0.987563	0.987407	0.776965	0.947712	0.948663
3030	0.877183	0.987619	0.987457	0.777293	0.947712	0.948663
3040	0.877538	0.987619	0.987456	0.777471	0.947712	0.948663
3050	0.878175	0.987619	0.987460	0.778148	0.947210	0.948143
3060	0.878558	0.987619	0.987463	0.778494	0.947210	0.948143
3070	0.878854	0.987674	0.987514	0.778760	0.946707	0.947665
3080	0.879301	0.987674	0.987509	0.779192	0.946707	0.947665
3090	0.879556	0.987674	0.987508	0.779384	0.946707	0.947665
3100	0.879905	0.987841	0.987683	0.779783	0.947712	0.948577
3110	0.880255	0.987785	0.987626	0.780111	0.946707	0.947665
3120	0.880589	0.987785	0.987627	0.780554	0.947712	0.948644
3130	0.881192	0.987841	0.987679	0.781187	0.947712	0.948644
3140	0.881744	0.987841	0.987684	0.781826	0.947712	0.948644
3150	0.882028	0.987896	0.987743	0.782072	0.947712	0.948644
3160	0.882329	0.987952	0.987797	0.782331	0.947712	0.948644
3170	0.882709	0.987952	0.987795	0.782640	0.948215	0.949114
3180	0.883136	0.988118	0.987963	0.782931	0.948718	0.949577
3190	0.883476	0.988063	0.987907	0.783328	0.948718	0.949638
3200	0.883808	0.988118	0.987964	0.783575	0.949221	0.950107
3210	0.884126	0.988174	0.988021	0.783821	0.948718	0.949638
3220	0.884444	0.988340	0.988188	0.784093	0.948718	0.949638
3230	0.884633	0.988452	0.988296	0.784003	0.948215	0.949155
3240	0.884871	0.988452	0.988294	0.784221	0.948718	0.949624
3250	0.885115	0.988452	0.988294	0.784387	0.949221	0.950151
3260	0.885367	0.988618	0.988466	0.784583	0.949221	0.950151
3270	0.885697	0.988785	0.988635	0.784939	0.949221	0.950151
3280	0.886200	0.988729	0.988577	0.785396	0.949221	0.950151
3290	0.886472	0.988840	0.988689	0.785633	0.949221	0.950151
3300	0.886951	0.988729	0.988580	0.785998	0.949723	0.950619
3310	0.887356	0.988896	0.988747	0.786412	0.949723	0.950619
3320	0.887488	0.988896	0.988749	0.786480	0.949723	0.950619
3330	0.887959	0.988896	0.988747	0.786828	0.949723	0.950619
3340	0.888352	0.988951	0.988799	0.787243	0.950226	0.951091
3350	0.888706	0.989062	0.988916	0.787605	0.950226	0.951086
3360	0.889046	0.989062	0.988915	0.787901	0.950226	0.951086
3370	0.889382	0.989173	0.989029	0.788201	0.950729	0.951554
3380	0.889726	0.989229	0.989081	0.788551	0.950729	0.951554
3390	0.889947	0.989229	0.989083	0.788726	0.950729	0.951554
3400	0.890302	0.989173	0.989027	0.788994	0.950226	0.951086
3410	0.890561	0.989229	0.989083	0.789178	0.950729	0.951556
3420	0.890910	0.989395	0.989250	0.789521	0.950729	0.951556
3430	0.891280	0.989506	0.989359	0.789905	0.950729	0.951556
3440	0.891677	0.989506	0.989364	0.790312	0.950729	0.951539
3450	0.892152	0.989673	0.989530	0.790641	0.951232	0.952017
3460	0.892537	0.989673	0.989532	0.791476	0.951232	0.952017
3470	0.892937	0.989895	0.989759	0.791923	0.951232	0.952017
3480	0.893192	0.989784	0.989648	0.792170	0.951232	0.952035
3490	0.893382	0.989840	0.989702	0.792349	0.951232	0.952023
3500	0.893534	0.990062	0.989926	0.792414	0.951232	0.952023
3510	0.893735	0.990117	0.989985	0.792575	0.951735	0.952503
3520	0.894018	0.990284	0.990154	0.792746	0.951232	0.952035
3530	0.894364	0.990339	0.990208	0.793036	0.951232	0.952035
3540	0.894664	0.990395	0.990265	0.793329	0.951735	0.952503
3550	0.895036	0.990506	0.990375	0.793546	0.951735	0.952503
3560	0.895346	0.990561	0.990428	0.793854	0.951735	0.952503
3570	0.895491	0.990506	0.990369	0.793953	0.951735	0.952503
3580	0.895716	0.990561	0.990427	0.794138	0.951735	0.952491
3590	0.895943	0.990728	0.990590	0.794328	0.951735	0.952491
3600	0.896346	0.990839	0.990700	0.794775	0.951735	0.952491
3610	0.896795	0.991005	0.990869	0.795256	0.951232	0.952039
3620	0.897150	0.991061	0.990926	0.795669	0.951735	0.952510
3630	0.897452	0.991061	0.990928	0.795994	0.952740	0.953498
3640	0.897753	0.991061	0.990926	0.796328	0.952740	0.953498
3650	0.898181	0.991172	0.991036	0.796704	0.952237	0.953045
3660	0.898480	0.991061	0.990924	0.796975	0.952740	0.953498
3670	0.898850	0.991005	0.990871	0.797391	0.952740	0.953498
3680	0.899142	0.991117	0.990981	0.797759	0.952740	0.953571
3690	0.899641	0.991117	0.990979	0.798107	0.953243	0.954035
3700	0.900002	0.991172	0.991034	0.798417	0.952740	0.953509
3710	0.900462	0.991228	0.991091	0.798998	0.952237	0.953048
3720	0.900650	0.991228	0.991092	0.799153	0.953243	0.954037
3730	0.900851	0.991228	0.991093	0.799341	0.952237	0.953043
3740	0.900949	0.991228	0.991092	0.799481	0.952237	0.953115
3750	0.901185	0.991228	0.991093	0.799693	0.952237	0.953035
3760	0.901483	0.991228	0.991088	0.799900	0.953243	0.954074
3770	0.901595	0.991172	0.991036	0.800061	0.953243	0.954074
3780	0.901734	0.991228	0.991091	0.800202	0.952740	0.953539
3790	0.901994	0.991283	0.991145	0.800382	0.952740	0.953539
3800	0.902231	0.991228	0.991087	0.800433	0.952740	0.953539
3810	0.902545	0.991450	0.991312	0.800711	0.952740	0.953539
3820	0.902934	0.991450	0.991314	0.801154	0.952740	0.953539
3830	0.903139	0.991505	0.991368	0.801314	0.952740	0.953539
3840	0.903431	0.991616	0.991481	0.801648	0.952740	0.953539
3850	0.903546	0.991616	0.991481	0.801721	0.952740	0.953539
3860	0.903740	0.991616	0.991481	0.801959	0.952740	0.953539
3870	0.904044	0.991672	0.991534	0.802155	0.952740	0.953539
3880	0.904336	0.991616	0.991477	0.802481	0.953243	0.954074
3890	0.904659	0.991616	0.991481	0.802815	0.953243	0.954074
3900	0.904926	0.991616	0.991481	0.803142	0.953243	0.954074
3910	0.905357	0.991505	0.991369	0.803373	0.953746	0.954518
3920	0.905654	0.991672	0.991534	0.803617	0.954248	0.955021
3930	0.906018	0.991838	0.991703	0.803917	0.954248	0.954985
3940	0.906276	0.991727	0.991591	0.804108	0.954248	0.954985
3950	0.906393	0.991727	0.991588	0.804153	0.954248	0.954985
3960	0.906723	0.991949	0.991811	0.804471	0.954248	0.954985
3970	0.907177	0.991838	0.991697	0.804841	0.954248	0.954985
3980	0.907466	0.992060	0.991922	0.805127	0.954248	0.954985
3990	0.907665	0.992060	0.991922	0.805301	0.954248	0.954985
4000	0.907895	0.992060	0.991918	0.805533	0.954248	0.954985
4010	0.908158	0.992116	0.991979	0.805753	0.954248	0.954985
4020	0.908355	0.992227	0.992088	0.805860	0.954248	0.954985
4030	0.908709	0.992171	0.992033	0.806097	0.954248	0.954985
4040	0.909021	0.992394	0.992256	0.806337	0.954248	0.954985
4050	0.909299	0.992505	0.992370	0.806577	0.954248	0.954985
4060	0.909448	0.992449	0.992314	0.806821	0.954248	0.955000
4070	0.909584	0.992449	0.992312	0.806957	0.953746	0.954516
4080	0.909791	0.992560	0.992426	0.807287	0.953746	0.954481
4090	0.910085	0.992671	0.992540	0.807538	0.954751	0.955375
4100	0.910283	0.992671	0.992541	0.807708	0.954751	0.955375
4110	0.910498	0.992727	0.992599	0.807922	0.954751	0.955339
4120	0.910806	0.992727	0.992597	0.808283	0.954751	0.955339
4130	0.911002	0.992782	0.992654	0.808439	0.954751	0.955339
4140	0.911249	0.992727	0.992596	0.808726	0.954751	0.955339
4150	0.911581	0.992782	0.992652	0.809028	0.954751	0.955339
4160	0.911818	0.992727	0.992595	0.809240	0.954248	0.954834
4170	0.911994	0.992782	0.992654	0.809494	0.955254	0.955822
4180	0.912265	0.992782	0.992654	0.809679	0.955254	0.955893
4190	0.912457	0.992727	0.992597	0.809910	0.954751	0.955352
4200	0.912777	0.992782	0.992656	0.810097	0.954751	0.955352
4210	0.912900	0.992782	0.992656	0.810279	0.954751	0.955352
4220	0.913107	0.992782	0.992656	0.810544	0.954751	0.955343
4230	0.913270	0.992782	0.992658	0.810682	0.954751	0.955343
4240	0.913642	0.992782	0.992656	0.811144	0.955757	0.956370
4250	0.913906	0.993004	0.992878	0.811384	0.955757	0.956358
4260	0.914334	0.993060	0.992935	0.811786	0.955757	0.956358
4270	0.914559	0.993004	0.992878	0.811981	0.955757	0.956358
4280	0.914829	0.993115	0.992993	0.812195	0.955757	0.956415
4290	0.915009	0.993115	0.992994	0.812445	0.956259	0.956891
4300	0.915104	0.993060	0.992938	0.812509	0.956259	0.956891
4310	0.915270	0.993115	0.992993	0.812668	0.956259	0.956891
4320	0.915556	0.993115	0.992994	0.812883	0.956259	0.956891
4330	0.915865	0.993282	0.993157	0.813111	0.956259	0.956930
4340	0.916057	0.993337	0.993210	0.813258	0.956259	0.956930
4350	0.916206	0.993448	0.993322	0.813378	0.956259	0.956930
4360	0.916531	0.993559	0.993432	0.813699	0.956259	0.956930
4370	0.916752	0.993615	0.993488	0.813989	0.956259	0.956930
4380	0.917023	0.993671	0.993543	0.814098	0.956259	0.956930
4390	0.917337	0.993671	0.993542	0.814168	0.956259	0.956930
4400	0.917464	0.993671	0.993543	0.814261	0.956259	0.956930
4410	0.917593	0.993615	0.993487	0.814333	0.955254	0.956002
4420	0.917836	0.993615	0.993486	0.814655	0.955254	0.956002
4430	0.918350	0.993615	0.993489	0.815158	0.955757	0.956448
4440	0.918558	0.993726	0.993597	0.815253	0.955254	0.956002
4450	0.918735	0.993782	0.993654	0.815315	0.955254	0.956020
4460	0.919043	0.993893	0.993771	0.815662	0.956259	0.956854
4470	0.919273	0.993893	0.993768	0.815748	0.956259	0.956917
4480	0.919477	0.993948	0.993824	0.815883	0.955757	0.956487
4490	0.919618	0.993948	0.993823	0.815902	0.955254	0.956020
4500	0.919850	0.993948	0.993824	0.816163	0.955757	0.956432
4510	0.920028	0.994004	0.993879	0.816327	0.955757	0.956467
4520	0.920233	0.994004	0.993879	0.816592	0.955757	0.956451
4530	0.920349	0.994004	0.993879	0.816690	0.955757	0.956451
4540	0.920706	0.994004	0.993878	0.816960	0.955254	0.955911
4550	0.920922	0.994115	0.993989	0.817364	0.955254	0.955982
4560	0.921150	0.994115	0.993989	0.817641	0.955254	0.955940
4570	0.921377	0.994004	0.993876	0.817779	0.955254	0.955961
4580	0.921674	0.994281	0.994159	0.818023	0.954751	0.955514
4590	0.921878	0.994226	0.994101	0.818179	0.954751	0.955514
4600	0.922053	0.994226	0.994101	0.818410	0.955254	0.955961
4610	0.922380	0.994337	0.994215	0.818719	0.954248	0.954912
4620	0.922649	0.994448	0.994328	0.818875	0.954751	0.955393
4630	0.922924	0.994503	0.994383	0.819105	0.955254	0.955910
4640	0.923177	0.994392	0.994271	0.819227	0.955254	0.955848
4650	0.923360	0.994559	0.994438	0.819373	0.955757	0.956365
4660	0.923688	0.994559	0.994438	0.819699	0.956259	0.956855
4670	0.923922	0.994559	0.994438	0.819996	0.956259	0.956832
4680	0.924204	0.994559	0.994437	0.820338	0.956762	0.957297
4690	0.924533	0.994559	0.994438	0.820667	0.955757	0.956366
4700	0.924688	0.994503	0.994379	0.820849	0.955757	0.956422
4710	0.924835	0.994559	0.994435	0.821093	0.955757	0.956401
4720	0.925190	0.994670	0.994549	0.821385	0.955757	0.956401
4730	0.925462	0.994725	0.994603	0.821534	0.956259	0.956873
4740	0.925713	0.994725	0.994604	0.821726	0.955757	0.956392
4750	0.925954	0.994781	0.994661	0.822048	0.955254	0.955908
4760	0.926327	0.994836	0.994716	0.822255	0.956259	0.956822
4770	0.926523	0.994892	0.994773	0.822447	0.956762	0.957269
4780	0.926695	0.994836	0.994716	0.822568	0.956762	0.957269
4790	0.926809	0.994892	0.994772	0.822689	0.956762	0.957269
4800	0.927067	0.994948	0.994830	0.823058	0.956762	0.957252
4810	0.927300	0.995003	0.994887	0.823270	0.956762	0.957269
4820	0.927635	0.995003	0.994886	0.823551	0.955757	0.956355
4830	0.927838	0.995059	0.994942	0.823694	0.955254	0.955813
4840	0.928104	0.995114	0.994999	0.823908	0.955757	0.956330
4850	0.928313	0.995225	0.995112	0.824134	0.955757	0.956330
4860	0.928436	0.995336	0.995224	0.824289	0.955757	0.956347
4870	0.928581	0.995336	0.995224	0.824402	0.956259	0.956803
4880	0.928795	0.995336	0.995224	0.824722	0.955757	0.956307
4890	0.928879	0.995281	0.995166	0.824684	0.956259	0.956837
4900	0.929173	0.995336	0.995221	0.824801	0.956259	0.956837
4910	0.929323	0.995336	0.995222	0.824857	0.956259	0.956837
4920	0.929466	0.995336	0.995220	0.824893	0.956259	0.956803
4930	0.929651	0.995336	0.995221	0.825086	0.956259	0.956803
4940	0.929937	0.995392	0.995277	0.825256	0.957265	0.957832
4950	0.930163	0.995392	0.995276	0.825548	0.957265	0.957832
4960	0.930416	0.995447	0.995334	0.825788	0.957265	0.957832
4970	0.930677	0.995558	0.995446	0.826101	0.957265	0.957777
4980	0.930822	0.995558	0.995446	0.826242	0.957265	0.957777
4990	0.931047	0.995558	0.995446	0.826395	0.957265	0.957777
5000	0.931219	0.995614	0.995502	0.826436	0.957265	0.957777
5010	0.931351	0.995669	0.995561	0.826770	0.957265	0.957756
5020	0.931549	0.995669	0.995560	0.826937	0.958270	0.958733
5030	0.931752	0.995780	0.995677	0.827133	0.957768	0.958230
5040	0.931991	0.995725	0.995621	0.827308	0.957768	0.958230
5050	0.932268	0.995836	0.995736	0.827509	0.957768	0.958242
5060	0.932429	0.995780	0.995678	0.827703	0.957768	0.958277
5070	0.932616	0.995836	0.995736	0.827823	0.958270	0.958733
5080	0.932814	0.995947	0.995851	0.828041	0.958270	0.958733
5090	0.933020	0.996002	0.995906	0.828173	0.957768	0.958197
5100	0.933155	0.996058	0.995964	0.828323	0.957265	0.957701
5110	0.933360	0.996113	0.996020	0.828427	0.957768	0.958243
5120	0.933511	0.996113	0.996020	0.828562	0.958270	0.958744
5130	0.933748	0.996225	0.996132	0.828792	0.958773	0.959208
5140	0.933935	0.996280	0.996186	0.829030	0.958773	0.959208
5150	0.934022	0.996280	0.996187	0.829199	0.958773	0.959208
5160	0.934130	0.996280	0.996187	0.829260	0.958773	0.959213
5170	0.934319	0.996336	0.996244	0.829439	0.958773	0.959213
5180	0.934439	0.996336	0.996244	0.829622	0.958270	0.958743
5190	0.934638	0.996447	0.996358	0.829895	0.958773	0.959208
5200	0.934790	0.996447	0.996360	0.830008	0.957768	0.958231
5210	0.934961	0.996502	0.996418	0.830135	0.957768	0.958261
5220	0.935148	0.996502	0.996419	0.830246	0.957768	0.958261
5230	0.935350	0.996558	0.996475	0.830319	0.957768	0.958266
5240	0.935470	0.996558	0.996475	0.830433	0.957768	0.958266
5250	0.935586	0.996558	0.996475	0.830502	0.957265	0.957759
5260	0.935854	0.996613	0.996532	0.830750	0.958270	0.958731
5270	0.936015	0.996558	0.996476	0.830853	0.958270	0.958747
5280	0.936081	0.996613	0.996532	0.830917	0.958270	0.958747
5290	0.936246	0.996669	0.996588	0.831083	0.958270	0.958730
5300	0.936511	0.996724	0.996645	0.831320	0.958773	0.959212
5310	0.936740	0.996780	0.996705	0.831533	0.959276	0.959733
5320	0.936995	0.996946	0.996874	0.831803	0.959276	0.959769
5330	0.937215	0.996946	0.996874	0.832075	0.959779	0.960250
5340	0.937379	0.997057	0.996988	0.832168	0.959779	0.960275
5350	0.937469	0.997057	0.996986	0.832135	0.959779	0.960275
5360	0.937532	0.997002	0.996931	0.832165	0.959276	0.959740
5370	0.937664	0.997057	0.996986	0.832283	0.959276	0.959740
5380	0.937877	0.997057	0.996987	0.832405	0.959276	0.959740
5390	0.938138	0.997113	0.997043	0.832644	0.959276	0.959740
5400	0.938499	0.997113	0.997043	0.833090	0.959276	0.959740
5410	0.938690	0.997168	0.997097	0.833357	0.959276	0.959740
5420	0.938922	0.997224	0.997151	0.833697	0.959276	0.959719
5430	0.939163	0.997168	0.997095	0.833957	0.959276	0.959740
5440	0.939282	0.997168	0.997096	0.834100	0.959779	0.960252
5450	0.939527	0.997168	0.997096	0.834319	0.959779	0.960236
5460	0.939712	0.997224	0.997153	0.834526	0.959779	0.960252
5470	0.939923	0.997224	0.997153	0.834655	0.959779	0.960252
5480	0.940060	0.997279	0.997209	0.834694	0.959276	0.959760
5490	0.940285	0.997168	0.997094	0.834803	0.959276	0.959735
5500	0.940470	0.997279	0.997211	0.835001	0.959276	0.959760
5510	0.940668	0.997446	0.997383	0.835190	0.959779	0.960281
5520	0.940880	0.997502	0.997440	0.835418	0.959779	0.960281
5530	0.941103	0.997446	0.997381	0.835653	0.959276	0.959744
5540	0.941339	0.997557	0.997493	0.835873	0.959779	0.960281
5550	0.941508	0.997557	0.997494	0.836125	0.959276	0.959737
5560	0.941733	0.997557	0.997494	0.836319	0.959276	0.959712
5570	0.941847	0.997668	0.997609	0.836539	0.959276	0.959712
5580	0.942001	0.997724	0.997666	0.836699	0.959276	0.959712
5590	0.942088	0.997724	0.997666	0.836734	0.959276	0.959712
5600	0.942226	0.997668	0.997608	0.836919	0.959779	0.960178
5610	0.942300	0.997724	0.997666	0.836947	0.959779	0.960178
5620	0.942390	0.997724	0.997666	0.837005	0.959779	0.960178
5630	0.942524	0.997724	0.997666	0.837111	0.959276	0.959754
5640	0.942774	0.997724	0.997663	0.837330	0.959276	0.959754
5650	0.943041	0.997724	0.997663	0.837729	0.959276	0.959683
5660	0.943135	0.997724	0.997663	0.837865	0.959276	0.959683
5670	0.943283	0.997668	0.997608	0.837918	0.959276	0.959744
5680	0.943422	0.997724	0.997663	0.838105	0.958773	0.959299
5690	0.943559	0.997724	0.997663	0.838218	0.959276	0.959744
5700	0.943736	0.997779	0.997722	0.838348	0.959276	0.959744
5710	0.943918	0.997946	0.997889	0.838511	0.959276	0.959740
5720	0.944052	0.997890	0.997833	0.838651	0.959276	0.959811
5730	0.944207	0.998001	0.997947	0.838851	0.959779	0.960260
5740	0.944367	0.997890	0.997832	0.839083	0.959779	0.960286
5750	0.944450	0.998057	0.998002	0.839250	0.959779	0.960260
5760	0.944554	0.998112	0.998061	0.839386	0.958773	0.959295
5770	0.944691	0.998168	0.998119	0.839521	0.959779	0.960286
5780	0.944831	0.998168	0.998119	0.839577	0.959779	0.960286
5790	0.945000	0.998168	0.998119	0.839816	0.959779	0.960286
5800	0.945120	0.998112	0.998060	0.839902	0.959779	0.960205
5810	0.945185	0.998112	0.998061	0.839921	0.959779	0.960260
5820	0.945301	0.998168	0.998118	0.840061	0.960282	0.960754
5830	0.945397	0.998223	0.998175	0.840121	0.959779	0.960205
5840	0.945472	0.998223	0.998175	0.840142	0.959779	0.960205
5850	0.945587	0.998168	0.998118	0.840231	0.959779	0.960205
5860	0.945746	0.998223	0.998175	0.840473	0.959779	0.960205
5870	0.945926	0.998334	0.998290	0.840727	0.959779	0.960205
5880	0.946010	0.998334	0.998290	0.840858	0.959779	0.960205
5890	0.946123	0.998279	0.998233	0.841116	0.960784	0.961048
5900	0.946199	0.998279	0.998233	0.841235	0.960784	0.961048
5910	0.946270	0.998279	0.998233	0.841312	0.960784	0.961114
5920	0.946397	0.998279	0.998233	0.841430	0.960784	0.961048
5930	0.946454	0.998279	0.998233	0.841503	0.960784	0.961048
5940	0.946552	0.998334	0.998290	0.841583	0.960282	0.960560
5950	0.946574	0.998390	0.998346	0.841603	0.960282	0.960560
5960	0.946596	0.998390	0.998346	0.841684	0.960282	0.960560
5970	0.946710	0.998390	0.998346	0.841831	0.960282	0.960560
5980	0.946860	0.998445	0.998403	0.842016	0.960282	0.960560
5990	0.947074	0.998501	0.998461	0.842266	0.961287	0.961495
6000	0.947294	0.998556	0.998518	0.842424	0.961287	0.961467
6010	0.947348	0.998556	0.998518	0.842483	0.961287	0.961467
6020	0.947465	0.998556	0.998518	0.842600	0.960784	0.960980
6030	0.947601	0.998556	0.998516	0.842692	0.961790	0.961990
6040	0.947738	0.998556	0.998516	0.842833	0.961790	0.961990
6050	0.947821	0.998556	0.998515	0.842852	0.961287	0.961490
6060	0.947983	0.998556	0.998515	0.842987	0.961790	0.961972
6070	0.948045	0.998556	0.998515	0.843050	0.961790	0.961972
6080	0.948158	0.998556	0.998515	0.843158	0.961287	0.961470
6090	0.948299	0.998556	0.998515	0.843269	0.962293	0.962376
6100	0.948390	0.998612	0.998572	0.843393	0.962293	0.962392
6110	0.948517	0.998723	0.998686	0.843494	0.962293	0.962392
6120	0.948593	0.998667	0.998629	0.843616	0.962293	0.962376
6130	0.948643	0.998667	0.998629	0.843709	0.962293	0.962376
6140	0.948769	0.998667	0.998629	0.843800	0.962293	0.962376
6150	0.948924	0.998667	0.998629	0.844082	0.962293	0.962376
6160	0.949082	0.998723	0.998688	0.844274	0.962293	0.962376
6170	0.949247	0.998779	0.998745	0.844416	0.962293	0.962376
6180	0.949378	0.998834	0.998802	0.844553	0.962293	0.962376
6190	0.949500	0.998834	0.998802	0.844767	0.962293	0.962376
6200	0.949684	0.998834	0.998802	0.844818	0.962293	0.962376
6210	0.949814	0.998834	0.998802	0.844968	0.962293	0.962376
6220	0.949835	0.998834	0.998802	0.845010	0.962293	0.962376
6230	0.949874	0.998834	0.998802	0.845074	0.962293	0.962376
6240	0.949993	0.998834	0.998802	0.845153	0.962293	0.962376
6250	0.950121	0.998834	0.998802	0.845251	0.962795	0.962851
6260	0.950222	0.998834	0.998803	0.845339	0.962795	0.962851
6270	0.950351	0.998834	0.998803	0.845513	0.962795	0.962851
6280	0.950502	0.998834	0.998803	0.845544	0.962795	0.962851
6290	0.950589	0.998834	0.998803	0.845615	0.962293	0.962428
6300	0.950772	0.998834	0.998803	0.845760	0.962293	0.962428
6310	0.950861	0.998834	0.998803	0.845788	0.962293	0.962428
6320	0.951034	0.998834	0.998803	0.845887	0.962293	0.962428
6330	0.951138	0.998834	0.998803	0.846108	0.962293	0.962488
6340	0.951180	0.998834	0.998803	0.846133	0.962293	0.962488
6350	0.951223	0.998834	0.998803	0.846161	0.962293	0.962488
6360	0.951412	0.998834	0.998803	0.846341	0.962293	0.962488
6370	0.951600	0.998834	0.998803	0.846543	0.962293	0.962488
6380	0.951766	0.998834	0.998803	0.846651	0.962293	0.962488
6390	0.951882	0.998834	0.998803	0.846731	0.962795	0.962960
6400	0.952043	0.998834	0.998803	0.846887	0.962795	0.962960
6410	0.952186	0.998834	0.998803	0.847124	0.962795	0.962960
6420	0.952302	0.998834	0.998803	0.847216	0.962795	0.962960
6430	0.952426	0.998834	0.998803	0.847334	0.962795	0.962960
6440	0.952583	0.998834	0.998802	0.847563	0.962795	0.962960
6450	0.952780	0.998834	0.998803	0.847869	0.962795	0.962960
6460	0.952915	0.998834	0.998803	0.848019	0.962795	0.962960
6470	0.953011	0.998834	0.998803	0.848045	0.962795	0.962960
6480	0.953156	0.998834	0.998803	0.848108	0.962795	0.962963
6490	0.953260	0.998834	0.998803	0.848226	0.962795	0.962963
6500	0.953327	0.998834	0.998803	0.848251	0.962795	0.962963
6510	0.953347	0.998834	0.998803	0.848305	0.962795	0.962963
6520	0.953498	0.998834	0.998803	0.848345	0.962293	0.962441
6530	0.953531	0.998834	0.998803	0.848371	0.962293	0.962441
6540	0.953584	0.998834	0.998804	0.848413	0.962795	0.962963
6550	0.953703	0.998834	0.998804	0.848443	0.962795	0.962963
6560	0.953752	0.998834	0.998804	0.848434	0.962795	0.962963
6570	0.953804	0.998834	0.998804	0.848483	0.962795	0.962963
6580	0.953979	0.998834	0.998803	0.848627	0.962795	0.963018
6590	0.954073	0.998834	0.998803	0.848737	0.963298	0.963438
6600	0.954145	0.998834	0.998803	0.848854	0.963298	0.963438
6610	0.954255	0.998834	0.998803	0.848954	0.963298	0.963438
6620	0.954352	0.998834	0.998803	0.849071	0.963298	0.963438
6630	0.954462	0.998834	0.998803	0.849207	0.963298	0.963438
6640	0.954532	0.998834	0.998802	0.849214	0.963298	0.963438
6650	0.954601	0.998834	0.998802	0.849351	0.963298	0.963438
6660	0.954656	0.998834	0.998802	0.849479	0.963801	0.963984
6670	0.954832	0.998890	0.998859	0.849737	0.963801	0.963984
6680	0.954989	0.998890	0.998859	0.849981	0.963801	0.963984
6690	0.955197	0.998890	0.998859	0.850465	0.963298	0.963438
6700	0.955276	0.998890	0.998859	0.850575	0.963298	0.963438
6710	0.955392	0.998890	0.998859	0.850758	0.963298	0.963438
6720	0.955488	0.998890	0.998859	0.850843	0.963298	0.963438
6730	0.955600	0.998890	0.998859	0.851099	0.963801	0.963929
6740	0.955710	0.998890	0.998860	0.851167	0.963801	0.963929
6750	0.955766	0.998890	0.998860	0.851174	0.963801	0.963929
6760	0.955885	0.998890	0.998860	0.851383	0.964304	0.964356
6770	0.956026	0.998890	0.998859	0.851520	0.964304	0.964475
6780	0.956117	0.998890	0.998860	0.851593	0.964304	0.964475
6790	0.956196	0.998890	0.998860	0.851683	0.964304	0.964475
6800	0.956295	0.998890	0.998859	0.851768	0.964304	0.964475
6810	0.956412	0.998945	0.998917	0.851842	0.964304	0.964475
6820	0.956549	0.998890	0.998860	0.851877	0.964304	0.964475
6830	0.956680	0.998890	0.998859	0.852033	0.964806	0.964902
6840	0.956802	0.998945	0.998916	0.852219	0.963801	0.964052
6850	0.956912	0.998945	0.998916	0.852253	0.963801	0.964052
6860	0.956985	0.998945	0.998916	0.852294	0.964304	0.964475
6870	0.957088	0.998945	0.998916	0.852378	0.964304	0.964475
6880	0.957240	0.998945	0.998916	0.852594	0.964304	0.964475
6890	0.957336	0.998945	0.998916	0.852676	0.964304	0.964475
6900	0.957518	0.998945	0.998915	0.853003	0.964304	0.964475
6910	0.957682	0.998945	0.998915	0.853189	0.964304	0.964475
6920	0.957770	0.999001	0.998972	0.853256	0.964304	0.964475
6930	0.957854	0.999001	0.998972	0.853396	0.964304	0.964475
6940	0.957888	0.999001	0.998972	0.853432	0.964304	0.964475
6950	0.957920	0.999001	0.998972	0.853480	0.963801	0.964052
6960	0.957952	0.999056	0.999030	0.853546	0.963801	0.964052
6970	0.957988	0.999056	0.999030	0.853646	0.963801	0.964052
6980	0.958024	0.999056	0.999030	0.853742	0.963801	0.964052
6990	0.958089	0.999056	0.999030	0.853871	0.963801	0.964052
7000	0.958197	0.999056	0.999030	0.854055	0.963801	0.964052
7010	0.958295	0.999056	0.999030	0.854171	0.964304	0.964475
7020	0.958431	0.999056	0.999030	0.854351	0.964304	0.964475
7030	0.958483	0.999056	0.999030	0.854402	0.964304	0.964475
7040	0.958542	0.999056	0.999030	0.854467	0.964806	0.964902
7050	0.958614	0.999056	0.999030	0.854534	0.964304	0.964475
7060	0.958693	0.999056	0.999030	0.854606	0.964806	0.964902
7070	0.958807	0.999056	0.999030	0.854715	0.964806	0.964941
7080	0.958834	0.999056	0.999030	0.854762	0.964806	0.964941
7090	0.958880	0.999056	0.999030	0.854807	0.964806	0.964941
7100	0.958904	0.999056	0.999030	0.854874	0.964806	0.964941
7110	0.959024	0.999056	0.999030	0.854985	0.964806	0.964941
7120	0.959113	0.999056	0.999030	0.855099	0.964806	0.964935
7130	0.959205	0.999056	0.999030	0.855171	0.964304	0.964381
7140	0.959327	0.999056	0.999030	0.855264	0.964304	0.964381
7150	0.959439	0.999112	0.999087	0.855317	0.964304	0.964381
7160	0.959519	0.999112	0.999087	0.855378	0.964304	0.964381
7170	0.959536	0.999112	0.999087	0.855436	0.964304	0.964381
7180	0.959545	0.999112	0.999087	0.855440	0.964304	0.964381
7190	0.959556	0.999112	0.999087	0.855453	0.964304	0.964381
7200	0.959567	0.999112	0.999087	0.855456	0.964304	0.964381
7210	0.959575	0.999112	0.999087	0.855467	0.964304	0.964381
7220	0.959584	0.999112	0.999087	0.855468	0.964304	0.964381
7230	0.959593	0.999112	0.999087	0.855474	0.964304	0.964381
7240	0.959606	0.999112	0.999087	0.855486	0.964304	0.964381
7250	0.959614	0.999112	0.999087	0.855496	0.964304	0.964381
7260	0.959621	0.999112	0.999087	0.855504	0.964304	0.964381
7270	0.959629	0.999112	0.999087	0.855514	0.964304	0.964381
7280	0.959635	0.999112	0.999087	0.855520	0.964806	0.964939
7290	0.959647	0.999112	0.999087	0.855546	0.964806	0.964939
7300	0.959735	0.999112	0.999087	0.855658	0.964806	0.964939
7310	0.959771	0.999112	0.999087	0.855711	0.964806	0.964939
7320	0.959793	0.999112	0.999087	0.855689	0.964806	0.964939
7330	0.959880	0.999112	0.999087	0.855770	0.964806	0.964945
7340	0.960014	0.999112	0.999087	0.855934	0.964806	0.964945
7350	0.960147	0.999112	0.999087	0.856122	0.964806	0.964945
7360	0.960231	0.999112	0.999087	0.856267	0.964806	0.964945
7370	0.960354	0.999112	0.999087	0.856402	0.964806	0.964945
7380	0.960437	0.999112	0.999087	0.856562	0.965309	0.965372
7390	0.960507	0.999112	0.999087	0.856698	0.965309	0.965372
7400	0.960624	0.999112	0.999087	0.856942	0.965309	0.965372
7410	0.960716	0.999112	0.999087	0.857054	0.965309	0.965372
7420	0.960790	0.999112	0.999087	0.857183	0.965309	0.965372
7430	0.960868	0.999112	0.999087	0.857250	0.965309	0.965372
7440	0.960954	0.999112	0.999087	0.857330	0.965812	0.965926
7450	0.961015	0.999112	0.999087	0.857394	0.965309	0.965367
7460	0.961064	0.999112	0.999087	0.857413	0.966315	0.966466
7470	0.961123	0.999112	0.999087	0.857418	0.965812	0.965926
7480	0.961162	0.999112	0.999087	0.857435	0.965812	0.965926
7490	0.961214	0.999112	0.999087	0.857506	0.965812	0.965926
7500	0.961283	0.999112	0.999087	0.857587	0.966315	0.966460
7510	0.961332	0.999112	0.999087	0.857598	0.966315	0.966466
7520	0.961435	0.999112	0.999087	0.857677	0.966315	0.966466
7530	0.961498	0.999112	0.999087	0.857719	0.966315	0.966466
7540	0.961553	0.999112	0.999087	0.857788	0.966315	0.966466
7550	0.961613	0.999112	0.999087	0.857865	0.966315	0.966466
7560	0.961698	0.999112	0.999087	0.857953	0.966315	0.966466
7570	0.961786	0.999167	0.999143	0.857994	0.966315	0.966466
7580	0.961856	0.999167	0.999143	0.858048	0.966315	0.966466
7590	0.961936	0.999167	0.999143	0.858143	0.966315	0.966466
7600	0.962029	0.999167	0.999143	0.858277	0.966315	0.966466
7610	0.962127	0.999167	0.999143	0.858355	0.966315	0.966466
7620	0.962203	0.999167	0.999144	0.858384	0.966315	0.966466
7630	0.962266	0.999167	0.999143	0.858477	0.966315	0.966466
7640	0.962321	0.999223	0.999200	0.858563	0.966315	0.966466
7650	0.962374	0.999278	0.999256	0.858607	0.966315	0.966466
7660	0.962423	0.999278	0.999256	0.858638	0.966315	0.966466
7670	0.962505	0.999278	0.999256	0.858689	0.966315	0.966466
7680	0.962615	0.999223	0.999200	0.858837	0.966315	0.966466
7690	0.962656	0.999223	0.999200	0.858935	0.966315	0.966466
7700	0.962685	0.999223	0.999200	0.858984	0.966315	0.966466
7710	0.962706	0.999223	0.999200	0.859017	0.966315	0.966466
7720	0.962775	0.999223	0.999200	0.859257	0.966315	0.966466
7730	0.962905	0.999278	0.999257	0.859533	0.966315	0.966466
7740	0.962989	0.999278	0.999257	0.859663	0.966315	0.966466
7750	0.963045	0.999334	0.999314	0.859737	0.966315	0.966466
7760	0.963144	0.999389	0.999370	0.859594	0.966315	0.966466
7770	0.963194	0.999389	0.999370	0.859592	0.966315	0.966466
7780	0.963254	0.999334	0.999314	0.859665	0.966315	0.966466
7790	0.963344	0.999278	0.999257	0.859748	0.966315	0.966466
7800	0.963398	0.999278	0.999257	0.859749	0.966315	0.966466
7810	0.963421	0.999278	0.999257	0.859779	0.966315	0.966466
7820	0.963439	0.999334	0.999314	0.859803	0.966315	0.966466
7830	0.963459	0.999334	0.999314	0.859832	0.966315	0.966466
7840	0.963488	0.999334	0.999314	0.859875	0.966315	0.966466
7850	0.963549	0.999334	0.999314	0.859936	0.966315	0.966466
7860	0.963650	0.999334	0.999314	0.860026	0.966315	0.966466
7870	0.963745	0.999389	0.999370	0.860225	0.966315	0.966466
7880	0.963855	0.999389	0.999370	0.860312	0.966315	0.966466
7890	0.963931	0.999389	0.999370	0.860383	0.966315	0.966466
7900	0.963998	0.999389	0.999370	0.860443	0.966315	0.966466
7910	0.964025	0.999334	0.999314	0.860490	0.966315	0.966466
7920	0.964139	0.999389	0.999370	0.860624	0.966315	0.966466
7930	0.964227	0.999389	0.999370	0.860715	0.966315	0.966466
7940	0.964305	0.999389	0.999370	0.860839	0.966315	0.966466
7950	0.964418	0.999389	0.999370	0.860864	0.966315	0.966466
7960	0.964509	0.999389	0.999370	0.860953	0.966315	0.966466
7970	0.964587	0.999389	0.999370	0.861067	0.966315	0.966466
7980	0.964613	0.999389	0.999370	0.861145	0.966315	0.966466
7990	0.964639	0.999389	0.999370	0.861157	0.966315	0.966466
8000	0.964662	0.999389	0.999370	0.861174	0.966315	0.966466
8010	0.964739	0.999389	0.999370	0.861232	0.966315	0.966466
8020	0.964795	0.999389	0.999370	0.861197	0.966315	0.966466
8030	0.964861	0.999389	0.999370	0.861258	0.966315	0.966466
8040	0.964917	0.999389	0.999370	0.861352	0.966315	0.966466
8050	0.964969	0.999389	0.999370	0.861407	0.966315	0.966466
8060	0.965060	0.999445	0.999427	0.861498	0.966315	0.966466
8070	0.965130	0.999445	0.999427	0.861468	0.966315	0.966466
8080	0.965216	0.999445	0.999427	0.861594	0.966817	0.966950
8090	0.965285	0.999445	0.999427	0.861658	0.966817	0.966953
8100	0.965328	0.999445	0.999427	0.861660	0.966817	0.966953
8110	0.965388	0.999445	0.999427	0.861753	0.966817	0.966953
8120	0.965458	0.999445	0.999427	0.861819	0.966817	0.966953
8130	0.965528	0.999445	0.999427	0.861879	0.966817	0.966953
8140	0.965664	0.999445	0.999427	0.862114	0.966817	0.966950
8150	0.965748	0.999445	0.999427	0.862165	0.966817	0.966950
8160	0.965786	0.999445	0.999427	0.862231	0.966817	0.966950
8170	0.965836	0.999445	0.999427	0.862271	0.966817	0.966950
8180	0.965912	0.999445	0.999427	0.862349	0.966817	0.966950
8190	0.966033	0.999445	0.999427	0.862442	0.967320	0.967441
8200	0.966127	0.999445	0.999427	0.862578	0.966817	0.966950
8210	0.966220	0.999445	0.999427	0.862715	0.966817	0.966950
8220	0.966288	0.999445	0.999427	0.862778	0.966817	0.966950
8230	0.966343	0.999445	0.999427	0.862836	0.966817	0.966950
8240	0.966388	0.999445	0.999427	0.862865	0.966817	0.966950
8250	0.966448	0.999500	0.999484	0.862950	0.966817	0.966950
8260	0.966499	0.999500	0.999484	0.862920	0.966817	0.966950
8270	0.966568	0.999500	0.999484	0.863001	0.966817	0.966950
8280	0.966638	0.999500	0.999484	0.863107	0.967320	0.967441
8290	0.966704	0.999500	0.999484	0.863199	0.967320	0.967441
8300	0.966807	0.999500	0.999484	0.863226	0.967320	0.967441
8310	0.966892	0.999500	0.999484	0.863313	0.967320	0.967441
8320	0.966925	0.999500	0.999484	0.863329	0.967320	0.967441
8330	0.967005	0.999500	0.999484	0.863417	0.967320	0.967441
8340	0.967069	0.999500	0.999484	0.863468	0.967320	0.967441
8350	0.967141	0.999500	0.999484	0.863581	0.967320	0.967441
8360	0.967215	0.999500	0.999484	0.863676	0.967320	0.967441
8370	0.967288	0.999500	0.999484	0.863783	0.967320	0.967441
8380	0.967368	0.999500	0.999484	0.863890	0.967320	0.967441
8390	0.967430	0.999500	0.999484	0.863947	0.967823	0.967936
8400	0.967475	0.999500	0.999484	0.864034	0.967823	0.967936
8410	0.967517	0.999500	0.999484	0.864119	0.967823	0.967936
8420	0.967565	0.999500	0.999484	0.864164	0.967320	0.967441
8430	0.967600	0.999500	0.999484	0.864238	0.967320	0.967441
8440	0.967660	0.999500	0.999484	0.864328	0.967320	0.967441
8450	0.967740	0.999500	0.999484	0.864431	0.967320	0.967441
8460	0.967782	0.999500	0.999484	0.864476	0.967320	0.967441
8470	0.967831	0.999500	0.999484	0.864516	0.967320	0.967441
8480	0.967872	0.999500	0.999484	0.864570	0.967320	0.967441
8490	0.967960	0.999500	0.999484	0.864709	0.966817	0.966950
8500	0.968034	0.999500	0.999484	0.864825	0.966817	0.966950
8510	0.968105	0.999500	0.999483	0.864926	0.966817	0.966950
8520	0.968152	0.999500	0.999483	0.864977	0.966817	0.966950
8530	0.968189	0.999500	0.999483	0.865018	0.966817	0.966950
8540	0.968253	0.999556	0.999541	0.865106	0.966817	0.966950
8550	0.968330	0.999556	0.999541	0.865179	0.966817	0.966950
8560	0.968379	0.999556	0.999541	0.865243	0.966817	0.966950
8570	0.968441	0.999556	0.999541	0.865307	0.966817	0.966950
8580	0.968500	0.999556	0.999541	0.865393	0.966817	0.966950
8590	0.968569	0.999556	0.999542	0.865419	0.966817	0.966950
8600	0.968599	0.999556	0.999542	0.865456	0.966817	0.966950
8610	0.968668	0.999556	0.999542	0.865512	0.967320	0.967445
8620	0.968713	0.999556	0.999542	0.865613	0.967320	0.967445
8630	0.968749	0.999556	0.999542	0.865702	0.967320	0.967445
8640	0.968796	0.999556	0.999542	0.865701	0.967320	0.967445
8650	0.968844	0.999556	0.999542	0.865733	0.967320	0.967445
8660	0.968907	0.999556	0.999542	0.865842	0.967320	0.967445
8670	0.968989	0.999556	0.999542	0.865916	0.967823	0.967889
8680	0.969026	0.999556	0.999542	0.865962	0.967823	0.967936
8690	0.969086	0.999556	0.999542	0.866006	0.967823	0.967936
8700	0.969144	0.999556	0.999542	0.866091	0.967823	0.967936
8710	0.969190	0.999556	0.999542	0.866136	0.967823	0.967889
8720	0.969229	0.999556	0.999542	0.866189	0.967823	0.967889
8730	0.969277	0.999556	0.999542	0.866309	0.967823	0.967889
8740	0.969295	0.999556	0.999542	0.866298	0.967823	0.967889
8750	0.969387	0.999556	0.999542	0.866473	0.967823	0.967889
8760	0.969459	0.999556	0.999542	0.866565	0.967823	0.967889
8770	0.969553	0.999556	0.999542	0.866602	0.967823	0.967889
8780	0.969591	0.999556	0.999542	0.866631	0.967823	0.967889
8790	0.969671	0.999556	0.999542	0.866786	0.967823	0.967889
8800	0.969735	0.999556	0.999542	0.866862	0.967823	0.967889
8810	0.969797	0.999556	0.999542	0.866885	0.967823	0.967889
8820	0.969844	0.999556	0.999542	0.866895	0.967823	0.967889
8830	0.969905	0.999556	0.999542	0.866948	0.967823	0.967889
8840	0.969939	0.999556	0.999542	0.867011	0.967823	0.967889
8850	0.970019	0.999556	0.999542	0.867088	0.967823	0.967889
8860	0.970066	0.999556	0.999542	0.867140	0.967823	0.967889
8870	0.970105	0.999556	0.999542	0.867133	0.967823	0.967889
8880	0.970158	0.999556	0.999542	0.867182	0.967823	0.967889
8890	0.970202	0.999556	0.999542	0.867255	0.967823	0.967889
8900	0.970263	0.999556	0.999542	0.867352	0.967320	0.967395
8910	0.970336	0.999556	0.999542	0.867418	0.967823	0.967889
8920	0.970362	0.999556	0.999542	0.867463	0.967320	0.967395
8930	0.970412	0.999556	0.999542	0.867593	0.967320	0.967395
8940	0.970467	0.999556	0.999542	0.867666	0.967823	0.967889
8950	0.970509	0.999556	0.999542	0.867745	0.967823	0.967889
8960	0.970568	0.999556	0.999542	0.867803	0.967320	0.967353
8970	0.970605	0.999556	0.999542	0.867852	0.966817	0.966853
8980	0.970649	0.999556	0.999542	0.867912	0.966817	0.966853
8990	0.970704	0.999556	0.999542	0.867993	0.967320	0.967390
9000	0.970751	0.999556	0.999542	0.868047	0.967823	0.967889
9010	0.970780	0.999556	0.999542	0.868063	0.967823	0.967889
9020	0.970845	0.999556	0.999542	0.868145	0.967823	0.967889
9030	0.970904	0.999556	0.999542	0.868190	0.967823	0.967889
9040	0.970962	0.999556	0.999542	0.868249	0.967823	0.967889
9050	0.971008	0.999556	0.999542	0.868329	0.967823	0.967889
9060	0.971066	0.999556	0.999542	0.868381	0.966817	0.966858
9070	0.971114	0.999556	0.999542	0.868417	0.967320	0.967353
9080	0.971178	0.999556	0.999542	0.868519	0.967320	0.967353
9090	0.971231	0.999611	0.999599	0.868603	0.966817	0.966858
9100	0.971276	0.999611	0.999599	0.868604	0.966817	0.966858
9110	0.971310	0.999611	0.999599	0.868721	0.966817	0.966858
9120	0.971375	0.999556	0.999542	0.868926	0.966817	0.966858
9130	0.971435	0.999556	0.999542	0.868937	0.966817	0.966858
9140	0.971493	0.999556	0.999542	0.868988	0.966817	0.966858
9150	0.971551	0.999556	0.999542	0.869094	0.967320	0.967353
9160	0.971613	0.999556	0.999542	0.869177	0.967320	0.967353
9170	0.971646	0.999611	0.999599	0.869266	0.967823	0.967889
9180	0.971679	0.999611	0.999599	0.869329	0.967823	0.967889
9190	0.971700	0.999611	0.999599	0.869360	0.967823	0.967889
9200	0.971726	0.999611	0.999599	0.869415	0.968326	0.968353
9210	0.971750	0.999611	0.999599	0.869446	0.968326	0.968353
9220	0.971775	0.999611	0.999599	0.869465	0.968326	0.968353
9230	0.971797	0.999611	0.999599	0.869494	0.967823	0.967816
9240	0.971824	0.999611	0.999599	0.869524	0.967823	0.967816
9250	0.971875	0.999611	0.999599	0.869568	0.967823	0.967816
9260	0.971964	0.999611	0.999599	0.869654	0.967320	0.967321
9270	0.972010	0.999611	0.999599	0.869724	0.967320	0.967321
9280	0.972068	0.999611	0.999599	0.869810	0.967320	0.967321
9290	0.972174	0.999611	0.999599	0.870064	0.967320	0.967321
9300	0.972228	0.999611	0.999599	0.870173	0.967320	0.967321
9310	0.972286	0.999667	0.999655	0.870207	0.967320	0.967321
9320	0.972376	0.999667	0.999655	0.870339	0.967320	0.967321
9330	0.972426	0.999667	0.999655	0.870440	0.967320	0.967321
9340	0.972455	0.999667	0.999655	0.870551	0.967320	0.967321
9350	0.972523	0.999667	0.999655	0.870644	0.967320	0.967321
9360	0.972557	0.999667	0.999655	0.870648	0.967320	0.967321
9370	0.972584	0.999667	0.999655	0.870666	0.967320	0.967321
9380	0.972632	0.999667	0.999655	0.870690	0.967320	0.967321
9390	0.972687	0.999667	0.999655	0.870713	0.967320	0.967321
9400	0.972738	0.999667	0.999655	0.870774	0.967320	0.967321
9410	0.972794	0.999722	0.999712	0.870839	0.967320	0.967321
9420	0.972824	0.999722	0.999712	0.870890	0.967823	0.967777
9430	0.972866	0.999722	0.999712	0.870975	0.968326	0.968238
9440	0.972935	0.999722	0.999712	0.871071	0.968326	0.968238
9450	0.973002	0.999722	0.999712	0.871157	0.968326	0.968238
9460	0.973049	0.999722	0.999712	0.871195	0.968326	0.968238
9470	0.973095	0.999722	0.999712	0.871252	0.968829	0.968769
9480	0.973138	0.999778	0.999770	0.871273	0.968829	0.968769
9490	0.973200	0.999778	0.999770	0.871272	0.968829	0.968769
9500	0.973249	0.999778	0.999770	0.871374	0.968829	0.968769
9510	0.973283	0.999778	0.999770	0.871387	0.968829	0.968769
9520	0.973320	0.999778	0.999770	0.871449	0.968829	0.968769
9530	0.973380	0.999778	0.999770	0.871506	0.968326	0.968238
9540	0.973443	0.999778	0.999770	0.871571	0.968829	0.968769
9550	0.973473	0.999778	0.999770	0.871658	0.968829	0.968769
9560	0.973496	0.999778	0.999770	0.871687	0.968829	0.968769
9570	0.973505	0.999778	0.999770	0.871691	0.968829	0.968769
9580	0.973528	0.999778	0.999770	0.871700	0.968326	0.968238
9590	0.973559	0.999778	0.999770	0.871720	0.968326	0.968238
9600	0.973583	0.999778	0.999770	0.871704	0.967823	0.967777
9610	0.973634	0.999778	0.999770	0.871754	0.967823	0.967777
9620	0.973660	0.999778	0.999770	0.871787	0.968326	0.968238
9630	0.973699	0.999778	0.999770	0.871827	0.968326	0.968238
9640	0.973731	0.999778	0.999770	0.871880	0.968326	0.968238
9650	0.973750	0.999778	0.999770	0.871880	0.968326	0.968238
9660	0.973770	0.999778	0.999770	0.871895	0.968326	0.968238
9670	0.973794	0.999778	0.999770	0.871913	0.968829	0.968769
9680	0.973845	0.999778	0.999770	0.871996	0.968326	0.968238
9690	0.973859	0.999778	0.999770	0.871995	0.968829	0.968769
9700	0.973915	0.999778	0.999770	0.872019	0.968829	0.968769
9710	0.973930	0.999778	0.999770	0.872047	0.968829	0.968769
9720	0.973942	0.999778	0.999770	0.872079	0.968829	0.968769
9730	0.973952	0.999778	0.999770	0.872120	0.968829	0.968769
9740	0.973967	0.999778	0.999770	0.872182	0.968829	0.968769
9750	0.973978	0.999778	0.999770	0.872209	0.968829	0.968769
9760	0.974015	0.999778	0.999770	0.872248	0.968829	0.968769
9770	0.974043	0.999778	0.999770	0.872271	0.968829	0.968769
9780	0.974096	0.999778	0.999770	0.872292	0.968829	0.968769
9790	0.974134	0.999778	0.999770	0.872325	0.968326	0.968238
9800	0.974178	0.999778	0.999770	0.872423	0.968326	0.968238
9810	0.974246	0.999778	0.999770	0.872482	0.968326	0.968238
9820	0.974277	0.999778	0.999770	0.872504	0.968326	0.968238
9830	0.974326	0.999778	0.999770	0.872547	0.968326	0.968238
9840	0.974372	0.999778	0.999770	0.872592	0.968326	0.968238
9850	0.974401	0.999778	0.999770	0.872630	0.968326	0.968238
9860	0.974470	0.999778	0.999770	0.872661	0.968326	0.968238
9870	0.974494	0.999778	0.999770	0.872670	0.968829	0.968769
9880	0.974530	0.999778	0.999770	0.872698	0.968829	0.968769
9890	0.974581	0.999778	0.999770	0.872666	0.968829	0.968769
9900	0.974631	0.999778	0.999770	0.872724	0.968829	0.968769
9910	0.974662	0.999778	0.999770	0.872753	0.968829	0.968769
9920	0.974725	0.999778	0.999770	0.872726	0.968829	0.968769
9930	0.974765	0.999778	0.999770	0.872737	0.968829	0.968769
9940	0.974812	0.999778	0.999770	0.872807	0.968829	0.968769
9950	0.974856	0.999778	0.999770	0.872871	0.968829	0.968769
9960	0.974871	0.999778	0.999770	0.872898	0.968829	0.968769
9970	0.974891	0.999778	0.999770	0.872887	0.968829	0.968769
9980	0.974936	0.999778	0.999770	0.872926	0.968829	0.968769
9990	0.974966	0.999778	0.999770	0.872924	0.968829	0.968769
10000	0.975004	0.999778	0.999770	0.872941	0.968829	0.968769
