10	0.891536	1.000000	1.000000	0.759451	0.944444	0.939245
20	0.942977	1.000000	1.000000	0.817157	0.944444	0.939245
30	0.961556	1.000000	1.000000	0.846504	0.944444	0.939245
40	0.971088	1.000000	1.000000	0.863183	0.944444	0.939245
50	0.976827	1.000000	1.000000	0.874728	0.944444	0.939245
60	0.980647	1.000000	1.000000	0.884358	0.944444	0.939245
70	0.983371	1.000000	1.000000	0.889014	0.944444	0.939245
80	0.985426	1.000000	1.000000	0.895237	0.944444	0.939245
90	0.987052	1.000000	1.000000	0.899538	0.944444	0.939245
100	0.988341	1.000000	1.000000	0.904111	0.944444	0.939245
110	0.989406	1.000000	1.000000	0.907527	0.944444	0.939245
120	0.990317	1.000000	1.000000	0.910436	0.944444	0.939245
