10	0.892031	1.000000	1.000000	0.793230	0.952381	0.955426
20	0.944777	1.000000	1.000000	0.847491	0.952381	0.955426
30	0.962950	1.000000	1.000000	0.874928	0.952381	0.955426
40	0.972085	1.000000	1.000000	0.889194	1.000000	1.000000
50	0.977610	1.000000	1.000000	0.899658	1.000000	1.000000
60	0.981291	1.000000	1.000000	0.905370	1.000000	1.000000
70	0.983937	1.000000	1.000000	0.910272	1.000000	1.000000
80	0.985919	1.000000	1.000000	0.913091	1.000000	1.000000
90	0.987468	1.000000	1.000000	0.916346	1.000000	1.000000
100	0.988706	1.000000	1.000000	0.918225	1.000000	1.000000
110	0.989720	1.000000	1.000000	0.920064	1.000000	1.000000
120	0.990557	1.000000	1.000000	0.920917	1.000000	1.000000
