10	0.894616	1.000000	1.000000	0.698698	0.764706	0.794289
20	0.945684	1.000000	1.000000	0.735482	0.823529	0.841781
30	0.963533	1.000000	1.000000	0.738488	0.823529	0.841781
40	0.972528	1.000000	1.000000	0.746062	0.823529	0.841781
50	0.977967	1.000000	1.000000	0.744971	0.823529	0.841781
60	0.981587	1.000000	1.000000	0.746131	0.823529	0.841781
70	0.984224	1.000000	1.000000	0.744275	0.823529	0.841781
80	0.986168	1.000000	1.000000	0.745207	0.823529	0.841781
90	0.987684	1.000000	1.000000	0.748827	0.823529	0.841781
100	0.988916	1.000000	1.000000	0.746609	0.823529	0.841781
110	0.989922	1.000000	1.000000	0.742517	0.823529	0.841781
120	0.990756	1.000000	1.000000	0.741750	0.823529	0.841781
