10	0.889578	1.000000	1.000000	0.791299	0.923077	0.937037
20	0.943129	1.000000	1.000000	0.826235	0.923077	0.937037
30	0.961981	1.000000	1.000000	0.850952	0.923077	0.937037
40	0.971260	1.000000	1.000000	0.863457	0.923077	0.937037
50	0.976987	1.000000	1.000000	0.871631	0.923077	0.937037
60	0.980796	1.000000	1.000000	0.879638	0.923077	0.937037
70	0.983525	1.000000	1.000000	0.885915	0.923077	0.937037
80	0.985565	1.000000	1.000000	0.890111	0.923077	0.937037
90	0.987164	1.000000	1.000000	0.893523	0.923077	0.937037
100	0.988445	1.000000	1.000000	0.897602	0.923077	0.937037
110	0.989491	1.000000	1.000000	0.901242	0.923077	0.937037
120	0.990371	1.000000	1.000000	0.903494	0.923077	0.937037
