10	0.894722	1.000000	1.000000	0.787714	0.925926	0.931478
20	0.946169	1.000000	1.000000	0.823492	0.925926	0.931478
30	0.964016	1.000000	1.000000	0.828420	0.925926	0.931478
40	0.972895	1.000000	1.000000	0.830990	0.925926	0.931478
50	0.978321	1.000000	1.000000	0.832343	0.962963	0.964811
60	0.981901	1.000000	1.000000	0.832172	0.962963	0.964811
70	0.984495	1.000000	1.000000	0.831311	0.962963	0.964811
80	0.986421	1.000000	1.000000	0.830441	0.962963	0.964811
90	0.987938	1.000000	1.000000	0.829468	0.962963	0.964811
100	0.989146	1.000000	1.000000	0.828285	0.962963	0.964811
110	0.990114	1.000000	1.000000	0.827186	0.962963	0.964811
120	0.990944	1.000000	1.000000	0.826082	0.962963	0.964811
