10	0.891596	1.000000	1.000000	0.804335	0.933333	0.951338
20	0.943500	1.000000	1.000000	0.869259	0.933333	0.951338
30	0.961874	1.000000	1.000000	0.895439	0.933333	0.951338
40	0.971290	1.000000	1.000000	0.914091	1.000000	1.000000
50	0.976986	1.000000	1.000000	0.927261	1.000000	1.000000
60	0.980781	1.000000	1.000000	0.936591	1.000000	1.000000
70	0.983556	1.000000	1.000000	0.939105	1.000000	1.000000
80	0.985621	1.000000	1.000000	0.942478	1.000000	1.000000
90	0.987222	1.000000	1.000000	0.945167	1.000000	1.000000
100	0.988494	1.000000	1.000000	0.947704	1.000000	1.000000
110	0.989520	1.000000	1.000000	0.950983	1.000000	1.000000
120	0.990390	1.000000	1.000000	0.953195	1.000000	1.000000
