10	0.390858	0.860967	0.817152	0.379352	0.856957	0.812175
20	0.536443	0.880000	0.834913	0.517126	0.876463	0.830497
30	0.602246	0.888327	0.841402	0.584826	0.886866	0.838816
40	0.643223	0.908848	0.911737	0.619897	0.908973	0.910131
50	0.689347	0.962677	0.963045	0.660802	0.946684	0.946864
60	0.721842	0.976654	0.976679	0.689530	0.962289	0.962078
70	0.746175	0.983643	0.983676	0.712697	0.970091	0.970144
80	0.771979	0.986617	0.986653	0.737359	0.970091	0.969915
90	0.797180	0.989442	0.989496	0.761890	0.977893	0.977638
100	0.816669	0.991227	0.991272	0.780908	0.981795	0.981795
110	0.831744	0.993309	0.993342	0.797399	0.979194	0.978940
120	0.844459	0.993903	0.993926	0.809806	0.983095	0.982968
130	0.855945	0.995093	0.995099	0.821921	0.986996	0.986881
140	0.866568	0.995836	0.995837	0.832771	0.989597	0.989611
150	0.877442	0.996283	0.996271	0.844158	0.990897	0.991169
160	0.884086	0.996729	0.996727	0.850705	0.990897	0.990945
170	0.891367	0.997175	0.997176	0.857703	0.990897	0.990945
180	0.898028	0.997770	0.997768	0.864601	0.989597	0.989687
190	0.904186	0.997621	0.997612	0.871564	0.989597	0.989687
200	0.908841	0.997770	0.997756	0.876553	0.990897	0.990945
210	0.914044	0.997770	0.997755	0.881947	0.990897	0.990945
220	0.917393	0.998216	0.998204	0.885699	0.990897	0.990945
230	0.919917	0.998216	0.998204	0.888435	0.992198	0.992220
240	0.923258	0.998364	0.998346	0.891662	0.992198	0.992220
250	0.926663	0.998364	0.998346	0.895361	0.992198	0.992220
260	0.929485	0.998513	0.998493	0.898217	0.992198	0.992280
270	0.932426	0.998364	0.998346	0.901598	0.990897	0.991215
280	0.934956	0.998513	0.998501	0.904172	0.990897	0.991215
290	0.936844	0.998959	0.998947	0.905603	0.992198	0.992473
300	0.939371	0.998959	0.998947	0.908424	0.992198	0.992473
310	0.941422	0.998959	0.998947	0.910551	0.992198	0.992473
320	0.943405	0.998959	0.998947	0.912506	0.992198	0.992473
330	0.944353	0.998959	0.998947	0.913727	0.992198	0.992473
340	0.945730	0.998959	0.998947	0.915226	0.993498	0.993747
350	0.947392	0.998959	0.998947	0.917010	0.993498	0.993747
360	0.948604	0.998959	0.998947	0.918591	0.993498	0.993747
370	0.949689	0.999108	0.999101	0.919633	0.992198	0.992473
380	0.950431	0.999108	0.999101	0.920501	0.993498	0.993747
390	0.951559	0.999257	0.999250	0.921837	0.993498	0.993747
400	0.953004	0.999257	0.999250	0.923252	0.992198	0.992413
410	0.954028	0.999405	0.999398	0.924311	0.992198	0.992413
420	0.955081	0.999257	0.999250	0.925367	0.992198	0.992413
430	0.955879	0.999257	0.999250	0.926208	0.992198	0.992413
440	0.956563	0.999257	0.999250	0.927221	0.992198	0.992413
450	0.956980	0.999257	0.999250	0.927582	0.992198	0.992413
460	0.957585	0.999405	0.999398	0.928332	0.992198	0.992413
470	0.958381	0.999257	0.999250	0.929173	0.992198	0.992413
480	0.959137	0.999405	0.999398	0.930138	0.992198	0.992413
490	0.959839	0.999405	0.999398	0.930999	0.990897	0.991138
500	0.960438	0.999405	0.999398	0.931552	0.990897	0.991138
510	0.960807	0.999257	0.999250	0.931934	0.992198	0.992413
520	0.961492	0.999257	0.999250	0.932700	0.990897	0.991138
530	0.961934	0.999257	0.999250	0.933200	0.993498	0.993655
540	0.962542	0.999257	0.999250	0.933777	0.994798	0.994990
550	0.963032	0.999257	0.999250	0.934299	0.994798	0.994990
560	0.963495	0.999257	0.999250	0.934799	0.993498	0.993715
570	0.964055	0.999257	0.999250	0.935314	0.993498	0.993715
580	0.964724	0.999405	0.999398	0.936149	0.994798	0.994990
590	0.965024	0.999405	0.999398	0.936411	0.994798	0.994990
600	0.965447	0.999405	0.999398	0.936841	0.994798	0.994990
610	0.966160	0.999405	0.999398	0.937690	0.994798	0.994990
620	0.966995	0.999554	0.999547	0.938479	0.994798	0.994990
630	0.967415	0.999554	0.999547	0.938951	0.994798	0.994990
640	0.967782	0.999554	0.999547	0.939443	0.994798	0.994990
650	0.968459	0.999554	0.999547	0.940288	0.994798	0.994990
660	0.968842	0.999554	0.999547	0.940687	0.994798	0.994990
670	0.969084	0.999554	0.999547	0.941003	0.994798	0.994990
680	0.969838	0.999405	0.999398	0.941863	0.994798	0.994990
690	0.970368	0.999405	0.999398	0.942314	0.994798	0.994990
700	0.970660	0.999554	0.999547	0.942635	0.994798	0.994990
710	0.970775	0.999554	0.999547	0.942740	0.994798	0.994990
720	0.971200	0.999554	0.999547	0.943159	0.994798	0.994990
730	0.971790	0.999703	0.999696	0.943812	0.994798	0.994990
740	0.972081	0.999703	0.999696	0.944285	0.994798	0.994990
750	0.972262	0.999703	0.999696	0.944476	0.994798	0.994990
760	0.972458	0.999703	0.999696	0.944668	0.994798	0.994990
770	0.972823	0.999703	0.999696	0.945000	0.994798	0.994990
780	0.973552	0.999703	0.999696	0.946475	0.994798	0.994990
790	0.973693	0.999703	0.999696	0.946725	0.994798	0.994990
800	0.973853	0.999703	0.999696	0.946884	0.994798	0.994990
810	0.974055	0.999703	0.999696	0.947101	0.994798	0.994990
820	0.974588	0.999703	0.999696	0.947675	0.994798	0.994990
830	0.975115	0.999703	0.999696	0.948277	0.994798	0.994990
840	0.975273	0.999703	0.999696	0.948522	0.994798	0.994990
850	0.975574	0.999703	0.999696	0.948966	0.994798	0.994990
860	0.975833	0.999703	0.999696	0.949209	0.994798	0.994990
870	0.976163	0.999703	0.999696	0.949513	0.994798	0.994990
880	0.976500	0.999703	0.999696	0.949959	0.994798	0.994990
890	0.976653	0.999703	0.999696	0.950240	0.994798	0.994990
900	0.976775	0.999703	0.999696	0.950411	0.994798	0.994990
910	0.977146	0.999703	0.999696	0.950821	0.994798	0.994990
920	0.977433	0.999703	0.999696	0.951143	0.994798	0.994990
930	0.977880	0.999703	0.999696	0.951761	0.994798	0.994990
940	0.978172	0.999703	0.999696	0.952177	0.994798	0.994990
950	0.978267	0.999703	0.999696	0.952346	0.994798	0.994990
960	0.978350	0.999703	0.999696	0.952488	0.994798	0.994990
970	0.978625	0.999703	0.999696	0.952839	0.994798	0.994990
980	0.978889	0.999703	0.999696	0.953225	0.994798	0.994990
990	0.979254	0.999703	0.999696	0.953612	0.994798	0.994990
1000	0.979400	0.999703	0.999696	0.953922	0.994798	0.994990
1010	0.979732	0.999703	0.999696	0.954325	0.994798	0.994990
1020	0.979950	0.999703	0.999696	0.954661	0.994798	0.994990
1030	0.980143	0.999703	0.999696	0.955027	0.994798	0.994990
1040	0.980326	0.999703	0.999696	0.955371	0.994798	0.994990
1050	0.980389	0.999703	0.999696	0.955481	0.994798	0.994990
1060	0.980569	0.999851	0.999844	0.955648	0.994798	0.994990
1070	0.981024	0.999851	0.999844	0.956174	0.994798	0.994990
1080	0.981296	0.999851	0.999844	0.956563	0.994798	0.994990
1090	0.981437	0.999851	0.999844	0.956787	0.994798	0.994990
1100	0.981628	0.999851	0.999844	0.957030	0.994798	0.994990
1110	0.981806	0.999851	0.999844	0.957254	0.994798	0.994990
1120	0.982023	0.999851	0.999844	0.957528	0.994798	0.994990
1130	0.982192	1.000000	1.000000	0.957783	0.994798	0.994990
1140	0.982414	1.000000	1.000000	0.958178	0.994798	0.994990
1150	0.982685	1.000000	1.000000	0.958529	0.994798	0.994990
1160	0.982879	1.000000	1.000000	0.958765	0.994798	0.994990
1170	0.982991	1.000000	1.000000	0.958878	0.994798	0.994990
1180	0.983234	1.000000	1.000000	0.959119	0.994798	0.994990
1190	0.983409	1.000000	1.000000	0.959360	0.994798	0.994990
1200	0.983467	1.000000	1.000000	0.959475	0.994798	0.994990
1210	0.983520	1.000000	1.000000	0.959561	0.994798	0.994990
1220	0.983608	1.000000	1.000000	0.959640	0.994798	0.994990
1230	0.983930	1.000000	1.000000	0.959981	0.994798	0.994990
1240	0.984220	1.000000	1.000000	0.960251	0.994798	0.994990
1250	0.984414	1.000000	1.000000	0.960513	0.994798	0.994990
1260	0.984542	1.000000	1.000000	0.960668	0.994798	0.994990
1270	0.984629	1.000000	1.000000	0.960826	0.994798	0.994990
1280	0.984830	1.000000	1.000000	0.961112	0.994798	0.994990
1290	0.984960	1.000000	1.000000	0.961295	0.994798	0.994990
1300	0.985112	1.000000	1.000000	0.961425	0.994798	0.994990
1310	0.985230	1.000000	1.000000	0.961661	0.994798	0.994990
1320	0.985333	1.000000	1.000000	0.961857	0.994798	0.994990
1330	0.985415	1.000000	1.000000	0.962010	0.994798	0.994990
1340	0.985479	1.000000	1.000000	0.962119	0.994798	0.994990
1350	0.985574	1.000000	1.000000	0.962229	0.994798	0.994990
1360	0.985663	1.000000	1.000000	0.962381	0.994798	0.994990
1370	0.985780	1.000000	1.000000	0.962477	0.994798	0.994990
1380	0.985887	1.000000	1.000000	0.962614	0.994798	0.994990
1390	0.986059	1.000000	1.000000	0.962912	0.994798	0.994990
1400	0.986229	1.000000	1.000000	0.963266	0.996099	0.996250
1410	0.986295	1.000000	1.000000	0.963360	0.996099	0.996250
1420	0.986441	1.000000	1.000000	0.963562	0.994798	0.994990
1430	0.986585	1.000000	1.000000	0.963721	0.994798	0.994990
1440	0.986738	1.000000	1.000000	0.963978	0.994798	0.994990
1450	0.986936	1.000000	1.000000	0.964188	0.996099	0.996250
1460	0.987128	1.000000	1.000000	0.964357	0.996099	0.996250
1470	0.987247	1.000000	1.000000	0.964513	0.996099	0.996250
1480	0.987325	1.000000	1.000000	0.964571	0.996099	0.996250
1490	0.987437	1.000000	1.000000	0.964709	0.996099	0.996250
1500	0.987570	1.000000	1.000000	0.965053	0.996099	0.996250
1510	0.987681	1.000000	1.000000	0.965175	0.996099	0.996250
1520	0.987753	1.000000	1.000000	0.965283	0.996099	0.996250
1530	0.987791	1.000000	1.000000	0.965368	0.996099	0.996250
1540	0.987864	1.000000	1.000000	0.965482	0.996099	0.996250
1550	0.987980	1.000000	1.000000	0.965622	0.996099	0.996250
1560	0.988036	1.000000	1.000000	0.965710	0.996099	0.996250
1570	0.988104	1.000000	1.000000	0.965810	0.996099	0.996250
1580	0.988223	1.000000	1.000000	0.965972	0.996099	0.996250
1590	0.988286	1.000000	1.000000	0.966074	0.996099	0.996250
1600	0.988397	1.000000	1.000000	0.966174	0.996099	0.996250
1610	0.988467	1.000000	1.000000	0.966302	0.996099	0.996250
1620	0.988501	1.000000	1.000000	0.966388	0.996099	0.996250
1630	0.988585	1.000000	1.000000	0.966496	0.996099	0.996250
1640	0.988641	1.000000	1.000000	0.966568	0.996099	0.996250
1650	0.988717	1.000000	1.000000	0.966655	0.996099	0.996250
1660	0.988781	1.000000	1.000000	0.966724	0.996099	0.996250
1670	0.988826	1.000000	1.000000	0.966797	0.996099	0.996250
1680	0.988880	1.000000	1.000000	0.966869	0.996099	0.996250
1690	0.988994	1.000000	1.000000	0.967057	0.996099	0.996250
1700	0.989043	1.000000	1.000000	0.967123	0.996099	0.996250
1710	0.989088	1.000000	1.000000	0.967199	0.996099	0.996250
1720	0.989136	1.000000	1.000000	0.967266	0.996099	0.996250
1730	0.989253	1.000000	1.000000	0.967371	0.996099	0.996250
1740	0.989360	1.000000	1.000000	0.967357	0.996099	0.996250
1750	0.989459	1.000000	1.000000	0.967452	0.996099	0.996250
1760	0.989560	1.000000	1.000000	0.967658	0.996099	0.996250
1770	0.989629	1.000000	1.000000	0.967734	0.996099	0.996250
1780	0.989736	1.000000	1.000000	0.967818	0.996099	0.996250
1790	0.989813	1.000000	1.000000	0.967926	0.996099	0.996250
1800	0.989918	1.000000	1.000000	0.968060	0.996099	0.996250
1810	0.989951	1.000000	1.000000	0.968122	0.996099	0.996250
1820	0.989996	1.000000	1.000000	0.968186	0.996099	0.996250
1830	0.990042	1.000000	1.000000	0.968250	0.996099	0.996250
1840	0.990084	1.000000	1.000000	0.968324	0.996099	0.996250
1850	0.990139	1.000000	1.000000	0.968370	0.996099	0.996250
1860	0.990229	1.000000	1.000000	0.968535	0.996099	0.996250
1870	0.990300	1.000000	1.000000	0.968601	0.996099	0.996250
1880	0.990362	1.000000	1.000000	0.968687	0.996099	0.996250
1890	0.990407	1.000000	1.000000	0.968752	0.996099	0.996250
1900	0.990466	1.000000	1.000000	0.968839	0.997399	0.997550
1910	0.990527	1.000000	1.000000	0.969142	0.997399	0.997550
1920	0.990590	1.000000	1.000000	0.969127	0.997399	0.997550
1930	0.990660	1.000000	1.000000	0.969190	0.997399	0.997550
1940	0.990707	1.000000	1.000000	0.969398	0.998700	0.998741
1950	0.990739	1.000000	1.000000	0.969516	0.998700	0.998741
1960	0.990765	1.000000	1.000000	0.969601	0.998700	0.998741
1970	0.990786	1.000000	1.000000	0.969667	0.998700	0.998741
1980	0.990803	1.000000	1.000000	0.969716	0.998700	0.998741
1990	0.990821	1.000000	1.000000	0.969802	0.998700	0.998741
2000	0.990837	1.000000	1.000000	0.969835	0.998700	0.998741
2010	0.990854	1.000000	1.000000	0.969870	0.998700	0.998741
2020	0.990870	1.000000	1.000000	0.969919	0.998700	0.998741
2030	0.990920	1.000000	1.000000	0.970018	0.998700	0.998741
2040	0.990974	1.000000	1.000000	0.970092	0.998700	0.998741
2050	0.991050	1.000000	1.000000	0.970182	0.998700	0.998741
2060	0.991106	1.000000	1.000000	0.970273	0.998700	0.998741
2070	0.991146	1.000000	1.000000	0.970354	0.998700	0.998741
2080	0.991190	1.000000	1.000000	0.970412	0.998700	0.998741
2090	0.991234	1.000000	1.000000	0.970478	0.998700	0.998741
2100	0.991268	1.000000	1.000000	0.970527	0.998700	0.998741
2110	0.991308	1.000000	1.000000	0.970579	0.998700	0.998741
2120	0.991345	1.000000	1.000000	0.970630	0.998700	0.998741
2130	0.991398	1.000000	1.000000	0.970743	0.998700	0.998741
2140	0.991471	1.000000	1.000000	0.970737	0.998700	0.998741
2150	0.991538	1.000000	1.000000	0.970809	0.998700	0.998741
2160	0.991600	1.000000	1.000000	0.970892	0.998700	0.998741
2170	0.991642	1.000000	1.000000	0.970954	0.998700	0.998741
2180	0.991668	1.000000	1.000000	0.970992	0.998700	0.998741
2190	0.991683	1.000000	1.000000	0.971014	0.998700	0.998741
2200	0.991698	1.000000	1.000000	0.971040	0.998700	0.998741
2210	0.991745	1.000000	1.000000	0.971100	0.998700	0.998741
2220	0.991797	1.000000	1.000000	0.971174	0.998700	0.998741
2230	0.991833	1.000000	1.000000	0.971224	0.998700	0.998741
2240	0.991883	1.000000	1.000000	0.971317	0.998700	0.998741
2250	0.991926	1.000000	1.000000	0.971370	0.998700	0.998741
2260	0.991943	1.000000	1.000000	0.971425	0.998700	0.998741
2270	0.991961	1.000000	1.000000	0.971479	0.998700	0.998741
2280	0.991980	1.000000	1.000000	0.971538	0.998700	0.998741
2290	0.991996	1.000000	1.000000	0.971600	0.998700	0.998741
2300	0.992011	1.000000	1.000000	0.971648	0.998700	0.998741
2310	0.992026	1.000000	1.000000	0.971698	0.998700	0.998741
2320	0.992040	1.000000	1.000000	0.971762	0.998700	0.998741
2330	0.992054	1.000000	1.000000	0.971819	0.998700	0.998741
2340	0.992068	1.000000	1.000000	0.971874	0.998700	0.998741
2350	0.992081	1.000000	1.000000	0.971924	0.998700	0.998741
2360	0.992094	1.000000	1.000000	0.971958	0.998700	0.998741
2370	0.992107	1.000000	1.000000	0.971990	0.998700	0.998741
2380	0.992119	1.000000	1.000000	0.972020	0.998700	0.998741
2390	0.992132	1.000000	1.000000	0.972053	0.998700	0.998741
2400	0.992144	1.000000	1.000000	0.972089	0.998700	0.998741
2410	0.992155	1.000000	1.000000	0.972119	0.998700	0.998741
2420	0.992167	1.000000	1.000000	0.972148	0.998700	0.998741
2430	0.992177	1.000000	1.000000	0.972182	0.998700	0.998741
2440	0.992190	1.000000	1.000000	0.972199	0.998700	0.998741
2450	0.992218	1.000000	1.000000	0.972237	0.998700	0.998741
2460	0.992297	1.000000	1.000000	0.972306	0.998700	0.998741
2470	0.992361	1.000000	1.000000	0.972391	0.998700	0.998741
2480	0.992409	1.000000	1.000000	0.972460	0.998700	0.998741
2490	0.992497	1.000000	1.000000	0.972585	0.998700	0.998741
2500	0.992566	1.000000	1.000000	0.972671	0.998700	0.998741
2510	0.992616	1.000000	1.000000	0.972732	0.998700	0.998741
2520	0.992677	1.000000	1.000000	0.972810	0.998700	0.998741
2530	0.992713	1.000000	1.000000	0.972859	0.998700	0.998741
2540	0.992747	1.000000	1.000000	0.972911	0.998700	0.998741
2550	0.992791	1.000000	1.000000	0.973009	0.998700	0.998741
2560	0.992813	1.000000	1.000000	0.973051	0.998700	0.998741
2570	0.992834	1.000000	1.000000	0.973081	0.998700	0.998741
2580	0.992855	1.000000	1.000000	0.973144	0.998700	0.998741
2590	0.992893	1.000000	1.000000	0.973209	0.998700	0.998741
2600	0.992920	1.000000	1.000000	0.973255	0.998700	0.998741
2610	0.992936	1.000000	1.000000	0.973290	0.998700	0.998741
2620	0.992952	1.000000	1.000000	0.973323	0.998700	0.998741
2630	0.992969	1.000000	1.000000	0.973354	0.998700	0.998741
2640	0.992987	1.000000	1.000000	0.973381	0.998700	0.998741
2650	0.993007	1.000000	1.000000	0.973429	0.998700	0.998741
2660	0.993027	1.000000	1.000000	0.973478	0.998700	0.998741
2670	0.993048	1.000000	1.000000	0.973532	0.998700	0.998741
2680	0.993069	1.000000	1.000000	0.973587	0.998700	0.998741
2690	0.993107	1.000000	1.000000	0.973643	0.998700	0.998741
2700	0.993171	1.000000	1.000000	0.973705	0.998700	0.998741
2710	0.993218	1.000000	1.000000	0.973766	0.998700	0.998741
2720	0.993266	1.000000	1.000000	0.973828	0.998700	0.998741
2730	0.993307	1.000000	1.000000	0.973894	0.998700	0.998741
2740	0.993342	1.000000	1.000000	0.973963	0.998700	0.998741
2750	0.993378	1.000000	1.000000	0.974018	0.998700	0.998741
2760	0.993411	1.000000	1.000000	0.974043	0.998700	0.998741
2770	0.993438	1.000000	1.000000	0.974093	0.998700	0.998741
2780	0.993466	1.000000	1.000000	0.974130	0.998700	0.998741
2790	0.993492	1.000000	1.000000	0.974182	0.998700	0.998741
2800	0.993532	1.000000	1.000000	0.974223	0.998700	0.998741
2810	0.993548	1.000000	1.000000	0.974281	0.998700	0.998741
2820	0.993564	1.000000	1.000000	0.974335	0.998700	0.998741
2830	0.993586	1.000000	1.000000	0.974401	0.998700	0.998741
2840	0.993622	1.000000	1.000000	0.974466	0.998700	0.998741
2850	0.993647	1.000000	1.000000	0.974453	0.998700	0.998741
2860	0.993679	1.000000	1.000000	0.974481	0.998700	0.998741
2870	0.993727	1.000000	1.000000	0.974530	0.998700	0.998741
2880	0.993759	1.000000	1.000000	0.974563	0.998700	0.998741
2890	0.993780	1.000000	1.000000	0.974601	0.998700	0.998741
2900	0.993796	1.000000	1.000000	0.974664	0.998700	0.998741
2910	0.993813	1.000000	1.000000	0.974709	0.998700	0.998741
2920	0.993830	1.000000	1.000000	0.974762	0.998700	0.998741
2930	0.993843	1.000000	1.000000	0.974793	0.998700	0.998741
2940	0.993857	1.000000	1.000000	0.974826	0.998700	0.998741
2950	0.993882	1.000000	1.000000	0.974856	0.998700	0.998741
2960	0.993897	1.000000	1.000000	0.974871	0.998700	0.998741
2970	0.993904	1.000000	1.000000	0.974866	0.998700	0.998741
2980	0.993923	1.000000	1.000000	0.974895	0.998700	0.998741
2990	0.993968	1.000000	1.000000	0.974964	0.998700	0.998741
3000	0.994011	1.000000	1.000000	0.975031	0.998700	0.998741
3010	0.994042	1.000000	1.000000	0.975107	0.998700	0.998741
3020	0.994061	1.000000	1.000000	0.975141	0.998700	0.998741
3030	0.994067	1.000000	1.000000	0.975176	0.998700	0.998741
3040	0.994074	1.000000	1.000000	0.975199	0.998700	0.998741
3050	0.994090	1.000000	1.000000	0.975230	0.998700	0.998741
3060	0.994106	1.000000	1.000000	0.975269	0.998700	0.998741
3070	0.994129	1.000000	1.000000	0.975273	0.998700	0.998741
3080	0.994144	1.000000	1.000000	0.975329	0.998700	0.998741
3090	0.994163	1.000000	1.000000	0.975359	0.998700	0.998741
3100	0.994179	1.000000	1.000000	0.975394	0.998700	0.998741
3110	0.994189	1.000000	1.000000	0.975407	0.998700	0.998741
3120	0.994211	1.000000	1.000000	0.975461	0.998700	0.998741
3130	0.994238	1.000000	1.000000	0.975520	0.998700	0.998741
3140	0.994261	1.000000	1.000000	0.975531	0.998700	0.998741
3150	0.994284	1.000000	1.000000	0.975565	0.998700	0.998741
3160	0.994301	1.000000	1.000000	0.975613	0.998700	0.998741
3170	0.994313	1.000000	1.000000	0.975641	0.998700	0.998741
3180	0.994328	1.000000	1.000000	0.975677	0.998700	0.998741
3190	0.994335	1.000000	1.000000	0.975690	0.998700	0.998741
3200	0.994349	1.000000	1.000000	0.975708	0.998700	0.998741
3210	0.994367	1.000000	1.000000	0.975753	0.998700	0.998741
3220	0.994386	1.000000	1.000000	0.975800	0.998700	0.998741
3230	0.994406	1.000000	1.000000	0.975805	0.998700	0.998741
3240	0.994420	1.000000	1.000000	0.975818	0.998700	0.998741
3250	0.994430	1.000000	1.000000	0.975844	0.998700	0.998741
3260	0.994442	1.000000	1.000000	0.975869	0.998700	0.998741
3270	0.994456	1.000000	1.000000	0.975890	0.997399	0.997550
3280	0.994475	1.000000	1.000000	0.975924	0.997399	0.997550
3290	0.994496	1.000000	1.000000	0.976007	0.997399	0.997550
3300	0.994518	1.000000	1.000000	0.976031	0.997399	0.997550
3310	0.994546	1.000000	1.000000	0.976055	0.997399	0.997550
3320	0.994558	1.000000	1.000000	0.976076	0.997399	0.997550
3330	0.994571	1.000000	1.000000	0.976100	0.997399	0.997550
3340	0.994583	1.000000	1.000000	0.976130	0.997399	0.997550
3350	0.994595	1.000000	1.000000	0.976168	0.997399	0.997550
3360	0.994601	1.000000	1.000000	0.976175	0.997399	0.997550
3370	0.994609	1.000000	1.000000	0.976191	0.997399	0.997550
3380	0.994620	1.000000	1.000000	0.976219	0.997399	0.997550
3390	0.994626	1.000000	1.000000	0.976228	0.997399	0.997550
3400	0.994632	1.000000	1.000000	0.976250	0.997399	0.997550
3410	0.994646	1.000000	1.000000	0.976280	0.997399	0.997550
3420	0.994686	1.000000	1.000000	0.976346	0.997399	0.997550
3430	0.994716	1.000000	1.000000	0.976383	0.997399	0.997550
3440	0.994727	1.000000	1.000000	0.976393	0.997399	0.997550
3450	0.994739	1.000000	1.000000	0.976410	0.997399	0.997550
3460	0.994751	1.000000	1.000000	0.976434	0.997399	0.997550
3470	0.994758	1.000000	1.000000	0.976445	0.997399	0.997550
3480	0.994764	1.000000	1.000000	0.976472	0.997399	0.997550
3490	0.994769	1.000000	1.000000	0.976495	0.997399	0.997550
3500	0.994773	1.000000	1.000000	0.976517	0.997399	0.997550
3510	0.994778	1.000000	1.000000	0.976532	0.997399	0.997550
3520	0.994783	1.000000	1.000000	0.976543	0.997399	0.997550
3530	0.994788	1.000000	1.000000	0.976552	0.997399	0.997550
3540	0.994793	1.000000	1.000000	0.976570	0.997399	0.997550
3550	0.994801	1.000000	1.000000	0.976576	0.997399	0.997550
3560	0.994809	1.000000	1.000000	0.976579	0.997399	0.997550
3570	0.994816	1.000000	1.000000	0.976590	0.997399	0.997550
3580	0.994823	1.000000	1.000000	0.976612	0.997399	0.997550
3590	0.994828	1.000000	1.000000	0.976617	0.997399	0.997550
3600	0.994833	1.000000	1.000000	0.976615	0.997399	0.997550
3610	0.994838	1.000000	1.000000	0.976616	0.997399	0.997550
3620	0.994842	1.000000	1.000000	0.976614	0.997399	0.997550
3630	0.994846	1.000000	1.000000	0.976617	0.997399	0.997550
3640	0.994851	1.000000	1.000000	0.976634	0.997399	0.997550
3650	0.994855	1.000000	1.000000	0.976655	0.997399	0.997550
3660	0.994864	1.000000	1.000000	0.976655	0.997399	0.997550
3670	0.994889	1.000000	1.000000	0.976664	0.997399	0.997550
3680	0.994907	1.000000	1.000000	0.976679	0.997399	0.997550
3690	0.994925	1.000000	1.000000	0.976697	0.997399	0.997550
3700	0.994937	1.000000	1.000000	0.976716	0.997399	0.997550
3710	0.994955	1.000000	1.000000	0.976731	0.997399	0.997550
3720	0.994977	1.000000	1.000000	0.976702	0.997399	0.997550
3730	0.994994	1.000000	1.000000	0.976728	0.997399	0.997550
3740	0.995007	1.000000	1.000000	0.976745	0.997399	0.997550
3750	0.995013	1.000000	1.000000	0.976762	0.997399	0.997550
3760	0.995019	1.000000	1.000000	0.976785	0.997399	0.997550
3770	0.995035	1.000000	1.000000	0.976817	0.997399	0.997550
3780	0.995055	1.000000	1.000000	0.976848	0.997399	0.997550
3790	0.995070	1.000000	1.000000	0.976883	0.997399	0.997550
3800	0.995084	1.000000	1.000000	0.976910	0.997399	0.997550
3810	0.995100	1.000000	1.000000	0.976944	0.997399	0.997550
3820	0.995123	1.000000	1.000000	0.977034	0.998700	0.998741
3830	0.995144	1.000000	1.000000	0.977187	0.998700	0.998741
3840	0.995168	1.000000	1.000000	0.977217	0.998700	0.998741
3850	0.995214	1.000000	1.000000	0.977300	0.998700	0.998741
3860	0.995237	1.000000	1.000000	0.977334	0.998700	0.998741
3870	0.995257	1.000000	1.000000	0.977365	0.998700	0.998741
3880	0.995268	1.000000	1.000000	0.977390	0.998700	0.998741
3890	0.995282	1.000000	1.000000	0.977412	0.998700	0.998741
3900	0.995299	1.000000	1.000000	0.977471	0.998700	0.998741
3910	0.995312	1.000000	1.000000	0.977509	0.998700	0.998741
3920	0.995320	1.000000	1.000000	0.977531	0.998700	0.998741
3930	0.995335	1.000000	1.000000	0.977550	0.998700	0.998741
3940	0.995343	1.000000	1.000000	0.977567	0.998700	0.998741
3950	0.995368	1.000000	1.000000	0.977597	0.998700	0.998741
3960	0.995393	1.000000	1.000000	0.977683	0.998700	0.998741
3970	0.995410	1.000000	1.000000	0.977773	0.998700	0.998741
3980	0.995425	1.000000	1.000000	0.977821	0.998700	0.998741
3990	0.995433	1.000000	1.000000	0.977821	0.998700	0.998741
4000	0.995441	1.000000	1.000000	0.977850	0.998700	0.998741
