10	0.388695	0.855853	0.810586	0.373885	0.843962	0.800610
20	0.550740	0.879384	0.832992	0.534768	0.869742	0.825479
30	0.605664	0.886488	0.838948	0.582377	0.872456	0.826830
40	0.656406	0.916087	0.918387	0.631817	0.905020	0.907862
50	0.701404	0.968625	0.968721	0.675777	0.957938	0.958098
60	0.733134	0.980317	0.980263	0.706150	0.971506	0.971486
70	0.764288	0.985793	0.985752	0.735243	0.975577	0.975381
80	0.786975	0.990084	0.990048	0.756387	0.976934	0.976730
90	0.807797	0.992452	0.992466	0.776305	0.976934	0.976689
100	0.823273	0.993488	0.993501	0.789564	0.978290	0.978178
110	0.837475	0.994376	0.994412	0.802321	0.979647	0.979427
120	0.849461	0.994820	0.994848	0.813302	0.979647	0.979471
130	0.861464	0.995856	0.995894	0.824278	0.979647	0.979471
140	0.871061	0.996152	0.996181	0.832907	0.979647	0.979471
150	0.878958	0.996596	0.996621	0.840074	0.979647	0.979471
160	0.887093	0.996596	0.996621	0.847914	0.979647	0.979471
170	0.893828	0.996892	0.996904	0.854444	0.983718	0.983731
180	0.900097	0.997188	0.997208	0.860629	0.983718	0.983731
190	0.905001	0.997632	0.997646	0.864775	0.982361	0.982290
200	0.908858	0.997632	0.997646	0.868298	0.982361	0.982290
210	0.915089	0.998076	0.998103	0.874064	0.982361	0.982290
220	0.919166	0.998372	0.998388	0.877715	0.982361	0.982290
230	0.923764	0.998520	0.998536	0.881850	0.982361	0.982290
240	0.927124	0.998668	0.998684	0.885452	0.982361	0.982290
250	0.930158	0.998520	0.998536	0.888048	0.983718	0.983618
260	0.932473	0.998668	0.998684	0.890191	0.983718	0.983618
270	0.935027	0.998668	0.998684	0.892336	0.983718	0.983618
280	0.937278	0.998668	0.998684	0.895212	0.983718	0.983618
290	0.939651	0.998816	0.998826	0.897170	0.983718	0.983618
300	0.941198	0.998816	0.998826	0.898501	0.985075	0.985047
310	0.942507	0.998816	0.998826	0.899476	0.985075	0.985047
320	0.943845	0.998964	0.998967	0.900860	0.985075	0.985047
330	0.946022	0.998964	0.998967	0.902948	0.985075	0.985047
340	0.947133	0.999112	0.999117	0.904226	0.985075	0.985047
350	0.948057	0.999112	0.999117	0.905151	0.985075	0.985047
360	0.949678	0.999112	0.999117	0.906615	0.985075	0.985047
370	0.950473	0.999112	0.999117	0.907373	0.985075	0.985047
380	0.951386	0.999112	0.999117	0.908238	0.985075	0.985047
390	0.952702	0.999112	0.999117	0.909562	0.985075	0.985047
400	0.953629	0.999112	0.999117	0.910557	0.985075	0.985047
410	0.954977	0.999260	0.999266	0.911594	0.985075	0.985047
420	0.955358	0.999260	0.999266	0.911836	0.985075	0.985047
430	0.955715	0.999408	0.999408	0.912216	0.985075	0.985047
440	0.956099	0.999408	0.999408	0.912594	0.985075	0.985047
450	0.956695	0.999408	0.999408	0.913038	0.985075	0.985047
460	0.957443	0.999408	0.999408	0.913746	0.985075	0.985047
470	0.958146	0.999408	0.999408	0.914374	0.985075	0.985047
480	0.958787	0.999408	0.999408	0.914984	0.985075	0.985047
490	0.959592	0.999408	0.999408	0.915913	0.985075	0.985047
500	0.960507	0.999408	0.999408	0.917128	0.985075	0.985047
510	0.961215	0.999408	0.999408	0.917650	0.985075	0.985047
520	0.961515	0.999556	0.999557	0.917883	0.985075	0.985047
530	0.962179	0.999556	0.999557	0.918449	0.985075	0.985047
540	0.963186	0.999556	0.999557	0.919340	0.985075	0.985047
550	0.963895	0.999556	0.999557	0.920081	0.985075	0.985047
560	0.964555	0.999556	0.999557	0.920871	0.985075	0.985047
570	0.964805	0.999556	0.999557	0.921020	0.985075	0.985047
580	0.965188	0.999556	0.999557	0.921518	0.985075	0.985047
590	0.965775	0.999704	0.999706	0.922071	0.985075	0.985047
600	0.966217	0.999556	0.999557	0.922411	0.985075	0.985047
610	0.966404	0.999556	0.999557	0.922487	0.985075	0.985047
620	0.966667	0.999704	0.999706	0.922659	0.985075	0.985047
630	0.967810	0.999704	0.999706	0.923797	0.985075	0.985047
640	0.968576	0.999704	0.999706	0.924515	0.985075	0.985047
650	0.969087	0.999704	0.999706	0.925313	0.985075	0.985047
660	0.969360	0.999704	0.999706	0.925584	0.985075	0.985047
670	0.969696	0.999704	0.999706	0.925904	0.985075	0.985047
680	0.970114	0.999704	0.999706	0.926620	0.985075	0.985047
690	0.970746	0.999852	0.999853	0.927199	0.985075	0.985047
700	0.971461	0.999852	0.999853	0.927982	0.985075	0.985047
710	0.971895	0.999852	0.999853	0.928440	0.985075	0.985047
720	0.972337	0.999852	0.999853	0.928892	0.985075	0.985047
730	0.972606	0.999852	0.999853	0.929041	0.985075	0.985047
740	0.972988	0.999852	0.999853	0.929500	0.985075	0.985047
750	0.973235	0.999852	0.999853	0.929730	0.985075	0.985047
760	0.973863	0.999852	0.999853	0.930352	0.985075	0.985047
770	0.974171	0.999852	0.999853	0.930735	0.985075	0.985047
780	0.974655	0.999852	0.999853	0.931201	0.985075	0.985047
790	0.974954	0.999852	0.999853	0.931469	0.985075	0.985047
800	0.975106	0.999852	0.999853	0.931598	0.986431	0.986519
810	0.975459	0.999852	0.999853	0.931912	0.986431	0.986519
820	0.975928	0.999852	0.999853	0.932393	0.986431	0.986519
830	0.976190	0.999852	0.999853	0.932584	0.986431	0.986519
840	0.976419	0.999852	0.999853	0.932757	0.986431	0.986519
850	0.976855	0.999852	0.999853	0.933175	0.986431	0.986519
860	0.977247	0.999852	0.999853	0.933502	0.986431	0.986519
870	0.977591	0.999852	0.999853	0.933860	0.986431	0.986519
880	0.977866	0.999852	0.999853	0.934092	0.986431	0.986519
890	0.978176	0.999852	0.999853	0.934412	0.986431	0.986519
900	0.978584	0.999852	0.999853	0.934696	0.986431	0.986519
910	0.978893	0.999852	0.999853	0.935014	0.986431	0.986519
920	0.979318	0.999852	0.999853	0.935417	0.986431	0.986519
930	0.979564	0.999852	0.999853	0.935673	0.986431	0.986519
940	0.979707	0.999852	0.999853	0.935801	0.986431	0.986519
950	0.979947	0.999852	0.999853	0.935931	0.986431	0.986519
960	0.980118	1.000000	1.000000	0.936098	0.986431	0.986519
970	0.980357	1.000000	1.000000	0.936238	0.986431	0.986519
980	0.980459	1.000000	1.000000	0.936367	0.986431	0.986519
990	0.980599	1.000000	1.000000	0.936519	0.986431	0.986519
1000	0.980846	1.000000	1.000000	0.936730	0.987788	0.987969
1010	0.980936	1.000000	1.000000	0.936804	0.987788	0.987969
1020	0.981307	1.000000	1.000000	0.937302	0.987788	0.987921
1030	0.981588	1.000000	1.000000	0.937705	0.987788	0.987921
1040	0.981846	1.000000	1.000000	0.938032	0.987788	0.987921
1050	0.981980	1.000000	1.000000	0.938265	0.986431	0.986519
1060	0.982106	1.000000	1.000000	0.938356	0.986431	0.986519
1070	0.982378	1.000000	1.000000	0.938651	0.987788	0.987969
1080	0.982545	1.000000	1.000000	0.938903	0.987788	0.987969
1090	0.982757	1.000000	1.000000	0.939228	0.987788	0.987969
1100	0.982826	1.000000	1.000000	0.939272	0.987788	0.987969
1110	0.982937	1.000000	1.000000	0.939316	0.987788	0.987969
1120	0.983102	1.000000	1.000000	0.939471	0.987788	0.987969
1130	0.983349	1.000000	1.000000	0.939680	0.989145	0.989258
1140	0.983463	1.000000	1.000000	0.939797	0.989145	0.989258
1150	0.983576	1.000000	1.000000	0.939925	0.989145	0.989258
1160	0.983766	1.000000	1.000000	0.940093	0.990502	0.990650
1170	0.983963	1.000000	1.000000	0.940209	0.990502	0.990650
1180	0.984035	1.000000	1.000000	0.940344	0.990502	0.990650
1190	0.984226	1.000000	1.000000	0.940527	0.990502	0.990650
1200	0.984484	1.000000	1.000000	0.940828	0.990502	0.990650
1210	0.984619	1.000000	1.000000	0.941010	0.991859	0.992059
1220	0.984882	1.000000	1.000000	0.941377	0.991859	0.992059
1230	0.985048	1.000000	1.000000	0.941523	0.991859	0.992059
1240	0.985227	1.000000	1.000000	0.941959	0.991859	0.992059
1250	0.985323	1.000000	1.000000	0.942053	0.991859	0.992059
1260	0.985478	1.000000	1.000000	0.942193	0.991859	0.992059
1270	0.985676	1.000000	1.000000	0.942349	0.990502	0.990769
1280	0.985837	1.000000	1.000000	0.942520	0.991859	0.992059
1290	0.985899	1.000000	1.000000	0.942589	0.991859	0.992059
1300	0.986068	1.000000	1.000000	0.942730	0.991859	0.992059
1310	0.986153	1.000000	1.000000	0.942827	0.991859	0.992059
1320	0.986204	1.000000	1.000000	0.942917	0.991859	0.992059
1330	0.986311	1.000000	1.000000	0.943049	0.991859	0.992059
1340	0.986534	1.000000	1.000000	0.943303	0.991859	0.992059
1350	0.986639	1.000000	1.000000	0.943411	0.991859	0.992059
1360	0.986687	1.000000	1.000000	0.943450	0.991859	0.992059
1370	0.986764	1.000000	1.000000	0.943556	0.991859	0.992059
1380	0.986836	1.000000	1.000000	0.943674	0.991859	0.992059
1390	0.986996	1.000000	1.000000	0.944152	0.991859	0.992059
1400	0.987160	1.000000	1.000000	0.944257	0.991859	0.992059
1410	0.987285	1.000000	1.000000	0.944416	0.991859	0.992059
1420	0.987368	1.000000	1.000000	0.944510	0.991859	0.992059
1430	0.987452	1.000000	1.000000	0.944562	0.991859	0.992059
1440	0.987569	1.000000	1.000000	0.944728	0.991859	0.992059
1450	0.987731	1.000000	1.000000	0.944823	0.991859	0.992059
1460	0.987820	1.000000	1.000000	0.944878	0.991859	0.992059
1470	0.987952	1.000000	1.000000	0.944911	0.991859	0.992059
1480	0.988080	1.000000	1.000000	0.944992	0.991859	0.992059
1490	0.988173	1.000000	1.000000	0.945099	0.991859	0.992059
1500	0.988246	1.000000	1.000000	0.945199	0.991859	0.992059
1510	0.988327	1.000000	1.000000	0.945287	0.991859	0.992059
1520	0.988390	1.000000	1.000000	0.945422	0.991859	0.992059
1530	0.988420	1.000000	1.000000	0.945417	0.991859	0.992059
1540	0.988454	1.000000	1.000000	0.945426	0.991859	0.992059
1550	0.988496	1.000000	1.000000	0.945506	0.991859	0.992059
1560	0.988531	1.000000	1.000000	0.945580	0.991859	0.992059
1570	0.988593	1.000000	1.000000	0.945784	0.991859	0.992059
1580	0.988667	1.000000	1.000000	0.945859	0.991859	0.992059
1590	0.988794	1.000000	1.000000	0.946006	0.991859	0.992059
1600	0.988837	1.000000	1.000000	0.946016	0.991859	0.992059
1610	0.988884	1.000000	1.000000	0.946051	0.991859	0.992059
1620	0.988906	1.000000	1.000000	0.946092	0.991859	0.992059
1630	0.988959	1.000000	1.000000	0.946160	0.991859	0.992059
1640	0.989076	1.000000	1.000000	0.946252	0.991859	0.992059
1650	0.989156	1.000000	1.000000	0.946496	0.991859	0.992059
1660	0.989244	1.000000	1.000000	0.946614	0.991859	0.992059
1670	0.989307	1.000000	1.000000	0.946641	0.991859	0.992059
1680	0.989429	1.000000	1.000000	0.946709	0.991859	0.992059
1690	0.989520	1.000000	1.000000	0.946850	0.991859	0.992059
1700	0.989611	1.000000	1.000000	0.946942	0.991859	0.992059
1710	0.989674	1.000000	1.000000	0.946991	0.991859	0.992059
1720	0.989737	1.000000	1.000000	0.947030	0.991859	0.992059
1730	0.989777	1.000000	1.000000	0.947034	0.991859	0.992059
1740	0.989839	1.000000	1.000000	0.947100	0.991859	0.992059
1750	0.989861	1.000000	1.000000	0.947103	0.991859	0.992059
1760	0.989961	1.000000	1.000000	0.947239	0.991859	0.992059
1770	0.990035	1.000000	1.000000	0.947315	0.991859	0.992059
1780	0.990091	1.000000	1.000000	0.947304	0.991859	0.992059
1790	0.990170	1.000000	1.000000	0.947398	0.991859	0.992059
1800	0.990237	1.000000	1.000000	0.947650	0.991859	0.992059
1810	0.990300	1.000000	1.000000	0.947874	0.991859	0.992059
1820	0.990351	1.000000	1.000000	0.947926	0.991859	0.992059
1830	0.990438	1.000000	1.000000	0.948081	0.991859	0.992059
1840	0.990512	1.000000	1.000000	0.948104	0.991859	0.992059
1850	0.990591	1.000000	1.000000	0.947942	0.991859	0.992059
1860	0.990635	1.000000	1.000000	0.947979	0.991859	0.992059
1870	0.990673	1.000000	1.000000	0.948019	0.991859	0.992059
1880	0.990704	1.000000	1.000000	0.948026	0.991859	0.992059
1890	0.990794	1.000000	1.000000	0.948177	0.991859	0.992059
1900	0.990854	1.000000	1.000000	0.948331	0.991859	0.992059
1910	0.990882	1.000000	1.000000	0.948335	0.991859	0.992059
1920	0.990910	1.000000	1.000000	0.948393	0.991859	0.992059
1930	0.990967	1.000000	1.000000	0.948514	0.991859	0.992059
1940	0.991017	1.000000	1.000000	0.948571	0.991859	0.992059
1950	0.991064	1.000000	1.000000	0.948596	0.991859	0.992059
1960	0.991113	1.000000	1.000000	0.948686	0.991859	0.992059
1970	0.991160	1.000000	1.000000	0.948701	0.991859	0.992059
1980	0.991239	1.000000	1.000000	0.948806	0.991859	0.992059
1990	0.991279	1.000000	1.000000	0.948831	0.991859	0.992059
2000	0.991322	1.000000	1.000000	0.948828	0.991859	0.992059
2010	0.991405	1.000000	1.000000	0.948865	0.991859	0.992059
2020	0.991472	1.000000	1.000000	0.948974	0.991859	0.992059
2030	0.991520	1.000000	1.000000	0.949018	0.991859	0.992059
2040	0.991554	1.000000	1.000000	0.949073	0.991859	0.992059
2050	0.991583	1.000000	1.000000	0.949094	0.991859	0.992059
2060	0.991675	1.000000	1.000000	0.949198	0.991859	0.992059
2070	0.991741	1.000000	1.000000	0.949279	0.991859	0.992059
2080	0.991779	1.000000	1.000000	0.949354	0.991859	0.992059
2090	0.991818	1.000000	1.000000	0.949355	0.991859	0.992059
2100	0.991844	1.000000	1.000000	0.949371	0.991859	0.992059
2110	0.991888	1.000000	1.000000	0.949466	0.991859	0.992059
2120	0.991975	1.000000	1.000000	0.949535	0.991859	0.992059
2130	0.992023	1.000000	1.000000	0.949587	0.991859	0.992059
2140	0.992045	1.000000	1.000000	0.949606	0.991859	0.992059
2150	0.992085	1.000000	1.000000	0.949646	0.991859	0.992059
2160	0.992102	1.000000	1.000000	0.949647	0.991859	0.992059
2170	0.992118	1.000000	1.000000	0.949653	0.991859	0.992059
2180	0.992171	1.000000	1.000000	0.949600	0.991859	0.992059
2190	0.992227	1.000000	1.000000	0.949511	0.991859	0.992059
2200	0.992251	1.000000	1.000000	0.949528	0.991859	0.992059
2210	0.992262	1.000000	1.000000	0.949531	0.991859	0.992059
2220	0.992279	1.000000	1.000000	0.949543	0.991859	0.992059
2230	0.992327	1.000000	1.000000	0.949671	0.991859	0.992059
2240	0.992354	1.000000	1.000000	0.949727	0.991859	0.992059
2250	0.992377	1.000000	1.000000	0.949751	0.991859	0.992059
2260	0.992403	1.000000	1.000000	0.949763	0.991859	0.992059
2270	0.992430	1.000000	1.000000	0.949783	0.991859	0.992059
2280	0.992477	1.000000	1.000000	0.949839	0.991859	0.992059
2290	0.992570	1.000000	1.000000	0.949889	0.991859	0.992059
2300	0.992610	1.000000	1.000000	0.949915	0.991859	0.992059
2310	0.992652	1.000000	1.000000	0.949969	0.991859	0.992059
2320	0.992698	1.000000	1.000000	0.950024	0.991859	0.992059
2330	0.992734	1.000000	1.000000	0.950087	0.991859	0.992059
2340	0.992759	1.000000	1.000000	0.950093	0.991859	0.992059
2350	0.992793	1.000000	1.000000	0.950130	0.991859	0.992059
2360	0.992814	1.000000	1.000000	0.950181	0.991859	0.992059
2370	0.992836	1.000000	1.000000	0.950198	0.991859	0.992059
2380	0.992872	1.000000	1.000000	0.950249	0.991859	0.992059
2390	0.992925	1.000000	1.000000	0.950285	0.991859	0.992059
2400	0.992959	1.000000	1.000000	0.950346	0.991859	0.992059
2410	0.992987	1.000000	1.000000	0.950368	0.991859	0.992059
2420	0.993017	1.000000	1.000000	0.950409	0.991859	0.992059
2430	0.993061	1.000000	1.000000	0.950387	0.991859	0.992059
2440	0.993089	1.000000	1.000000	0.950401	0.991859	0.992059
2450	0.993147	1.000000	1.000000	0.950486	0.991859	0.992059
2460	0.993169	1.000000	1.000000	0.950520	0.991859	0.992059
2470	0.993189	1.000000	1.000000	0.950538	0.991859	0.992059
2480	0.993218	1.000000	1.000000	0.950581	0.991859	0.992059
2490	0.993243	1.000000	1.000000	0.950623	0.991859	0.992059
2500	0.993259	1.000000	1.000000	0.950645	0.991859	0.992059
2510	0.993273	1.000000	1.000000	0.950657	0.991859	0.992059
2520	0.993287	1.000000	1.000000	0.950665	0.991859	0.992059
2530	0.993306	1.000000	1.000000	0.950666	0.991859	0.992059
2540	0.993333	1.000000	1.000000	0.950715	0.991859	0.992059
2550	0.993349	1.000000	1.000000	0.950753	0.991859	0.992059
2560	0.993376	1.000000	1.000000	0.950764	0.991859	0.992059
2570	0.993431	1.000000	1.000000	0.950761	0.991859	0.992059
2580	0.993472	1.000000	1.000000	0.950690	0.991859	0.992059
2590	0.993494	1.000000	1.000000	0.950706	0.991859	0.992059
2600	0.993515	1.000000	1.000000	0.950720	0.991859	0.992059
2610	0.993559	1.000000	1.000000	0.950686	0.991859	0.992059
2620	0.993592	1.000000	1.000000	0.950831	0.991859	0.992059
2630	0.993617	1.000000	1.000000	0.950891	0.991859	0.992059
2640	0.993630	1.000000	1.000000	0.950896	0.991859	0.992059
2650	0.993642	1.000000	1.000000	0.950904	0.991859	0.992059
2660	0.993655	1.000000	1.000000	0.950906	0.991859	0.992059
2670	0.993670	1.000000	1.000000	0.950910	0.991859	0.992059
2680	0.993723	1.000000	1.000000	0.951011	0.991859	0.992059
2690	0.993731	1.000000	1.000000	0.951024	0.991859	0.992059
2700	0.993738	1.000000	1.000000	0.951012	0.991859	0.992059
2710	0.993744	1.000000	1.000000	0.951003	0.991859	0.992059
2720	0.993752	1.000000	1.000000	0.951013	0.991859	0.992059
2730	0.993765	1.000000	1.000000	0.951023	0.991859	0.992059
2740	0.993800	1.000000	1.000000	0.951067	0.991859	0.992059
2750	0.993820	1.000000	1.000000	0.951076	0.991859	0.992059
2760	0.993837	1.000000	1.000000	0.951080	0.991859	0.992059
2770	0.993847	1.000000	1.000000	0.951094	0.991859	0.992059
2780	0.993868	1.000000	1.000000	0.951122	0.991859	0.992059
2790	0.993889	1.000000	1.000000	0.951178	0.991859	0.992059
2800	0.993904	1.000000	1.000000	0.951188	0.991859	0.992059
2810	0.993928	1.000000	1.000000	0.951203	0.991859	0.992059
2820	0.993947	1.000000	1.000000	0.951212	0.991859	0.992059
2830	0.993970	1.000000	1.000000	0.951236	0.991859	0.992059
2840	0.993996	1.000000	1.000000	0.951283	0.991859	0.992059
2850	0.994011	1.000000	1.000000	0.951315	0.991859	0.992059
2860	0.994030	1.000000	1.000000	0.951308	0.991859	0.992059
2870	0.994044	1.000000	1.000000	0.951342	0.991859	0.992059
2880	0.994056	1.000000	1.000000	0.951355	0.991859	0.992059
2890	0.994090	1.000000	1.000000	0.951427	0.991859	0.992059
2900	0.994112	1.000000	1.000000	0.951442	0.991859	0.992059
2910	0.994130	1.000000	1.000000	0.951468	0.991859	0.992059
2920	0.994150	1.000000	1.000000	0.951512	0.991859	0.992059
2930	0.994166	1.000000	1.000000	0.951541	0.991859	0.992059
2940	0.994188	1.000000	1.000000	0.951523	0.991859	0.992059
2950	0.994222	1.000000	1.000000	0.951574	0.991859	0.992059
2960	0.994235	1.000000	1.000000	0.951594	0.991859	0.992059
2970	0.994263	1.000000	1.000000	0.951627	0.991859	0.992059
2980	0.994299	1.000000	1.000000	0.951640	0.991859	0.992059
2990	0.994326	1.000000	1.000000	0.951670	0.991859	0.992059
3000	0.994352	1.000000	1.000000	0.951698	0.991859	0.992059
3010	0.994378	1.000000	1.000000	0.951713	0.991859	0.992059
3020	0.994400	1.000000	1.000000	0.951740	0.991859	0.992059
3030	0.994415	1.000000	1.000000	0.951785	0.991859	0.992059
3040	0.994428	1.000000	1.000000	0.951824	0.991859	0.992059
3050	0.994446	1.000000	1.000000	0.951854	0.991859	0.992059
3060	0.994472	1.000000	1.000000	0.951896	0.991859	0.992059
3070	0.994495	1.000000	1.000000	0.952093	0.991859	0.992059
3080	0.994523	1.000000	1.000000	0.952210	0.991859	0.992059
3090	0.994539	1.000000	1.000000	0.952226	0.991859	0.992059
3100	0.994563	1.000000	1.000000	0.952267	0.991859	0.992059
3110	0.994577	1.000000	1.000000	0.952284	0.991859	0.992059
3120	0.994592	1.000000	1.000000	0.952309	0.991859	0.992059
3130	0.994601	1.000000	1.000000	0.952319	0.991859	0.992059
3140	0.994610	1.000000	1.000000	0.952329	0.991859	0.992059
3150	0.994628	1.000000	1.000000	0.952399	0.991859	0.992059
3160	0.994642	1.000000	1.000000	0.952384	0.991859	0.992059
3170	0.994652	1.000000	1.000000	0.952402	0.991859	0.992059
3180	0.994665	1.000000	1.000000	0.952422	0.991859	0.992059
3190	0.994676	1.000000	1.000000	0.952428	0.991859	0.992059
3200	0.994718	1.000000	1.000000	0.952460	0.991859	0.992059
3210	0.994761	1.000000	1.000000	0.952490	0.991859	0.992059
3220	0.994775	1.000000	1.000000	0.952499	0.991859	0.992059
3230	0.994791	1.000000	1.000000	0.952507	0.991859	0.992059
3240	0.994803	1.000000	1.000000	0.952520	0.991859	0.992059
3250	0.994819	1.000000	1.000000	0.952503	0.991859	0.992059
3260	0.994842	1.000000	1.000000	0.952535	0.991859	0.992059
3270	0.994856	1.000000	1.000000	0.952519	0.991859	0.992059
3280	0.994884	1.000000	1.000000	0.952409	0.991859	0.992059
3290	0.994894	1.000000	1.000000	0.952405	0.991859	0.992059
3300	0.994900	1.000000	1.000000	0.952409	0.991859	0.992059
3310	0.994909	1.000000	1.000000	0.952406	0.991859	0.992059
3320	0.994920	1.000000	1.000000	0.952407	0.991859	0.992059
3330	0.994953	1.000000	1.000000	0.952470	0.991859	0.992059
3340	0.994982	1.000000	1.000000	0.952538	0.991859	0.992059
3350	0.995002	1.000000	1.000000	0.952579	0.991859	0.992059
3360	0.995019	1.000000	1.000000	0.952714	0.991859	0.992059
3370	0.995035	1.000000	1.000000	0.952745	0.991859	0.992059
3380	0.995052	1.000000	1.000000	0.952812	0.991859	0.992059
3390	0.995067	1.000000	1.000000	0.952826	0.991859	0.992059
3400	0.995097	1.000000	1.000000	0.952871	0.991859	0.992059
3410	0.995113	1.000000	1.000000	0.952904	0.991859	0.992059
3420	0.995127	1.000000	1.000000	0.952927	0.991859	0.992059
3430	0.995136	1.000000	1.000000	0.952936	0.991859	0.992059
3440	0.995142	1.000000	1.000000	0.952931	0.991859	0.992059
3450	0.995156	1.000000	1.000000	0.952932	0.991859	0.992059
3460	0.995166	1.000000	1.000000	0.952933	0.991859	0.992059
3470	0.995178	1.000000	1.000000	0.952937	0.991859	0.992059
3480	0.995189	1.000000	1.000000	0.952929	0.991859	0.992059
3490	0.995196	1.000000	1.000000	0.952936	0.991859	0.992059
3500	0.995211	1.000000	1.000000	0.952916	0.991859	0.992059
3510	0.995233	1.000000	1.000000	0.952887	0.991859	0.992059
3520	0.995243	1.000000	1.000000	0.952879	0.991859	0.992059
3530	0.995262	1.000000	1.000000	0.952797	0.991859	0.992059
3540	0.995283	1.000000	1.000000	0.952798	0.991859	0.992059
3550	0.995301	1.000000	1.000000	0.952869	0.991859	0.992059
3560	0.995314	1.000000	1.000000	0.952911	0.991859	0.992059
3570	0.995328	1.000000	1.000000	0.952943	0.991859	0.992059
3580	0.995342	1.000000	1.000000	0.952953	0.991859	0.992059
3590	0.995351	1.000000	1.000000	0.952949	0.991859	0.992059
3600	0.995365	1.000000	1.000000	0.952997	0.991859	0.992059
3610	0.995379	1.000000	1.000000	0.953000	0.991859	0.992059
3620	0.995395	1.000000	1.000000	0.953010	0.991859	0.992059
3630	0.995409	1.000000	1.000000	0.953030	0.991859	0.992059
3640	0.995420	1.000000	1.000000	0.953038	0.991859	0.992059
3650	0.995428	1.000000	1.000000	0.953071	0.991859	0.992059
3660	0.995438	1.000000	1.000000	0.953071	0.991859	0.992059
3670	0.995445	1.000000	1.000000	0.953069	0.991859	0.992059
3680	0.995455	1.000000	1.000000	0.953075	0.991859	0.992059
3690	0.995470	1.000000	1.000000	0.953085	0.991859	0.992059
3700	0.995509	1.000000	1.000000	0.953112	0.991859	0.992059
3710	0.995538	1.000000	1.000000	0.953126	0.991859	0.992059
3720	0.995549	1.000000	1.000000	0.953135	0.991859	0.992059
3730	0.995558	1.000000	1.000000	0.953139	0.991859	0.992059
3740	0.995570	1.000000	1.000000	0.953129	0.991859	0.992059
3750	0.995588	1.000000	1.000000	0.953122	0.991859	0.992059
3760	0.995608	1.000000	1.000000	0.953115	0.991859	0.992059
3770	0.995622	1.000000	1.000000	0.953116	0.991859	0.992059
3780	0.995633	1.000000	1.000000	0.953132	0.991859	0.992059
3790	0.995644	1.000000	1.000000	0.953142	0.991859	0.992059
3800	0.995653	1.000000	1.000000	0.953171	0.991859	0.992059
3810	0.995661	1.000000	1.000000	0.953181	0.991859	0.992059
3820	0.995670	1.000000	1.000000	0.953188	0.991859	0.992059
3830	0.995683	1.000000	1.000000	0.953209	0.991859	0.992059
3840	0.995693	1.000000	1.000000	0.953230	0.991859	0.992059
3850	0.995696	1.000000	1.000000	0.953245	0.991859	0.992059
3860	0.995699	1.000000	1.000000	0.953276	0.991859	0.992059
3870	0.995701	1.000000	1.000000	0.953284	0.991859	0.992059
3880	0.995703	1.000000	1.000000	0.953315	0.991859	0.992059
3890	0.995705	1.000000	1.000000	0.953347	0.991859	0.992059
3900	0.995708	1.000000	1.000000	0.953352	0.991859	0.992059
3910	0.995710	1.000000	1.000000	0.953357	0.991859	0.992059
3920	0.995713	1.000000	1.000000	0.953373	0.991859	0.992059
3930	0.995715	1.000000	1.000000	0.953378	0.991859	0.992059
3940	0.995717	1.000000	1.000000	0.953380	0.991859	0.992059
3950	0.995719	1.000000	1.000000	0.953388	0.991859	0.992059
3960	0.995722	1.000000	1.000000	0.953396	0.991859	0.992059
3970	0.995724	1.000000	1.000000	0.953386	0.991859	0.992059
3980	0.995727	1.000000	1.000000	0.953378	0.991859	0.992059
3990	0.995729	1.000000	1.000000	0.953373	0.991859	0.992059
4000	0.995731	1.000000	1.000000	0.953368	0.991859	0.992059
