10	0.392550	0.852696	0.808811	0.388918	0.847436	0.804873
20	0.545885	0.877420	0.832090	0.541054	0.878205	0.834235
30	0.611475	0.887548	0.840480	0.600180	0.884615	0.838376
40	0.671990	0.956360	0.956810	0.658265	0.944872	0.946631
50	0.717603	0.974084	0.974115	0.699659	0.966667	0.967433
60	0.746977	0.981382	0.981403	0.728068	0.973077	0.973738
70	0.773132	0.985850	0.985893	0.752360	0.979487	0.979827
80	0.793829	0.989127	0.989157	0.770676	0.980769	0.981178
90	0.814653	0.990468	0.990499	0.790255	0.980769	0.981216
100	0.828124	0.992255	0.992277	0.803076	0.980769	0.981216
110	0.842808	0.992851	0.992861	0.816619	0.982051	0.982567
120	0.854525	0.993744	0.993749	0.828537	0.983333	0.983740
130	0.864913	0.994638	0.994644	0.838084	0.983333	0.983713
140	0.874697	0.995383	0.995369	0.847768	0.985897	0.986229
150	0.883743	0.996276	0.996265	0.856470	0.987179	0.987531
160	0.891026	0.996425	0.996416	0.864027	0.988462	0.988752
170	0.897637	0.996872	0.996859	0.870174	0.989744	0.990062
180	0.903089	0.996723	0.996704	0.875440	0.991026	0.991274
190	0.908261	0.996872	0.996852	0.880901	0.991026	0.991274
200	0.913680	0.997468	0.997448	0.885721	0.991026	0.991274
210	0.918413	0.998064	0.998050	0.890462	0.992308	0.992539
220	0.922307	0.998213	0.998199	0.894677	0.992308	0.992539
230	0.925825	0.998511	0.998497	0.897925	0.993590	0.993717
240	0.928268	0.998808	0.998801	0.900306	0.994872	0.995004
250	0.931153	0.998957	0.998944	0.903090	0.993590	0.993717
260	0.934410	0.999106	0.999093	0.906278	0.994872	0.995004
270	0.936538	0.998957	0.998944	0.908481	0.994872	0.995004
280	0.938494	0.999106	0.999093	0.910649	0.994872	0.995004
290	0.940507	0.998957	0.998944	0.912372	0.994872	0.995004
300	0.942139	0.998957	0.998944	0.913833	0.994872	0.995004
310	0.943876	0.998957	0.998944	0.915598	0.994872	0.995004
320	0.945586	0.998957	0.998944	0.917118	0.994872	0.995004
330	0.947141	0.999106	0.999092	0.918654	0.993590	0.993717
340	0.948260	0.999255	0.999248	0.919660	0.993590	0.993717
350	0.949537	0.999255	0.999248	0.920775	0.993590	0.993717
360	0.950782	0.999255	0.999248	0.922014	0.993590	0.993717
370	0.951811	0.999255	0.999248	0.922878	0.993590	0.993717
380	0.952903	0.999255	0.999248	0.924103	0.992308	0.992546
390	0.953942	0.999255	0.999248	0.925181	0.993590	0.993717
400	0.955528	0.999404	0.999397	0.926914	0.993590	0.993717
410	0.956151	0.999404	0.999397	0.927196	0.993590	0.993717
420	0.956987	0.999404	0.999397	0.928010	0.993590	0.993717
430	0.957768	0.999404	0.999397	0.928609	0.992308	0.992546
440	0.958850	0.999404	0.999397	0.929969	0.992308	0.992546
450	0.959647	0.999404	0.999397	0.931080	0.992308	0.992546
460	0.960208	0.999404	0.999397	0.931658	0.992308	0.992546
470	0.961103	0.999404	0.999397	0.932608	0.992308	0.992546
480	0.961391	0.999404	0.999397	0.932780	0.993590	0.993717
490	0.961919	0.999404	0.999397	0.933433	0.994872	0.995004
500	0.962676	0.999404	0.999397	0.934298	0.994872	0.995004
510	0.963246	0.999404	0.999397	0.934793	0.994872	0.995004
520	0.963517	0.999404	0.999397	0.935252	0.994872	0.995004
530	0.963950	0.999404	0.999397	0.935738	0.994872	0.995004
540	0.964434	0.999404	0.999397	0.936157	0.994872	0.995004
550	0.965000	0.999404	0.999397	0.936735	0.994872	0.995004
560	0.965961	0.999404	0.999397	0.937945	0.994872	0.995004
570	0.966269	0.999404	0.999397	0.938205	0.994872	0.995004
580	0.967068	0.999553	0.999546	0.939030	0.994872	0.995004
590	0.967328	0.999553	0.999546	0.939229	0.994872	0.995004
600	0.967576	0.999553	0.999546	0.939280	0.994872	0.995004
610	0.967744	0.999553	0.999546	0.939521	0.994872	0.995004
620	0.968377	0.999553	0.999546	0.940176	0.994872	0.995004
630	0.968968	0.999553	0.999546	0.940787	0.994872	0.995004
640	0.969389	0.999553	0.999546	0.941226	0.994872	0.995004
650	0.969785	0.999553	0.999546	0.941569	0.994872	0.995004
660	0.970533	0.999553	0.999546	0.942304	0.994872	0.995004
670	0.970970	0.999553	0.999546	0.942727	0.994872	0.995004
680	0.971236	0.999553	0.999546	0.943083	0.994872	0.995004
690	0.971465	0.999553	0.999546	0.943216	0.994872	0.995004
700	0.971933	0.999553	0.999546	0.943741	0.994872	0.995004
710	0.972200	0.999553	0.999546	0.944002	0.994872	0.995004
720	0.972736	0.999702	0.999696	0.944561	0.994872	0.995004
730	0.973020	0.999702	0.999696	0.944767	0.994872	0.995004
740	0.973300	0.999702	0.999696	0.945068	0.994872	0.995004
750	0.973696	0.999702	0.999696	0.945481	0.994872	0.995004
760	0.974176	0.999702	0.999696	0.946088	0.994872	0.995004
770	0.974602	0.999702	0.999696	0.946455	0.994872	0.995004
780	0.974952	0.999702	0.999696	0.946801	0.994872	0.995004
790	0.975227	0.999702	0.999696	0.947076	0.994872	0.995004
800	0.975695	0.999702	0.999696	0.947623	0.994872	0.995004
810	0.975861	0.999702	0.999696	0.947771	0.994872	0.995004
820	0.976214	0.999702	0.999696	0.948181	0.994872	0.995004
830	0.976461	0.999702	0.999696	0.948482	0.994872	0.995004
840	0.976723	0.999702	0.999696	0.948829	0.994872	0.995004
850	0.976861	0.999702	0.999696	0.948991	0.994872	0.995004
860	0.976959	0.999702	0.999696	0.949117	0.994872	0.995004
870	0.977053	0.999702	0.999696	0.949186	0.994872	0.995004
880	0.977404	0.999702	0.999696	0.949534	0.994872	0.995004
890	0.977919	0.999702	0.999696	0.950124	0.994872	0.995004
900	0.978203	0.999702	0.999696	0.950362	0.994872	0.995004
910	0.978514	0.999702	0.999696	0.950605	0.994872	0.995004
920	0.978815	0.999702	0.999696	0.950925	0.994872	0.995004
930	0.979004	0.999702	0.999696	0.951125	0.994872	0.995004
940	0.979333	0.999702	0.999696	0.951505	0.994872	0.995004
950	0.979698	0.999702	0.999696	0.951977	0.994872	0.995004
960	0.979816	0.999702	0.999696	0.952106	0.994872	0.995004
970	0.979926	0.999851	0.999845	0.952059	0.994872	0.995004
980	0.980219	0.999851	0.999845	0.952381	0.994872	0.995004
990	0.980463	0.999851	0.999845	0.952645	0.994872	0.995004
1000	0.980864	0.999851	0.999845	0.953097	0.994872	0.995004
1010	0.981008	0.999851	0.999845	0.953229	0.994872	0.995004
1020	0.981149	0.999851	0.999845	0.953350	0.994872	0.995004
1030	0.981461	0.999851	0.999845	0.953685	0.994872	0.995004
1040	0.981607	0.999851	0.999845	0.953786	0.994872	0.995004
1050	0.981915	0.999851	0.999845	0.954196	0.994872	0.995004
1060	0.982101	0.999851	0.999845	0.954453	0.994872	0.995004
1070	0.982201	1.000000	1.000000	0.954557	0.994872	0.995004
1080	0.982487	1.000000	1.000000	0.954926	0.994872	0.995004
1090	0.982650	1.000000	1.000000	0.955098	0.994872	0.995004
1100	0.982867	1.000000	1.000000	0.955263	0.994872	0.995004
1110	0.982993	1.000000	1.000000	0.955354	0.994872	0.995004
1120	0.983105	1.000000	1.000000	0.955473	0.994872	0.995004
1130	0.983152	1.000000	1.000000	0.955485	0.994872	0.995004
1140	0.983339	1.000000	1.000000	0.955698	0.994872	0.995004
1150	0.983606	1.000000	1.000000	0.956037	0.994872	0.995004
1160	0.983777	1.000000	1.000000	0.956254	0.994872	0.995004
1170	0.983971	1.000000	1.000000	0.956508	0.994872	0.995004
1180	0.984078	1.000000	1.000000	0.956726	0.994872	0.995004
1190	0.984242	1.000000	1.000000	0.956909	0.994872	0.995004
1200	0.984418	1.000000	1.000000	0.957208	0.994872	0.995004
1210	0.984635	1.000000	1.000000	0.957431	0.994872	0.995004
1220	0.984816	1.000000	1.000000	0.957600	0.994872	0.995004
1230	0.984949	1.000000	1.000000	0.957909	0.994872	0.995004
1240	0.985077	1.000000	1.000000	0.958073	0.994872	0.995004
1250	0.985166	1.000000	1.000000	0.958181	0.994872	0.995004
1260	0.985260	1.000000	1.000000	0.958266	0.994872	0.995004
1270	0.985307	1.000000	1.000000	0.958302	0.994872	0.995004
1280	0.985356	1.000000	1.000000	0.958393	0.994872	0.995004
1290	0.985402	1.000000	1.000000	0.958451	0.994872	0.995004
1300	0.985449	1.000000	1.000000	0.958518	0.994872	0.995004
1310	0.985649	1.000000	1.000000	0.958778	0.994872	0.995004
1320	0.985845	1.000000	1.000000	0.959050	0.994872	0.995004
1330	0.986067	1.000000	1.000000	0.959399	0.994872	0.995004
1340	0.986176	1.000000	1.000000	0.959530	0.994872	0.995004
1350	0.986344	1.000000	1.000000	0.959783	0.994872	0.995004
1360	0.986523	1.000000	1.000000	0.960091	0.994872	0.995004
1370	0.986696	1.000000	1.000000	0.960286	0.994872	0.995004
1380	0.986780	1.000000	1.000000	0.960364	0.994872	0.995004
1390	0.986860	1.000000	1.000000	0.960475	0.994872	0.995004
1400	0.986977	1.000000	1.000000	0.960728	0.994872	0.995004
1410	0.987050	1.000000	1.000000	0.960804	0.994872	0.995004
1420	0.987102	1.000000	1.000000	0.960832	0.994872	0.995004
1430	0.987135	1.000000	1.000000	0.960842	0.994872	0.995004
1440	0.987162	1.000000	1.000000	0.960850	0.994872	0.995004
1450	0.987197	1.000000	1.000000	0.960851	0.994872	0.995004
1460	0.987253	1.000000	1.000000	0.960953	0.994872	0.995004
1470	0.987409	1.000000	1.000000	0.961279	0.994872	0.995004
1480	0.987565	1.000000	1.000000	0.961480	0.994872	0.995004
1490	0.987711	1.000000	1.000000	0.961679	0.994872	0.995004
1500	0.987833	1.000000	1.000000	0.961789	0.994872	0.995004
1510	0.987907	1.000000	1.000000	0.961894	0.994872	0.995004
1520	0.987983	1.000000	1.000000	0.962059	0.994872	0.995004
1530	0.988064	1.000000	1.000000	0.962171	0.994872	0.995004
1540	0.988114	1.000000	1.000000	0.962251	0.994872	0.995004
1550	0.988158	1.000000	1.000000	0.962305	0.994872	0.995004
1560	0.988201	1.000000	1.000000	0.962360	0.994872	0.995004
1570	0.988247	1.000000	1.000000	0.962416	0.994872	0.995004
1580	0.988299	1.000000	1.000000	0.962473	0.994872	0.995004
1590	0.988367	1.000000	1.000000	0.962542	0.994872	0.995004
1600	0.988412	1.000000	1.000000	0.962671	0.994872	0.995004
1610	0.988463	1.000000	1.000000	0.962720	0.994872	0.995004
1620	0.988498	1.000000	1.000000	0.962769	0.994872	0.995004
1630	0.988546	1.000000	1.000000	0.962815	0.994872	0.995004
1640	0.988606	1.000000	1.000000	0.962891	0.994872	0.995004
1650	0.988720	1.000000	1.000000	0.963047	0.994872	0.995004
1660	0.988846	1.000000	1.000000	0.963232	0.994872	0.995004
1670	0.988920	1.000000	1.000000	0.963292	0.994872	0.995004
1680	0.988965	1.000000	1.000000	0.963341	0.994872	0.995004
1690	0.989080	1.000000	1.000000	0.963612	0.994872	0.995004
1700	0.989174	1.000000	1.000000	0.963729	0.994872	0.995004
1710	0.989304	1.000000	1.000000	0.963917	0.994872	0.995004
1720	0.989419	1.000000	1.000000	0.964116	0.994872	0.995004
1730	0.989514	1.000000	1.000000	0.964174	0.994872	0.995004
1740	0.989599	1.000000	1.000000	0.964252	0.994872	0.995004
1750	0.989655	1.000000	1.000000	0.964321	0.994872	0.995004
1760	0.989724	1.000000	1.000000	0.964419	0.994872	0.995004
1770	0.989807	1.000000	1.000000	0.964542	0.994872	0.995004
1780	0.989922	1.000000	1.000000	0.964737	0.994872	0.995004
1790	0.990005	1.000000	1.000000	0.964890	0.994872	0.995004
1800	0.990095	1.000000	1.000000	0.965019	0.994872	0.995004
1810	0.990179	1.000000	1.000000	0.965107	0.994872	0.995004
1820	0.990206	1.000000	1.000000	0.965130	0.994872	0.995004
1830	0.990270	1.000000	1.000000	0.965199	0.994872	0.995004
1840	0.990334	1.000000	1.000000	0.965460	0.994872	0.995004
1850	0.990390	1.000000	1.000000	0.965525	0.994872	0.995004
1860	0.990447	1.000000	1.000000	0.965585	0.994872	0.995004
1870	0.990505	1.000000	1.000000	0.965653	0.994872	0.995004
1880	0.990549	1.000000	1.000000	0.965669	0.994872	0.995004
1890	0.990614	1.000000	1.000000	0.965757	0.994872	0.995004
1900	0.990669	1.000000	1.000000	0.965855	0.994872	0.995004
1910	0.990694	1.000000	1.000000	0.965885	0.994872	0.995004
1920	0.990769	1.000000	1.000000	0.966020	0.994872	0.995004
1930	0.990823	1.000000	1.000000	0.966024	0.994872	0.995004
1940	0.990903	1.000000	1.000000	0.966282	0.994872	0.995004
1950	0.990968	1.000000	1.000000	0.966391	0.994872	0.995004
1960	0.991018	1.000000	1.000000	0.966469	0.994872	0.995004
1970	0.991073	1.000000	1.000000	0.966566	0.994872	0.995004
1980	0.991103	1.000000	1.000000	0.966581	0.994872	0.995004
1990	0.991157	1.000000	1.000000	0.966654	0.994872	0.995004
2000	0.991283	1.000000	1.000000	0.966885	0.994872	0.995004
2010	0.991355	1.000000	1.000000	0.966938	0.994872	0.995004
2020	0.991396	1.000000	1.000000	0.966997	0.994872	0.995004
2030	0.991443	1.000000	1.000000	0.967045	0.994872	0.995004
2040	0.991523	1.000000	1.000000	0.967147	0.994872	0.995004
2050	0.991581	1.000000	1.000000	0.967191	0.994872	0.995004
2060	0.991649	1.000000	1.000000	0.967182	0.994872	0.995004
2070	0.991715	1.000000	1.000000	0.967283	0.994872	0.995004
2080	0.991770	1.000000	1.000000	0.967321	0.994872	0.995004
2090	0.991808	1.000000	1.000000	0.967376	0.994872	0.995004
2100	0.991843	1.000000	1.000000	0.967390	0.994872	0.995004
2110	0.991862	1.000000	1.000000	0.967471	0.994872	0.995004
2120	0.991883	1.000000	1.000000	0.967573	0.994872	0.995004
2130	0.991904	1.000000	1.000000	0.967755	0.994872	0.995004
2140	0.991923	1.000000	1.000000	0.967809	0.994872	0.995004
2150	0.991941	1.000000	1.000000	0.967841	0.994872	0.995004
2160	0.991958	1.000000	1.000000	0.967937	0.994872	0.995004
2170	0.991974	1.000000	1.000000	0.968006	0.994872	0.995004
2180	0.991992	1.000000	1.000000	0.968046	0.994872	0.995004
2190	0.992008	1.000000	1.000000	0.968083	0.994872	0.995004
2200	0.992022	1.000000	1.000000	0.968090	0.994872	0.995004
2210	0.992035	1.000000	1.000000	0.968083	0.994872	0.995004
2220	0.992048	1.000000	1.000000	0.968053	0.994872	0.995004
2230	0.992065	1.000000	1.000000	0.968053	0.994872	0.995004
2240	0.992079	1.000000	1.000000	0.968052	0.994872	0.995004
2250	0.992093	1.000000	1.000000	0.968072	0.994872	0.995004
2260	0.992115	1.000000	1.000000	0.968121	0.994872	0.995004
2270	0.992175	1.000000	1.000000	0.968191	0.994872	0.995004
2280	0.992242	1.000000	1.000000	0.968287	0.994872	0.995004
2290	0.992299	1.000000	1.000000	0.968369	0.994872	0.995004
2300	0.992359	1.000000	1.000000	0.968483	0.994872	0.995004
2310	0.992392	1.000000	1.000000	0.968546	0.994872	0.995004
2320	0.992457	1.000000	1.000000	0.968617	0.994872	0.995004
2330	0.992533	1.000000	1.000000	0.968777	0.994872	0.995004
2340	0.992573	1.000000	1.000000	0.968810	0.994872	0.995004
2350	0.992596	1.000000	1.000000	0.968843	0.994872	0.995004
2360	0.992614	1.000000	1.000000	0.968878	0.994872	0.995004
2370	0.992636	1.000000	1.000000	0.968918	0.994872	0.995004
2380	0.992672	1.000000	1.000000	0.968952	0.994872	0.995004
2390	0.992707	1.000000	1.000000	0.969039	0.994872	0.995004
2400	0.992736	1.000000	1.000000	0.969076	0.994872	0.995004
2410	0.992774	1.000000	1.000000	0.969134	0.994872	0.995004
2420	0.992799	1.000000	1.000000	0.969176	0.994872	0.995004
2430	0.992813	1.000000	1.000000	0.969191	0.994872	0.995004
2440	0.992823	1.000000	1.000000	0.969199	0.994872	0.995004
2450	0.992846	1.000000	1.000000	0.969232	0.994872	0.995004
2460	0.992865	1.000000	1.000000	0.969257	0.994872	0.995004
2470	0.992879	1.000000	1.000000	0.969269	0.994872	0.995004
2480	0.992902	1.000000	1.000000	0.969297	0.994872	0.995004
2490	0.992933	1.000000	1.000000	0.969302	0.994872	0.995004
2500	0.992985	1.000000	1.000000	0.969409	0.994872	0.995004
2510	0.993069	1.000000	1.000000	0.969578	0.994872	0.995004
2520	0.993106	1.000000	1.000000	0.969624	0.994872	0.995004
2530	0.993139	1.000000	1.000000	0.969638	0.994872	0.995004
2540	0.993159	1.000000	1.000000	0.969657	0.994872	0.995004
2550	0.993183	1.000000	1.000000	0.969678	0.994872	0.995004
2560	0.993203	1.000000	1.000000	0.969717	0.994872	0.995004
2570	0.993222	1.000000	1.000000	0.969742	0.994872	0.995004
2580	0.993255	1.000000	1.000000	0.969777	0.994872	0.995004
2590	0.993278	1.000000	1.000000	0.969804	0.994872	0.995004
2600	0.993301	1.000000	1.000000	0.969843	0.994872	0.995004
2610	0.993312	1.000000	1.000000	0.969859	0.994872	0.995004
2620	0.993326	1.000000	1.000000	0.969847	0.994872	0.995004
2630	0.993354	1.000000	1.000000	0.969925	0.996154	0.996356
2640	0.993384	1.000000	1.000000	0.969967	0.996154	0.996356
2650	0.993400	1.000000	1.000000	0.970030	0.994872	0.995004
2660	0.993410	1.000000	1.000000	0.970040	0.994872	0.995004
2670	0.993421	1.000000	1.000000	0.970037	0.994872	0.995004
2680	0.993429	1.000000	1.000000	0.970014	0.994872	0.995004
2690	0.993437	1.000000	1.000000	0.970008	0.994872	0.995004
2700	0.993446	1.000000	1.000000	0.969968	0.994872	0.995004
2710	0.993456	1.000000	1.000000	0.970022	0.994872	0.995004
2720	0.993470	1.000000	1.000000	0.970046	0.994872	0.995004
2730	0.993486	1.000000	1.000000	0.970043	0.994872	0.995004
2740	0.993502	1.000000	1.000000	0.970048	0.994872	0.995004
2750	0.993530	1.000000	1.000000	0.970118	0.994872	0.995004
2760	0.993560	1.000000	1.000000	0.970145	0.994872	0.995004
2770	0.993583	1.000000	1.000000	0.970173	0.994872	0.995004
2780	0.993608	1.000000	1.000000	0.970218	0.994872	0.995004
2790	0.993647	1.000000	1.000000	0.970253	0.994872	0.995004
2800	0.993674	1.000000	1.000000	0.970275	0.994872	0.995004
2810	0.993697	1.000000	1.000000	0.970292	0.994872	0.995004
2820	0.993713	1.000000	1.000000	0.970316	0.994872	0.995004
2830	0.993723	1.000000	1.000000	0.970339	0.994872	0.995004
2840	0.993763	1.000000	1.000000	0.970383	0.996154	0.996356
2850	0.993796	1.000000	1.000000	0.970409	0.996154	0.996356
2860	0.993829	1.000000	1.000000	0.970465	0.996154	0.996356
2870	0.993859	1.000000	1.000000	0.970492	0.996154	0.996356
2880	0.993893	1.000000	1.000000	0.970560	0.996154	0.996356
2890	0.993914	1.000000	1.000000	0.970586	0.996154	0.996356
2900	0.993941	1.000000	1.000000	0.970591	0.994872	0.995004
2910	0.993976	1.000000	1.000000	0.970643	0.996154	0.996356
2920	0.994014	1.000000	1.000000	0.970702	0.996154	0.996356
2930	0.994050	1.000000	1.000000	0.970754	0.996154	0.996356
2940	0.994069	1.000000	1.000000	0.970780	0.996154	0.996356
2950	0.994085	1.000000	1.000000	0.970798	0.996154	0.996356
2960	0.994092	1.000000	1.000000	0.970808	0.996154	0.996356
2970	0.994113	1.000000	1.000000	0.970860	0.996154	0.996356
2980	0.994142	1.000000	1.000000	0.970800	0.996154	0.996356
2990	0.994163	1.000000	1.000000	0.970813	0.996154	0.996356
3000	0.994185	1.000000	1.000000	0.970838	0.996154	0.996356
3010	0.994199	1.000000	1.000000	0.970854	0.996154	0.996356
3020	0.994214	1.000000	1.000000	0.970858	0.996154	0.996356
3030	0.994232	1.000000	1.000000	0.970897	0.996154	0.996356
3040	0.994255	1.000000	1.000000	0.970924	0.996154	0.996356
3050	0.994277	1.000000	1.000000	0.970978	0.996154	0.996356
3060	0.994294	1.000000	1.000000	0.971011	0.996154	0.996356
3070	0.994303	1.000000	1.000000	0.970966	0.996154	0.996356
3080	0.994320	1.000000	1.000000	0.971019	0.996154	0.996356
3090	0.994334	1.000000	1.000000	0.971031	0.996154	0.996356
3100	0.994341	1.000000	1.000000	0.971034	0.996154	0.996356
3110	0.994365	1.000000	1.000000	0.971067	0.996154	0.996356
3120	0.994393	1.000000	1.000000	0.971119	0.996154	0.996356
3130	0.994427	1.000000	1.000000	0.971172	0.996154	0.996356
3140	0.994456	1.000000	1.000000	0.971200	0.996154	0.996356
3150	0.994497	1.000000	1.000000	0.971302	0.996154	0.996356
3160	0.994523	1.000000	1.000000	0.971320	0.996154	0.996356
3170	0.994541	1.000000	1.000000	0.971342	0.996154	0.996356
3180	0.994560	1.000000	1.000000	0.971336	0.996154	0.996356
3190	0.994575	1.000000	1.000000	0.971356	0.996154	0.996356
3200	0.994589	1.000000	1.000000	0.971369	0.996154	0.996356
3210	0.994607	1.000000	1.000000	0.971398	0.996154	0.996356
3220	0.994628	1.000000	1.000000	0.971436	0.996154	0.996356
3230	0.994651	1.000000	1.000000	0.971441	0.996154	0.996356
3240	0.994681	1.000000	1.000000	0.971477	0.996154	0.996356
3250	0.994705	1.000000	1.000000	0.971510	0.996154	0.996356
3260	0.994738	1.000000	1.000000	0.971578	0.996154	0.996356
3270	0.994762	1.000000	1.000000	0.971623	0.996154	0.996356
3280	0.994781	1.000000	1.000000	0.971642	0.996154	0.996356
3290	0.994797	1.000000	1.000000	0.971667	0.996154	0.996356
3300	0.994808	1.000000	1.000000	0.971682	0.996154	0.996356
3310	0.994822	1.000000	1.000000	0.971686	0.996154	0.996356
3320	0.994841	1.000000	1.000000	0.971700	0.996154	0.996356
3330	0.994857	1.000000	1.000000	0.971712	0.996154	0.996356
3340	0.994880	1.000000	1.000000	0.971745	0.996154	0.996356
3350	0.994889	1.000000	1.000000	0.971765	0.996154	0.996356
3360	0.994899	1.000000	1.000000	0.971785	0.996154	0.996356
3370	0.994907	1.000000	1.000000	0.971782	0.996154	0.996356
3380	0.994915	1.000000	1.000000	0.971770	0.996154	0.996356
3390	0.994923	1.000000	1.000000	0.971766	0.996154	0.996356
3400	0.994930	1.000000	1.000000	0.971763	0.996154	0.996356
3410	0.994937	1.000000	1.000000	0.971761	0.996154	0.996356
3420	0.994944	1.000000	1.000000	0.971763	0.996154	0.996356
3430	0.994950	1.000000	1.000000	0.971764	0.994872	0.995080
3440	0.994957	1.000000	1.000000	0.971784	0.996154	0.996356
3450	0.994962	1.000000	1.000000	0.971798	0.996154	0.996356
3460	0.994969	1.000000	1.000000	0.971804	0.996154	0.996356
3470	0.994975	1.000000	1.000000	0.971809	0.996154	0.996356
3480	0.994982	1.000000	1.000000	0.971817	0.996154	0.996356
3490	0.994988	1.000000	1.000000	0.971834	0.996154	0.996356
3500	0.994994	1.000000	1.000000	0.971838	0.996154	0.996356
3510	0.995000	1.000000	1.000000	0.971849	0.996154	0.996356
3520	0.995005	1.000000	1.000000	0.971857	0.996154	0.996356
3530	0.995011	1.000000	1.000000	0.971861	0.994872	0.995004
3540	0.995017	1.000000	1.000000	0.971890	0.994872	0.995004
3550	0.995023	1.000000	1.000000	0.971911	0.994872	0.995004
3560	0.995028	1.000000	1.000000	0.971926	0.994872	0.995004
3570	0.995034	1.000000	1.000000	0.971940	0.994872	0.995004
3580	0.995038	1.000000	1.000000	0.971955	0.994872	0.995004
3590	0.995042	1.000000	1.000000	0.971965	0.994872	0.995004
3600	0.995046	1.000000	1.000000	0.971973	0.994872	0.995004
3610	0.995050	1.000000	1.000000	0.971980	0.994872	0.995004
3620	0.995055	1.000000	1.000000	0.971978	0.994872	0.995004
3630	0.995062	1.000000	1.000000	0.971990	0.994872	0.995004
3640	0.995069	1.000000	1.000000	0.972002	0.994872	0.995004
3650	0.995084	1.000000	1.000000	0.972027	0.994872	0.995004
3660	0.995112	1.000000	1.000000	0.972082	0.994872	0.995004
3670	0.995130	1.000000	1.000000	0.972110	0.994872	0.995004
3680	0.995147	1.000000	1.000000	0.972130	0.994872	0.995004
3690	0.995160	1.000000	1.000000	0.972149	0.994872	0.995004
3700	0.995182	1.000000	1.000000	0.972165	0.994872	0.995004
3710	0.995194	1.000000	1.000000	0.972180	0.996154	0.996356
3720	0.995213	1.000000	1.000000	0.972211	0.996154	0.996356
3730	0.995234	1.000000	1.000000	0.972252	0.996154	0.996356
3740	0.995247	1.000000	1.000000	0.972275	0.996154	0.996356
3750	0.995266	1.000000	1.000000	0.972290	0.996154	0.996356
3760	0.995281	1.000000	1.000000	0.972303	0.996154	0.996356
3770	0.995298	1.000000	1.000000	0.972334	0.996154	0.996356
3780	0.995318	1.000000	1.000000	0.972393	0.996154	0.996356
3790	0.995330	1.000000	1.000000	0.972434	0.996154	0.996356
3800	0.995345	1.000000	1.000000	0.972460	0.996154	0.996356
3810	0.995356	1.000000	1.000000	0.972485	0.996154	0.996356
3820	0.995361	1.000000	1.000000	0.972502	0.996154	0.996356
3830	0.995371	1.000000	1.000000	0.972520	0.996154	0.996356
3840	0.995384	1.000000	1.000000	0.972528	0.996154	0.996356
3850	0.995400	1.000000	1.000000	0.972530	0.996154	0.996356
3860	0.995421	1.000000	1.000000	0.972501	0.996154	0.996356
3870	0.995449	1.000000	1.000000	0.972545	0.996154	0.996356
3880	0.995476	1.000000	1.000000	0.972610	0.996154	0.996356
3890	0.995494	1.000000	1.000000	0.972638	0.996154	0.996356
3900	0.995512	1.000000	1.000000	0.972673	0.996154	0.996356
3910	0.995522	1.000000	1.000000	0.972680	0.996154	0.996356
3920	0.995534	1.000000	1.000000	0.972705	0.996154	0.996356
3930	0.995550	1.000000	1.000000	0.972723	0.996154	0.996356
3940	0.995564	1.000000	1.000000	0.972737	0.996154	0.996356
3950	0.995597	1.000000	1.000000	0.972821	0.996154	0.996356
3960	0.995633	1.000000	1.000000	0.972924	0.996154	0.996356
3970	0.995649	1.000000	1.000000	0.972959	0.996154	0.996356
3980	0.995667	1.000000	1.000000	0.973012	0.996154	0.996356
3990	0.995685	1.000000	1.000000	0.973024	0.996154	0.996356
4000	0.995696	1.000000	1.000000	0.973053	0.996154	0.996356
