10	0.377449	0.852138	0.809746	0.362949	0.823219	0.786007
20	0.538337	0.879602	0.834685	0.505869	0.844327	0.806525
30	0.605843	0.891182	0.844216	0.563447	0.856201	0.817853
40	0.645537	0.907363	0.910010	0.604139	0.873351	0.884698
50	0.693177	0.967340	0.967453	0.653006	0.953826	0.954322
60	0.734207	0.982037	0.982092	0.694270	0.969657	0.969238
70	0.759777	0.986936	0.986958	0.722263	0.976253	0.975440
80	0.782759	0.988717	0.988735	0.745542	0.980211	0.979176
90	0.808143	0.991686	0.991705	0.771579	0.982850	0.981850
100	0.826316	0.992726	0.992741	0.789747	0.982850	0.981850
110	0.839442	0.993913	0.993911	0.802384	0.985488	0.984567
120	0.853585	0.994507	0.994510	0.816326	0.985488	0.984567
130	0.866581	0.995695	0.995707	0.828948	0.985488	0.984567
140	0.874919	0.995992	0.996006	0.837170	0.985488	0.984567
150	0.881780	0.996140	0.996148	0.845261	0.985488	0.984567
160	0.888494	0.996882	0.996865	0.851549	0.986807	0.985787
170	0.895035	0.996882	0.996873	0.858570	0.988127	0.987043
180	0.899789	0.997031	0.997019	0.863886	0.988127	0.987043
190	0.904331	0.997328	0.997310	0.869195	0.988127	0.987043
200	0.908993	0.997476	0.997475	0.873534	0.988127	0.987043
210	0.914109	0.997773	0.997758	0.879583	0.988127	0.987043
220	0.918070	0.997922	0.997900	0.883825	0.988127	0.987043
230	0.921547	0.998070	0.998054	0.887474	0.988127	0.987043
240	0.923585	0.997922	0.997900	0.889562	0.988127	0.987043
250	0.926148	0.998219	0.998207	0.891929	0.989446	0.988679
260	0.928615	0.998219	0.998207	0.894346	0.989446	0.988679
270	0.930696	0.998219	0.998207	0.896490	0.989446	0.988679
280	0.932583	0.998367	0.998353	0.898314	0.989446	0.988679
290	0.934547	0.998367	0.998353	0.900079	0.989446	0.988679
300	0.936749	0.998367	0.998353	0.902315	0.989446	0.988679
310	0.938543	0.998515	0.998503	0.904395	0.989446	0.988679
320	0.939932	0.998515	0.998503	0.906166	0.989446	0.988679
330	0.941385	0.998515	0.998503	0.907832	0.989446	0.988679
340	0.942756	0.998515	0.998503	0.909298	0.989446	0.988679
350	0.944091	0.998515	0.998503	0.910677	0.989446	0.988679
360	0.945402	0.998664	0.998653	0.911890	0.989446	0.988679
370	0.946704	0.998664	0.998653	0.913268	0.989446	0.988679
380	0.947971	0.998812	0.998799	0.914321	0.989446	0.988679
390	0.949678	0.998812	0.998799	0.916119	0.989446	0.988679
400	0.950632	0.998812	0.998799	0.917060	0.989446	0.988679
410	0.951845	0.998812	0.998799	0.918444	0.989446	0.988679
420	0.953676	0.998812	0.998799	0.920250	0.989446	0.988679
430	0.954836	0.998961	0.998945	0.921231	0.989446	0.988679
440	0.956090	0.998961	0.998945	0.922839	0.989446	0.988679
450	0.956855	0.999109	0.999100	0.923590	0.989446	0.988679
460	0.957603	0.999109	0.999100	0.924208	0.989446	0.988679
470	0.958480	0.999109	0.999100	0.925259	0.989446	0.988679
480	0.958921	0.999109	0.999100	0.925659	0.989446	0.988679
490	0.959563	0.999109	0.999100	0.926351	0.989446	0.988679
500	0.960252	0.999258	0.999249	0.926917	0.989446	0.988679
510	0.961299	0.999109	0.999100	0.928174	0.989446	0.988679
520	0.961766	0.999109	0.999100	0.928638	0.989446	0.988679
530	0.962324	0.999258	0.999248	0.929219	0.989446	0.988679
540	0.963133	0.999258	0.999248	0.930050	0.989446	0.988679
550	0.963813	0.999258	0.999248	0.930827	0.989446	0.988679
560	0.964072	0.999258	0.999248	0.931062	0.989446	0.988679
570	0.964279	0.999258	0.999248	0.931175	0.989446	0.988679
580	0.964493	0.999258	0.999248	0.931208	0.989446	0.988679
590	0.965524	0.999258	0.999248	0.932196	0.989446	0.988679
600	0.965970	0.999258	0.999248	0.932638	0.989446	0.988679
610	0.966613	0.999258	0.999248	0.933312	0.989446	0.988679
620	0.967241	0.999258	0.999248	0.934125	0.989446	0.988679
630	0.967590	0.999258	0.999248	0.934502	0.989446	0.988679
640	0.968125	0.999406	0.999398	0.935020	0.989446	0.988679
650	0.968417	0.999406	0.999398	0.935287	0.989446	0.988679
660	0.968635	0.999406	0.999398	0.935452	0.989446	0.988679
670	0.969093	0.999406	0.999398	0.935891	0.989446	0.988679
680	0.969390	0.999406	0.999398	0.936117	0.989446	0.988679
690	0.969709	0.999555	0.999548	0.936517	0.989446	0.988679
700	0.970288	0.999555	0.999548	0.937165	0.989446	0.988679
710	0.970484	0.999555	0.999548	0.937382	0.989446	0.988679
720	0.970686	0.999555	0.999548	0.937584	0.989446	0.988679
730	0.971132	0.999555	0.999548	0.938145	0.989446	0.988679
740	0.971412	0.999555	0.999548	0.938451	0.989446	0.988679
750	0.971656	0.999555	0.999548	0.938718	0.989446	0.988679
760	0.971987	0.999555	0.999548	0.939042	0.989446	0.988679
770	0.972412	0.999555	0.999548	0.939603	0.989446	0.988679
780	0.972936	0.999555	0.999548	0.939989	0.989446	0.988679
790	0.973319	0.999555	0.999548	0.940409	0.989446	0.988679
800	0.973568	0.999555	0.999548	0.940750	0.989446	0.988679
810	0.973792	0.999555	0.999548	0.941028	0.989446	0.988679
820	0.974047	0.999555	0.999548	0.941313	0.989446	0.988679
830	0.974324	0.999555	0.999548	0.941680	0.989446	0.988679
840	0.974919	0.999555	0.999548	0.942493	0.989446	0.988679
850	0.975227	0.999555	0.999548	0.942826	0.989446	0.988679
860	0.975438	0.999555	0.999548	0.943046	0.989446	0.988679
870	0.975895	0.999555	0.999548	0.943644	0.989446	0.988679
880	0.976154	0.999555	0.999548	0.943947	0.989446	0.988679
890	0.976312	0.999555	0.999548	0.944086	0.989446	0.988679
900	0.976490	0.999555	0.999548	0.944203	0.989446	0.988679
910	0.976865	0.999555	0.999548	0.944534	0.989446	0.988679
920	0.977464	0.999555	0.999548	0.945301	0.989446	0.988679
930	0.977835	0.999555	0.999548	0.945727	0.989446	0.988679
940	0.978087	0.999555	0.999548	0.946015	0.989446	0.988679
950	0.978553	0.999555	0.999548	0.946506	0.989446	0.988679
960	0.978947	0.999555	0.999548	0.947085	0.989446	0.988679
970	0.979306	0.999555	0.999548	0.947483	0.989446	0.988679
980	0.979482	0.999555	0.999548	0.947681	0.989446	0.988679
990	0.979687	0.999555	0.999548	0.947918	0.989446	0.988679
1000	0.979925	0.999555	0.999548	0.948091	0.989446	0.988679
1010	0.980149	0.999703	0.999694	0.948391	0.989446	0.988679
1020	0.980396	0.999703	0.999694	0.948624	0.989446	0.988679
1030	0.980523	0.999852	0.999844	0.948765	0.989446	0.988679
1040	0.980849	0.999852	0.999844	0.949221	0.989446	0.988679
1050	0.980984	0.999852	0.999844	0.949335	0.989446	0.988679
1060	0.981129	0.999852	0.999844	0.949458	0.989446	0.988679
1070	0.981341	0.999852	0.999844	0.949696	0.989446	0.988679
1080	0.981554	0.999852	0.999844	0.949901	0.990765	0.989945
1090	0.981679	0.999852	0.999844	0.950035	0.990765	0.989945
1100	0.981742	0.999852	0.999844	0.950043	0.990765	0.989945
1110	0.981816	0.999852	0.999844	0.950065	0.990765	0.989945
1120	0.982014	1.000000	1.000000	0.950329	0.990765	0.989945
1130	0.982375	1.000000	1.000000	0.950829	0.990765	0.989945
1140	0.982783	1.000000	1.000000	0.951289	0.990765	0.989945
1150	0.982958	1.000000	1.000000	0.951455	0.990765	0.989945
1160	0.983130	1.000000	1.000000	0.951565	0.990765	0.989945
1170	0.983429	1.000000	1.000000	0.951948	0.990765	0.989945
1180	0.983538	1.000000	1.000000	0.952013	0.990765	0.989945
1190	0.983685	1.000000	1.000000	0.952182	0.990765	0.989945
1200	0.983878	1.000000	1.000000	0.952417	0.990765	0.989945
1210	0.984084	1.000000	1.000000	0.952645	0.990765	0.989945
1220	0.984297	1.000000	1.000000	0.952968	0.990765	0.989945
1230	0.984483	1.000000	1.000000	0.953186	0.990765	0.989945
1240	0.984649	1.000000	1.000000	0.953315	0.990765	0.989945
1250	0.984754	1.000000	1.000000	0.953457	0.990765	0.989945
1260	0.984917	1.000000	1.000000	0.953783	0.990765	0.989945
1270	0.985107	1.000000	1.000000	0.954062	0.990765	0.989945
1280	0.985219	1.000000	1.000000	0.954240	0.990765	0.989945
1290	0.985308	1.000000	1.000000	0.954344	0.990765	0.989945
1300	0.985426	1.000000	1.000000	0.954514	0.990765	0.989945
1310	0.985564	1.000000	1.000000	0.954653	0.990765	0.989945
1320	0.985784	1.000000	1.000000	0.954889	0.990765	0.989945
1330	0.985886	1.000000	1.000000	0.954994	0.990765	0.989945
1340	0.985980	1.000000	1.000000	0.955077	0.990765	0.989945
1350	0.986126	1.000000	1.000000	0.955311	0.990765	0.989945
1360	0.986249	1.000000	1.000000	0.955465	0.990765	0.989945
1370	0.986337	1.000000	1.000000	0.955601	0.990765	0.989945
1380	0.986407	1.000000	1.000000	0.955665	0.990765	0.989945
1390	0.986499	1.000000	1.000000	0.955895	0.990765	0.989945
1400	0.986610	1.000000	1.000000	0.955998	0.990765	0.989945
1410	0.986655	1.000000	1.000000	0.956005	0.990765	0.989945
1420	0.986689	1.000000	1.000000	0.956007	0.990765	0.989945
1430	0.986715	1.000000	1.000000	0.955988	0.990765	0.989945
1440	0.986749	1.000000	1.000000	0.956012	0.990765	0.989945
1450	0.986789	1.000000	1.000000	0.956038	0.990765	0.989945
1460	0.986880	1.000000	1.000000	0.956166	0.990765	0.989945
1470	0.987074	1.000000	1.000000	0.956428	0.990765	0.989945
1480	0.987262	1.000000	1.000000	0.956728	0.990765	0.989945
1490	0.987401	1.000000	1.000000	0.956879	0.990765	0.989945
1500	0.987521	1.000000	1.000000	0.957043	0.990765	0.989945
1510	0.987593	1.000000	1.000000	0.957032	0.990765	0.989945
1520	0.987745	1.000000	1.000000	0.957135	0.990765	0.989945
1530	0.987848	1.000000	1.000000	0.957257	0.990765	0.989945
1540	0.987936	1.000000	1.000000	0.957349	0.990765	0.989945
1550	0.988078	1.000000	1.000000	0.957572	0.990765	0.989945
1560	0.988189	1.000000	1.000000	0.957856	0.990765	0.989945
1570	0.988249	1.000000	1.000000	0.957898	0.990765	0.989945
1580	0.988360	1.000000	1.000000	0.958006	0.990765	0.989945
1590	0.988460	1.000000	1.000000	0.958111	0.990765	0.989945
1600	0.988504	1.000000	1.000000	0.958186	0.990765	0.989945
1610	0.988587	1.000000	1.000000	0.958280	0.990765	0.989945
1620	0.988640	1.000000	1.000000	0.958364	0.990765	0.989945
1630	0.988720	1.000000	1.000000	0.958459	0.990765	0.989945
1640	0.988813	1.000000	1.000000	0.958639	0.990765	0.989945
1650	0.988890	1.000000	1.000000	0.958793	0.990765	0.989945
1660	0.988938	1.000000	1.000000	0.958852	0.990765	0.989945
1670	0.988989	1.000000	1.000000	0.958895	0.990765	0.989945
1680	0.989031	1.000000	1.000000	0.958955	0.990765	0.989945
1690	0.989078	1.000000	1.000000	0.959008	0.990765	0.989945
1700	0.989128	1.000000	1.000000	0.959041	0.990765	0.989945
1710	0.989149	1.000000	1.000000	0.959065	0.990765	0.989945
1720	0.989168	1.000000	1.000000	0.959095	0.990765	0.989945
1730	0.989250	1.000000	1.000000	0.959180	0.990765	0.989945
1740	0.989367	1.000000	1.000000	0.959298	0.990765	0.989945
1750	0.989493	1.000000	1.000000	0.959492	0.990765	0.989945
1760	0.989604	1.000000	1.000000	0.959750	0.990765	0.989945
1770	0.989694	1.000000	1.000000	0.959876	0.990765	0.989945
1780	0.989740	1.000000	1.000000	0.959859	0.990765	0.989945
1790	0.989832	1.000000	1.000000	0.959948	0.990765	0.989945
1800	0.989885	1.000000	1.000000	0.959993	0.990765	0.989945
1810	0.989936	1.000000	1.000000	0.960050	0.990765	0.989945
1820	0.989998	1.000000	1.000000	0.960082	0.990765	0.989945
1830	0.990087	1.000000	1.000000	0.960189	0.990765	0.989945
1840	0.990178	1.000000	1.000000	0.960414	0.990765	0.989945
1850	0.990238	1.000000	1.000000	0.960403	0.990765	0.989945
1860	0.990312	1.000000	1.000000	0.960523	0.990765	0.989945
1870	0.990362	1.000000	1.000000	0.960577	0.990765	0.989945
1880	0.990394	1.000000	1.000000	0.960568	0.990765	0.989945
1890	0.990461	1.000000	1.000000	0.960624	0.990765	0.989945
1900	0.990512	1.000000	1.000000	0.960676	0.990765	0.989945
1910	0.990562	1.000000	1.000000	0.960694	0.990765	0.989945
1920	0.990625	1.000000	1.000000	0.960865	0.990765	0.989945
1930	0.990658	1.000000	1.000000	0.960905	0.990765	0.989945
1940	0.990714	1.000000	1.000000	0.960988	0.990765	0.989945
1950	0.990795	1.000000	1.000000	0.961094	0.990765	0.989945
1960	0.990844	1.000000	1.000000	0.961153	0.990765	0.989945
1970	0.990873	1.000000	1.000000	0.961187	0.990765	0.989945
1980	0.990895	1.000000	1.000000	0.961201	0.990765	0.989945
1990	0.990917	1.000000	1.000000	0.961181	0.990765	0.989945
2000	0.990937	1.000000	1.000000	0.961181	0.990765	0.989945
2010	0.990957	1.000000	1.000000	0.961193	0.990765	0.989945
2020	0.990975	1.000000	1.000000	0.961214	0.990765	0.989945
2030	0.990993	1.000000	1.000000	0.961220	0.990765	0.989945
2040	0.991044	1.000000	1.000000	0.961290	0.990765	0.989945
2050	0.991122	1.000000	1.000000	0.961441	0.990765	0.989945
2060	0.991214	1.000000	1.000000	0.961571	0.990765	0.989945
2070	0.991272	1.000000	1.000000	0.961644	0.990765	0.989945
2080	0.991316	1.000000	1.000000	0.961658	0.990765	0.989945
2090	0.991364	1.000000	1.000000	0.961728	0.990765	0.989945
2100	0.991415	1.000000	1.000000	0.961742	0.990765	0.989945
2110	0.991451	1.000000	1.000000	0.961839	0.990765	0.989945
2120	0.991496	1.000000	1.000000	0.961866	0.990765	0.989945
2130	0.991559	1.000000	1.000000	0.961887	0.990765	0.989945
2140	0.991619	1.000000	1.000000	0.961890	0.990765	0.989945
2150	0.991665	1.000000	1.000000	0.961955	0.990765	0.989945
2160	0.991712	1.000000	1.000000	0.962036	0.990765	0.989945
2170	0.991767	1.000000	1.000000	0.962186	0.990765	0.989945
2180	0.991835	1.000000	1.000000	0.962324	0.990765	0.989945
2190	0.991882	1.000000	1.000000	0.962381	0.990765	0.989945
2200	0.991911	1.000000	1.000000	0.962447	0.990765	0.989945
2210	0.991940	1.000000	1.000000	0.962491	0.990765	0.989945
2220	0.991995	1.000000	1.000000	0.962564	0.990765	0.989945
2230	0.992053	1.000000	1.000000	0.962693	0.990765	0.989945
2240	0.992092	1.000000	1.000000	0.962776	0.990765	0.989945
2250	0.992116	1.000000	1.000000	0.962810	0.990765	0.989945
2260	0.992143	1.000000	1.000000	0.962841	0.990765	0.989945
2270	0.992165	1.000000	1.000000	0.962926	0.990765	0.989945
2280	0.992187	1.000000	1.000000	0.962996	0.990765	0.989945
2290	0.992200	1.000000	1.000000	0.963033	0.990765	0.989945
2300	0.992236	1.000000	1.000000	0.963064	0.990765	0.989945
2310	0.992255	1.000000	1.000000	0.963086	0.990765	0.989945
2320	0.992312	1.000000	1.000000	0.963152	0.990765	0.989945
2330	0.992354	1.000000	1.000000	0.963253	0.990765	0.989945
2340	0.992371	1.000000	1.000000	0.963301	0.990765	0.989945
2350	0.992387	1.000000	1.000000	0.963317	0.990765	0.989945
2360	0.992399	1.000000	1.000000	0.963312	0.990765	0.989945
2370	0.992413	1.000000	1.000000	0.963367	0.990765	0.989945
2380	0.992427	1.000000	1.000000	0.963368	0.990765	0.989945
2390	0.992441	1.000000	1.000000	0.963362	0.990765	0.989945
2400	0.992454	1.000000	1.000000	0.963362	0.990765	0.989945
2410	0.992469	1.000000	1.000000	0.963374	0.990765	0.989945
2420	0.992485	1.000000	1.000000	0.963405	0.990765	0.989945
2430	0.992502	1.000000	1.000000	0.963465	0.990765	0.989945
2440	0.992520	1.000000	1.000000	0.963483	0.990765	0.989945
2450	0.992558	1.000000	1.000000	0.963519	0.990765	0.989945
2460	0.992628	1.000000	1.000000	0.963620	0.990765	0.989945
2470	0.992687	1.000000	1.000000	0.963732	0.990765	0.989945
2480	0.992739	1.000000	1.000000	0.963784	0.990765	0.989945
2490	0.992771	1.000000	1.000000	0.963844	0.990765	0.989945
2500	0.992800	1.000000	1.000000	0.963877	0.990765	0.989945
2510	0.992840	1.000000	1.000000	0.963931	0.990765	0.989945
2520	0.992873	1.000000	1.000000	0.963973	0.990765	0.989945
2530	0.992890	1.000000	1.000000	0.963983	0.990765	0.989945
2540	0.992913	1.000000	1.000000	0.964041	0.990765	0.989945
2550	0.992967	1.000000	1.000000	0.964217	0.990765	0.989945
2560	0.993007	1.000000	1.000000	0.964222	0.990765	0.989945
2570	0.993034	1.000000	1.000000	0.964208	0.990765	0.989945
2580	0.993067	1.000000	1.000000	0.964254	0.990765	0.989945
2590	0.993097	1.000000	1.000000	0.964336	0.990765	0.989945
2600	0.993121	1.000000	1.000000	0.964336	0.990765	0.989945
2610	0.993144	1.000000	1.000000	0.964344	0.990765	0.989945
2620	0.993174	1.000000	1.000000	0.964364	0.990765	0.989945
2630	0.993214	1.000000	1.000000	0.964393	0.990765	0.989945
2640	0.993250	1.000000	1.000000	0.964439	0.990765	0.989945
2650	0.993299	1.000000	1.000000	0.964485	0.990765	0.989945
2660	0.993323	1.000000	1.000000	0.964511	0.990765	0.989945
2670	0.993351	1.000000	1.000000	0.964506	0.990765	0.989945
2680	0.993380	1.000000	1.000000	0.964578	0.990765	0.989945
2690	0.993406	1.000000	1.000000	0.964710	0.990765	0.989945
2700	0.993436	1.000000	1.000000	0.964741	0.990765	0.989945
2710	0.993452	1.000000	1.000000	0.964763	0.990765	0.989945
2720	0.993481	1.000000	1.000000	0.964806	0.990765	0.989945
2730	0.993525	1.000000	1.000000	0.964909	0.990765	0.989945
2740	0.993537	1.000000	1.000000	0.964921	0.990765	0.989945
2750	0.993575	1.000000	1.000000	0.964981	0.990765	0.989945
2760	0.993596	1.000000	1.000000	0.965022	0.990765	0.989945
2770	0.993604	1.000000	1.000000	0.965027	0.990765	0.989945
2780	0.993611	1.000000	1.000000	0.965036	0.990765	0.989945
2790	0.993622	1.000000	1.000000	0.965063	0.990765	0.989945
2800	0.993644	1.000000	1.000000	0.965099	0.990765	0.989945
2810	0.993669	1.000000	1.000000	0.965151	0.990765	0.989945
2820	0.993693	1.000000	1.000000	0.965182	0.990765	0.989945
2830	0.993722	1.000000	1.000000	0.965235	0.990765	0.989945
2840	0.993746	1.000000	1.000000	0.965269	0.990765	0.989945
2850	0.993809	1.000000	1.000000	0.965348	0.990765	0.989945
2860	0.993844	1.000000	1.000000	0.965358	0.990765	0.989945
2870	0.993860	1.000000	1.000000	0.965374	0.990765	0.989945
2880	0.993880	1.000000	1.000000	0.965410	0.990765	0.989945
2890	0.993892	1.000000	1.000000	0.965432	0.990765	0.989945
2900	0.993904	1.000000	1.000000	0.965476	0.990765	0.989945
2910	0.993915	1.000000	1.000000	0.965442	0.990765	0.989945
2920	0.993925	1.000000	1.000000	0.965435	0.990765	0.989945
2930	0.993935	1.000000	1.000000	0.965407	0.990765	0.989945
2940	0.993944	1.000000	1.000000	0.965391	0.990765	0.989945
2950	0.993953	1.000000	1.000000	0.965380	0.990765	0.989945
2960	0.993961	1.000000	1.000000	0.965375	0.990765	0.989945
2970	0.993970	1.000000	1.000000	0.965406	0.990765	0.989945
2980	0.993979	1.000000	1.000000	0.965420	0.990765	0.989945
2990	0.993987	1.000000	1.000000	0.965421	0.990765	0.989945
3000	0.993994	1.000000	1.000000	0.965424	0.990765	0.989945
3010	0.994001	1.000000	1.000000	0.965423	0.990765	0.989945
3020	0.994008	1.000000	1.000000	0.965431	0.990765	0.989945
3030	0.994016	1.000000	1.000000	0.965445	0.990765	0.989945
3040	0.994024	1.000000	1.000000	0.965475	0.990765	0.989945
3050	0.994031	1.000000	1.000000	0.965471	0.990765	0.989945
3060	0.994041	1.000000	1.000000	0.965473	0.990765	0.989945
3070	0.994047	1.000000	1.000000	0.965473	0.990765	0.989945
3080	0.994053	1.000000	1.000000	0.965471	0.990765	0.989945
3090	0.994063	1.000000	1.000000	0.965461	0.990765	0.989945
3100	0.994072	1.000000	1.000000	0.965478	0.990765	0.989945
3110	0.994081	1.000000	1.000000	0.965507	0.990765	0.989945
3120	0.994089	1.000000	1.000000	0.965498	0.990765	0.989945
3130	0.994097	1.000000	1.000000	0.965508	0.990765	0.989945
3140	0.994105	1.000000	1.000000	0.965523	0.990765	0.989945
3150	0.994116	1.000000	1.000000	0.965545	0.990765	0.989945
3160	0.994126	1.000000	1.000000	0.965570	0.990765	0.989945
3170	0.994137	1.000000	1.000000	0.965601	0.990765	0.989945
3180	0.994157	1.000000	1.000000	0.965644	0.990765	0.989945
3190	0.994192	1.000000	1.000000	0.965687	0.990765	0.989945
3200	0.994228	1.000000	1.000000	0.965751	0.990765	0.989945
3210	0.994253	1.000000	1.000000	0.965777	0.990765	0.989945
3220	0.994289	1.000000	1.000000	0.965910	0.990765	0.989945
3230	0.994312	1.000000	1.000000	0.965920	0.990765	0.989945
3240	0.994339	1.000000	1.000000	0.965960	0.990765	0.989945
3250	0.994356	1.000000	1.000000	0.965960	0.990765	0.989945
3260	0.994375	1.000000	1.000000	0.965998	0.990765	0.989945
3270	0.994391	1.000000	1.000000	0.965984	0.990765	0.989945
3280	0.994411	1.000000	1.000000	0.966068	0.990765	0.989945
3290	0.994435	1.000000	1.000000	0.966109	0.990765	0.989945
3300	0.994448	1.000000	1.000000	0.966136	0.990765	0.989945
3310	0.994462	1.000000	1.000000	0.966168	0.990765	0.989945
3320	0.994470	1.000000	1.000000	0.966192	0.990765	0.989945
3330	0.994477	1.000000	1.000000	0.966209	0.990765	0.989945
3340	0.994484	1.000000	1.000000	0.966220	0.990765	0.989945
3350	0.994491	1.000000	1.000000	0.966232	0.990765	0.989945
3360	0.994497	1.000000	1.000000	0.966239	0.990765	0.989945
3370	0.994504	1.000000	1.000000	0.966241	0.990765	0.989945
3380	0.994511	1.000000	1.000000	0.966268	0.990765	0.989945
3390	0.994517	1.000000	1.000000	0.966294	0.990765	0.989945
3400	0.994522	1.000000	1.000000	0.966304	0.990765	0.989945
3410	0.994528	1.000000	1.000000	0.966304	0.990765	0.989945
3420	0.994535	1.000000	1.000000	0.966316	0.990765	0.989945
3430	0.994542	1.000000	1.000000	0.966319	0.990765	0.989945
3440	0.994548	1.000000	1.000000	0.966307	0.990765	0.989945
3450	0.994554	1.000000	1.000000	0.966316	0.990765	0.989945
3460	0.994560	1.000000	1.000000	0.966332	0.990765	0.989945
3470	0.994566	1.000000	1.000000	0.966362	0.990765	0.989945
3480	0.994572	1.000000	1.000000	0.966376	0.990765	0.989945
3490	0.994579	1.000000	1.000000	0.966365	0.990765	0.989945
3500	0.994586	1.000000	1.000000	0.966361	0.990765	0.989945
3510	0.994594	1.000000	1.000000	0.966365	0.990765	0.989945
3520	0.994620	1.000000	1.000000	0.966403	0.990765	0.989945
3530	0.994648	1.000000	1.000000	0.966444	0.990765	0.989945
3540	0.994670	1.000000	1.000000	0.966476	0.990765	0.989945
3550	0.994687	1.000000	1.000000	0.966494	0.990765	0.989945
3560	0.994707	1.000000	1.000000	0.966524	0.990765	0.989945
3570	0.994726	1.000000	1.000000	0.966537	0.990765	0.989945
3580	0.994744	1.000000	1.000000	0.966551	0.990765	0.989945
3590	0.994759	1.000000	1.000000	0.966626	0.990765	0.989945
3600	0.994774	1.000000	1.000000	0.966624	0.990765	0.989945
3610	0.994785	1.000000	1.000000	0.966622	0.990765	0.989945
3620	0.994796	1.000000	1.000000	0.966640	0.990765	0.989945
3630	0.994812	1.000000	1.000000	0.966614	0.990765	0.989945
3640	0.994825	1.000000	1.000000	0.966618	0.990765	0.989945
3650	0.994843	1.000000	1.000000	0.966636	0.990765	0.989945
3660	0.994876	1.000000	1.000000	0.966664	0.990765	0.989945
3670	0.994895	1.000000	1.000000	0.966679	0.990765	0.989945
3680	0.994911	1.000000	1.000000	0.966701	0.990765	0.989945
3690	0.994945	1.000000	1.000000	0.966803	0.990765	0.989945
3700	0.994974	1.000000	1.000000	0.966883	0.990765	0.989945
3710	0.994992	1.000000	1.000000	0.966888	0.990765	0.989945
3720	0.995011	1.000000	1.000000	0.966896	0.990765	0.989945
3730	0.995023	1.000000	1.000000	0.966914	0.990765	0.989945
3740	0.995040	1.000000	1.000000	0.966927	0.990765	0.989945
3750	0.995051	1.000000	1.000000	0.966934	0.990765	0.989945
3760	0.995066	1.000000	1.000000	0.967027	0.990765	0.989945
3770	0.995077	1.000000	1.000000	0.967032	0.990765	0.989945
3780	0.995088	1.000000	1.000000	0.967040	0.990765	0.989945
3790	0.995103	1.000000	1.000000	0.967088	0.990765	0.989945
3800	0.995120	1.000000	1.000000	0.967116	0.990765	0.989945
3810	0.995132	1.000000	1.000000	0.967163	0.990765	0.989945
3820	0.995155	1.000000	1.000000	0.967175	0.990765	0.989945
3830	0.995187	1.000000	1.000000	0.967176	0.990765	0.989945
3840	0.995216	1.000000	1.000000	0.967200	0.990765	0.989945
3850	0.995231	1.000000	1.000000	0.967212	0.990765	0.989945
3860	0.995243	1.000000	1.000000	0.967232	0.990765	0.989945
3870	0.995254	1.000000	1.000000	0.967239	0.990765	0.989945
3880	0.995265	1.000000	1.000000	0.967226	0.990765	0.989945
3890	0.995276	1.000000	1.000000	0.967254	0.990765	0.989945
3900	0.995288	1.000000	1.000000	0.967277	0.990765	0.989945
3910	0.995294	1.000000	1.000000	0.967281	0.990765	0.989945
3920	0.995307	1.000000	1.000000	0.967272	0.990765	0.989945
3930	0.995323	1.000000	1.000000	0.967303	0.990765	0.989945
3940	0.995335	1.000000	1.000000	0.967313	0.990765	0.989945
3950	0.995349	1.000000	1.000000	0.967325	0.990765	0.989945
3960	0.995367	1.000000	1.000000	0.967369	0.990765	0.989945
3970	0.995382	1.000000	1.000000	0.967395	0.990765	0.989945
3980	0.995398	1.000000	1.000000	0.967422	0.990765	0.989945
3990	0.995414	1.000000	1.000000	0.967454	0.990765	0.989945
4000	0.995428	1.000000	1.000000	0.967472	0.990765	0.989945
