10	0.392397	0.853666	0.810334	0.385642	0.846561	0.799696
20	0.548635	0.877560	0.832344	0.539436	0.873016	0.822575
30	0.611966	0.888394	0.841225	0.599597	0.886243	0.835694
40	0.672826	0.950430	0.951190	0.658246	0.939153	0.938671
50	0.713534	0.975512	0.975563	0.695808	0.965608	0.964776
60	0.746128	0.981597	0.981643	0.728098	0.974868	0.974675
70	0.777464	0.988127	0.988162	0.759180	0.977513	0.977297
80	0.794856	0.989314	0.989344	0.775021	0.981481	0.981708
90	0.813051	0.990947	0.990993	0.793109	0.981481	0.981708
100	0.829768	0.992431	0.992477	0.807530	0.981481	0.981708
110	0.843852	0.993470	0.993508	0.820331	0.981481	0.981708
120	0.858079	0.994212	0.994250	0.834275	0.982804	0.983008
130	0.869104	0.994954	0.994967	0.844487	0.982804	0.983008
140	0.879822	0.996141	0.996143	0.853904	0.984127	0.984518
150	0.887898	0.996438	0.996428	0.861526	0.985450	0.985873
160	0.893235	0.996883	0.996886	0.866728	0.985450	0.985873
170	0.899303	0.998071	0.998065	0.871810	0.985450	0.985873
180	0.904315	0.998219	0.998213	0.876785	0.985450	0.985873
190	0.909890	0.998367	0.998357	0.881808	0.986772	0.987125
200	0.913983	0.998367	0.998357	0.885708	0.988095	0.988420
210	0.918704	0.998219	0.998209	0.890607	0.988095	0.988420
220	0.922308	0.998219	0.998209	0.894164	0.988095	0.988420
230	0.925836	0.998367	0.998357	0.897530	0.988095	0.988420
240	0.928582	0.998367	0.998357	0.900062	0.988095	0.988420
250	0.931071	0.998367	0.998357	0.902511	0.988095	0.988420
260	0.933483	0.998516	0.998507	0.904910	0.988095	0.988420
270	0.935762	0.998813	0.998804	0.907062	0.988095	0.988420
280	0.937919	0.998961	0.998952	0.909250	0.988095	0.988420
290	0.940028	0.998961	0.998952	0.911382	0.988095	0.988420
300	0.941880	0.998961	0.998952	0.912828	0.988095	0.988420
310	0.943276	0.998961	0.998952	0.913821	0.988095	0.988420
320	0.944534	0.998961	0.998952	0.914875	0.988095	0.988420
330	0.946029	0.998961	0.998952	0.916336	0.988095	0.988420
340	0.947169	0.999110	0.999106	0.917104	0.988095	0.988420
350	0.948817	0.999110	0.999106	0.918556	0.988095	0.988420
360	0.949860	0.999110	0.999106	0.919381	0.988095	0.988420
370	0.950684	0.999110	0.999106	0.920083	0.988095	0.988420
380	0.951625	0.998961	0.998959	0.920904	0.988095	0.988420
390	0.952610	0.998961	0.998959	0.922007	0.988095	0.988420
400	0.953555	0.998961	0.998959	0.923007	0.988095	0.988420
410	0.954339	0.999110	0.999113	0.923772	0.988095	0.988420
420	0.955194	0.999258	0.999261	0.924499	0.988095	0.988420
430	0.956134	0.999258	0.999261	0.925462	0.988095	0.988420
440	0.957218	0.999258	0.999261	0.926518	0.988095	0.988420
450	0.957845	0.999258	0.999261	0.927201	0.988095	0.988420
460	0.958631	0.999258	0.999261	0.927938	0.988095	0.988420
470	0.958950	0.999258	0.999261	0.928098	0.988095	0.988420
480	0.959628	0.999258	0.999261	0.928724	0.988095	0.988420
490	0.960300	0.999258	0.999261	0.929488	0.988095	0.988420
500	0.960956	0.999406	0.999403	0.930054	0.988095	0.988420
510	0.961236	0.999406	0.999403	0.930196	0.988095	0.988420
520	0.961483	0.999406	0.999403	0.930297	0.988095	0.988420
530	0.961702	0.999406	0.999403	0.930374	0.988095	0.988420
540	0.963082	0.999406	0.999403	0.931844	0.988095	0.988420
550	0.963743	0.999406	0.999403	0.932513	0.988095	0.988420
560	0.964074	0.999406	0.999403	0.932736	0.988095	0.988420
570	0.964402	0.999406	0.999403	0.932793	0.988095	0.988420
580	0.965182	0.999406	0.999403	0.933810	0.988095	0.988420
590	0.965495	0.999406	0.999403	0.933939	0.988095	0.988420
600	0.965698	0.999406	0.999403	0.934107	0.988095	0.988420
610	0.966491	0.999406	0.999403	0.934910	0.988095	0.988420
620	0.966965	0.999555	0.999551	0.935307	0.988095	0.988420
630	0.967272	0.999555	0.999551	0.935558	0.989418	0.989711
640	0.967646	0.999555	0.999551	0.935830	0.988095	0.988420
650	0.968046	0.999555	0.999551	0.936379	0.988095	0.988420
660	0.968615	0.999555	0.999551	0.937186	0.988095	0.988420
670	0.968763	0.999555	0.999551	0.937266	0.988095	0.988420
680	0.968904	0.999555	0.999551	0.937356	0.988095	0.988420
690	0.969620	0.999555	0.999551	0.938055	0.988095	0.988420
700	0.970251	0.999555	0.999551	0.938799	0.988095	0.988420
710	0.970579	0.999555	0.999551	0.939050	0.988095	0.988420
720	0.971120	0.999555	0.999551	0.939588	0.988095	0.988420
730	0.971650	0.999555	0.999551	0.940159	0.989418	0.989711
740	0.971956	0.999555	0.999551	0.940462	0.989418	0.989711
750	0.972410	0.999555	0.999551	0.941012	0.988095	0.988420
760	0.972638	0.999555	0.999551	0.941235	0.988095	0.988420
770	0.973170	0.999555	0.999551	0.941813	0.988095	0.988420
780	0.973435	0.999555	0.999551	0.941983	0.988095	0.988420
790	0.973648	0.999555	0.999551	0.942195	0.989418	0.989711
800	0.973781	0.999555	0.999551	0.942288	0.988095	0.988420
810	0.974164	0.999555	0.999551	0.942783	0.989418	0.989711
820	0.974475	0.999555	0.999551	0.943134	0.989418	0.989711
830	0.975043	0.999555	0.999551	0.943840	0.989418	0.989711
840	0.975260	0.999555	0.999551	0.943927	0.989418	0.989711
850	0.975445	0.999555	0.999551	0.944191	0.989418	0.989711
860	0.975809	0.999703	0.999698	0.944707	0.989418	0.989711
870	0.975914	0.999703	0.999698	0.944824	0.989418	0.989711
880	0.976176	0.999703	0.999698	0.945074	0.989418	0.989711
890	0.976419	0.999703	0.999698	0.945268	0.989418	0.989711
900	0.976763	0.999703	0.999698	0.945599	0.989418	0.989711
910	0.977209	0.999703	0.999698	0.946089	0.989418	0.989711
920	0.977443	0.999703	0.999698	0.946277	0.989418	0.989711
930	0.977755	0.999703	0.999698	0.946628	0.989418	0.989711
940	0.978337	0.999703	0.999698	0.947581	0.989418	0.989711
950	0.978542	0.999703	0.999698	0.947824	0.989418	0.989711
960	0.978606	0.999703	0.999698	0.947911	0.989418	0.989711
970	0.978674	0.999703	0.999698	0.948031	0.989418	0.989711
980	0.979046	0.999703	0.999698	0.948416	0.989418	0.989711
990	0.979342	0.999703	0.999698	0.948758	0.989418	0.989711
1000	0.979492	0.999703	0.999698	0.948939	0.989418	0.989711
1010	0.979750	0.999703	0.999698	0.949313	0.989418	0.989711
1020	0.980009	0.999703	0.999698	0.949569	0.989418	0.989711
1030	0.980250	0.999703	0.999698	0.949835	0.989418	0.989711
1040	0.980428	0.999703	0.999698	0.950025	0.989418	0.989711
1050	0.980812	0.999703	0.999698	0.950699	0.989418	0.989711
1060	0.981115	0.999852	0.999847	0.951038	0.989418	0.989711
1070	0.981262	0.999852	0.999847	0.951155	0.989418	0.989711
1080	0.981598	0.999852	0.999847	0.951559	0.989418	0.989711
1090	0.981834	0.999852	0.999847	0.951767	0.989418	0.989711
1100	0.981981	1.000000	1.000000	0.951889	0.989418	0.989711
1110	0.982201	1.000000	1.000000	0.952149	0.989418	0.989711
1120	0.982412	1.000000	1.000000	0.952464	0.989418	0.989711
1130	0.982563	1.000000	1.000000	0.952680	0.989418	0.989711
1140	0.982774	1.000000	1.000000	0.952958	0.989418	0.989711
1150	0.983032	1.000000	1.000000	0.953302	0.989418	0.989711
1160	0.983168	1.000000	1.000000	0.953496	0.989418	0.989711
1170	0.983292	1.000000	1.000000	0.953617	0.989418	0.989711
1180	0.983425	1.000000	1.000000	0.953722	0.989418	0.989711
1190	0.983592	1.000000	1.000000	0.954160	0.989418	0.989711
1200	0.983771	1.000000	1.000000	0.954347	0.989418	0.989711
1210	0.983927	1.000000	1.000000	0.954517	0.989418	0.989711
1220	0.984039	1.000000	1.000000	0.954617	0.989418	0.989711
1230	0.984145	1.000000	1.000000	0.954654	0.989418	0.989711
1240	0.984187	1.000000	1.000000	0.954670	0.989418	0.989711
1250	0.984229	1.000000	1.000000	0.954799	0.990741	0.991028
1260	0.984265	1.000000	1.000000	0.954845	0.990741	0.991028
1270	0.984342	1.000000	1.000000	0.954965	0.990741	0.991028
1280	0.984554	1.000000	1.000000	0.955245	0.990741	0.991028
1290	0.984653	1.000000	1.000000	0.955365	0.990741	0.991028
1300	0.984730	1.000000	1.000000	0.955461	0.990741	0.991028
1310	0.984921	1.000000	1.000000	0.955713	0.990741	0.991028
1320	0.985067	1.000000	1.000000	0.955864	0.990741	0.991028
1330	0.985141	1.000000	1.000000	0.955978	0.990741	0.991028
1340	0.985262	1.000000	1.000000	0.956110	0.990741	0.991028
1350	0.985414	1.000000	1.000000	0.956276	0.990741	0.991028
1360	0.985634	1.000000	1.000000	0.956633	0.990741	0.991028
1370	0.985779	1.000000	1.000000	0.956777	0.990741	0.991028
1380	0.985882	1.000000	1.000000	0.956896	0.990741	0.991028
1390	0.986075	1.000000	1.000000	0.957229	0.990741	0.991028
1400	0.986248	1.000000	1.000000	0.957542	0.990741	0.991028
1410	0.986333	1.000000	1.000000	0.957593	0.990741	0.991028
1420	0.986432	1.000000	1.000000	0.957721	0.990741	0.991028
1430	0.986473	1.000000	1.000000	0.957764	0.990741	0.991028
1440	0.986513	1.000000	1.000000	0.957804	0.990741	0.991028
1450	0.986551	1.000000	1.000000	0.957830	0.990741	0.991028
1460	0.986632	1.000000	1.000000	0.957914	0.990741	0.991028
1470	0.986771	1.000000	1.000000	0.958025	0.990741	0.991028
1480	0.986844	1.000000	1.000000	0.958079	0.990741	0.991028
1490	0.986915	1.000000	1.000000	0.958169	0.990741	0.991028
1500	0.987080	1.000000	1.000000	0.958355	0.990741	0.991028
1510	0.987256	1.000000	1.000000	0.958571	0.990741	0.991028
1520	0.987398	1.000000	1.000000	0.958793	0.990741	0.991028
1530	0.987468	1.000000	1.000000	0.958860	0.990741	0.991028
1540	0.987605	1.000000	1.000000	0.959027	0.990741	0.991028
1550	0.987732	1.000000	1.000000	0.959315	0.990741	0.991028
1560	0.987776	1.000000	1.000000	0.959380	0.990741	0.991028
1570	0.987834	1.000000	1.000000	0.959439	0.990741	0.991028
1580	0.987902	1.000000	1.000000	0.959504	0.990741	0.991028
1590	0.987980	1.000000	1.000000	0.959595	0.990741	0.991028
1600	0.988020	1.000000	1.000000	0.959630	0.990741	0.991028
1610	0.988048	1.000000	1.000000	0.959661	0.990741	0.991028
1620	0.988071	1.000000	1.000000	0.959686	0.990741	0.991028
1630	0.988092	1.000000	1.000000	0.959744	0.990741	0.991028
1640	0.988120	1.000000	1.000000	0.959821	0.990741	0.991028
1650	0.988149	1.000000	1.000000	0.959843	0.990741	0.991028
1660	0.988176	1.000000	1.000000	0.959884	0.990741	0.991028
1670	0.988202	1.000000	1.000000	0.959873	0.990741	0.991028
1680	0.988351	1.000000	1.000000	0.960043	0.990741	0.991028
1690	0.988503	1.000000	1.000000	0.960205	0.990741	0.991028
1700	0.988648	1.000000	1.000000	0.960396	0.990741	0.991028
1710	0.988788	1.000000	1.000000	0.960593	0.990741	0.991028
1720	0.988859	1.000000	1.000000	0.960652	0.990741	0.991028
1730	0.988916	1.000000	1.000000	0.960702	0.990741	0.991028
1740	0.988979	1.000000	1.000000	0.960577	0.990741	0.991028
1750	0.989055	1.000000	1.000000	0.960515	0.990741	0.991028
1760	0.989106	1.000000	1.000000	0.960578	0.990741	0.991028
1770	0.989169	1.000000	1.000000	0.960624	0.990741	0.991028
1780	0.989246	1.000000	1.000000	0.960680	0.990741	0.991028
1790	0.989342	1.000000	1.000000	0.960867	0.990741	0.991028
1800	0.989424	1.000000	1.000000	0.960911	0.990741	0.991028
1810	0.989498	1.000000	1.000000	0.960983	0.990741	0.991028
1820	0.989576	1.000000	1.000000	0.961155	0.990741	0.991028
1830	0.989648	1.000000	1.000000	0.961344	0.990741	0.991028
1840	0.989764	1.000000	1.000000	0.961487	0.990741	0.991028
1850	0.989846	1.000000	1.000000	0.961581	0.990741	0.991028
1860	0.989918	1.000000	1.000000	0.961645	0.990741	0.991028
1870	0.989981	1.000000	1.000000	0.961712	0.990741	0.991028
1880	0.990027	1.000000	1.000000	0.961782	0.990741	0.991028
1890	0.990070	1.000000	1.000000	0.961882	0.990741	0.991028
1900	0.990109	1.000000	1.000000	0.961932	0.990741	0.991028
1910	0.990192	1.000000	1.000000	0.961965	0.990741	0.991028
1920	0.990276	1.000000	1.000000	0.961948	0.990741	0.991028
1930	0.990316	1.000000	1.000000	0.961989	0.990741	0.991028
1940	0.990361	1.000000	1.000000	0.962020	0.990741	0.991028
1950	0.990398	1.000000	1.000000	0.962016	0.990741	0.991028
1960	0.990452	1.000000	1.000000	0.962062	0.990741	0.991028
1970	0.990492	1.000000	1.000000	0.962148	0.990741	0.991028
1980	0.990536	1.000000	1.000000	0.962187	0.990741	0.991028
1990	0.990599	1.000000	1.000000	0.962278	0.990741	0.991028
2000	0.990663	1.000000	1.000000	0.962374	0.990741	0.991028
2010	0.990739	1.000000	1.000000	0.962465	0.990741	0.991028
2020	0.990782	1.000000	1.000000	0.962547	0.990741	0.991028
2030	0.990840	1.000000	1.000000	0.962682	0.990741	0.991028
2040	0.990872	1.000000	1.000000	0.962732	0.990741	0.991028
2050	0.990901	1.000000	1.000000	0.962742	0.990741	0.991028
2060	0.990928	1.000000	1.000000	0.962741	0.990741	0.991028
2070	0.990953	1.000000	1.000000	0.962731	0.990741	0.991028
2080	0.990976	1.000000	1.000000	0.962734	0.990741	0.991028
2090	0.990997	1.000000	1.000000	0.962725	0.990741	0.991028
2100	0.991017	1.000000	1.000000	0.962696	0.990741	0.991028
2110	0.991038	1.000000	1.000000	0.962706	0.990741	0.991028
2120	0.991067	1.000000	1.000000	0.962726	0.990741	0.991028
2130	0.991143	1.000000	1.000000	0.962898	0.990741	0.991028
2140	0.991235	1.000000	1.000000	0.963165	0.992063	0.992345
2150	0.991307	1.000000	1.000000	0.963278	0.992063	0.992345
2160	0.991361	1.000000	1.000000	0.963316	0.992063	0.992345
2170	0.991409	1.000000	1.000000	0.963365	0.992063	0.992345
2180	0.991446	1.000000	1.000000	0.963415	0.992063	0.992345
2190	0.991475	1.000000	1.000000	0.963448	0.992063	0.992345
2200	0.991503	1.000000	1.000000	0.963469	0.990741	0.991028
2210	0.991541	1.000000	1.000000	0.963492	0.990741	0.991028
2220	0.991574	1.000000	1.000000	0.963530	0.992063	0.992345
2230	0.991610	1.000000	1.000000	0.963547	0.992063	0.992345
2240	0.991678	1.000000	1.000000	0.963626	0.992063	0.992345
2250	0.991723	1.000000	1.000000	0.963678	0.992063	0.992345
2260	0.991761	1.000000	1.000000	0.963701	0.992063	0.992345
2270	0.991790	1.000000	1.000000	0.963747	0.992063	0.992345
2280	0.991834	1.000000	1.000000	0.963847	0.992063	0.992345
2290	0.991854	1.000000	1.000000	0.963854	0.992063	0.992345
2300	0.991879	1.000000	1.000000	0.963858	0.990741	0.991080
2310	0.991922	1.000000	1.000000	0.963887	0.992063	0.992345
2320	0.991944	1.000000	1.000000	0.963923	0.990741	0.991080
2330	0.991965	1.000000	1.000000	0.963970	0.990741	0.991080
2340	0.991985	1.000000	1.000000	0.964013	0.990741	0.991080
2350	0.992002	1.000000	1.000000	0.964033	0.992063	0.992345
2360	0.992015	1.000000	1.000000	0.964067	0.992063	0.992345
2370	0.992030	1.000000	1.000000	0.964117	0.992063	0.992345
2380	0.992045	1.000000	1.000000	0.964202	0.992063	0.992345
2390	0.992059	1.000000	1.000000	0.964246	0.992063	0.992345
2400	0.992073	1.000000	1.000000	0.964255	0.992063	0.992345
2410	0.992085	1.000000	1.000000	0.964276	0.992063	0.992345
2420	0.992096	1.000000	1.000000	0.964287	0.992063	0.992345
2430	0.992108	1.000000	1.000000	0.964298	0.992063	0.992345
2440	0.992120	1.000000	1.000000	0.964300	0.992063	0.992345
2450	0.992131	1.000000	1.000000	0.964310	0.992063	0.992345
2460	0.992144	1.000000	1.000000	0.964313	0.992063	0.992345
2470	0.992154	1.000000	1.000000	0.964328	0.992063	0.992345
2480	0.992164	1.000000	1.000000	0.964333	0.992063	0.992345
2490	0.992181	1.000000	1.000000	0.964347	0.992063	0.992345
2500	0.992232	1.000000	1.000000	0.964408	0.992063	0.992345
2510	0.992307	1.000000	1.000000	0.964505	0.992063	0.992345
2520	0.992373	1.000000	1.000000	0.964564	0.992063	0.992345
2530	0.992433	1.000000	1.000000	0.964663	0.992063	0.992345
2540	0.992469	1.000000	1.000000	0.964717	0.992063	0.992345
2550	0.992504	1.000000	1.000000	0.964766	0.992063	0.992345
2560	0.992566	1.000000	1.000000	0.964863	0.992063	0.992345
2570	0.992621	1.000000	1.000000	0.964943	0.992063	0.992345
2580	0.992655	1.000000	1.000000	0.964970	0.992063	0.992345
2590	0.992692	1.000000	1.000000	0.965002	0.992063	0.992345
2600	0.992703	1.000000	1.000000	0.965017	0.992063	0.992345
2610	0.992733	1.000000	1.000000	0.965073	0.992063	0.992345
2620	0.992768	1.000000	1.000000	0.965116	0.992063	0.992345
2630	0.992861	1.000000	1.000000	0.965303	0.992063	0.992345
2640	0.992902	1.000000	1.000000	0.965396	0.992063	0.992345
2650	0.992930	1.000000	1.000000	0.965436	0.992063	0.992345
2660	0.992966	1.000000	1.000000	0.965527	0.992063	0.992345
2670	0.992990	1.000000	1.000000	0.965525	0.992063	0.992345
2680	0.993029	1.000000	1.000000	0.965573	0.992063	0.992345
2690	0.993074	1.000000	1.000000	0.965659	0.992063	0.992345
2700	0.993096	1.000000	1.000000	0.965719	0.992063	0.992345
2710	0.993114	1.000000	1.000000	0.965723	0.992063	0.992345
2720	0.993139	1.000000	1.000000	0.965744	0.992063	0.992345
2730	0.993154	1.000000	1.000000	0.965749	0.992063	0.992345
2740	0.993162	1.000000	1.000000	0.965783	0.992063	0.992345
2750	0.993170	1.000000	1.000000	0.965792	0.992063	0.992345
2760	0.993182	1.000000	1.000000	0.965810	0.992063	0.992345
2770	0.993198	1.000000	1.000000	0.965841	0.992063	0.992345
2780	0.993222	1.000000	1.000000	0.965853	0.992063	0.992345
2790	0.993238	1.000000	1.000000	0.965849	0.992063	0.992345
2800	0.993260	1.000000	1.000000	0.965885	0.992063	0.992345
2810	0.993286	1.000000	1.000000	0.965901	0.992063	0.992345
2820	0.993326	1.000000	1.000000	0.966045	0.990741	0.991080
2830	0.993362	1.000000	1.000000	0.966261	0.990741	0.991080
2840	0.993412	1.000000	1.000000	0.966316	0.990741	0.991080
2850	0.993444	1.000000	1.000000	0.966393	0.990741	0.991080
2860	0.993466	1.000000	1.000000	0.966402	0.990741	0.991080
2870	0.993482	1.000000	1.000000	0.966406	0.990741	0.991080
2880	0.993509	1.000000	1.000000	0.966425	0.990741	0.991080
2890	0.993528	1.000000	1.000000	0.966443	0.990741	0.991080
2900	0.993539	1.000000	1.000000	0.966441	0.990741	0.991080
2910	0.993549	1.000000	1.000000	0.966413	0.990741	0.991080
2920	0.993559	1.000000	1.000000	0.966372	0.990741	0.991080
2930	0.993567	1.000000	1.000000	0.966334	0.990741	0.991080
2940	0.993574	1.000000	1.000000	0.966303	0.990741	0.991080
2950	0.993581	1.000000	1.000000	0.966292	0.990741	0.991080
2960	0.993589	1.000000	1.000000	0.966280	0.990741	0.991080
2970	0.993598	1.000000	1.000000	0.966329	0.992063	0.992345
2980	0.993605	1.000000	1.000000	0.966318	0.992063	0.992345
2990	0.993612	1.000000	1.000000	0.966307	0.992063	0.992345
3000	0.993618	1.000000	1.000000	0.966303	0.992063	0.992345
3010	0.993624	1.000000	1.000000	0.966305	0.992063	0.992345
3020	0.993630	1.000000	1.000000	0.966306	0.992063	0.992345
3030	0.993637	1.000000	1.000000	0.966321	0.992063	0.992345
3040	0.993646	1.000000	1.000000	0.966327	0.992063	0.992345
3050	0.993657	1.000000	1.000000	0.966298	0.992063	0.992345
3060	0.993667	1.000000	1.000000	0.966306	0.992063	0.992345
3070	0.993680	1.000000	1.000000	0.966308	0.992063	0.992345
3080	0.993726	1.000000	1.000000	0.966504	0.992063	0.992345
3090	0.993770	1.000000	1.000000	0.966638	0.992063	0.992345
3100	0.993806	1.000000	1.000000	0.966717	0.992063	0.992345
3110	0.993864	1.000000	1.000000	0.966760	0.992063	0.992345
3120	0.993918	1.000000	1.000000	0.966809	0.992063	0.992345
3130	0.993955	1.000000	1.000000	0.966849	0.992063	0.992345
3140	0.993996	1.000000	1.000000	0.966891	0.992063	0.992345
3150	0.994023	1.000000	1.000000	0.966905	0.992063	0.992345
3160	0.994042	1.000000	1.000000	0.966928	0.992063	0.992345
3170	0.994064	1.000000	1.000000	0.966938	0.992063	0.992345
3180	0.994082	1.000000	1.000000	0.966968	0.992063	0.992345
3190	0.994135	1.000000	1.000000	0.967013	0.992063	0.992345
3200	0.994179	1.000000	1.000000	0.967071	0.992063	0.992345
3210	0.994216	1.000000	1.000000	0.967119	0.992063	0.992345
3220	0.994234	1.000000	1.000000	0.967126	0.992063	0.992345
3230	0.994249	1.000000	1.000000	0.967126	0.992063	0.992345
3240	0.994267	1.000000	1.000000	0.967143	0.990741	0.991080
3250	0.994286	1.000000	1.000000	0.967185	0.990741	0.991080
3260	0.994303	1.000000	1.000000	0.967197	0.990741	0.991080
3270	0.994335	1.000000	1.000000	0.967224	0.990741	0.991080
3280	0.994355	1.000000	1.000000	0.967270	0.990741	0.991080
3290	0.994362	1.000000	1.000000	0.967277	0.990741	0.991080
3300	0.994369	1.000000	1.000000	0.967268	0.990741	0.991080
3310	0.994377	1.000000	1.000000	0.967260	0.990741	0.991080
3320	0.994409	1.000000	1.000000	0.967318	0.990741	0.991080
3330	0.994433	1.000000	1.000000	0.967318	0.990741	0.991080
3340	0.994448	1.000000	1.000000	0.967336	0.990741	0.991080
3350	0.994462	1.000000	1.000000	0.967347	0.990741	0.991080
3360	0.994477	1.000000	1.000000	0.967357	0.990741	0.991080
3370	0.994490	1.000000	1.000000	0.967372	0.990741	0.991080
3380	0.994501	1.000000	1.000000	0.967397	0.990741	0.991080
3390	0.994519	1.000000	1.000000	0.967457	0.990741	0.991080
3400	0.994538	1.000000	1.000000	0.967473	0.990741	0.991080
3410	0.994559	1.000000	1.000000	0.967466	0.990741	0.991080
3420	0.994574	1.000000	1.000000	0.967474	0.990741	0.991080
3430	0.994600	1.000000	1.000000	0.967567	0.990741	0.991080
3440	0.994642	1.000000	1.000000	0.967764	0.990741	0.991080
3450	0.994660	1.000000	1.000000	0.967783	0.990741	0.991080
3460	0.994677	1.000000	1.000000	0.967806	0.990741	0.991080
3470	0.994701	1.000000	1.000000	0.967826	0.990741	0.991080
3480	0.994716	1.000000	1.000000	0.967826	0.990741	0.991080
3490	0.994740	1.000000	1.000000	0.967846	0.990741	0.991080
3500	0.994749	1.000000	1.000000	0.967839	0.990741	0.991080
3510	0.994758	1.000000	1.000000	0.967855	0.990741	0.991080
3520	0.994773	1.000000	1.000000	0.967882	0.990741	0.991080
3530	0.994786	1.000000	1.000000	0.967904	0.990741	0.991080
3540	0.994794	1.000000	1.000000	0.967912	0.990741	0.991080
3550	0.994802	1.000000	1.000000	0.967911	0.990741	0.991080
3560	0.994809	1.000000	1.000000	0.967904	0.990741	0.991080
3570	0.994817	1.000000	1.000000	0.967912	0.990741	0.991080
3580	0.994824	1.000000	1.000000	0.967921	0.990741	0.991080
3590	0.994832	1.000000	1.000000	0.967939	0.990741	0.991080
3600	0.994838	1.000000	1.000000	0.967948	0.990741	0.991080
3610	0.994844	1.000000	1.000000	0.967961	0.990741	0.991080
3620	0.994851	1.000000	1.000000	0.967971	0.990741	0.991080
3630	0.994858	1.000000	1.000000	0.967958	0.990741	0.991080
3640	0.994865	1.000000	1.000000	0.967965	0.990741	0.991080
3650	0.994871	1.000000	1.000000	0.967983	0.990741	0.991080
3660	0.994878	1.000000	1.000000	0.967964	0.990741	0.991080
3670	0.994885	1.000000	1.000000	0.967952	0.990741	0.991080
3680	0.994892	1.000000	1.000000	0.967961	0.990741	0.991080
3690	0.994900	1.000000	1.000000	0.967975	0.990741	0.991080
3700	0.994907	1.000000	1.000000	0.967996	0.990741	0.991080
3710	0.994914	1.000000	1.000000	0.968016	0.990741	0.991080
3720	0.994921	1.000000	1.000000	0.968039	0.990741	0.991080
3730	0.994928	1.000000	1.000000	0.968062	0.990741	0.991080
3740	0.994938	1.000000	1.000000	0.968088	0.990741	0.991080
3750	0.994954	1.000000	1.000000	0.968092	0.990741	0.991080
3760	0.994982	1.000000	1.000000	0.968131	0.990741	0.991080
3770	0.995014	1.000000	1.000000	0.968214	0.990741	0.991080
3780	0.995039	1.000000	1.000000	0.968222	0.990741	0.991080
3790	0.995064	1.000000	1.000000	0.968232	0.990741	0.991080
3800	0.995081	1.000000	1.000000	0.968240	0.990741	0.991080
3810	0.995101	1.000000	1.000000	0.968278	0.990741	0.991080
3820	0.995117	1.000000	1.000000	0.968292	0.990741	0.991080
3830	0.995131	1.000000	1.000000	0.968299	0.990741	0.991080
3840	0.995149	1.000000	1.000000	0.968325	0.990741	0.991080
3850	0.995166	1.000000	1.000000	0.968299	0.990741	0.991080
3860	0.995176	1.000000	1.000000	0.968303	0.990741	0.991080
3870	0.995183	1.000000	1.000000	0.968304	0.990741	0.991080
3880	0.995195	1.000000	1.000000	0.968308	0.990741	0.991080
3890	0.995207	1.000000	1.000000	0.968339	0.990741	0.991080
3900	0.995215	1.000000	1.000000	0.968335	0.990741	0.991080
3910	0.995223	1.000000	1.000000	0.968343	0.990741	0.991080
3920	0.995234	1.000000	1.000000	0.968352	0.990741	0.991080
3930	0.995248	1.000000	1.000000	0.968396	0.990741	0.991080
3940	0.995257	1.000000	1.000000	0.968415	0.990741	0.991080
3950	0.995269	1.000000	1.000000	0.968467	0.990741	0.991080
3960	0.995273	1.000000	1.000000	0.968473	0.990741	0.991080
3970	0.995277	1.000000	1.000000	0.968463	0.990741	0.991080
3980	0.995280	1.000000	1.000000	0.968456	0.990741	0.991080
3990	0.995284	1.000000	1.000000	0.968473	0.990741	0.991080
4000	0.995291	1.000000	1.000000	0.968483	0.990741	0.991080
