10	0.397298	0.854958	0.812707	0.389568	0.861478	0.817458
20	0.552341	0.878563	0.833461	0.544945	0.873351	0.828285
30	0.608086	0.887322	0.839850	0.602173	0.885224	0.837285
40	0.658353	0.933343	0.934766	0.649260	0.924802	0.926705
50	0.703453	0.971051	0.971092	0.690976	0.963061	0.963282
60	0.733541	0.979365	0.979364	0.717632	0.970976	0.971351
70	0.761438	0.984115	0.984129	0.743700	0.977573	0.977814
80	0.786743	0.987975	0.988007	0.767841	0.981530	0.982024
90	0.809173	0.990202	0.990226	0.788287	0.984169	0.984419
100	0.826498	0.991538	0.991550	0.805686	0.982850	0.983142
110	0.843621	0.992726	0.992739	0.822831	0.988127	0.988364
120	0.853900	0.993913	0.993933	0.833408	0.988127	0.988364
130	0.863420	0.994656	0.994663	0.841857	0.985488	0.985724
140	0.872649	0.994952	0.994976	0.850587	0.988127	0.988376
150	0.880935	0.995992	0.996006	0.858974	0.990765	0.991036
160	0.887877	0.996140	0.996158	0.865533	0.990765	0.991036
170	0.896050	0.996586	0.996608	0.872982	0.990765	0.991036
180	0.900860	0.997031	0.997035	0.878186	0.989446	0.989778
190	0.906002	0.997179	0.997182	0.883439	0.992084	0.992274
200	0.910397	0.997476	0.997474	0.887911	0.992084	0.992324
210	0.914382	0.997476	0.997474	0.892310	0.990765	0.991025
220	0.918182	0.997476	0.997474	0.895786	0.992084	0.992274
230	0.921831	0.997922	0.997932	0.899781	0.990765	0.991025
240	0.924315	0.997922	0.997932	0.902128	0.990765	0.991025
250	0.927287	0.997773	0.997777	0.904952	0.990765	0.991025
260	0.929522	0.998070	0.998067	0.907697	0.992084	0.992324
270	0.931999	0.998515	0.998501	0.909980	0.993404	0.993574
280	0.934780	0.998664	0.998656	0.912584	0.992084	0.992321
290	0.937154	0.998664	0.998656	0.914850	0.990765	0.991063
300	0.939212	0.998961	0.998953	0.917156	0.992084	0.992324
310	0.941067	0.998961	0.998953	0.919144	0.992084	0.992324
320	0.943095	0.998961	0.998953	0.921251	0.993404	0.993574
330	0.944979	0.999109	0.999107	0.923326	0.993404	0.993574
340	0.946350	0.999258	0.999256	0.925042	0.992084	0.992324
350	0.947855	0.999258	0.999256	0.926597	0.992084	0.992324
360	0.949117	0.999258	0.999256	0.927941	0.992084	0.992324
370	0.950262	0.999258	0.999256	0.929071	0.992084	0.992324
380	0.951223	0.999258	0.999256	0.930354	0.993404	0.993656
390	0.952084	0.999258	0.999256	0.931389	0.994723	0.994898
400	0.952914	0.999258	0.999256	0.932098	0.994723	0.994898
410	0.954207	0.999258	0.999256	0.933474	0.994723	0.994898
420	0.954961	0.999406	0.999398	0.934311	0.994723	0.994898
430	0.955674	0.999406	0.999398	0.935249	0.994723	0.994898
440	0.957106	0.999406	0.999398	0.936603	0.994723	0.994898
450	0.957674	0.999406	0.999398	0.937494	0.994723	0.994898
460	0.958027	0.999406	0.999398	0.937976	0.994723	0.994898
470	0.958311	0.999406	0.999398	0.938452	0.994723	0.994898
480	0.959115	0.999406	0.999398	0.939373	0.994723	0.994898
490	0.960058	0.999406	0.999398	0.940411	0.994723	0.994898
500	0.960780	0.999406	0.999398	0.940881	0.994723	0.994898
510	0.961380	0.999406	0.999398	0.941448	0.994723	0.994898
520	0.962016	0.999406	0.999398	0.942010	0.994723	0.994898
530	0.962425	0.999406	0.999398	0.942165	0.994723	0.994898
540	0.963013	0.999406	0.999398	0.942755	0.994723	0.994898
550	0.963514	0.999406	0.999398	0.943298	0.994723	0.994898
560	0.963934	0.999406	0.999398	0.943759	0.994723	0.994898
570	0.964209	0.999406	0.999398	0.944093	0.994723	0.994898
580	0.964551	0.999406	0.999398	0.944362	0.994723	0.994898
590	0.965489	0.999406	0.999398	0.945205	0.994723	0.994898
600	0.965966	0.999406	0.999398	0.945948	0.994723	0.994898
610	0.966657	0.999406	0.999398	0.946696	0.994723	0.994898
620	0.966844	0.999406	0.999398	0.946890	0.994723	0.994898
630	0.967497	0.999406	0.999398	0.947428	0.994723	0.994898
640	0.967790	0.999406	0.999398	0.947720	0.994723	0.994898
650	0.968022	0.999406	0.999398	0.947975	0.994723	0.994898
660	0.968425	0.999406	0.999398	0.948392	0.994723	0.994898
670	0.968807	0.999406	0.999398	0.948776	0.994723	0.994898
680	0.969076	0.999406	0.999398	0.949035	0.994723	0.994898
690	0.969468	0.999406	0.999398	0.949385	0.994723	0.994898
700	0.969867	0.999406	0.999398	0.949810	0.994723	0.994898
710	0.970197	0.999406	0.999398	0.950131	0.994723	0.994898
720	0.970626	0.999406	0.999398	0.950582	0.994723	0.994898
730	0.970856	0.999406	0.999398	0.950854	0.994723	0.994898
740	0.971232	0.999406	0.999398	0.951227	0.994723	0.994898
750	0.971519	0.999406	0.999398	0.951557	0.994723	0.994898
760	0.972053	0.999406	0.999398	0.952092	0.994723	0.994898
770	0.972345	0.999555	0.999547	0.952433	0.994723	0.994898
780	0.972682	0.999555	0.999547	0.952862	0.994723	0.994898
790	0.972908	0.999555	0.999547	0.952992	0.994723	0.994898
800	0.973189	0.999555	0.999547	0.953215	0.994723	0.994898
810	0.973385	0.999555	0.999547	0.953440	0.994723	0.994898
820	0.973573	0.999555	0.999547	0.953683	0.994723	0.994898
830	0.973812	0.999555	0.999547	0.953961	0.994723	0.994898
840	0.974199	0.999555	0.999547	0.954422	0.994723	0.994898
850	0.974536	0.999555	0.999547	0.954781	0.994723	0.994898
860	0.974993	0.999555	0.999547	0.955340	0.994723	0.994898
870	0.975276	0.999555	0.999547	0.955613	0.994723	0.994898
880	0.975597	0.999555	0.999547	0.955982	0.994723	0.994898
890	0.976085	0.999555	0.999547	0.956498	0.994723	0.994898
900	0.976664	0.999555	0.999547	0.957086	0.994723	0.994898
910	0.976952	0.999555	0.999547	0.957353	0.994723	0.994898
920	0.977170	0.999555	0.999547	0.957636	0.994723	0.994898
930	0.977366	0.999555	0.999547	0.957899	0.994723	0.994898
940	0.977606	0.999703	0.999696	0.958168	0.994723	0.994898
950	0.977973	0.999703	0.999696	0.958567	0.994723	0.994898
960	0.978065	0.999703	0.999696	0.958755	0.994723	0.994898
970	0.978234	0.999703	0.999696	0.958951	0.996042	0.996175
980	0.978583	0.999703	0.999696	0.959294	0.996042	0.996175
990	0.978698	0.999703	0.999696	0.959377	0.996042	0.996175
1000	0.978838	0.999703	0.999696	0.959490	0.996042	0.996175
1010	0.979147	0.999703	0.999696	0.959882	0.996042	0.996175
1020	0.979463	0.999703	0.999696	0.960218	0.996042	0.996175
1030	0.979693	0.999703	0.999696	0.960478	0.996042	0.996175
1040	0.979836	0.999703	0.999696	0.960733	0.996042	0.996175
1050	0.979914	0.999703	0.999696	0.960916	0.996042	0.996175
1060	0.979980	0.999703	0.999696	0.960997	0.996042	0.996175
1070	0.980299	0.999703	0.999696	0.961292	0.996042	0.996175
1080	0.980656	0.999703	0.999696	0.961761	0.996042	0.996175
1090	0.980943	0.999703	0.999696	0.962053	0.996042	0.996175
1100	0.981172	0.999703	0.999696	0.962280	0.996042	0.996175
1110	0.981305	0.999703	0.999696	0.962440	0.996042	0.996175
1120	0.981411	0.999852	0.999846	0.962590	0.996042	0.996175
1130	0.981745	0.999852	0.999846	0.963037	0.996042	0.996175
1140	0.981990	0.999852	0.999846	0.963376	0.996042	0.996175
1150	0.982191	0.999852	0.999846	0.963601	0.996042	0.996175
1160	0.982282	0.999852	0.999846	0.963688	0.996042	0.996175
1170	0.982382	0.999852	0.999846	0.963791	0.996042	0.996175
1180	0.982612	0.999852	0.999846	0.964063	0.996042	0.996175
1190	0.982807	0.999852	0.999846	0.964315	0.996042	0.996175
1200	0.982905	0.999852	0.999846	0.964396	0.996042	0.996175
1210	0.982963	0.999852	0.999846	0.964438	0.996042	0.996175
1220	0.983059	0.999852	0.999846	0.964546	0.996042	0.996175
1230	0.983157	0.999852	0.999846	0.964725	0.996042	0.996175
1240	0.983313	0.999852	0.999846	0.964894	0.996042	0.996175
1250	0.983390	0.999852	0.999846	0.965001	0.996042	0.996175
1260	0.983527	0.999852	0.999846	0.965131	0.996042	0.996175
1270	0.983609	1.000000	1.000000	0.965277	0.996042	0.996175
1280	0.983857	1.000000	1.000000	0.965623	0.996042	0.996175
1290	0.984078	1.000000	1.000000	0.965844	0.996042	0.996175
1300	0.984240	1.000000	1.000000	0.966028	0.996042	0.996175
1310	0.984393	1.000000	1.000000	0.966239	0.996042	0.996175
1320	0.984441	1.000000	1.000000	0.966329	0.996042	0.996175
1330	0.984537	1.000000	1.000000	0.966421	0.996042	0.996175
1340	0.984748	1.000000	1.000000	0.966706	0.996042	0.996175
1350	0.984904	1.000000	1.000000	0.966909	0.996042	0.996175
1360	0.985080	1.000000	1.000000	0.967109	0.996042	0.996175
1370	0.985377	1.000000	1.000000	0.967468	0.996042	0.996175
1380	0.985498	1.000000	1.000000	0.967659	0.996042	0.996175
1390	0.985632	1.000000	1.000000	0.967852	0.996042	0.996175
1400	0.985828	1.000000	1.000000	0.968087	0.996042	0.996175
1410	0.985921	1.000000	1.000000	0.968230	0.996042	0.996175
1420	0.986027	1.000000	1.000000	0.968409	0.996042	0.996175
1430	0.986073	1.000000	1.000000	0.968449	0.996042	0.996175
1440	0.986171	1.000000	1.000000	0.968580	0.996042	0.996175
1450	0.986318	1.000000	1.000000	0.968784	0.996042	0.996175
1460	0.986435	1.000000	1.000000	0.968941	0.996042	0.996175
1470	0.986539	1.000000	1.000000	0.969081	0.996042	0.996175
1480	0.986669	1.000000	1.000000	0.969226	0.996042	0.996175
1490	0.986749	1.000000	1.000000	0.969277	0.996042	0.996175
1500	0.986834	1.000000	1.000000	0.969343	0.996042	0.996175
1510	0.986898	1.000000	1.000000	0.969411	0.996042	0.996175
1520	0.986994	1.000000	1.000000	0.969523	0.996042	0.996175
1530	0.987073	1.000000	1.000000	0.969653	0.996042	0.996175
1540	0.987119	1.000000	1.000000	0.969744	0.996042	0.996175
1550	0.987237	1.000000	1.000000	0.969896	0.996042	0.996175
1560	0.987347	1.000000	1.000000	0.970028	0.996042	0.996175
1570	0.987411	1.000000	1.000000	0.970150	0.996042	0.996175
1580	0.987443	1.000000	1.000000	0.970211	0.996042	0.996175
1590	0.987496	1.000000	1.000000	0.970250	0.996042	0.996175
1600	0.987559	1.000000	1.000000	0.970340	0.996042	0.996175
1610	0.987666	1.000000	1.000000	0.970522	0.996042	0.996175
1620	0.987812	1.000000	1.000000	0.970682	0.996042	0.996175
1630	0.987947	1.000000	1.000000	0.970844	0.996042	0.996175
1640	0.987978	1.000000	1.000000	0.970923	0.996042	0.996175
1650	0.988000	1.000000	1.000000	0.970937	0.996042	0.996175
1660	0.988021	1.000000	1.000000	0.970989	0.996042	0.996175
1670	0.988046	1.000000	1.000000	0.971085	0.996042	0.996175
1680	0.988070	1.000000	1.000000	0.971166	0.996042	0.996175
1690	0.988094	1.000000	1.000000	0.971199	0.996042	0.996175
1700	0.988119	1.000000	1.000000	0.971212	0.996042	0.996175
1710	0.988271	1.000000	1.000000	0.971395	0.996042	0.996175
1720	0.988482	1.000000	1.000000	0.971697	0.996042	0.996175
1730	0.988578	1.000000	1.000000	0.971793	0.996042	0.996175
1740	0.988652	1.000000	1.000000	0.971850	0.996042	0.996175
1750	0.988720	1.000000	1.000000	0.971880	0.996042	0.996175
1760	0.988785	1.000000	1.000000	0.971951	0.996042	0.996175
1770	0.988834	1.000000	1.000000	0.972022	0.996042	0.996175
1780	0.988887	1.000000	1.000000	0.972056	0.996042	0.996175
1790	0.988960	1.000000	1.000000	0.972147	0.996042	0.996175
1800	0.989034	1.000000	1.000000	0.972230	0.996042	0.996175
1810	0.989154	1.000000	1.000000	0.972353	0.996042	0.996175
1820	0.989312	1.000000	1.000000	0.972547	0.996042	0.996175
1830	0.989373	1.000000	1.000000	0.972663	0.996042	0.996175
1840	0.989420	1.000000	1.000000	0.972774	0.996042	0.996175
1850	0.989475	1.000000	1.000000	0.972792	0.996042	0.996175
1860	0.989524	1.000000	1.000000	0.972853	0.996042	0.996175
1870	0.989624	1.000000	1.000000	0.972960	0.996042	0.996175
1880	0.989700	1.000000	1.000000	0.973041	0.996042	0.996175
1890	0.989801	1.000000	1.000000	0.973159	0.996042	0.996175
1900	0.989858	1.000000	1.000000	0.973219	0.996042	0.996175
1910	0.989904	1.000000	1.000000	0.973246	0.996042	0.996175
1920	0.989973	1.000000	1.000000	0.973326	0.996042	0.996175
1930	0.990067	1.000000	1.000000	0.973453	0.996042	0.996175
1940	0.990120	1.000000	1.000000	0.973534	0.996042	0.996175
1950	0.990145	1.000000	1.000000	0.973545	0.996042	0.996175
1960	0.990170	1.000000	1.000000	0.973552	0.996042	0.996175
1970	0.990196	1.000000	1.000000	0.973561	0.996042	0.996175
1980	0.990234	1.000000	1.000000	0.973622	0.996042	0.996175
1990	0.990264	1.000000	1.000000	0.973655	0.996042	0.996175
2000	0.990291	1.000000	1.000000	0.973672	0.996042	0.996175
2010	0.990317	1.000000	1.000000	0.973694	0.996042	0.996175
2020	0.990352	1.000000	1.000000	0.973750	0.996042	0.996175
2030	0.990499	1.000000	1.000000	0.973883	0.996042	0.996175
2040	0.990588	1.000000	1.000000	0.973988	0.996042	0.996175
2050	0.990633	1.000000	1.000000	0.974048	0.996042	0.996175
2060	0.990681	1.000000	1.000000	0.974122	0.996042	0.996175
2070	0.990740	1.000000	1.000000	0.974176	0.996042	0.996175
2080	0.990783	1.000000	1.000000	0.974233	0.996042	0.996175
2090	0.990857	1.000000	1.000000	0.974323	0.996042	0.996175
2100	0.990900	1.000000	1.000000	0.974385	0.996042	0.996175
2110	0.990952	1.000000	1.000000	0.974474	0.996042	0.996175
2120	0.991031	1.000000	1.000000	0.974569	0.996042	0.996175
2130	0.991084	1.000000	1.000000	0.974639	0.996042	0.996175
2140	0.991117	1.000000	1.000000	0.974708	0.996042	0.996175
2150	0.991172	1.000000	1.000000	0.974783	0.996042	0.996175
2160	0.991217	1.000000	1.000000	0.974822	0.996042	0.996175
2170	0.991298	1.000000	1.000000	0.974879	0.996042	0.996175
2180	0.991416	1.000000	1.000000	0.975017	0.996042	0.996175
2190	0.991471	1.000000	1.000000	0.975124	0.996042	0.996175
2200	0.991503	1.000000	1.000000	0.975186	0.996042	0.996175
2210	0.991554	1.000000	1.000000	0.975249	0.996042	0.996175
2220	0.991598	1.000000	1.000000	0.975299	0.996042	0.996175
2230	0.991629	1.000000	1.000000	0.975324	0.996042	0.996175
2240	0.991654	1.000000	1.000000	0.975362	0.996042	0.996175
2250	0.991691	1.000000	1.000000	0.975412	0.996042	0.996175
2260	0.991719	1.000000	1.000000	0.975394	0.996042	0.996175
2270	0.991759	1.000000	1.000000	0.975471	0.996042	0.996175
2280	0.991790	1.000000	1.000000	0.975519	0.996042	0.996175
2290	0.991830	1.000000	1.000000	0.975589	0.996042	0.996175
2300	0.991868	1.000000	1.000000	0.975619	0.996042	0.996175
2310	0.991944	1.000000	1.000000	0.975724	0.996042	0.996175
2320	0.991999	1.000000	1.000000	0.975797	0.996042	0.996175
2330	0.992052	1.000000	1.000000	0.975891	0.996042	0.996175
2340	0.992080	1.000000	1.000000	0.975937	0.996042	0.996175
2350	0.992110	1.000000	1.000000	0.975968	0.996042	0.996175
2360	0.992140	1.000000	1.000000	0.976008	0.996042	0.996175
2370	0.992213	1.000000	1.000000	0.976115	0.996042	0.996175
2380	0.992258	1.000000	1.000000	0.976190	0.996042	0.996175
2390	0.992272	1.000000	1.000000	0.976268	0.996042	0.996175
2400	0.992285	1.000000	1.000000	0.976333	0.996042	0.996175
2410	0.992309	1.000000	1.000000	0.976368	0.996042	0.996175
2420	0.992324	1.000000	1.000000	0.976360	0.996042	0.996175
2430	0.992339	1.000000	1.000000	0.976382	0.996042	0.996175
2440	0.992352	1.000000	1.000000	0.976409	0.996042	0.996175
2450	0.992368	1.000000	1.000000	0.976390	0.996042	0.996175
2460	0.992432	1.000000	1.000000	0.976483	0.996042	0.996175
2470	0.992461	1.000000	1.000000	0.976504	0.996042	0.996175
2480	0.992519	1.000000	1.000000	0.976565	0.996042	0.996175
2490	0.992569	1.000000	1.000000	0.976619	0.996042	0.996175
2500	0.992597	1.000000	1.000000	0.976663	0.996042	0.996175
2510	0.992629	1.000000	1.000000	0.976698	0.996042	0.996175
2520	0.992652	1.000000	1.000000	0.976711	0.996042	0.996175
2530	0.992675	1.000000	1.000000	0.976759	0.996042	0.996175
2540	0.992697	1.000000	1.000000	0.976779	0.996042	0.996175
2550	0.992718	1.000000	1.000000	0.976797	0.996042	0.996175
2560	0.992744	1.000000	1.000000	0.976854	0.996042	0.996175
2570	0.992803	1.000000	1.000000	0.976929	0.996042	0.996175
2580	0.992836	1.000000	1.000000	0.976982	0.996042	0.996175
2590	0.992858	1.000000	1.000000	0.976985	0.996042	0.996175
2600	0.992884	1.000000	1.000000	0.977032	0.996042	0.996175
2610	0.992924	1.000000	1.000000	0.977079	0.996042	0.996175
2620	0.992970	1.000000	1.000000	0.977151	0.996042	0.996175
2630	0.993028	1.000000	1.000000	0.977220	0.996042	0.996175
2640	0.993075	1.000000	1.000000	0.977242	0.996042	0.996175
2650	0.993109	1.000000	1.000000	0.977293	0.996042	0.996175
2660	0.993139	1.000000	1.000000	0.977361	0.996042	0.996175
2670	0.993158	1.000000	1.000000	0.977398	0.996042	0.996175
2680	0.993222	1.000000	1.000000	0.977457	0.996042	0.996175
2690	0.993275	1.000000	1.000000	0.977520	0.996042	0.996175
2700	0.993299	1.000000	1.000000	0.977548	0.996042	0.996175
2710	0.993313	1.000000	1.000000	0.977544	0.996042	0.996175
2720	0.993324	1.000000	1.000000	0.977557	0.996042	0.996175
2730	0.993342	1.000000	1.000000	0.977594	0.996042	0.996175
2740	0.993364	1.000000	1.000000	0.977628	0.996042	0.996175
2750	0.993384	1.000000	1.000000	0.977665	0.996042	0.996175
2760	0.993417	1.000000	1.000000	0.977729	0.996042	0.996175
2770	0.993449	1.000000	1.000000	0.977793	0.996042	0.996175
2780	0.993494	1.000000	1.000000	0.977837	0.996042	0.996175
2790	0.993517	1.000000	1.000000	0.977855	0.996042	0.996175
2800	0.993540	1.000000	1.000000	0.977888	0.996042	0.996175
2810	0.993571	1.000000	1.000000	0.977946	0.996042	0.996175
2820	0.993600	1.000000	1.000000	0.977985	0.996042	0.996175
2830	0.993618	1.000000	1.000000	0.977990	0.996042	0.996175
2840	0.993641	1.000000	1.000000	0.978012	0.996042	0.996175
2850	0.993667	1.000000	1.000000	0.978060	0.996042	0.996175
2860	0.993688	1.000000	1.000000	0.978089	0.996042	0.996175
2870	0.993711	1.000000	1.000000	0.978115	0.996042	0.996175
2880	0.993750	1.000000	1.000000	0.978161	0.996042	0.996175
2890	0.993811	1.000000	1.000000	0.978157	0.996042	0.996175
2900	0.993837	1.000000	1.000000	0.978187	0.996042	0.996175
2910	0.993872	1.000000	1.000000	0.978226	0.996042	0.996175
2920	0.993910	1.000000	1.000000	0.978262	0.996042	0.996175
2930	0.993935	1.000000	1.000000	0.978281	0.996042	0.996175
2940	0.993955	1.000000	1.000000	0.978306	0.996042	0.996175
2950	0.993973	1.000000	1.000000	0.978342	0.996042	0.996175
2960	0.993980	1.000000	1.000000	0.978378	0.996042	0.996175
2970	0.993989	1.000000	1.000000	0.978411	0.996042	0.996175
2980	0.993998	1.000000	1.000000	0.978410	0.996042	0.996175
2990	0.994010	1.000000	1.000000	0.978443	0.996042	0.996175
3000	0.994019	1.000000	1.000000	0.978446	0.996042	0.996175
3010	0.994029	1.000000	1.000000	0.978459	0.996042	0.996175
3020	0.994040	1.000000	1.000000	0.978484	0.996042	0.996175
3030	0.994052	1.000000	1.000000	0.978506	0.996042	0.996175
3040	0.994068	1.000000	1.000000	0.978529	0.996042	0.996175
3050	0.994078	1.000000	1.000000	0.978518	0.996042	0.996175
3060	0.994089	1.000000	1.000000	0.978517	0.996042	0.996175
3070	0.994100	1.000000	1.000000	0.978516	0.996042	0.996175
3080	0.994109	1.000000	1.000000	0.978508	0.996042	0.996175
3090	0.994117	1.000000	1.000000	0.978502	0.996042	0.996175
3100	0.994125	1.000000	1.000000	0.978494	0.996042	0.996175
3110	0.994137	1.000000	1.000000	0.978501	0.996042	0.996175
3120	0.994149	1.000000	1.000000	0.978497	0.996042	0.996175
3130	0.994165	1.000000	1.000000	0.978523	0.996042	0.996175
3140	0.994191	1.000000	1.000000	0.978554	0.996042	0.996175
3150	0.994228	1.000000	1.000000	0.978582	0.996042	0.996175
3160	0.994258	1.000000	1.000000	0.978635	0.996042	0.996175
3170	0.994289	1.000000	1.000000	0.978679	0.996042	0.996175
3180	0.994314	1.000000	1.000000	0.978697	0.996042	0.996175
3190	0.994341	1.000000	1.000000	0.978722	0.996042	0.996175
3200	0.994367	1.000000	1.000000	0.978741	0.996042	0.996175
3210	0.994389	1.000000	1.000000	0.978763	0.996042	0.996175
3220	0.994404	1.000000	1.000000	0.978776	0.996042	0.996175
3230	0.994428	1.000000	1.000000	0.978811	0.996042	0.996175
3240	0.994439	1.000000	1.000000	0.978812	0.996042	0.996175
3250	0.994455	1.000000	1.000000	0.978813	0.996042	0.996175
3260	0.994463	1.000000	1.000000	0.978796	0.996042	0.996175
3270	0.994474	1.000000	1.000000	0.978791	0.996042	0.996175
3280	0.994505	1.000000	1.000000	0.978852	0.996042	0.996175
3290	0.994533	1.000000	1.000000	0.978874	0.996042	0.996175
3300	0.994562	1.000000	1.000000	0.978895	0.996042	0.996175
3310	0.994595	1.000000	1.000000	0.978946	0.996042	0.996175
3320	0.994617	1.000000	1.000000	0.978972	0.996042	0.996175
3330	0.994639	1.000000	1.000000	0.979024	0.996042	0.996175
3340	0.994661	1.000000	1.000000	0.979044	0.996042	0.996175
3350	0.994679	1.000000	1.000000	0.979066	0.996042	0.996175
3360	0.994693	1.000000	1.000000	0.979086	0.996042	0.996175
3370	0.994705	1.000000	1.000000	0.979090	0.996042	0.996175
3380	0.994717	1.000000	1.000000	0.979113	0.996042	0.996175
3390	0.994736	1.000000	1.000000	0.979133	0.996042	0.996175
3400	0.994752	1.000000	1.000000	0.979175	0.996042	0.996175
3410	0.994772	1.000000	1.000000	0.979248	0.996042	0.996175
3420	0.994790	1.000000	1.000000	0.979282	0.996042	0.996175
3430	0.994808	1.000000	1.000000	0.979316	0.996042	0.996175
3440	0.994826	1.000000	1.000000	0.979356	0.996042	0.996175
3450	0.994838	1.000000	1.000000	0.979431	0.996042	0.996175
3460	0.994847	1.000000	1.000000	0.979475	0.996042	0.996175
3470	0.994855	1.000000	1.000000	0.979510	0.996042	0.996175
3480	0.994862	1.000000	1.000000	0.979543	0.996042	0.996175
3490	0.994868	1.000000	1.000000	0.979576	0.996042	0.996175
3500	0.994874	1.000000	1.000000	0.979601	0.996042	0.996175
3510	0.994881	1.000000	1.000000	0.979636	0.996042	0.996175
3520	0.994886	1.000000	1.000000	0.979665	0.996042	0.996175
3530	0.994892	1.000000	1.000000	0.979691	0.996042	0.996175
3540	0.994898	1.000000	1.000000	0.979723	0.996042	0.996175
3550	0.994903	1.000000	1.000000	0.979757	0.996042	0.996175
3560	0.994908	1.000000	1.000000	0.979791	0.996042	0.996175
3570	0.994913	1.000000	1.000000	0.979826	0.996042	0.996175
3580	0.994917	1.000000	1.000000	0.979851	0.996042	0.996175
3590	0.994921	1.000000	1.000000	0.979872	0.996042	0.996175
3600	0.994926	1.000000	1.000000	0.979893	0.996042	0.996175
3610	0.994929	1.000000	1.000000	0.979914	0.996042	0.996175
3620	0.994933	1.000000	1.000000	0.979936	0.996042	0.996175
3630	0.994936	1.000000	1.000000	0.979954	0.996042	0.996175
3640	0.994940	1.000000	1.000000	0.979970	0.996042	0.996175
3650	0.994944	1.000000	1.000000	0.979983	0.996042	0.996175
3660	0.994947	1.000000	1.000000	0.979992	0.996042	0.996175
3670	0.994951	1.000000	1.000000	0.980015	0.996042	0.996175
3680	0.994954	1.000000	1.000000	0.980035	0.996042	0.996175
3690	0.994958	1.000000	1.000000	0.980051	0.996042	0.996175
3700	0.994962	1.000000	1.000000	0.980067	0.996042	0.996175
3710	0.994966	1.000000	1.000000	0.980085	0.996042	0.996175
3720	0.994970	1.000000	1.000000	0.980099	0.996042	0.996175
3730	0.994974	1.000000	1.000000	0.980104	0.996042	0.996175
3740	0.994978	1.000000	1.000000	0.980110	0.996042	0.996175
3750	0.994982	1.000000	1.000000	0.980106	0.996042	0.996175
3760	0.994985	1.000000	1.000000	0.980107	0.996042	0.996175
3770	0.994993	1.000000	1.000000	0.980108	0.996042	0.996175
3780	0.995008	1.000000	1.000000	0.980114	0.996042	0.996175
3790	0.995034	1.000000	1.000000	0.980140	0.996042	0.996175
3800	0.995057	1.000000	1.000000	0.980161	0.996042	0.996175
3810	0.995081	1.000000	1.000000	0.980193	0.996042	0.996175
3820	0.995100	1.000000	1.000000	0.980211	0.996042	0.996175
3830	0.995115	1.000000	1.000000	0.980214	0.996042	0.996175
3840	0.995131	1.000000	1.000000	0.980218	0.996042	0.996175
3850	0.995157	1.000000	1.000000	0.980250	0.996042	0.996175
3860	0.995169	1.000000	1.000000	0.980269	0.996042	0.996175
3870	0.995188	1.000000	1.000000	0.980292	0.996042	0.996175
3880	0.995207	1.000000	1.000000	0.980308	0.996042	0.996175
3890	0.995226	1.000000	1.000000	0.980334	0.996042	0.996175
3900	0.995242	1.000000	1.000000	0.980356	0.996042	0.996175
3910	0.995255	1.000000	1.000000	0.980341	0.996042	0.996175
3920	0.995264	1.000000	1.000000	0.980337	0.996042	0.996175
3930	0.995279	1.000000	1.000000	0.980362	0.996042	0.996175
3940	0.995289	1.000000	1.000000	0.980392	0.996042	0.996175
3950	0.995296	1.000000	1.000000	0.980430	0.996042	0.996175
3960	0.995302	1.000000	1.000000	0.980467	0.996042	0.996175
3970	0.995309	1.000000	1.000000	0.980504	0.996042	0.996175
3980	0.995317	1.000000	1.000000	0.980521	0.996042	0.996175
3990	0.995327	1.000000	1.000000	0.980543	0.996042	0.996175
4000	0.995338	1.000000	1.000000	0.980567	0.996042	0.996175
