10	0.405223	0.857734	0.814155	0.416225	0.875683	0.823168
20	0.541898	0.878290	0.834186	0.552614	0.886612	0.834390
30	0.604288	0.887164	0.840911	0.607995	0.892077	0.838779
40	0.656295	0.936261	0.938353	0.657621	0.939891	0.939086
50	0.703473	0.973529	0.973684	0.699334	0.965847	0.965771
60	0.743358	0.981662	0.981701	0.735288	0.975410	0.976073
70	0.772052	0.986986	0.987007	0.758310	0.976776	0.977310
80	0.792721	0.989648	0.989662	0.775699	0.976776	0.977317
90	0.812206	0.991571	0.991583	0.792395	0.976776	0.977087
100	0.830357	0.993197	0.993221	0.807732	0.978142	0.978659
110	0.845989	0.993789	0.993811	0.820033	0.979508	0.979972
120	0.859003	0.995711	0.995700	0.832724	0.982240	0.982580
130	0.872093	0.996599	0.996599	0.844273	0.982240	0.982389
140	0.879894	0.996894	0.996903	0.851533	0.982240	0.982389
150	0.887622	0.997190	0.997191	0.857651	0.983607	0.983995
160	0.892679	0.996894	0.996894	0.862504	0.983607	0.983995
170	0.900219	0.997338	0.997347	0.869470	0.984973	0.985378
180	0.906865	0.997486	0.997487	0.874679	0.984973	0.985378
190	0.911341	0.997486	0.997487	0.878763	0.986339	0.986887
200	0.915392	0.997782	0.997770	0.882202	0.986339	0.986887
210	0.918502	0.997782	0.997770	0.885251	0.986339	0.986887
220	0.922556	0.998077	0.998066	0.889135	0.987705	0.988098
230	0.926088	0.998225	0.998221	0.892403	0.987705	0.988098
240	0.929191	0.998225	0.998221	0.895540	0.989071	0.989498
250	0.931865	0.998373	0.998362	0.897594	0.989071	0.989498
260	0.934532	0.998669	0.998656	0.899732	0.989071	0.989498
270	0.936923	0.999261	0.999244	0.901831	0.989071	0.989498
280	0.939684	0.999261	0.999244	0.904290	0.989071	0.989498
290	0.941853	0.999261	0.999244	0.906136	0.989071	0.989498
300	0.943740	0.999261	0.999244	0.907753	0.989071	0.989498
310	0.945895	0.999261	0.999244	0.909511	0.989071	0.989498
320	0.947890	0.999408	0.999397	0.910744	0.989071	0.989498
330	0.949056	0.999408	0.999397	0.911687	0.989071	0.989498
340	0.950564	0.999408	0.999397	0.913018	0.989071	0.989498
350	0.951738	0.999408	0.999397	0.914104	0.989071	0.989498
360	0.953590	0.999408	0.999397	0.915860	0.989071	0.989498
370	0.954610	0.999408	0.999397	0.917061	0.989071	0.989498
380	0.955430	0.999408	0.999397	0.917806	0.989071	0.989498
390	0.956238	0.999408	0.999397	0.918688	0.989071	0.989498
400	0.957102	0.999556	0.999553	0.920119	0.989071	0.989498
410	0.958568	0.999556	0.999553	0.921498	0.989071	0.989498
420	0.959435	0.999556	0.999553	0.922505	0.989071	0.989498
430	0.960177	0.999556	0.999553	0.923057	0.989071	0.989498
440	0.961085	0.999556	0.999553	0.923612	0.989071	0.989498
450	0.961813	0.999556	0.999553	0.924116	0.989071	0.989498
460	0.962646	0.999556	0.999553	0.924641	0.989071	0.989498
470	0.963589	0.999556	0.999553	0.925632	0.989071	0.989498
480	0.964264	0.999556	0.999553	0.926235	0.989071	0.989498
490	0.965161	0.999556	0.999553	0.926734	0.989071	0.989498
500	0.965797	0.999556	0.999553	0.927389	0.989071	0.989498
510	0.966849	0.999556	0.999553	0.927908	0.989071	0.989498
520	0.967324	0.999556	0.999553	0.928469	0.989071	0.989498
530	0.967859	0.999556	0.999553	0.928891	0.989071	0.989498
540	0.968383	0.999556	0.999553	0.929322	0.989071	0.989498
550	0.968618	0.999704	0.999700	0.929483	0.989071	0.989498
560	0.969160	0.999704	0.999700	0.930057	0.989071	0.989498
570	0.969852	0.999704	0.999700	0.930552	0.989071	0.989498
580	0.970474	0.999704	0.999700	0.930913	0.989071	0.989498
590	0.971039	0.999704	0.999700	0.931522	0.989071	0.989498
600	0.971420	0.999704	0.999700	0.931980	0.989071	0.989498
610	0.971933	0.999852	0.999847	0.932556	0.989071	0.989498
620	0.972275	0.999852	0.999847	0.933102	0.989071	0.989498
630	0.972421	0.999852	0.999847	0.933282	0.989071	0.989498
640	0.972801	0.999852	0.999847	0.933541	0.989071	0.989498
650	0.973319	0.999852	0.999847	0.933973	0.989071	0.989498
660	0.973618	0.999852	0.999847	0.934276	0.989071	0.989498
670	0.974328	0.999852	0.999847	0.934930	0.989071	0.989498
680	0.975069	0.999852	0.999847	0.935405	0.989071	0.989498
690	0.975398	0.999852	0.999847	0.935696	0.989071	0.989498
700	0.975913	0.999852	0.999847	0.936381	0.989071	0.989498
710	0.976510	0.999852	0.999847	0.936906	0.989071	0.989498
720	0.976987	0.999852	0.999847	0.937276	0.989071	0.989498
730	0.977412	0.999852	0.999847	0.937696	0.989071	0.989498
740	0.977750	0.999852	0.999847	0.937894	0.989071	0.989498
750	0.977938	0.999852	0.999847	0.938047	0.989071	0.989498
760	0.978180	0.999852	0.999847	0.938261	0.989071	0.989498
770	0.978496	0.999852	0.999847	0.938628	0.989071	0.989498
780	0.978741	0.999852	0.999847	0.939039	0.989071	0.989498
790	0.979143	0.999852	0.999847	0.939740	0.989071	0.989498
800	0.979429	0.999852	0.999847	0.939904	0.989071	0.989498
810	0.979615	0.999852	0.999847	0.940138	0.989071	0.989498
820	0.979842	0.999852	0.999847	0.940248	0.989071	0.989498
830	0.980126	0.999852	0.999847	0.940319	0.989071	0.989498
840	0.980406	0.999852	0.999847	0.940566	0.989071	0.989498
850	0.980634	1.000000	1.000000	0.940788	0.989071	0.989498
860	0.980836	1.000000	1.000000	0.940985	0.989071	0.989498
870	0.981127	1.000000	1.000000	0.941254	0.989071	0.989498
880	0.981340	1.000000	1.000000	0.941459	0.989071	0.989498
890	0.981474	1.000000	1.000000	0.941568	0.989071	0.989498
900	0.981816	1.000000	1.000000	0.941831	0.989071	0.989498
910	0.982072	1.000000	1.000000	0.942105	0.989071	0.989498
920	0.982237	1.000000	1.000000	0.942190	0.989071	0.989498
930	0.982556	1.000000	1.000000	0.942864	0.989071	0.989498
940	0.982852	1.000000	1.000000	0.943576	0.989071	0.989498
950	0.983096	1.000000	1.000000	0.943823	0.989071	0.989498
960	0.983322	1.000000	1.000000	0.943906	0.989071	0.989498
970	0.983553	1.000000	1.000000	0.944041	0.989071	0.989498
980	0.983778	1.000000	1.000000	0.944230	0.989071	0.989498
990	0.983935	1.000000	1.000000	0.944283	0.989071	0.989498
1000	0.984113	1.000000	1.000000	0.944433	0.989071	0.989498
1010	0.984235	1.000000	1.000000	0.944587	0.989071	0.989498
1020	0.984362	1.000000	1.000000	0.944732	0.989071	0.989498
1030	0.984459	1.000000	1.000000	0.944781	0.989071	0.989498
1040	0.984606	1.000000	1.000000	0.944894	0.989071	0.989498
1050	0.984707	1.000000	1.000000	0.944910	0.989071	0.989498
1060	0.984788	1.000000	1.000000	0.944935	0.989071	0.989498
1070	0.984856	1.000000	1.000000	0.945029	0.989071	0.989498
1080	0.984920	1.000000	1.000000	0.945172	0.989071	0.989498
1090	0.984980	1.000000	1.000000	0.945212	0.989071	0.989498
1100	0.985052	1.000000	1.000000	0.945241	0.989071	0.989498
1110	0.985276	1.000000	1.000000	0.945429	0.989071	0.989498
1120	0.985482	1.000000	1.000000	0.945647	0.989071	0.989498
1130	0.985680	1.000000	1.000000	0.945751	0.989071	0.989498
1140	0.985868	1.000000	1.000000	0.945928	0.989071	0.989498
1150	0.985988	1.000000	1.000000	0.946012	0.989071	0.989498
1160	0.986144	1.000000	1.000000	0.946261	0.989071	0.989498
1170	0.986319	1.000000	1.000000	0.946638	0.989071	0.989498
1180	0.986409	1.000000	1.000000	0.946714	0.989071	0.989498
1190	0.986505	1.000000	1.000000	0.946927	0.989071	0.989498
1200	0.986617	1.000000	1.000000	0.947111	0.990437	0.990760
1210	0.986834	1.000000	1.000000	0.947125	0.989071	0.989498
1220	0.986904	1.000000	1.000000	0.947370	0.989071	0.989498
1230	0.986986	1.000000	1.000000	0.947466	0.989071	0.989498
1240	0.987078	1.000000	1.000000	0.947550	0.989071	0.989498
1250	0.987236	1.000000	1.000000	0.947562	0.989071	0.989498
1260	0.987420	1.000000	1.000000	0.947673	0.989071	0.989498
1270	0.987501	1.000000	1.000000	0.947735	0.989071	0.989498
1280	0.987606	1.000000	1.000000	0.947785	0.989071	0.989498
1290	0.987699	1.000000	1.000000	0.947868	0.989071	0.989498
1300	0.987771	1.000000	1.000000	0.947987	0.989071	0.989498
1310	0.987904	1.000000	1.000000	0.948060	0.989071	0.989498
1320	0.988004	1.000000	1.000000	0.948179	0.989071	0.989498
1330	0.988118	1.000000	1.000000	0.948392	0.990437	0.990760
1340	0.988232	1.000000	1.000000	0.948562	0.990437	0.990760
1350	0.988361	1.000000	1.000000	0.948648	0.990437	0.990760
1360	0.988482	1.000000	1.000000	0.948600	0.990437	0.990760
1370	0.988522	1.000000	1.000000	0.948634	0.990437	0.990760
1380	0.988552	1.000000	1.000000	0.948670	0.990437	0.990760
1390	0.988676	1.000000	1.000000	0.948695	0.990437	0.990760
1400	0.988815	1.000000	1.000000	0.949338	0.990437	0.990760
1410	0.988906	1.000000	1.000000	0.949508	0.990437	0.990760
1420	0.988982	1.000000	1.000000	0.949625	0.990437	0.990760
1430	0.989013	1.000000	1.000000	0.949678	0.990437	0.990760
1440	0.989042	1.000000	1.000000	0.949740	0.990437	0.990760
1450	0.989121	1.000000	1.000000	0.949852	0.990437	0.990760
1460	0.989207	1.000000	1.000000	0.949880	0.990437	0.990760
1470	0.989275	1.000000	1.000000	0.949996	0.990437	0.990760
1480	0.989327	1.000000	1.000000	0.950028	0.990437	0.990760
1490	0.989423	1.000000	1.000000	0.950181	0.990437	0.990760
1500	0.989503	1.000000	1.000000	0.950216	0.990437	0.990760
1510	0.989553	1.000000	1.000000	0.950267	0.990437	0.990760
1520	0.989579	1.000000	1.000000	0.950272	0.990437	0.990760
1530	0.989686	1.000000	1.000000	0.950345	0.990437	0.990760
1540	0.989802	1.000000	1.000000	0.950473	0.990437	0.990760
1550	0.989901	1.000000	1.000000	0.950613	0.990437	0.990760
1560	0.989980	1.000000	1.000000	0.950657	0.990437	0.990760
1570	0.990029	1.000000	1.000000	0.950735	0.990437	0.990760
1580	0.990098	1.000000	1.000000	0.950792	0.990437	0.990760
1590	0.990184	1.000000	1.000000	0.950845	0.990437	0.990760
1600	0.990275	1.000000	1.000000	0.950814	0.990437	0.990760
1610	0.990388	1.000000	1.000000	0.950904	0.990437	0.990760
1620	0.990450	1.000000	1.000000	0.950993	0.990437	0.990760
1630	0.990517	1.000000	1.000000	0.951015	0.990437	0.990760
1640	0.990580	1.000000	1.000000	0.951080	0.990437	0.990760
1650	0.990638	1.000000	1.000000	0.951180	0.990437	0.990760
1660	0.990664	1.000000	1.000000	0.951288	0.990437	0.990760
1670	0.990743	1.000000	1.000000	0.951255	0.990437	0.990760
1680	0.990796	1.000000	1.000000	0.951236	0.990437	0.990760
1690	0.990823	1.000000	1.000000	0.951305	0.990437	0.990760
1700	0.990861	1.000000	1.000000	0.951338	0.990437	0.990760
1710	0.990935	1.000000	1.000000	0.951453	0.990437	0.990760
1720	0.991021	1.000000	1.000000	0.951522	0.990437	0.990760
1730	0.991094	1.000000	1.000000	0.951594	0.990437	0.990760
1740	0.991181	1.000000	1.000000	0.951894	0.990437	0.990760
1750	0.991248	1.000000	1.000000	0.952052	0.990437	0.990760
1760	0.991331	1.000000	1.000000	0.951979	0.990437	0.990760
1770	0.991395	1.000000	1.000000	0.952064	0.990437	0.990760
1780	0.991459	1.000000	1.000000	0.952071	0.990437	0.990760
1790	0.991500	1.000000	1.000000	0.952205	0.990437	0.990760
1800	0.991551	1.000000	1.000000	0.952260	0.990437	0.990760
1810	0.991577	1.000000	1.000000	0.952316	0.990437	0.990760
1820	0.991599	1.000000	1.000000	0.952368	0.990437	0.990760
1830	0.991661	1.000000	1.000000	0.952410	0.990437	0.990760
1840	0.991704	1.000000	1.000000	0.952308	0.990437	0.990760
1850	0.991745	1.000000	1.000000	0.952259	0.990437	0.990760
1860	0.991807	1.000000	1.000000	0.952278	0.990437	0.990760
1870	0.991870	1.000000	1.000000	0.952290	0.990437	0.990760
1880	0.991920	1.000000	1.000000	0.952349	0.990437	0.990760
1890	0.991987	1.000000	1.000000	0.952426	0.990437	0.990760
1900	0.992037	1.000000	1.000000	0.952477	0.990437	0.990760
1910	0.992093	1.000000	1.000000	0.952508	0.990437	0.990760
1920	0.992151	1.000000	1.000000	0.952528	0.990437	0.990760
1930	0.992213	1.000000	1.000000	0.952920	0.990437	0.990760
1940	0.992275	1.000000	1.000000	0.953276	0.990437	0.990760
1950	0.992318	1.000000	1.000000	0.953368	0.990437	0.990760
1960	0.992346	1.000000	1.000000	0.953456	0.990437	0.990760
1970	0.992404	1.000000	1.000000	0.953490	0.990437	0.990760
1980	0.992454	1.000000	1.000000	0.953500	0.990437	0.990760
1990	0.992504	1.000000	1.000000	0.953469	0.990437	0.990760
2000	0.992541	1.000000	1.000000	0.953480	0.990437	0.990760
2010	0.992566	1.000000	1.000000	0.953469	0.990437	0.990760
2020	0.992589	1.000000	1.000000	0.953470	0.990437	0.990760
2030	0.992635	1.000000	1.000000	0.953463	0.990437	0.990760
2040	0.992677	1.000000	1.000000	0.953539	0.990437	0.990760
2050	0.992724	1.000000	1.000000	0.953645	0.990437	0.990760
2060	0.992768	1.000000	1.000000	0.953642	0.990437	0.990760
2070	0.992818	1.000000	1.000000	0.953617	0.990437	0.990760
2080	0.992841	1.000000	1.000000	0.953623	0.990437	0.990760
2090	0.992879	1.000000	1.000000	0.953658	0.990437	0.990760
2100	0.992902	1.000000	1.000000	0.953699	0.990437	0.990760
2110	0.992921	1.000000	1.000000	0.953745	0.990437	0.990760
2120	0.992952	1.000000	1.000000	0.953784	0.990437	0.990760
2130	0.992991	1.000000	1.000000	0.953875	0.990437	0.990760
2140	0.993020	1.000000	1.000000	0.953923	0.990437	0.990760
2150	0.993039	1.000000	1.000000	0.953952	0.990437	0.990760
2160	0.993050	1.000000	1.000000	0.953964	0.990437	0.990760
2170	0.993105	1.000000	1.000000	0.953899	0.990437	0.990760
2180	0.993155	1.000000	1.000000	0.953844	0.990437	0.990760
2190	0.993192	1.000000	1.000000	0.953853	0.990437	0.990760
2200	0.993225	1.000000	1.000000	0.953832	0.990437	0.990760
2210	0.993259	1.000000	1.000000	0.953897	0.990437	0.990760
2220	0.993274	1.000000	1.000000	0.953954	0.990437	0.990760
2230	0.993287	1.000000	1.000000	0.954010	0.990437	0.990760
2240	0.993300	1.000000	1.000000	0.954071	0.990437	0.990760
2250	0.993312	1.000000	1.000000	0.954136	0.990437	0.990760
2260	0.993325	1.000000	1.000000	0.954200	0.990437	0.990760
2270	0.993337	1.000000	1.000000	0.954257	0.990437	0.990760
2280	0.993347	1.000000	1.000000	0.954295	0.990437	0.990760
2290	0.993356	1.000000	1.000000	0.954322	0.990437	0.990760
2300	0.993364	1.000000	1.000000	0.954351	0.990437	0.990760
2310	0.993373	1.000000	1.000000	0.954381	0.990437	0.990760
2320	0.993382	1.000000	1.000000	0.954413	0.990437	0.990760
2330	0.993391	1.000000	1.000000	0.954441	0.990437	0.990760
2340	0.993400	1.000000	1.000000	0.954465	0.990437	0.990760
2350	0.993407	1.000000	1.000000	0.954467	0.990437	0.990760
2360	0.993417	1.000000	1.000000	0.954483	0.990437	0.990760
2370	0.993435	1.000000	1.000000	0.954500	0.990437	0.990760
2380	0.993487	1.000000	1.000000	0.954528	0.990437	0.990760
2390	0.993516	1.000000	1.000000	0.954556	0.990437	0.990760
2400	0.993573	1.000000	1.000000	0.954799	0.990437	0.990760
2410	0.993609	1.000000	1.000000	0.954889	0.990437	0.990760
2420	0.993640	1.000000	1.000000	0.954952	0.990437	0.990760
2430	0.993662	1.000000	1.000000	0.954991	0.990437	0.990760
2440	0.993675	1.000000	1.000000	0.955015	0.990437	0.990760
2450	0.993712	1.000000	1.000000	0.955046	0.990437	0.990760
2460	0.993764	1.000000	1.000000	0.954950	0.990437	0.990760
2470	0.993789	1.000000	1.000000	0.954874	0.990437	0.990760
2480	0.993808	1.000000	1.000000	0.954812	0.990437	0.990760
2490	0.993823	1.000000	1.000000	0.954796	0.990437	0.990760
2500	0.993837	1.000000	1.000000	0.954794	0.990437	0.990760
2510	0.993850	1.000000	1.000000	0.954777	0.990437	0.990760
2520	0.993861	1.000000	1.000000	0.954769	0.990437	0.990760
2530	0.993873	1.000000	1.000000	0.954763	0.990437	0.990760
2540	0.993892	1.000000	1.000000	0.954764	0.990437	0.990760
2550	0.993926	1.000000	1.000000	0.954794	0.990437	0.990760
2560	0.993965	1.000000	1.000000	0.954783	0.990437	0.990760
2570	0.993995	1.000000	1.000000	0.954782	0.990437	0.990760
2580	0.994026	1.000000	1.000000	0.954768	0.990437	0.990760
2590	0.994064	1.000000	1.000000	0.954743	0.990437	0.990760
2600	0.994105	1.000000	1.000000	0.954700	0.990437	0.990760
2610	0.994135	1.000000	1.000000	0.954732	0.990437	0.990760
2620	0.994159	1.000000	1.000000	0.954776	0.990437	0.990760
2630	0.994199	1.000000	1.000000	0.954915	0.990437	0.990760
2640	0.994230	1.000000	1.000000	0.955097	0.990437	0.990760
2650	0.994249	1.000000	1.000000	0.955157	0.990437	0.990760
2660	0.994278	1.000000	1.000000	0.955156	0.990437	0.990760
2670	0.994303	1.000000	1.000000	0.955167	0.990437	0.990760
2680	0.994318	1.000000	1.000000	0.955233	0.990437	0.990760
2690	0.994329	1.000000	1.000000	0.955269	0.990437	0.990760
2700	0.994339	1.000000	1.000000	0.955304	0.990437	0.990760
2710	0.994348	1.000000	1.000000	0.955330	0.990437	0.990760
2720	0.994360	1.000000	1.000000	0.955356	0.990437	0.990760
2730	0.994372	1.000000	1.000000	0.955388	0.990437	0.990760
2740	0.994386	1.000000	1.000000	0.955417	0.990437	0.990760
2750	0.994399	1.000000	1.000000	0.955424	0.990437	0.990760
2760	0.994410	1.000000	1.000000	0.955425	0.990437	0.990760
2770	0.994422	1.000000	1.000000	0.955419	0.990437	0.990760
2780	0.994440	1.000000	1.000000	0.955430	0.990437	0.990760
2790	0.994474	1.000000	1.000000	0.955394	0.990437	0.990760
2800	0.994521	1.000000	1.000000	0.955356	0.990437	0.990760
2810	0.994554	1.000000	1.000000	0.955413	0.990437	0.990760
2820	0.994583	1.000000	1.000000	0.955471	0.990437	0.990760
2830	0.994607	1.000000	1.000000	0.955498	0.990437	0.990760
2840	0.994636	1.000000	1.000000	0.955536	0.990437	0.990760
2850	0.994661	1.000000	1.000000	0.955531	0.990437	0.990760
2860	0.994689	1.000000	1.000000	0.955514	0.990437	0.990760
2870	0.994718	1.000000	1.000000	0.955529	0.990437	0.990760
2880	0.994738	1.000000	1.000000	0.955558	0.990437	0.990760
2890	0.994756	1.000000	1.000000	0.955584	0.990437	0.990760
2900	0.994770	1.000000	1.000000	0.955591	0.990437	0.990760
2910	0.994781	1.000000	1.000000	0.955589	0.990437	0.990760
2920	0.994791	1.000000	1.000000	0.955587	0.990437	0.990760
2930	0.994800	1.000000	1.000000	0.955593	0.990437	0.990760
2940	0.994806	1.000000	1.000000	0.955624	0.990437	0.990760
2950	0.994812	1.000000	1.000000	0.955660	0.990437	0.990760
2960	0.994818	1.000000	1.000000	0.955684	0.990437	0.990760
2970	0.994825	1.000000	1.000000	0.955705	0.990437	0.990760
2980	0.994832	1.000000	1.000000	0.955724	0.990437	0.990760
2990	0.994838	1.000000	1.000000	0.955741	0.990437	0.990760
3000	0.994845	1.000000	1.000000	0.955760	0.990437	0.990760
3010	0.994851	1.000000	1.000000	0.955778	0.990437	0.990760
3020	0.994856	1.000000	1.000000	0.955795	0.990437	0.990760
3030	0.994862	1.000000	1.000000	0.955811	0.990437	0.990760
3040	0.994867	1.000000	1.000000	0.955824	0.990437	0.990760
3050	0.994873	1.000000	1.000000	0.955850	0.990437	0.990760
3060	0.994880	1.000000	1.000000	0.955862	0.990437	0.990760
3070	0.994887	1.000000	1.000000	0.955883	0.990437	0.990760
3080	0.994895	1.000000	1.000000	0.955883	0.990437	0.990760
3090	0.994904	1.000000	1.000000	0.955890	0.990437	0.990760
3100	0.994912	1.000000	1.000000	0.955897	0.990437	0.990760
3110	0.994920	1.000000	1.000000	0.955884	0.990437	0.990760
3120	0.994928	1.000000	1.000000	0.955884	0.990437	0.990760
3130	0.994938	1.000000	1.000000	0.955890	0.990437	0.990760
3140	0.994946	1.000000	1.000000	0.955907	0.990437	0.990760
3150	0.994955	1.000000	1.000000	0.955902	0.990437	0.990760
3160	0.994963	1.000000	1.000000	0.955887	0.990437	0.990760
3170	0.994973	1.000000	1.000000	0.955868	0.990437	0.990760
3180	0.994996	1.000000	1.000000	0.955872	0.990437	0.990760
3190	0.995028	1.000000	1.000000	0.955885	0.990437	0.990760
3200	0.995060	1.000000	1.000000	0.955907	0.990437	0.990760
3210	0.995085	1.000000	1.000000	0.955921	0.990437	0.990760
3220	0.995111	1.000000	1.000000	0.955919	0.990437	0.990760
3230	0.995142	1.000000	1.000000	0.955917	0.990437	0.990760
3240	0.995160	1.000000	1.000000	0.955965	0.990437	0.990760
3250	0.995183	1.000000	1.000000	0.955989	0.990437	0.990760
3260	0.995205	1.000000	1.000000	0.956031	0.990437	0.990760
3270	0.995225	1.000000	1.000000	0.956040	0.990437	0.990760
3280	0.995241	1.000000	1.000000	0.956057	0.990437	0.990760
3290	0.995254	1.000000	1.000000	0.956093	0.990437	0.990760
3300	0.995260	1.000000	1.000000	0.956129	0.990437	0.990760
3310	0.995273	1.000000	1.000000	0.956176	0.990437	0.990760
3320	0.995285	1.000000	1.000000	0.956186	0.990437	0.990760
3330	0.995300	1.000000	1.000000	0.956219	0.990437	0.990760
3340	0.995314	1.000000	1.000000	0.956226	0.990437	0.990760
3350	0.995328	1.000000	1.000000	0.956228	0.990437	0.990760
3360	0.995339	1.000000	1.000000	0.956253	0.990437	0.990760
3370	0.995350	1.000000	1.000000	0.956345	0.990437	0.990760
3380	0.995360	1.000000	1.000000	0.956411	0.990437	0.990760
3390	0.995369	1.000000	1.000000	0.956455	0.990437	0.990760
3400	0.995380	1.000000	1.000000	0.956475	0.990437	0.990760
3410	0.995397	1.000000	1.000000	0.956491	0.990437	0.990760
3420	0.995403	1.000000	1.000000	0.956486	0.990437	0.990760
3430	0.995420	1.000000	1.000000	0.956480	0.990437	0.990760
3440	0.995444	1.000000	1.000000	0.956499	0.990437	0.990760
3450	0.995464	1.000000	1.000000	0.956445	0.990437	0.990760
3460	0.995481	1.000000	1.000000	0.956418	0.990437	0.990760
3470	0.995500	1.000000	1.000000	0.956337	0.990437	0.990760
3480	0.995518	1.000000	1.000000	0.956357	0.991803	0.992202
3490	0.995532	1.000000	1.000000	0.956362	0.991803	0.992202
3500	0.995554	1.000000	1.000000	0.956387	0.991803	0.992202
3510	0.995573	1.000000	1.000000	0.956415	0.991803	0.992202
3520	0.995586	1.000000	1.000000	0.956409	0.991803	0.992202
3530	0.995614	1.000000	1.000000	0.956465	0.991803	0.992202
3540	0.995636	1.000000	1.000000	0.956422	0.991803	0.992202
3550	0.995657	1.000000	1.000000	0.956419	0.991803	0.992202
3560	0.995672	1.000000	1.000000	0.956463	0.991803	0.992202
3570	0.995686	1.000000	1.000000	0.956448	0.991803	0.992202
3580	0.995699	1.000000	1.000000	0.956448	0.991803	0.992202
3590	0.995709	1.000000	1.000000	0.956454	0.991803	0.992202
3600	0.995724	1.000000	1.000000	0.956445	0.991803	0.992202
3610	0.995735	1.000000	1.000000	0.956455	0.991803	0.992202
3620	0.995742	1.000000	1.000000	0.956471	0.991803	0.992202
3630	0.995747	1.000000	1.000000	0.956487	0.991803	0.992202
3640	0.995753	1.000000	1.000000	0.956502	0.991803	0.992202
3650	0.995759	1.000000	1.000000	0.956522	0.991803	0.992202
3660	0.995765	1.000000	1.000000	0.956526	0.991803	0.992202
3670	0.995780	1.000000	1.000000	0.956537	0.991803	0.992202
3680	0.995799	1.000000	1.000000	0.956516	0.991803	0.992202
3690	0.995814	1.000000	1.000000	0.956500	0.991803	0.992202
3700	0.995830	1.000000	1.000000	0.956487	0.991803	0.992202
3710	0.995863	1.000000	1.000000	0.956371	0.991803	0.992202
3720	0.995892	1.000000	1.000000	0.956268	0.991803	0.992202
3730	0.995912	1.000000	1.000000	0.956227	0.991803	0.992202
3740	0.995923	1.000000	1.000000	0.956205	0.991803	0.992202
3750	0.995935	1.000000	1.000000	0.956185	0.991803	0.992202
3760	0.995945	1.000000	1.000000	0.956180	0.991803	0.992202
3770	0.995952	1.000000	1.000000	0.956206	0.991803	0.992202
3780	0.995967	1.000000	1.000000	0.956211	0.991803	0.992202
3790	0.995976	1.000000	1.000000	0.956238	0.991803	0.992202
3800	0.995988	1.000000	1.000000	0.956245	0.991803	0.992202
3810	0.995993	1.000000	1.000000	0.956270	0.991803	0.992202
3820	0.996003	1.000000	1.000000	0.956288	0.991803	0.992202
3830	0.996014	1.000000	1.000000	0.956295	0.991803	0.992202
3840	0.996024	1.000000	1.000000	0.956312	0.991803	0.992202
3850	0.996031	1.000000	1.000000	0.956316	0.991803	0.992202
3860	0.996042	1.000000	1.000000	0.956297	0.991803	0.992202
3870	0.996051	1.000000	1.000000	0.956300	0.991803	0.992202
3880	0.996059	1.000000	1.000000	0.956328	0.991803	0.992202
3890	0.996068	1.000000	1.000000	0.956360	0.991803	0.992202
3900	0.996079	1.000000	1.000000	0.956394	0.991803	0.992202
3910	0.996099	1.000000	1.000000	0.956435	0.991803	0.992202
3920	0.996116	1.000000	1.000000	0.956500	0.991803	0.992202
3930	0.996127	1.000000	1.000000	0.956524	0.991803	0.992202
3940	0.996132	1.000000	1.000000	0.956502	0.991803	0.992202
3950	0.996136	1.000000	1.000000	0.956503	0.991803	0.992202
3960	0.996140	1.000000	1.000000	0.956513	0.991803	0.992202
3970	0.996153	1.000000	1.000000	0.956511	0.991803	0.992202
3980	0.996165	1.000000	1.000000	0.956510	0.991803	0.992202
3990	0.996178	1.000000	1.000000	0.956532	0.991803	0.992202
4000	0.996195	1.000000	1.000000	0.956535	0.991803	0.992202
