10	0.383853	0.851601	0.806653	0.364485	0.813986	0.776130
20	0.538242	0.878301	0.831072	0.502243	0.840559	0.800960
30	0.605209	0.888627	0.840451	0.564576	0.857343	0.817887
40	0.649453	0.911344	0.913598	0.607979	0.876923	0.888254
50	0.695507	0.969317	0.969315	0.654609	0.941259	0.944308
60	0.729407	0.978758	0.978639	0.690533	0.948252	0.950970
70	0.755578	0.983921	0.983832	0.718311	0.960839	0.962574
80	0.786696	0.987166	0.987130	0.750744	0.970629	0.971851
90	0.802458	0.988936	0.988912	0.766476	0.976224	0.977334
100	0.821594	0.989969	0.989945	0.786038	0.976224	0.977112
110	0.837644	0.992624	0.992596	0.802708	0.981818	0.982174
120	0.850408	0.993952	0.993909	0.815521	0.984615	0.984740
130	0.862460	0.994689	0.994672	0.826776	0.984615	0.984740
140	0.872674	0.995280	0.995256	0.837315	0.983217	0.983905
150	0.879912	0.996165	0.996143	0.844618	0.986014	0.986359
160	0.887154	0.996165	0.996143	0.851859	0.984615	0.985125
170	0.893135	0.996902	0.996904	0.858166	0.987413	0.987989
180	0.899316	0.997050	0.997047	0.864201	0.987413	0.987989
190	0.905907	0.997492	0.997491	0.871359	0.990210	0.990743
200	0.911069	0.998377	0.998361	0.876373	0.990210	0.990743
210	0.914949	0.998377	0.998367	0.880267	0.990210	0.990743
220	0.917912	0.998672	0.998663	0.883462	0.990210	0.990743
230	0.921933	0.998820	0.998806	0.887641	0.990210	0.990743
240	0.925644	0.999115	0.999101	0.891576	0.990210	0.990743
250	0.927950	0.999115	0.999101	0.894088	0.990210	0.990743
260	0.931111	0.999262	0.999251	0.897420	0.990210	0.990743
270	0.933677	0.999262	0.999251	0.899988	0.990210	0.990743
280	0.935891	0.999262	0.999251	0.902394	0.990210	0.990743
290	0.938199	0.999262	0.999251	0.904905	0.990210	0.990743
300	0.940237	0.999262	0.999251	0.907028	0.990210	0.990743
310	0.941686	0.999262	0.999251	0.908628	0.990210	0.990743
320	0.943421	0.999262	0.999251	0.910266	0.990210	0.990743
330	0.945290	0.999262	0.999251	0.911965	0.990210	0.990743
340	0.947106	0.999262	0.999251	0.913775	0.990210	0.990743
350	0.948998	0.999262	0.999251	0.915950	0.990210	0.990743
360	0.950113	0.999410	0.999404	0.917077	0.990210	0.990743
370	0.951542	0.999410	0.999404	0.918506	0.990210	0.990743
380	0.952485	0.999410	0.999404	0.919540	0.990210	0.990743
390	0.953408	0.999410	0.999404	0.920327	0.990210	0.990743
400	0.954319	0.999410	0.999404	0.921129	0.990210	0.990743
410	0.954915	0.999410	0.999404	0.921691	0.990210	0.990743
420	0.956102	0.999410	0.999404	0.923030	0.990210	0.990743
430	0.956990	0.999410	0.999404	0.923934	0.990210	0.990743
440	0.957723	0.999410	0.999404	0.924750	0.990210	0.990743
450	0.958669	0.999410	0.999404	0.925729	0.990210	0.990743
460	0.959322	0.999410	0.999404	0.926258	0.990210	0.990743
470	0.960285	0.999410	0.999404	0.927270	0.990210	0.990743
480	0.960699	0.999410	0.999404	0.927624	0.990210	0.990743
490	0.961021	0.999410	0.999404	0.927878	0.990210	0.990721
500	0.961512	0.999410	0.999404	0.928326	0.990210	0.990743
510	0.962185	0.999410	0.999404	0.929071	0.990210	0.990721
520	0.962619	0.999410	0.999404	0.929585	0.990210	0.990743
530	0.962899	0.999410	0.999404	0.929822	0.990210	0.990743
540	0.963263	0.999410	0.999404	0.930241	0.990210	0.990743
550	0.963655	0.999410	0.999404	0.930647	0.990210	0.990721
560	0.964433	0.999410	0.999404	0.931731	0.990210	0.990721
570	0.964901	0.999410	0.999404	0.932184	0.990210	0.990721
580	0.965352	0.999410	0.999404	0.932694	0.990210	0.990721
590	0.965747	0.999410	0.999404	0.933078	0.990210	0.990721
600	0.966023	0.999410	0.999404	0.933427	0.990210	0.990721
610	0.966209	0.999410	0.999404	0.933699	0.990210	0.990743
620	0.966540	0.999410	0.999404	0.933988	0.990210	0.990743
630	0.967319	0.999410	0.999404	0.934721	0.990210	0.990743
640	0.967832	0.999410	0.999404	0.935314	0.990210	0.990743
650	0.968217	0.999410	0.999404	0.935710	0.990210	0.990743
660	0.968536	0.999410	0.999404	0.936073	0.990210	0.990743
670	0.968881	0.999410	0.999404	0.936512	0.990210	0.990743
680	0.969220	0.999410	0.999404	0.936938	0.990210	0.990743
690	0.969583	0.999410	0.999404	0.937546	0.990210	0.990743
700	0.970165	0.999410	0.999404	0.938106	0.990210	0.990743
710	0.970343	0.999410	0.999404	0.938219	0.990210	0.990743
720	0.970483	0.999410	0.999404	0.938331	0.990210	0.990743
730	0.970802	0.999410	0.999404	0.938647	0.990210	0.990743
740	0.971840	0.999410	0.999404	0.939956	0.990210	0.990743
750	0.972338	0.999410	0.999404	0.940573	0.990210	0.990743
760	0.972664	0.999557	0.999553	0.940891	0.990210	0.990743
770	0.972948	0.999557	0.999553	0.941225	0.990210	0.990743
780	0.973243	0.999557	0.999553	0.941607	0.990210	0.990743
790	0.973448	0.999705	0.999701	0.941768	0.990210	0.990743
800	0.973842	0.999705	0.999701	0.942182	0.990210	0.990743
810	0.974022	0.999705	0.999701	0.942386	0.990210	0.990743
820	0.974100	0.999705	0.999701	0.942503	0.990210	0.990743
830	0.974280	0.999705	0.999701	0.942549	0.990210	0.990743
840	0.974531	0.999705	0.999701	0.942504	0.990210	0.990743
850	0.975073	0.999705	0.999701	0.943118	0.990210	0.990743
860	0.975542	0.999705	0.999701	0.943755	0.990210	0.990743
870	0.975755	0.999705	0.999701	0.943944	0.990210	0.990743
880	0.975947	0.999705	0.999701	0.944158	0.990210	0.990743
890	0.976179	0.999705	0.999701	0.944469	0.990210	0.990743
900	0.976560	0.999705	0.999701	0.944931	0.990210	0.990743
910	0.976757	0.999705	0.999701	0.945153	0.990210	0.990743
920	0.976920	0.999705	0.999701	0.945409	0.990210	0.990743
930	0.977183	0.999705	0.999701	0.945648	0.990210	0.990743
940	0.977517	0.999705	0.999701	0.946021	0.990210	0.990743
950	0.977943	0.999705	0.999701	0.946542	0.990210	0.990743
960	0.978209	0.999705	0.999701	0.946798	0.990210	0.990743
970	0.978429	0.999705	0.999701	0.947014	0.990210	0.990743
980	0.978655	0.999705	0.999701	0.947469	0.990210	0.990743
990	0.978830	0.999705	0.999701	0.947692	0.990210	0.990743
1000	0.978977	0.999705	0.999701	0.947828	0.990210	0.990743
1010	0.979104	0.999705	0.999701	0.947972	0.990210	0.990743
1020	0.979256	0.999705	0.999701	0.948036	0.990210	0.990743
1030	0.979605	0.999705	0.999701	0.948440	0.990210	0.990743
1040	0.979833	0.999705	0.999701	0.948748	0.990210	0.990743
1050	0.980032	0.999705	0.999701	0.948960	0.990210	0.990743
1060	0.980203	0.999705	0.999701	0.949165	0.990210	0.990743
1070	0.980305	0.999705	0.999701	0.949201	0.990210	0.990721
1080	0.980508	0.999705	0.999701	0.949369	0.990210	0.990721
1090	0.980859	0.999705	0.999701	0.949712	0.990210	0.990721
1100	0.981266	0.999705	0.999701	0.950152	0.990210	0.990721
1110	0.981434	0.999705	0.999701	0.950378	0.990210	0.990721
1120	0.981551	0.999705	0.999701	0.950443	0.990210	0.990721
1130	0.981704	0.999705	0.999701	0.950599	0.990210	0.990721
1140	0.981941	0.999852	0.999849	0.950792	0.990210	0.990721
1150	0.982042	1.000000	1.000000	0.950910	0.991608	0.992136
1160	0.982210	1.000000	1.000000	0.951055	0.991608	0.992136
1170	0.982359	1.000000	1.000000	0.951276	0.991608	0.992136
1180	0.982637	1.000000	1.000000	0.951630	0.991608	0.992136
1190	0.982966	1.000000	1.000000	0.951963	0.991608	0.992136
1200	0.983132	1.000000	1.000000	0.952257	0.991608	0.992136
1210	0.983256	1.000000	1.000000	0.952385	0.991608	0.992136
1220	0.983432	1.000000	1.000000	0.952563	0.991608	0.992136
1230	0.983516	1.000000	1.000000	0.952668	0.991608	0.992136
1240	0.983693	1.000000	1.000000	0.952835	0.991608	0.992136
1250	0.983808	1.000000	1.000000	0.952971	0.991608	0.992136
1260	0.983913	1.000000	1.000000	0.953068	0.991608	0.992136
1270	0.984131	1.000000	1.000000	0.953330	0.991608	0.992136
1280	0.984254	1.000000	1.000000	0.953561	0.991608	0.992136
1290	0.984519	1.000000	1.000000	0.953843	0.991608	0.992136
1300	0.984692	1.000000	1.000000	0.954039	0.991608	0.992136
1310	0.984809	1.000000	1.000000	0.954114	0.991608	0.992136
1320	0.984923	1.000000	1.000000	0.954231	0.991608	0.992136
1330	0.985048	1.000000	1.000000	0.954296	0.991608	0.992136
1340	0.985202	1.000000	1.000000	0.954442	0.991608	0.992136
1350	0.985299	1.000000	1.000000	0.954553	0.991608	0.992136
1360	0.985410	1.000000	1.000000	0.954642	0.991608	0.992136
1370	0.985532	1.000000	1.000000	0.954722	0.991608	0.992136
1380	0.985723	1.000000	1.000000	0.955005	0.991608	0.992136
1390	0.985930	1.000000	1.000000	0.955206	0.991608	0.992136
1400	0.986082	1.000000	1.000000	0.955398	0.991608	0.992136
1410	0.986153	1.000000	1.000000	0.955502	0.991608	0.992136
1420	0.986241	1.000000	1.000000	0.955592	0.991608	0.992136
1430	0.986348	1.000000	1.000000	0.955719	0.993007	0.993551
1440	0.986419	1.000000	1.000000	0.955814	0.993007	0.993551
1450	0.986507	1.000000	1.000000	0.955905	0.991608	0.992136
1460	0.986548	1.000000	1.000000	0.955945	0.991608	0.992136
1470	0.986582	1.000000	1.000000	0.955985	0.991608	0.992136
1480	0.986648	1.000000	1.000000	0.956072	0.991608	0.992136
1490	0.986874	1.000000	1.000000	0.956358	0.993007	0.993551
1500	0.987028	1.000000	1.000000	0.956542	0.993007	0.993551
1510	0.987104	1.000000	1.000000	0.956613	0.991608	0.992136
1520	0.987216	1.000000	1.000000	0.956703	0.991608	0.992136
1530	0.987468	1.000000	1.000000	0.957016	0.993007	0.993551
1540	0.987582	1.000000	1.000000	0.957174	0.993007	0.993551
1550	0.987672	1.000000	1.000000	0.957296	0.993007	0.993551
1560	0.987734	1.000000	1.000000	0.957334	0.993007	0.993551
1570	0.987794	1.000000	1.000000	0.957410	0.991608	0.992136
1580	0.987942	1.000000	1.000000	0.957561	0.993007	0.993551
1590	0.987997	1.000000	1.000000	0.957599	0.993007	0.993551
1600	0.988050	1.000000	1.000000	0.957661	0.993007	0.993551
1610	0.988119	1.000000	1.000000	0.957749	0.993007	0.993551
1620	0.988189	1.000000	1.000000	0.957811	0.993007	0.993551
1630	0.988258	1.000000	1.000000	0.957888	0.993007	0.993551
1640	0.988285	1.000000	1.000000	0.957921	0.993007	0.993551
1650	0.988310	1.000000	1.000000	0.957955	0.993007	0.993551
1660	0.988419	1.000000	1.000000	0.958075	0.993007	0.993551
1670	0.988561	1.000000	1.000000	0.958198	0.993007	0.993551
1680	0.988637	1.000000	1.000000	0.958289	0.993007	0.993551
1690	0.988738	1.000000	1.000000	0.958430	0.993007	0.993551
1700	0.988814	1.000000	1.000000	0.958507	0.993007	0.993551
1710	0.988879	1.000000	1.000000	0.958547	0.993007	0.993551
1720	0.988969	1.000000	1.000000	0.958631	0.993007	0.993551
1730	0.989094	1.000000	1.000000	0.958816	0.993007	0.993551
1740	0.989163	1.000000	1.000000	0.958917	0.993007	0.993551
1750	0.989204	1.000000	1.000000	0.958976	0.993007	0.993551
1760	0.989236	1.000000	1.000000	0.959035	0.993007	0.993551
1770	0.989286	1.000000	1.000000	0.959093	0.993007	0.993551
1780	0.989369	1.000000	1.000000	0.959184	0.993007	0.993551
1790	0.989407	1.000000	1.000000	0.959267	0.993007	0.993551
1800	0.989475	1.000000	1.000000	0.959373	0.993007	0.993551
1810	0.989508	1.000000	1.000000	0.959403	0.993007	0.993551
1820	0.989542	1.000000	1.000000	0.959436	0.993007	0.993551
1830	0.989569	1.000000	1.000000	0.959464	0.993007	0.993551
1840	0.989622	1.000000	1.000000	0.959493	0.993007	0.993551
1850	0.989655	1.000000	1.000000	0.959522	0.993007	0.993551
1860	0.989717	1.000000	1.000000	0.959597	0.993007	0.993551
1870	0.989846	1.000000	1.000000	0.959889	0.993007	0.993551
1880	0.989982	1.000000	1.000000	0.960017	0.993007	0.993551
1890	0.990113	1.000000	1.000000	0.960505	0.993007	0.993551
1900	0.990179	1.000000	1.000000	0.960576	0.993007	0.993551
1910	0.990269	1.000000	1.000000	0.960664	0.993007	0.993551
1920	0.990356	1.000000	1.000000	0.960743	0.993007	0.993551
1930	0.990428	1.000000	1.000000	0.960808	0.993007	0.993551
1940	0.990492	1.000000	1.000000	0.960868	0.993007	0.993551
1950	0.990566	1.000000	1.000000	0.960992	0.993007	0.993551
1960	0.990610	1.000000	1.000000	0.961050	0.993007	0.993551
1970	0.990644	1.000000	1.000000	0.961085	0.993007	0.993551
1980	0.990702	1.000000	1.000000	0.961134	0.993007	0.993551
1990	0.990742	1.000000	1.000000	0.961191	0.993007	0.993551
2000	0.990784	1.000000	1.000000	0.961151	0.993007	0.993551
2010	0.990836	1.000000	1.000000	0.961175	0.993007	0.993551
2020	0.990882	1.000000	1.000000	0.961241	0.993007	0.993551
2030	0.990959	1.000000	1.000000	0.961376	0.993007	0.993551
2040	0.991031	1.000000	1.000000	0.961409	0.993007	0.993551
2050	0.991063	1.000000	1.000000	0.961410	0.993007	0.993551
2060	0.991122	1.000000	1.000000	0.961479	0.993007	0.993551
2070	0.991186	1.000000	1.000000	0.961561	0.993007	0.993551
2080	0.991240	1.000000	1.000000	0.961590	0.993007	0.993551
2090	0.991302	1.000000	1.000000	0.961606	0.993007	0.993551
2100	0.991333	1.000000	1.000000	0.961642	0.993007	0.993551
2110	0.991385	1.000000	1.000000	0.961715	0.993007	0.993551
2120	0.991443	1.000000	1.000000	0.961784	0.993007	0.993551
2130	0.991480	1.000000	1.000000	0.961808	0.993007	0.993551
2140	0.991550	1.000000	1.000000	0.961823	0.993007	0.993551
2150	0.991604	1.000000	1.000000	0.961894	0.993007	0.993551
2160	0.991637	1.000000	1.000000	0.961918	0.993007	0.993551
2170	0.991707	1.000000	1.000000	0.962011	0.993007	0.993551
2180	0.991746	1.000000	1.000000	0.962109	0.993007	0.993551
2190	0.991782	1.000000	1.000000	0.962149	0.993007	0.993551
2200	0.991812	1.000000	1.000000	0.962200	0.993007	0.993551
2210	0.991849	1.000000	1.000000	0.962252	0.993007	0.993551
2220	0.991897	1.000000	1.000000	0.962300	0.993007	0.993551
2230	0.991938	1.000000	1.000000	0.962326	0.993007	0.993551
2240	0.991976	1.000000	1.000000	0.962392	0.993007	0.993551
2250	0.991999	1.000000	1.000000	0.962422	0.993007	0.993551
2260	0.992027	1.000000	1.000000	0.962423	0.993007	0.993551
2270	0.992056	1.000000	1.000000	0.962451	0.993007	0.993551
2280	0.992078	1.000000	1.000000	0.962466	0.993007	0.993551
2290	0.992098	1.000000	1.000000	0.962482	0.993007	0.993551
2300	0.992115	1.000000	1.000000	0.962484	0.993007	0.993551
2310	0.992130	1.000000	1.000000	0.962485	0.993007	0.993551
2320	0.992145	1.000000	1.000000	0.962491	0.993007	0.993551
2330	0.992158	1.000000	1.000000	0.962497	0.993007	0.993551
2340	0.992172	1.000000	1.000000	0.962498	0.993007	0.993551
2350	0.992184	1.000000	1.000000	0.962505	0.993007	0.993551
2360	0.992195	1.000000	1.000000	0.962519	0.993007	0.993551
2370	0.992207	1.000000	1.000000	0.962523	0.993007	0.993551
2380	0.992218	1.000000	1.000000	0.962540	0.993007	0.993551
2390	0.992230	1.000000	1.000000	0.962557	0.993007	0.993551
2400	0.992241	1.000000	1.000000	0.962578	0.993007	0.993551
2410	0.992252	1.000000	1.000000	0.962593	0.993007	0.993551
2420	0.992263	1.000000	1.000000	0.962606	0.993007	0.993551
2430	0.992272	1.000000	1.000000	0.962618	0.993007	0.993551
2440	0.992287	1.000000	1.000000	0.962627	0.993007	0.993551
2450	0.992303	1.000000	1.000000	0.962611	0.993007	0.993551
2460	0.992319	1.000000	1.000000	0.962616	0.993007	0.993551
2470	0.992337	1.000000	1.000000	0.962647	0.993007	0.993551
2480	0.992352	1.000000	1.000000	0.962658	0.993007	0.993551
2490	0.992370	1.000000	1.000000	0.962668	0.993007	0.993551
2500	0.992396	1.000000	1.000000	0.962694	0.993007	0.993551
2510	0.992424	1.000000	1.000000	0.962727	0.993007	0.993551
2520	0.992453	1.000000	1.000000	0.962775	0.993007	0.993551
2530	0.992484	1.000000	1.000000	0.962813	0.993007	0.993551
2540	0.992507	1.000000	1.000000	0.962857	0.993007	0.993551
2550	0.992546	1.000000	1.000000	0.962938	0.993007	0.993551
2560	0.992603	1.000000	1.000000	0.963021	0.993007	0.993551
2570	0.992632	1.000000	1.000000	0.963085	0.993007	0.993551
2580	0.992652	1.000000	1.000000	0.963131	0.993007	0.993551
2590	0.992688	1.000000	1.000000	0.963145	0.993007	0.993551
2600	0.992720	1.000000	1.000000	0.963184	0.994406	0.994750
2610	0.992775	1.000000	1.000000	0.963263	0.993007	0.993551
2620	0.992804	1.000000	1.000000	0.963305	0.993007	0.993551
2630	0.992849	1.000000	1.000000	0.963311	0.993007	0.993551
2640	0.992880	1.000000	1.000000	0.963355	0.993007	0.993551
2650	0.992906	1.000000	1.000000	0.963379	0.993007	0.993551
2660	0.992927	1.000000	1.000000	0.963390	0.993007	0.993551
2670	0.992957	1.000000	1.000000	0.963432	0.993007	0.993551
2680	0.992973	1.000000	1.000000	0.963471	0.993007	0.993551
2690	0.993006	1.000000	1.000000	0.963512	0.993007	0.993551
2700	0.993039	1.000000	1.000000	0.963569	0.993007	0.993551
2710	0.993095	1.000000	1.000000	0.963614	0.993007	0.993551
2720	0.993149	1.000000	1.000000	0.963694	0.993007	0.993551
2730	0.993182	1.000000	1.000000	0.963720	0.993007	0.993551
2740	0.993214	1.000000	1.000000	0.963653	0.993007	0.993551
2750	0.993243	1.000000	1.000000	0.963661	0.993007	0.993551
2760	0.993274	1.000000	1.000000	0.963706	0.993007	0.993551
2770	0.993304	1.000000	1.000000	0.963733	0.993007	0.993551
2780	0.993355	1.000000	1.000000	0.963746	0.993007	0.993551
2790	0.993381	1.000000	1.000000	0.963747	0.993007	0.993551
2800	0.993395	1.000000	1.000000	0.963741	0.993007	0.993551
2810	0.993408	1.000000	1.000000	0.963714	0.993007	0.993551
2820	0.993422	1.000000	1.000000	0.963691	0.993007	0.993551
2830	0.993436	1.000000	1.000000	0.963685	0.994406	0.994750
2840	0.993448	1.000000	1.000000	0.963698	0.994406	0.994750
2850	0.993459	1.000000	1.000000	0.963712	0.994406	0.994750
2860	0.993468	1.000000	1.000000	0.963723	0.994406	0.994750
2870	0.993488	1.000000	1.000000	0.963773	0.994406	0.994750
2880	0.993517	1.000000	1.000000	0.963838	0.994406	0.994750
2890	0.993548	1.000000	1.000000	0.963883	0.994406	0.994750
2900	0.993579	1.000000	1.000000	0.963925	0.994406	0.994750
2910	0.993612	1.000000	1.000000	0.963967	0.994406	0.994750
2920	0.993644	1.000000	1.000000	0.964005	0.994406	0.994750
2930	0.993673	1.000000	1.000000	0.964025	0.994406	0.994750
2940	0.993694	1.000000	1.000000	0.964047	0.994406	0.994750
2950	0.993722	1.000000	1.000000	0.964080	0.994406	0.994750
2960	0.993742	1.000000	1.000000	0.964094	0.994406	0.994750
2970	0.993773	1.000000	1.000000	0.964123	0.994406	0.994750
2980	0.993796	1.000000	1.000000	0.964153	0.994406	0.994750
2990	0.993806	1.000000	1.000000	0.964155	0.994406	0.994750
3000	0.993814	1.000000	1.000000	0.964157	0.994406	0.994750
3010	0.993822	1.000000	1.000000	0.964165	0.994406	0.994750
3020	0.993863	1.000000	1.000000	0.964220	0.994406	0.994750
3030	0.993893	1.000000	1.000000	0.964255	0.994406	0.994750
3040	0.993908	1.000000	1.000000	0.964280	0.994406	0.994750
3050	0.993929	1.000000	1.000000	0.964303	0.994406	0.994750
3060	0.993960	1.000000	1.000000	0.964314	0.994406	0.994750
3070	0.993977	1.000000	1.000000	0.964332	0.994406	0.994750
3080	0.993992	1.000000	1.000000	0.964351	0.994406	0.994750
3090	0.994009	1.000000	1.000000	0.964369	0.994406	0.994750
3100	0.994035	1.000000	1.000000	0.964403	0.994406	0.994750
3110	0.994063	1.000000	1.000000	0.964549	0.994406	0.994750
3120	0.994086	1.000000	1.000000	0.964695	0.994406	0.994750
3130	0.994115	1.000000	1.000000	0.964761	0.994406	0.994750
3140	0.994125	1.000000	1.000000	0.964775	0.994406	0.994750
3150	0.994132	1.000000	1.000000	0.964785	0.994406	0.994750
3160	0.994143	1.000000	1.000000	0.964813	0.994406	0.994750
3170	0.994164	1.000000	1.000000	0.964844	0.994406	0.994750
3180	0.994178	1.000000	1.000000	0.964875	0.994406	0.994750
3190	0.994200	1.000000	1.000000	0.964902	0.994406	0.994750
3200	0.994225	1.000000	1.000000	0.964917	0.994406	0.994750
3210	0.994266	1.000000	1.000000	0.965000	0.994406	0.994750
3220	0.994285	1.000000	1.000000	0.965025	0.994406	0.994750
3230	0.994297	1.000000	1.000000	0.965026	0.994406	0.994750
3240	0.994314	1.000000	1.000000	0.965065	0.994406	0.994750
3250	0.994334	1.000000	1.000000	0.965097	0.994406	0.994750
3260	0.994350	1.000000	1.000000	0.965120	0.994406	0.994750
3270	0.994375	1.000000	1.000000	0.965164	0.994406	0.994750
3280	0.994408	1.000000	1.000000	0.965182	0.994406	0.994750
3290	0.994429	1.000000	1.000000	0.965208	0.994406	0.994750
3300	0.994439	1.000000	1.000000	0.965215	0.994406	0.994750
3310	0.994452	1.000000	1.000000	0.965230	0.994406	0.994750
3320	0.994459	1.000000	1.000000	0.965246	0.994406	0.994750
3330	0.994467	1.000000	1.000000	0.965267	0.994406	0.994750
3340	0.994479	1.000000	1.000000	0.965280	0.994406	0.994750
3350	0.994486	1.000000	1.000000	0.965294	0.994406	0.994750
3360	0.994492	1.000000	1.000000	0.965306	0.994406	0.994750
3370	0.994497	1.000000	1.000000	0.965318	0.994406	0.994750
3380	0.994519	1.000000	1.000000	0.965341	0.994406	0.994750
3390	0.994558	1.000000	1.000000	0.965452	0.994406	0.994750
3400	0.994575	1.000000	1.000000	0.965493	0.994406	0.994750
3410	0.994589	1.000000	1.000000	0.965521	0.994406	0.994750
3420	0.994616	1.000000	1.000000	0.965566	0.994406	0.994750
3430	0.994646	1.000000	1.000000	0.965588	0.994406	0.994750
3440	0.994660	1.000000	1.000000	0.965609	0.994406	0.994750
3450	0.994670	1.000000	1.000000	0.965641	0.994406	0.994750
3460	0.994680	1.000000	1.000000	0.965672	0.994406	0.994750
3470	0.994693	1.000000	1.000000	0.965693	0.994406	0.994750
3480	0.994710	1.000000	1.000000	0.965712	0.994406	0.994750
3490	0.994740	1.000000	1.000000	0.965746	0.994406	0.994750
3500	0.994767	1.000000	1.000000	0.965773	0.994406	0.994750
3510	0.994793	1.000000	1.000000	0.965816	0.994406	0.994750
3520	0.994811	1.000000	1.000000	0.965816	0.994406	0.994750
3530	0.994824	1.000000	1.000000	0.965819	0.994406	0.994750
3540	0.994840	1.000000	1.000000	0.965845	0.994406	0.994750
3550	0.994859	1.000000	1.000000	0.965851	0.994406	0.994750
3560	0.994876	1.000000	1.000000	0.965860	0.994406	0.994750
3570	0.994884	1.000000	1.000000	0.965873	0.994406	0.994750
3580	0.994904	1.000000	1.000000	0.965902	0.994406	0.994750
3590	0.994917	1.000000	1.000000	0.965924	0.994406	0.994750
3600	0.994946	1.000000	1.000000	0.965990	0.994406	0.994750
3610	0.994969	1.000000	1.000000	0.966044	0.994406	0.994750
3620	0.994987	1.000000	1.000000	0.966055	0.994406	0.994750
3630	0.994993	1.000000	1.000000	0.966056	0.994406	0.994750
3640	0.994999	1.000000	1.000000	0.966058	0.994406	0.994750
3650	0.995004	1.000000	1.000000	0.966057	0.994406	0.994750
3660	0.995010	1.000000	1.000000	0.966052	0.994406	0.994750
3670	0.995015	1.000000	1.000000	0.966046	0.994406	0.994750
3680	0.995020	1.000000	1.000000	0.966044	0.994406	0.994750
3690	0.995025	1.000000	1.000000	0.966041	0.994406	0.994750
3700	0.995030	1.000000	1.000000	0.966034	0.994406	0.994750
3710	0.995034	1.000000	1.000000	0.966028	0.994406	0.994750
3720	0.995039	1.000000	1.000000	0.966022	0.994406	0.994750
3730	0.995043	1.000000	1.000000	0.966015	0.994406	0.994750
3740	0.995048	1.000000	1.000000	0.966013	0.994406	0.994750
3750	0.995053	1.000000	1.000000	0.966008	0.994406	0.994750
3760	0.995057	1.000000	1.000000	0.966003	0.994406	0.994750
3770	0.995061	1.000000	1.000000	0.965998	0.994406	0.994750
3780	0.995066	1.000000	1.000000	0.966001	0.994406	0.994750
3790	0.995071	1.000000	1.000000	0.965998	0.994406	0.994750
3800	0.995075	1.000000	1.000000	0.965999	0.994406	0.994750
3810	0.995080	1.000000	1.000000	0.966005	0.994406	0.994750
3820	0.995085	1.000000	1.000000	0.966022	0.994406	0.994750
3830	0.995090	1.000000	1.000000	0.966026	0.994406	0.994750
3840	0.995094	1.000000	1.000000	0.966031	0.994406	0.994750
3850	0.995098	1.000000	1.000000	0.966048	0.994406	0.994750
3860	0.995102	1.000000	1.000000	0.966057	0.994406	0.994750
3870	0.995105	1.000000	1.000000	0.966064	0.994406	0.994750
3880	0.995108	1.000000	1.000000	0.966071	0.994406	0.994750
3890	0.995113	1.000000	1.000000	0.966077	0.994406	0.994750
3900	0.995118	1.000000	1.000000	0.966084	0.994406	0.994750
3910	0.995123	1.000000	1.000000	0.966086	0.994406	0.994750
3920	0.995129	1.000000	1.000000	0.966098	0.994406	0.994750
3930	0.995140	1.000000	1.000000	0.966121	0.994406	0.994750
3940	0.995159	1.000000	1.000000	0.966135	0.994406	0.994750
3950	0.995176	1.000000	1.000000	0.966162	0.994406	0.994750
3960	0.995186	1.000000	1.000000	0.966143	0.994406	0.994750
3970	0.995202	1.000000	1.000000	0.966158	0.994406	0.994750
3980	0.995209	1.000000	1.000000	0.966149	0.994406	0.994750
3990	0.995215	1.000000	1.000000	0.966139	0.994406	0.994750
4000	0.995220	1.000000	1.000000	0.966179	0.994406	0.994750
