10	0.380748	0.841583	0.799907	0.379288	0.841823	0.797808
20	0.525246	0.874333	0.830393	0.514058	0.869973	0.822389
30	0.590801	0.884558	0.838599	0.576363	0.878016	0.829201
40	0.638537	0.899378	0.903077	0.620675	0.887399	0.888897
50	0.683137	0.959544	0.959883	0.663160	0.938338	0.938317
60	0.724564	0.978068	0.978141	0.702231	0.957105	0.957062
70	0.754595	0.986070	0.986108	0.728554	0.973190	0.973408
80	0.776921	0.989627	0.989661	0.750325	0.977212	0.977329
90	0.793744	0.991405	0.991432	0.765711	0.981233	0.981314
100	0.814363	0.992887	0.992894	0.785436	0.982574	0.982707
110	0.828305	0.994072	0.994109	0.798732	0.985255	0.985413
120	0.842590	0.994665	0.994687	0.812109	0.986595	0.986746
130	0.856747	0.994961	0.994988	0.827170	0.986595	0.986873
140	0.867573	0.995258	0.995279	0.837048	0.986595	0.986873
150	0.876971	0.995406	0.995421	0.846992	0.987936	0.988187
160	0.884328	0.995851	0.995865	0.853825	0.987936	0.988187
170	0.890360	0.996592	0.996600	0.859899	0.987936	0.988187
180	0.897164	0.996888	0.996889	0.865943	0.989276	0.989401
190	0.903161	0.997184	0.997178	0.872428	0.989276	0.989401
200	0.908427	0.997777	0.997776	0.877495	0.989276	0.989401
210	0.912551	0.998074	0.998059	0.881860	0.989276	0.989401
220	0.916069	0.997925	0.997918	0.886373	0.989276	0.989401
230	0.919374	0.998370	0.998361	0.890626	0.989276	0.989401
240	0.923646	0.998518	0.998512	0.895511	0.989276	0.989401
250	0.926262	0.998518	0.998512	0.898032	0.989276	0.989401
260	0.929373	0.998666	0.998665	0.901467	0.989276	0.989401
270	0.931796	0.998370	0.998363	0.903870	0.989276	0.989401
280	0.933376	0.998370	0.998363	0.905892	0.989276	0.989401
290	0.935071	0.998518	0.998517	0.907971	0.989276	0.989401
300	0.937750	0.998666	0.998665	0.910859	0.989276	0.989401
310	0.938950	0.998666	0.998665	0.912374	0.989276	0.989401
320	0.940758	0.998666	0.998665	0.914240	0.990617	0.990752
330	0.942794	0.998814	0.998814	0.916416	0.989276	0.989401
340	0.944775	0.998814	0.998814	0.918358	0.990617	0.990752
350	0.946181	0.998814	0.998814	0.919769	0.990617	0.990752
360	0.947265	0.998814	0.998814	0.921005	0.990617	0.990752
370	0.949091	0.998814	0.998814	0.922601	0.990617	0.990752
380	0.950171	0.998963	0.998955	0.923656	0.990617	0.990752
390	0.951499	0.999407	0.999402	0.924810	0.990617	0.990752
400	0.952410	0.999407	0.999402	0.925478	0.990617	0.990752
410	0.953433	0.999407	0.999402	0.926530	0.990617	0.990752
420	0.954722	0.999407	0.999402	0.927970	0.990617	0.990752
430	0.955645	0.999407	0.999402	0.928919	0.990617	0.990752
440	0.956378	0.999407	0.999402	0.929900	0.990617	0.990752
450	0.957018	0.999407	0.999402	0.930627	0.990617	0.990752
460	0.957789	0.999407	0.999402	0.931332	0.990617	0.990752
470	0.958487	0.999407	0.999402	0.932092	0.990617	0.990752
480	0.958853	0.999407	0.999402	0.932528	0.990617	0.990752
490	0.959488	0.999407	0.999402	0.933325	0.990617	0.990752
500	0.960179	0.999407	0.999402	0.933999	0.990617	0.990752
510	0.960680	0.999407	0.999402	0.934441	0.990617	0.990752
520	0.961509	0.999407	0.999402	0.935203	0.990617	0.990752
530	0.962115	0.999407	0.999402	0.935713	0.990617	0.990752
540	0.962686	0.999407	0.999402	0.936396	0.990617	0.990752
550	0.963039	0.999407	0.999402	0.936741	0.990617	0.990784
560	0.963657	0.999407	0.999402	0.937314	0.990617	0.990784
570	0.964101	0.999407	0.999402	0.937750	0.990617	0.990784
580	0.964749	0.999407	0.999402	0.938255	0.990617	0.990784
590	0.965414	0.999407	0.999402	0.938929	0.990617	0.990784
600	0.965726	0.999407	0.999402	0.939245	0.990617	0.990784
610	0.966486	0.999407	0.999402	0.940062	0.990617	0.990784
620	0.967589	0.999407	0.999402	0.941029	0.990617	0.990784
630	0.968132	0.999407	0.999402	0.941540	0.990617	0.990784
640	0.968488	0.999407	0.999402	0.941846	0.990617	0.990784
650	0.969015	0.999407	0.999402	0.942364	0.990617	0.990784
660	0.969457	0.999407	0.999402	0.942837	0.990617	0.990784
670	0.970057	0.999407	0.999402	0.943492	0.990617	0.990784
680	0.970471	0.999407	0.999402	0.943908	0.990617	0.990784
690	0.970811	0.999407	0.999402	0.944318	0.990617	0.990784
700	0.971029	0.999407	0.999402	0.944582	0.990617	0.990784
710	0.971145	0.999407	0.999402	0.944699	0.990617	0.990784
720	0.971871	0.999407	0.999402	0.945444	0.990617	0.990784
730	0.972311	0.999407	0.999402	0.945972	0.990617	0.990784
740	0.972534	0.999407	0.999402	0.946119	0.990617	0.990784
750	0.972753	0.999407	0.999402	0.946308	0.990617	0.990784
760	0.972943	0.999407	0.999402	0.946569	0.990617	0.990784
770	0.973338	0.999555	0.999550	0.947046	0.990617	0.990784
780	0.973845	0.999555	0.999550	0.947769	0.990617	0.990784
790	0.974284	0.999555	0.999550	0.948299	0.990617	0.990784
800	0.974508	0.999555	0.999550	0.948580	0.990617	0.990784
810	0.974738	0.999555	0.999550	0.948822	0.990617	0.990784
820	0.974846	0.999555	0.999550	0.948959	0.990617	0.990784
830	0.974947	0.999555	0.999550	0.949076	0.990617	0.990784
840	0.975190	0.999555	0.999550	0.949414	0.990617	0.990784
850	0.975855	0.999704	0.999697	0.949927	0.990617	0.990784
860	0.976188	0.999704	0.999697	0.950282	0.990617	0.990784
870	0.976366	0.999704	0.999697	0.950489	0.990617	0.990784
880	0.976568	0.999704	0.999697	0.950646	0.990617	0.990784
890	0.976764	0.999704	0.999697	0.950861	0.990617	0.990784
900	0.977016	0.999704	0.999697	0.951060	0.990617	0.990784
910	0.977354	0.999704	0.999697	0.951450	0.990617	0.990784
920	0.977755	0.999704	0.999697	0.951860	0.990617	0.990784
930	0.978035	0.999704	0.999697	0.952143	0.990617	0.990784
940	0.978492	0.999704	0.999697	0.952744	0.990617	0.990784
950	0.978678	0.999704	0.999697	0.952898	0.990617	0.990784
960	0.979000	0.999704	0.999697	0.953171	0.990617	0.990784
970	0.979186	0.999704	0.999697	0.953469	0.990617	0.990784
980	0.979340	0.999704	0.999697	0.953685	0.990617	0.990784
990	0.979629	0.999704	0.999697	0.954032	0.990617	0.990784
1000	0.980099	0.999704	0.999697	0.954667	0.990617	0.990784
1010	0.980375	0.999704	0.999697	0.954941	0.990617	0.990784
1020	0.980515	0.999704	0.999697	0.955098	0.990617	0.990784
1030	0.980677	0.999704	0.999697	0.955249	0.990617	0.990784
1040	0.980837	0.999704	0.999697	0.955397	0.990617	0.990784
1050	0.981083	0.999704	0.999697	0.955665	0.990617	0.990784
1060	0.981298	0.999704	0.999697	0.955884	0.990617	0.990784
1070	0.981488	0.999852	0.999845	0.956132	0.990617	0.990784
1080	0.981637	0.999852	0.999845	0.956337	0.990617	0.990784
1090	0.981822	0.999852	0.999845	0.956619	0.990617	0.990784
1100	0.982028	1.000000	1.000000	0.956877	0.990617	0.990784
1110	0.982167	1.000000	1.000000	0.957065	0.990617	0.990784
1120	0.982453	1.000000	1.000000	0.957362	0.990617	0.990784
1130	0.982750	1.000000	1.000000	0.957887	0.990617	0.990784
1140	0.982962	1.000000	1.000000	0.958105	0.990617	0.990784
1150	0.983063	1.000000	1.000000	0.958255	0.990617	0.990784
1160	0.983124	1.000000	1.000000	0.958320	0.990617	0.990784
1170	0.983177	1.000000	1.000000	0.958378	0.990617	0.990784
1180	0.983224	1.000000	1.000000	0.958447	0.990617	0.990784
1190	0.983265	1.000000	1.000000	0.958498	0.990617	0.990784
1200	0.983489	1.000000	1.000000	0.958733	0.990617	0.990784
1210	0.983785	1.000000	1.000000	0.959118	0.990617	0.990784
1220	0.983986	1.000000	1.000000	0.959337	0.990617	0.990784
1230	0.984129	1.000000	1.000000	0.959485	0.990617	0.990784
1240	0.984215	1.000000	1.000000	0.959606	0.990617	0.990784
1250	0.984362	1.000000	1.000000	0.959752	0.990617	0.990784
1260	0.984616	1.000000	1.000000	0.960162	0.990617	0.990784
1270	0.984748	1.000000	1.000000	0.960372	0.990617	0.990784
1280	0.984967	1.000000	1.000000	0.960599	0.990617	0.990784
1290	0.985122	1.000000	1.000000	0.960710	0.990617	0.990784
1300	0.985262	1.000000	1.000000	0.960778	0.990617	0.990784
1310	0.985380	1.000000	1.000000	0.960865	0.990617	0.990784
1320	0.985469	1.000000	1.000000	0.960946	0.990617	0.990784
1330	0.985552	1.000000	1.000000	0.961033	0.990617	0.990784
1340	0.985764	1.000000	1.000000	0.961379	0.990617	0.990784
1350	0.985882	1.000000	1.000000	0.961484	0.990617	0.990784
1360	0.986003	1.000000	1.000000	0.961557	0.990617	0.990784
1370	0.986110	1.000000	1.000000	0.961679	0.990617	0.990784
1380	0.986162	1.000000	1.000000	0.961625	0.990617	0.990784
1390	0.986253	1.000000	1.000000	0.961676	0.990617	0.990784
1400	0.986346	1.000000	1.000000	0.961756	0.990617	0.990784
1410	0.986444	1.000000	1.000000	0.961884	0.990617	0.990784
1420	0.986593	1.000000	1.000000	0.962158	0.990617	0.990784
1430	0.986658	1.000000	1.000000	0.962245	0.990617	0.990784
1440	0.986768	1.000000	1.000000	0.962438	0.990617	0.990784
1450	0.986878	1.000000	1.000000	0.962559	0.990617	0.990784
1460	0.986970	1.000000	1.000000	0.962675	0.990617	0.990784
1470	0.987064	1.000000	1.000000	0.962784	0.990617	0.990784
1480	0.987168	1.000000	1.000000	0.962900	0.990617	0.990784
1490	0.987282	1.000000	1.000000	0.963019	0.990617	0.990784
1500	0.987371	1.000000	1.000000	0.963100	0.990617	0.990784
1510	0.987417	1.000000	1.000000	0.963156	0.990617	0.990784
1520	0.987489	1.000000	1.000000	0.963224	0.990617	0.990784
1530	0.987587	1.000000	1.000000	0.963289	0.990617	0.990784
1540	0.987644	1.000000	1.000000	0.963340	0.990617	0.990784
1550	0.987773	1.000000	1.000000	0.963504	0.990617	0.990784
1560	0.987892	1.000000	1.000000	0.963649	0.990617	0.990784
1570	0.988041	1.000000	1.000000	0.963765	0.990617	0.990784
1580	0.988195	1.000000	1.000000	0.963858	0.990617	0.990784
1590	0.988265	1.000000	1.000000	0.963910	0.990617	0.990784
1600	0.988327	1.000000	1.000000	0.963971	0.990617	0.990784
1610	0.988388	1.000000	1.000000	0.964035	0.990617	0.990784
1620	0.988487	1.000000	1.000000	0.964148	0.990617	0.990784
1630	0.988546	1.000000	1.000000	0.964246	0.991957	0.992075
1640	0.988660	1.000000	1.000000	0.964348	0.991957	0.992075
1650	0.988744	1.000000	1.000000	0.964439	0.991957	0.992075
1660	0.988778	1.000000	1.000000	0.964499	0.991957	0.992075
1670	0.988844	1.000000	1.000000	0.964598	0.991957	0.992075
1680	0.989003	1.000000	1.000000	0.964808	0.991957	0.992075
1690	0.989067	1.000000	1.000000	0.964884	0.991957	0.992075
1700	0.989103	1.000000	1.000000	0.964919	0.991957	0.992075
1710	0.989139	1.000000	1.000000	0.964962	0.991957	0.992075
1720	0.989170	1.000000	1.000000	0.964907	0.991957	0.992075
1730	0.989217	1.000000	1.000000	0.964942	0.991957	0.992075
1740	0.989254	1.000000	1.000000	0.964991	0.991957	0.992075
1750	0.989280	1.000000	1.000000	0.965037	0.991957	0.992075
1760	0.989316	1.000000	1.000000	0.965096	0.991957	0.992075
1770	0.989428	1.000000	1.000000	0.965214	0.991957	0.992075
1780	0.989532	1.000000	1.000000	0.965484	0.991957	0.992075
1790	0.989623	1.000000	1.000000	0.965547	0.990617	0.990784
1800	0.989690	1.000000	1.000000	0.965635	0.990617	0.990784
1810	0.989805	1.000000	1.000000	0.965781	0.991957	0.992075
1820	0.989886	1.000000	1.000000	0.965910	0.991957	0.992075
1830	0.989938	1.000000	1.000000	0.965947	0.991957	0.992075
1840	0.989999	1.000000	1.000000	0.966032	0.991957	0.992075
1850	0.990059	1.000000	1.000000	0.966089	0.991957	0.992075
1860	0.990095	1.000000	1.000000	0.966101	0.991957	0.992075
1870	0.990147	1.000000	1.000000	0.966129	0.991957	0.992075
1880	0.990193	1.000000	1.000000	0.966144	0.991957	0.992075
1890	0.990221	1.000000	1.000000	0.966179	0.991957	0.992075
1900	0.990324	1.000000	1.000000	0.966316	0.991957	0.992075
1910	0.990389	1.000000	1.000000	0.966475	0.991957	0.992075
1920	0.990430	1.000000	1.000000	0.966545	0.991957	0.992075
1930	0.990471	1.000000	1.000000	0.966589	0.991957	0.992075
1940	0.990514	1.000000	1.000000	0.966657	0.991957	0.992075
1950	0.990575	1.000000	1.000000	0.966692	0.991957	0.992075
1960	0.990628	1.000000	1.000000	0.966724	0.991957	0.992075
1970	0.990665	1.000000	1.000000	0.966796	0.991957	0.992075
1980	0.990701	1.000000	1.000000	0.966868	0.991957	0.992075
1990	0.990733	1.000000	1.000000	0.966938	0.991957	0.992075
2000	0.990762	1.000000	1.000000	0.967009	0.991957	0.992075
2010	0.990789	1.000000	1.000000	0.967041	0.991957	0.992075
2020	0.990818	1.000000	1.000000	0.967096	0.991957	0.992075
2030	0.990843	1.000000	1.000000	0.967144	0.990617	0.990784
2040	0.990866	1.000000	1.000000	0.967169	0.990617	0.990784
2050	0.990885	1.000000	1.000000	0.967189	0.990617	0.990784
2060	0.990917	1.000000	1.000000	0.967231	0.990617	0.990784
2070	0.991019	1.000000	1.000000	0.967374	0.990617	0.990784
2080	0.991134	1.000000	1.000000	0.967482	0.990617	0.990784
2090	0.991206	1.000000	1.000000	0.967561	0.990617	0.990784
2100	0.991282	1.000000	1.000000	0.967640	0.990617	0.990784
2110	0.991334	1.000000	1.000000	0.967697	0.990617	0.990784
2120	0.991373	1.000000	1.000000	0.967718	0.990617	0.990784
2130	0.991432	1.000000	1.000000	0.967793	0.990617	0.990784
2140	0.991483	1.000000	1.000000	0.967849	0.990617	0.990784
2150	0.991525	1.000000	1.000000	0.967886	0.990617	0.990784
2160	0.991560	1.000000	1.000000	0.967944	0.991957	0.992075
2170	0.991617	1.000000	1.000000	0.967977	0.991957	0.992075
2180	0.991642	1.000000	1.000000	0.968001	0.991957	0.992075
2190	0.991684	1.000000	1.000000	0.968073	0.991957	0.992075
2200	0.991734	1.000000	1.000000	0.968134	0.991957	0.992075
2210	0.991769	1.000000	1.000000	0.968171	0.991957	0.992075
2220	0.991808	1.000000	1.000000	0.968197	0.991957	0.992075
2230	0.991858	1.000000	1.000000	0.968236	0.991957	0.992075
2240	0.991904	1.000000	1.000000	0.968267	0.991957	0.992075
2250	0.991943	1.000000	1.000000	0.968298	0.991957	0.992075
2260	0.991972	1.000000	1.000000	0.968338	0.991957	0.992075
2270	0.991994	1.000000	1.000000	0.968377	0.990617	0.990784
2280	0.992016	1.000000	1.000000	0.968425	0.990617	0.990784
2290	0.992039	1.000000	1.000000	0.968445	0.990617	0.990784
2300	0.992058	1.000000	1.000000	0.968476	0.990617	0.990784
2310	0.992073	1.000000	1.000000	0.968516	0.990617	0.990784
2320	0.992090	1.000000	1.000000	0.968597	0.990617	0.990784
2330	0.992108	1.000000	1.000000	0.968616	0.990617	0.990784
2340	0.992136	1.000000	1.000000	0.968658	0.990617	0.990784
2350	0.992216	1.000000	1.000000	0.968778	0.990617	0.990784
2360	0.992252	1.000000	1.000000	0.968798	0.990617	0.990784
2370	0.992290	1.000000	1.000000	0.968859	0.990617	0.990784
2380	0.992317	1.000000	1.000000	0.968955	0.990617	0.990784
2390	0.992366	1.000000	1.000000	0.968981	0.990617	0.990784
2400	0.992445	1.000000	1.000000	0.969049	0.990617	0.990784
2410	0.992495	1.000000	1.000000	0.969100	0.990617	0.990784
2420	0.992523	1.000000	1.000000	0.969112	0.991957	0.992075
2430	0.992549	1.000000	1.000000	0.969164	0.991957	0.992075
2440	0.992590	1.000000	1.000000	0.969202	0.991957	0.992075
2450	0.992607	1.000000	1.000000	0.969238	0.991957	0.992075
2460	0.992659	1.000000	1.000000	0.969308	0.991957	0.992075
2470	0.992692	1.000000	1.000000	0.969357	0.991957	0.992075
2480	0.992725	1.000000	1.000000	0.969395	0.991957	0.992075
2490	0.992760	1.000000	1.000000	0.969434	0.991957	0.992075
2500	0.992784	1.000000	1.000000	0.969460	0.991957	0.992075
2510	0.992803	1.000000	1.000000	0.969481	0.991957	0.992075
2520	0.992828	1.000000	1.000000	0.969529	0.991957	0.992075
2530	0.992840	1.000000	1.000000	0.969553	0.991957	0.992075
2540	0.992850	1.000000	1.000000	0.969573	0.991957	0.992075
2550	0.992877	1.000000	1.000000	0.969619	0.991957	0.992075
2560	0.992928	1.000000	1.000000	0.969699	0.991957	0.992075
2570	0.992948	1.000000	1.000000	0.969721	0.991957	0.992075
2580	0.992977	1.000000	1.000000	0.969733	0.991957	0.992075
2590	0.992995	1.000000	1.000000	0.969718	0.991957	0.992075
2600	0.993010	1.000000	1.000000	0.969762	0.991957	0.992075
2610	0.993023	1.000000	1.000000	0.969828	0.991957	0.992075
2620	0.993035	1.000000	1.000000	0.969885	0.991957	0.992075
2630	0.993047	1.000000	1.000000	0.969926	0.991957	0.992075
2640	0.993059	1.000000	1.000000	0.969973	0.991957	0.992075
2650	0.993070	1.000000	1.000000	0.969983	0.991957	0.992075
2660	0.993081	1.000000	1.000000	0.969978	0.991957	0.992075
2670	0.993092	1.000000	1.000000	0.969986	0.991957	0.992075
2680	0.993103	1.000000	1.000000	0.970014	0.991957	0.992075
2690	0.993114	1.000000	1.000000	0.970038	0.991957	0.992075
2700	0.993123	1.000000	1.000000	0.970002	0.991957	0.992075
2710	0.993133	1.000000	1.000000	0.970030	0.991957	0.992075
2720	0.993143	1.000000	1.000000	0.970074	0.991957	0.992075
2730	0.993151	1.000000	1.000000	0.970107	0.991957	0.992075
2740	0.993159	1.000000	1.000000	0.970137	0.991957	0.992075
2750	0.993168	1.000000	1.000000	0.970166	0.991957	0.992075
2760	0.993178	1.000000	1.000000	0.970211	0.991957	0.992075
2770	0.993191	1.000000	1.000000	0.970227	0.991957	0.992075
2780	0.993248	1.000000	1.000000	0.970289	0.991957	0.992075
2790	0.993322	1.000000	1.000000	0.970435	0.991957	0.992075
2800	0.993371	1.000000	1.000000	0.970486	0.991957	0.992075
2810	0.993399	1.000000	1.000000	0.970498	0.991957	0.992075
2820	0.993429	1.000000	1.000000	0.970535	0.991957	0.992075
2830	0.993460	1.000000	1.000000	0.970566	0.991957	0.992075
2840	0.993488	1.000000	1.000000	0.970591	0.991957	0.992075
2850	0.993528	1.000000	1.000000	0.970654	0.991957	0.992075
2860	0.993548	1.000000	1.000000	0.970675	0.991957	0.992075
2870	0.993570	1.000000	1.000000	0.970707	0.991957	0.992075
2880	0.993591	1.000000	1.000000	0.970731	0.991957	0.992075
2890	0.993643	1.000000	1.000000	0.970775	0.991957	0.992075
2900	0.993667	1.000000	1.000000	0.970805	0.991957	0.992075
2910	0.993687	1.000000	1.000000	0.970844	0.991957	0.992075
2920	0.993713	1.000000	1.000000	0.970876	0.991957	0.992075
2930	0.993765	1.000000	1.000000	0.970925	0.991957	0.992075
2940	0.993785	1.000000	1.000000	0.970931	0.991957	0.992075
2950	0.993804	1.000000	1.000000	0.970944	0.991957	0.992075
2960	0.993821	1.000000	1.000000	0.970959	0.991957	0.992075
2970	0.993829	1.000000	1.000000	0.970976	0.991957	0.992075
2980	0.993841	1.000000	1.000000	0.970985	0.991957	0.992075
2990	0.993853	1.000000	1.000000	0.970983	0.991957	0.992075
3000	0.993866	1.000000	1.000000	0.971000	0.991957	0.992075
3010	0.993880	1.000000	1.000000	0.971003	0.991957	0.992075
3020	0.993892	1.000000	1.000000	0.971015	0.991957	0.992075
3030	0.993917	1.000000	1.000000	0.971046	0.991957	0.992075
3040	0.993963	1.000000	1.000000	0.971095	0.991957	0.992075
3050	0.993978	1.000000	1.000000	0.971113	0.991957	0.992075
3060	0.993985	1.000000	1.000000	0.971129	0.991957	0.992075
3070	0.994007	1.000000	1.000000	0.971146	0.991957	0.992075
3080	0.994030	1.000000	1.000000	0.971175	0.991957	0.992075
3090	0.994052	1.000000	1.000000	0.971205	0.991957	0.992075
3100	0.994061	1.000000	1.000000	0.971222	0.991957	0.992075
3110	0.994090	1.000000	1.000000	0.971282	0.991957	0.992075
3120	0.994103	1.000000	1.000000	0.971282	0.991957	0.992075
3130	0.994113	1.000000	1.000000	0.971302	0.991957	0.992075
3140	0.994126	1.000000	1.000000	0.971318	0.991957	0.992075
3150	0.994140	1.000000	1.000000	0.971349	0.991957	0.992075
3160	0.994151	1.000000	1.000000	0.971353	0.991957	0.992075
3170	0.994166	1.000000	1.000000	0.971379	0.991957	0.992075
3180	0.994178	1.000000	1.000000	0.971403	0.991957	0.992075
3190	0.994188	1.000000	1.000000	0.971448	0.991957	0.992075
3200	0.994197	1.000000	1.000000	0.971471	0.991957	0.992075
3210	0.994204	1.000000	1.000000	0.971488	0.991957	0.992075
3220	0.994212	1.000000	1.000000	0.971502	0.991957	0.992075
3230	0.994219	1.000000	1.000000	0.971511	0.991957	0.992075
3240	0.994226	1.000000	1.000000	0.971525	0.991957	0.992075
3250	0.994233	1.000000	1.000000	0.971538	0.991957	0.992075
3260	0.994239	1.000000	1.000000	0.971551	0.991957	0.992075
3270	0.994245	1.000000	1.000000	0.971565	0.991957	0.992075
3280	0.994253	1.000000	1.000000	0.971568	0.991957	0.992075
3290	0.994260	1.000000	1.000000	0.971583	0.991957	0.992075
3300	0.994268	1.000000	1.000000	0.971617	0.993298	0.993493
3310	0.994275	1.000000	1.000000	0.971648	0.993298	0.993493
3320	0.994282	1.000000	1.000000	0.971671	0.993298	0.993493
3330	0.994288	1.000000	1.000000	0.971699	0.993298	0.993493
3340	0.994295	1.000000	1.000000	0.971711	0.993298	0.993493
3350	0.994302	1.000000	1.000000	0.971727	0.993298	0.993493
3360	0.994310	1.000000	1.000000	0.971745	0.993298	0.993493
3370	0.994324	1.000000	1.000000	0.971766	0.993298	0.993493
3380	0.994369	1.000000	1.000000	0.971906	0.993298	0.993493
3390	0.994400	1.000000	1.000000	0.971952	0.993298	0.993493
3400	0.994419	1.000000	1.000000	0.971973	0.993298	0.993493
3410	0.994438	1.000000	1.000000	0.971990	0.993298	0.993493
3420	0.994461	1.000000	1.000000	0.972018	0.993298	0.993493
3430	0.994492	1.000000	1.000000	0.972047	0.993298	0.993493
3440	0.994520	1.000000	1.000000	0.972045	0.993298	0.993493
3450	0.994539	1.000000	1.000000	0.972060	0.993298	0.993493
3460	0.994553	1.000000	1.000000	0.972073	0.993298	0.993493
3470	0.994570	1.000000	1.000000	0.972080	0.993298	0.993493
3480	0.994590	1.000000	1.000000	0.972099	0.993298	0.993493
3490	0.994608	1.000000	1.000000	0.972102	0.993298	0.993493
3500	0.994623	1.000000	1.000000	0.972123	0.993298	0.993493
3510	0.994638	1.000000	1.000000	0.972124	0.993298	0.993493
3520	0.994656	1.000000	1.000000	0.972156	0.993298	0.993493
3530	0.994667	1.000000	1.000000	0.972172	0.993298	0.993493
3540	0.994680	1.000000	1.000000	0.972186	0.993298	0.993493
3550	0.994691	1.000000	1.000000	0.972198	0.993298	0.993493
3560	0.994697	1.000000	1.000000	0.972200	0.993298	0.993493
3570	0.994702	1.000000	1.000000	0.972204	0.993298	0.993493
3580	0.994707	1.000000	1.000000	0.972221	0.993298	0.993493
3590	0.994711	1.000000	1.000000	0.972230	0.993298	0.993493
3600	0.994715	1.000000	1.000000	0.972242	0.993298	0.993493
3610	0.994721	1.000000	1.000000	0.972271	0.993298	0.993493
3620	0.994726	1.000000	1.000000	0.972286	0.993298	0.993493
3630	0.994731	1.000000	1.000000	0.972292	0.993298	0.993493
3640	0.994736	1.000000	1.000000	0.972302	0.993298	0.993493
3650	0.994740	1.000000	1.000000	0.972317	0.993298	0.993493
3660	0.994745	1.000000	1.000000	0.972328	0.993298	0.993493
3670	0.994750	1.000000	1.000000	0.972338	0.993298	0.993493
3680	0.994756	1.000000	1.000000	0.972354	0.993298	0.993493
3690	0.994763	1.000000	1.000000	0.972372	0.993298	0.993493
3700	0.994778	1.000000	1.000000	0.972414	0.993298	0.993493
3710	0.994793	1.000000	1.000000	0.972420	0.993298	0.993493
3720	0.994812	1.000000	1.000000	0.972423	0.993298	0.993493
3730	0.994822	1.000000	1.000000	0.972437	0.993298	0.993493
3740	0.994838	1.000000	1.000000	0.972468	0.993298	0.993493
3750	0.994853	1.000000	1.000000	0.972461	0.993298	0.993493
3760	0.994881	1.000000	1.000000	0.972520	0.993298	0.993493
3770	0.994895	1.000000	1.000000	0.972543	0.993298	0.993493
3780	0.994911	1.000000	1.000000	0.972565	0.993298	0.993493
3790	0.994931	1.000000	1.000000	0.972574	0.993298	0.993493
3800	0.994954	1.000000	1.000000	0.972599	0.993298	0.993493
3810	0.994972	1.000000	1.000000	0.972618	0.993298	0.993493
3820	0.994991	1.000000	1.000000	0.972621	0.993298	0.993493
3830	0.995037	1.000000	1.000000	0.972655	0.993298	0.993493
3840	0.995063	1.000000	1.000000	0.972678	0.993298	0.993493
3850	0.995078	1.000000	1.000000	0.972680	0.993298	0.993493
3860	0.995093	1.000000	1.000000	0.972692	0.993298	0.993493
3870	0.995106	1.000000	1.000000	0.972699	0.993298	0.993493
3880	0.995114	1.000000	1.000000	0.972719	0.993298	0.993493
3890	0.995132	1.000000	1.000000	0.972725	0.993298	0.993493
3900	0.995145	1.000000	1.000000	0.972740	0.993298	0.993493
3910	0.995160	1.000000	1.000000	0.972758	0.993298	0.993493
3920	0.995172	1.000000	1.000000	0.972775	0.993298	0.993493
3930	0.995181	1.000000	1.000000	0.972785	0.993298	0.993493
3940	0.995195	1.000000	1.000000	0.972809	0.993298	0.993493
3950	0.995206	1.000000	1.000000	0.972824	0.993298	0.993493
3960	0.995222	1.000000	1.000000	0.972854	0.993298	0.993493
3970	0.995231	1.000000	1.000000	0.972874	0.993298	0.993493
3980	0.995243	1.000000	1.000000	0.972898	0.993298	0.993493
3990	0.995265	1.000000	1.000000	0.972906	0.993298	0.993493
4000	0.995275	1.000000	1.000000	0.972921	0.993298	0.993493
