10	0.386216	0.844764	0.801384	0.370955	0.827725	0.787973
20	0.545579	0.879129	0.833757	0.520900	0.862719	0.822831
30	0.604186	0.887128	0.839842	0.572413	0.866756	0.825020
40	0.655433	0.921789	0.923541	0.619814	0.904441	0.910166
50	0.703633	0.974078	0.974068	0.664906	0.950202	0.951578
60	0.740350	0.981188	0.981132	0.698414	0.958277	0.958921
70	0.772146	0.986669	0.986624	0.730274	0.966353	0.966557
80	0.794708	0.990076	0.990047	0.750909	0.969044	0.969117
90	0.811192	0.991112	0.991102	0.766515	0.971736	0.971905
100	0.827268	0.992149	0.992149	0.781208	0.973082	0.973407
110	0.840245	0.993334	0.993327	0.794242	0.977120	0.977243
120	0.855567	0.994223	0.994218	0.807797	0.978466	0.978444
130	0.864758	0.994667	0.994662	0.816947	0.982503	0.982628
140	0.872539	0.995260	0.995262	0.824173	0.983849	0.984011
150	0.881494	0.995704	0.995694	0.833066	0.983849	0.984011
160	0.888412	0.996149	0.996146	0.840979	0.983849	0.984011
170	0.895606	0.996741	0.996740	0.848028	0.983849	0.984011
180	0.900662	0.997630	0.997620	0.852617	0.985195	0.985353
190	0.906212	0.997778	0.997768	0.858352	0.985195	0.985353
200	0.910753	0.997926	0.997908	0.862639	0.985195	0.985353
210	0.914098	0.998222	0.998206	0.865823	0.985195	0.985408
220	0.917693	0.998222	0.998206	0.869447	0.985195	0.985408
230	0.921239	0.998222	0.998206	0.873172	0.985195	0.985408
240	0.924496	0.998519	0.998509	0.876183	0.985195	0.985408
250	0.927169	0.998519	0.998509	0.878416	0.985195	0.985408
260	0.929794	0.998667	0.998657	0.881564	0.985195	0.985408
270	0.932372	0.998667	0.998657	0.883975	0.985195	0.985408
280	0.934533	0.998667	0.998657	0.886247	0.985195	0.985408
290	0.935994	0.998815	0.998805	0.887928	0.985195	0.985408
300	0.938383	0.998963	0.998952	0.889979	0.985195	0.985408
310	0.939935	0.998815	0.998804	0.891210	0.985195	0.985408
320	0.941807	0.999111	0.999096	0.893064	0.985195	0.985408
330	0.943560	0.998963	0.998949	0.894728	0.985195	0.985408
340	0.945383	0.999111	0.999104	0.896779	0.985195	0.985408
350	0.947207	0.999259	0.999251	0.898747	0.985195	0.985408
360	0.948335	0.999259	0.999251	0.899795	0.985195	0.985408
370	0.949637	0.999259	0.999251	0.901775	0.986541	0.986732
380	0.950215	0.999259	0.999251	0.902117	0.986541	0.986732
390	0.950918	0.999259	0.999251	0.902744	0.986541	0.986732
400	0.951700	0.999259	0.999251	0.903385	0.985195	0.985408
410	0.952774	0.999259	0.999251	0.904907	0.986541	0.986732
420	0.954130	0.999259	0.999251	0.906368	0.986541	0.986732
430	0.955028	0.999259	0.999251	0.907053	0.986541	0.986732
440	0.955772	0.999259	0.999251	0.907737	0.986541	0.986732
450	0.956794	0.999259	0.999251	0.908490	0.986541	0.986732
460	0.957566	0.999407	0.999393	0.909305	0.986541	0.986732
470	0.958242	0.999407	0.999393	0.910108	0.986541	0.986732
480	0.958892	0.999407	0.999393	0.911177	0.986541	0.986732
490	0.959306	0.999407	0.999393	0.911674	0.986541	0.986732
500	0.959711	0.999556	0.999548	0.912247	0.986541	0.986732
510	0.960295	0.999556	0.999548	0.912863	0.986541	0.986732
520	0.961136	0.999556	0.999548	0.913959	0.986541	0.986732
530	0.961877	0.999556	0.999548	0.914738	0.986541	0.986732
540	0.962311	0.999556	0.999548	0.915388	0.986541	0.986732
550	0.962854	0.999556	0.999548	0.916031	0.986541	0.986732
560	0.963125	0.999556	0.999548	0.916205	0.986541	0.986732
570	0.963867	0.999556	0.999548	0.916788	0.986541	0.986732
580	0.964662	0.999556	0.999548	0.917594	0.986541	0.986732
590	0.965070	0.999556	0.999548	0.918166	0.986541	0.986732
600	0.965449	0.999556	0.999548	0.919025	0.986541	0.986732
610	0.966170	0.999556	0.999548	0.920139	0.986541	0.986732
620	0.966596	0.999556	0.999548	0.920508	0.986541	0.986732
630	0.967136	0.999556	0.999548	0.921254	0.986541	0.986732
640	0.967443	0.999556	0.999548	0.921389	0.986541	0.986732
650	0.967778	0.999556	0.999548	0.921954	0.986541	0.986732
660	0.968468	0.999556	0.999548	0.922920	0.986541	0.986732
670	0.969002	0.999556	0.999548	0.923512	0.986541	0.986732
680	0.969138	0.999556	0.999548	0.923702	0.986541	0.986732
690	0.969529	0.999556	0.999548	0.924088	0.986541	0.986732
700	0.969906	0.999556	0.999548	0.924382	0.986541	0.986732
710	0.970254	0.999556	0.999548	0.924681	0.986541	0.986732
720	0.970495	0.999556	0.999548	0.924867	0.986541	0.986732
730	0.970879	0.999556	0.999548	0.925502	0.986541	0.986732
740	0.971293	0.999556	0.999548	0.925908	0.986541	0.986732
750	0.971713	0.999556	0.999548	0.926322	0.986541	0.986732
760	0.971933	0.999556	0.999548	0.926435	0.986541	0.986732
770	0.972481	0.999556	0.999548	0.926922	0.986541	0.986732
780	0.972885	0.999556	0.999548	0.927284	0.986541	0.986732
790	0.973170	0.999556	0.999548	0.927573	0.986541	0.986732
800	0.973418	0.999556	0.999548	0.927876	0.986541	0.986732
810	0.973771	0.999704	0.999696	0.928607	0.986541	0.986732
820	0.974142	0.999704	0.999696	0.929009	0.986541	0.986732
830	0.974552	0.999704	0.999696	0.929418	0.986541	0.986732
840	0.974779	0.999704	0.999696	0.929655	0.986541	0.986732
850	0.975032	0.999704	0.999696	0.929890	0.986541	0.986732
860	0.975401	0.999704	0.999696	0.930298	0.986541	0.986732
870	0.975784	0.999704	0.999696	0.930675	0.986541	0.986732
880	0.975987	0.999704	0.999696	0.930806	0.986541	0.986732
890	0.976218	0.999704	0.999696	0.931071	0.986541	0.986732
900	0.976317	0.999704	0.999696	0.931203	0.986541	0.986732
910	0.976625	0.999704	0.999696	0.931767	0.986541	0.986732
920	0.976997	0.999704	0.999696	0.932226	0.986541	0.986732
930	0.977155	0.999704	0.999696	0.932335	0.986541	0.986732
940	0.977568	0.999704	0.999696	0.932731	0.986541	0.986732
950	0.978095	0.999704	0.999696	0.933236	0.986541	0.986732
960	0.978296	0.999704	0.999696	0.933569	0.986541	0.986732
970	0.978426	0.999704	0.999696	0.933693	0.986541	0.986732
980	0.978571	0.999704	0.999696	0.933974	0.986541	0.986732
990	0.978667	0.999704	0.999696	0.934072	0.986541	0.986732
1000	0.978728	0.999704	0.999696	0.934159	0.986541	0.986732
1010	0.978791	0.999704	0.999696	0.934209	0.986541	0.986732
1020	0.978865	0.999704	0.999696	0.934230	0.986541	0.986732
1030	0.979317	0.999704	0.999696	0.935059	0.986541	0.986732
1040	0.979603	0.999704	0.999696	0.935469	0.986541	0.986732
1050	0.979747	0.999704	0.999696	0.935570	0.986541	0.986732
1060	0.979985	0.999704	0.999696	0.935798	0.986541	0.986732
1070	0.980394	0.999704	0.999696	0.936513	0.986541	0.986732
1080	0.980682	0.999704	0.999696	0.937010	0.986541	0.986732
1090	0.980971	0.999852	0.999845	0.937241	0.986541	0.986732
1100	0.981298	0.999852	0.999845	0.937621	0.986541	0.986732
1110	0.981409	0.999852	0.999845	0.937755	0.986541	0.986732
1120	0.981551	0.999852	0.999845	0.937931	0.986541	0.986732
1130	0.981720	0.999852	0.999845	0.938160	0.986541	0.986732
1140	0.981971	0.999852	0.999845	0.938533	0.986541	0.986732
1150	0.982163	0.999852	0.999845	0.938761	0.986541	0.986732
1160	0.982366	0.999852	0.999845	0.939051	0.986541	0.986732
1170	0.982555	1.000000	1.000000	0.939313	0.986541	0.986732
1180	0.982783	1.000000	1.000000	0.939826	0.986541	0.986732
1190	0.982878	1.000000	1.000000	0.939816	0.986541	0.986732
1200	0.983193	1.000000	1.000000	0.940338	0.986541	0.986732
1210	0.983431	1.000000	1.000000	0.940682	0.986541	0.986732
1220	0.983522	1.000000	1.000000	0.940796	0.986541	0.986732
1230	0.983581	1.000000	1.000000	0.940902	0.986541	0.986732
1240	0.983634	1.000000	1.000000	0.940981	0.986541	0.986732
1250	0.983684	1.000000	1.000000	0.941124	0.986541	0.986732
1260	0.983724	1.000000	1.000000	0.941167	0.986541	0.986732
1270	0.983760	1.000000	1.000000	0.941199	0.986541	0.986732
1280	0.983890	1.000000	1.000000	0.941349	0.986541	0.986732
1290	0.984198	1.000000	1.000000	0.941796	0.986541	0.986732
1300	0.984339	1.000000	1.000000	0.941858	0.986541	0.986732
1310	0.984589	1.000000	1.000000	0.942153	0.986541	0.986732
1320	0.984695	1.000000	1.000000	0.942251	0.986541	0.986732
1330	0.984815	1.000000	1.000000	0.942435	0.986541	0.986732
1340	0.984931	1.000000	1.000000	0.942521	0.986541	0.986732
1350	0.985020	1.000000	1.000000	0.942553	0.986541	0.986732
1360	0.985181	1.000000	1.000000	0.942742	0.986541	0.986732
1370	0.985406	1.000000	1.000000	0.943185	0.986541	0.986732
1380	0.985494	1.000000	1.000000	0.943271	0.986541	0.986732
1390	0.985560	1.000000	1.000000	0.943281	0.986541	0.986732
1400	0.985654	1.000000	1.000000	0.943426	0.986541	0.986732
1410	0.985738	1.000000	1.000000	0.943502	0.986541	0.986732
1420	0.985904	1.000000	1.000000	0.943652	0.986541	0.986732
1430	0.985979	1.000000	1.000000	0.943691	0.986541	0.986732
1440	0.986097	1.000000	1.000000	0.943927	0.986541	0.986732
1450	0.986226	1.000000	1.000000	0.944079	0.986541	0.986732
1460	0.986355	1.000000	1.000000	0.944250	0.986541	0.986732
1470	0.986412	1.000000	1.000000	0.944336	0.986541	0.986732
1480	0.986438	1.000000	1.000000	0.944444	0.986541	0.986732
1490	0.986535	1.000000	1.000000	0.944541	0.986541	0.986732
1500	0.986624	1.000000	1.000000	0.944627	0.986541	0.986732
1510	0.986709	1.000000	1.000000	0.944737	0.986541	0.986732
1520	0.986885	1.000000	1.000000	0.944981	0.986541	0.986732
1530	0.986977	1.000000	1.000000	0.945096	0.986541	0.986732
1540	0.987026	1.000000	1.000000	0.945132	0.986541	0.986732
1550	0.987098	1.000000	1.000000	0.945176	0.986541	0.986732
1560	0.987227	1.000000	1.000000	0.945486	0.986541	0.986732
1570	0.987470	1.000000	1.000000	0.945862	0.986541	0.986732
1580	0.987582	1.000000	1.000000	0.946007	0.986541	0.986732
1590	0.987692	1.000000	1.000000	0.946208	0.986541	0.986732
1600	0.987772	1.000000	1.000000	0.946397	0.986541	0.986732
1610	0.987834	1.000000	1.000000	0.946392	0.986541	0.986732
1620	0.987886	1.000000	1.000000	0.946372	0.986541	0.986732
1630	0.987923	1.000000	1.000000	0.946347	0.986541	0.986732
1640	0.987963	1.000000	1.000000	0.946321	0.986541	0.986732
1650	0.987997	1.000000	1.000000	0.946413	0.986541	0.986732
1660	0.988084	1.000000	1.000000	0.946509	0.986541	0.986732
1670	0.988162	1.000000	1.000000	0.946658	0.986541	0.986732
1680	0.988230	1.000000	1.000000	0.946776	0.986541	0.986732
1690	0.988345	1.000000	1.000000	0.947075	0.986541	0.986732
1700	0.988463	1.000000	1.000000	0.947203	0.986541	0.986732
1710	0.988552	1.000000	1.000000	0.947295	0.986541	0.986732
1720	0.988614	1.000000	1.000000	0.947332	0.986541	0.986732
1730	0.988675	1.000000	1.000000	0.947443	0.986541	0.986732
1740	0.988840	1.000000	1.000000	0.947743	0.986541	0.986732
1750	0.988900	1.000000	1.000000	0.947774	0.986541	0.986732
1760	0.988992	1.000000	1.000000	0.948207	0.986541	0.986732
1770	0.989078	1.000000	1.000000	0.948313	0.986541	0.986732
1780	0.989131	1.000000	1.000000	0.948417	0.986541	0.986732
1790	0.989211	1.000000	1.000000	0.948536	0.986541	0.986732
1800	0.989269	1.000000	1.000000	0.948603	0.986541	0.986732
1810	0.989323	1.000000	1.000000	0.948646	0.986541	0.986732
1820	0.989419	1.000000	1.000000	0.948862	0.986541	0.986732
1830	0.989507	1.000000	1.000000	0.948978	0.986541	0.986732
1840	0.989604	1.000000	1.000000	0.949267	0.986541	0.986732
1850	0.989666	1.000000	1.000000	0.949354	0.986541	0.986732
1860	0.989711	1.000000	1.000000	0.949437	0.986541	0.986732
1870	0.989742	1.000000	1.000000	0.949452	0.986541	0.986732
1880	0.989779	1.000000	1.000000	0.949486	0.986541	0.986732
1890	0.989832	1.000000	1.000000	0.949504	0.986541	0.986732
1900	0.989917	1.000000	1.000000	0.949669	0.987887	0.987968
1910	0.989984	1.000000	1.000000	0.949683	0.987887	0.987968
1920	0.990026	1.000000	1.000000	0.949675	0.987887	0.987968
1930	0.990095	1.000000	1.000000	0.949710	0.986541	0.986732
1940	0.990196	1.000000	1.000000	0.949844	0.987887	0.987968
1950	0.990331	1.000000	1.000000	0.950020	0.987887	0.987968
1960	0.990372	1.000000	1.000000	0.950085	0.987887	0.987968
1970	0.990446	1.000000	1.000000	0.950313	0.987887	0.987968
1980	0.990481	1.000000	1.000000	0.950287	0.987887	0.987968
1990	0.990549	1.000000	1.000000	0.950375	0.987887	0.987968
2000	0.990623	1.000000	1.000000	0.950436	0.987887	0.987968
2010	0.990749	1.000000	1.000000	0.950612	0.987887	0.987968
2020	0.990814	1.000000	1.000000	0.950947	0.987887	0.987968
2030	0.990929	1.000000	1.000000	0.951174	0.987887	0.987968
2040	0.990976	1.000000	1.000000	0.951229	0.987887	0.987968
2050	0.991019	1.000000	1.000000	0.951274	0.987887	0.987968
2060	0.991071	1.000000	1.000000	0.951349	0.987887	0.987968
2070	0.991095	1.000000	1.000000	0.951394	0.987887	0.987968
2080	0.991113	1.000000	1.000000	0.951417	0.987887	0.987968
2090	0.991149	1.000000	1.000000	0.951494	0.987887	0.987968
2100	0.991179	1.000000	1.000000	0.951566	0.987887	0.987968
2110	0.991249	1.000000	1.000000	0.951695	0.987887	0.987968
2120	0.991307	1.000000	1.000000	0.951785	0.987887	0.987968
2130	0.991366	1.000000	1.000000	0.951923	0.987887	0.987968
2140	0.991421	1.000000	1.000000	0.952027	0.987887	0.987968
2150	0.991442	1.000000	1.000000	0.952109	0.987887	0.987968
2160	0.991463	1.000000	1.000000	0.952126	0.987887	0.987968
2170	0.991482	1.000000	1.000000	0.952120	0.987887	0.987968
2180	0.991499	1.000000	1.000000	0.952136	0.987887	0.987968
2190	0.991515	1.000000	1.000000	0.952163	0.987887	0.987968
2200	0.991529	1.000000	1.000000	0.952183	0.987887	0.987968
2210	0.991543	1.000000	1.000000	0.952178	0.987887	0.987968
2220	0.991556	1.000000	1.000000	0.952163	0.987887	0.987968
2230	0.991568	1.000000	1.000000	0.952198	0.987887	0.987968
2240	0.991579	1.000000	1.000000	0.952210	0.987887	0.987968
2250	0.991593	1.000000	1.000000	0.952224	0.987887	0.987968
2260	0.991655	1.000000	1.000000	0.952274	0.987887	0.987968
2270	0.991719	1.000000	1.000000	0.952417	0.987887	0.987968
2280	0.991778	1.000000	1.000000	0.952514	0.987887	0.987968
2290	0.991827	1.000000	1.000000	0.952693	0.987887	0.987968
2300	0.991858	1.000000	1.000000	0.952717	0.987887	0.987968
2310	0.991921	1.000000	1.000000	0.952790	0.987887	0.987968
2320	0.991961	1.000000	1.000000	0.952803	0.987887	0.987968
2330	0.992009	1.000000	1.000000	0.952885	0.987887	0.987968
2340	0.992051	1.000000	1.000000	0.952983	0.987887	0.987968
2350	0.992097	1.000000	1.000000	0.953072	0.987887	0.987968
2360	0.992124	1.000000	1.000000	0.953115	0.987887	0.987968
2370	0.992145	1.000000	1.000000	0.953121	0.987887	0.987968
2380	0.992193	1.000000	1.000000	0.953149	0.987887	0.987968
2390	0.992263	1.000000	1.000000	0.953245	0.987887	0.987968
2400	0.992303	1.000000	1.000000	0.953319	0.987887	0.987968
2410	0.992353	1.000000	1.000000	0.953448	0.987887	0.987968
2420	0.992427	1.000000	1.000000	0.953574	0.987887	0.987968
2430	0.992478	1.000000	1.000000	0.953631	0.987887	0.987968
2440	0.992501	1.000000	1.000000	0.953623	0.987887	0.987968
2450	0.992522	1.000000	1.000000	0.953703	0.987887	0.987968
2460	0.992602	1.000000	1.000000	0.953859	0.987887	0.987968
2470	0.992632	1.000000	1.000000	0.953890	0.987887	0.987968
2480	0.992670	1.000000	1.000000	0.954474	0.987887	0.987968
2490	0.992706	1.000000	1.000000	0.954624	0.987887	0.987968
2500	0.992731	1.000000	1.000000	0.954608	0.987887	0.987968
2510	0.992760	1.000000	1.000000	0.954627	0.987887	0.987968
2520	0.992802	1.000000	1.000000	0.954666	0.987887	0.987968
2530	0.992819	1.000000	1.000000	0.954696	0.987887	0.987968
2540	0.992854	1.000000	1.000000	0.954696	0.987887	0.987968
2550	0.992884	1.000000	1.000000	0.954704	0.987887	0.987968
2560	0.992913	1.000000	1.000000	0.954696	0.987887	0.987968
2570	0.992941	1.000000	1.000000	0.954704	0.987887	0.987968
2580	0.992972	1.000000	1.000000	0.954734	0.987887	0.987968
2590	0.992997	1.000000	1.000000	0.954739	0.987887	0.987968
2600	0.993020	1.000000	1.000000	0.954733	0.987887	0.987968
2610	0.993045	1.000000	1.000000	0.954789	0.987887	0.987968
2620	0.993074	1.000000	1.000000	0.954827	0.987887	0.987968
2630	0.993118	1.000000	1.000000	0.954878	0.987887	0.987968
2640	0.993156	1.000000	1.000000	0.954914	0.987887	0.987968
2650	0.993186	1.000000	1.000000	0.954908	0.987887	0.987968
2660	0.993205	1.000000	1.000000	0.954899	0.987887	0.987968
2670	0.993232	1.000000	1.000000	0.954941	0.987887	0.987968
2680	0.993259	1.000000	1.000000	0.955010	0.987887	0.987968
2690	0.993278	1.000000	1.000000	0.955041	0.987887	0.987968
2700	0.993294	1.000000	1.000000	0.955056	0.987887	0.987968
2710	0.993307	1.000000	1.000000	0.955094	0.987887	0.987968
2720	0.993319	1.000000	1.000000	0.955109	0.987887	0.987968
2730	0.993330	1.000000	1.000000	0.955129	0.987887	0.987968
2740	0.993340	1.000000	1.000000	0.955167	0.987887	0.987968
2750	0.993351	1.000000	1.000000	0.955164	0.987887	0.987968
2760	0.993361	1.000000	1.000000	0.955152	0.987887	0.987968
2770	0.993369	1.000000	1.000000	0.955151	0.987887	0.987968
2780	0.993377	1.000000	1.000000	0.955177	0.987887	0.987968
2790	0.993385	1.000000	1.000000	0.955189	0.987887	0.987968
2800	0.993392	1.000000	1.000000	0.955197	0.987887	0.987968
2810	0.993399	1.000000	1.000000	0.955217	0.987887	0.987968
2820	0.993406	1.000000	1.000000	0.955282	0.987887	0.987968
2830	0.993414	1.000000	1.000000	0.955264	0.987887	0.987968
2840	0.993423	1.000000	1.000000	0.955251	0.987887	0.987968
2850	0.993433	1.000000	1.000000	0.955229	0.987887	0.987968
2860	0.993463	1.000000	1.000000	0.955245	0.987887	0.987968
2870	0.993503	1.000000	1.000000	0.955271	0.987887	0.987968
2880	0.993546	1.000000	1.000000	0.955343	0.987887	0.987968
2890	0.993611	1.000000	1.000000	0.955399	0.987887	0.987968
2900	0.993670	1.000000	1.000000	0.955547	0.987887	0.987968
2910	0.993705	1.000000	1.000000	0.955791	0.987887	0.987968
2920	0.993747	1.000000	1.000000	0.955787	0.987887	0.987968
2930	0.993783	1.000000	1.000000	0.955866	0.987887	0.987968
2940	0.993809	1.000000	1.000000	0.955889	0.987887	0.987968
2950	0.993828	1.000000	1.000000	0.955922	0.987887	0.987968
2960	0.993860	1.000000	1.000000	0.955941	0.987887	0.987968
2970	0.993881	1.000000	1.000000	0.955956	0.987887	0.987968
2980	0.993896	1.000000	1.000000	0.955950	0.987887	0.987968
2990	0.993920	1.000000	1.000000	0.955971	0.987887	0.987968
3000	0.993939	1.000000	1.000000	0.955998	0.987887	0.987968
3010	0.993963	1.000000	1.000000	0.956029	0.987887	0.987968
3020	0.993989	1.000000	1.000000	0.956088	0.987887	0.987968
3030	0.994001	1.000000	1.000000	0.956082	0.987887	0.987968
3040	0.994041	1.000000	1.000000	0.956145	0.987887	0.987968
3050	0.994076	1.000000	1.000000	0.956181	0.987887	0.987968
3060	0.994090	1.000000	1.000000	0.956164	0.987887	0.987968
3070	0.994108	1.000000	1.000000	0.956184	0.987887	0.987968
3080	0.994122	1.000000	1.000000	0.956185	0.987887	0.987968
3090	0.994135	1.000000	1.000000	0.956184	0.987887	0.987968
3100	0.994152	1.000000	1.000000	0.956220	0.987887	0.987968
3110	0.994192	1.000000	1.000000	0.956291	0.987887	0.987968
3120	0.994219	1.000000	1.000000	0.956364	0.987887	0.987968
3130	0.994232	1.000000	1.000000	0.956366	0.987887	0.987968
3140	0.994245	1.000000	1.000000	0.956384	0.987887	0.987968
3150	0.994259	1.000000	1.000000	0.956421	0.987887	0.987968
3160	0.994274	1.000000	1.000000	0.956457	0.987887	0.987968
3170	0.994288	1.000000	1.000000	0.956476	0.987887	0.987968
3180	0.994299	1.000000	1.000000	0.956519	0.987887	0.987968
3190	0.994316	1.000000	1.000000	0.956589	0.987887	0.987968
3200	0.994343	1.000000	1.000000	0.956765	0.987887	0.987968
3210	0.994371	1.000000	1.000000	0.956876	0.987887	0.987968
3220	0.994398	1.000000	1.000000	0.956902	0.987887	0.987968
3230	0.994424	1.000000	1.000000	0.956908	0.987887	0.987968
3240	0.994440	1.000000	1.000000	0.956904	0.987887	0.987968
3250	0.994456	1.000000	1.000000	0.956906	0.987887	0.987968
3260	0.994476	1.000000	1.000000	0.956930	0.987887	0.987968
3270	0.994488	1.000000	1.000000	0.956940	0.987887	0.987968
3280	0.994500	1.000000	1.000000	0.956937	0.987887	0.987968
3290	0.994511	1.000000	1.000000	0.956927	0.987887	0.987968
3300	0.994521	1.000000	1.000000	0.956923	0.987887	0.987968
3310	0.994529	1.000000	1.000000	0.956928	0.987887	0.987968
3320	0.994541	1.000000	1.000000	0.956946	0.987887	0.987968
3330	0.994554	1.000000	1.000000	0.956947	0.987887	0.987968
3340	0.994569	1.000000	1.000000	0.956942	0.987887	0.987968
3350	0.994577	1.000000	1.000000	0.956927	0.987887	0.987968
3360	0.994584	1.000000	1.000000	0.956908	0.987887	0.987968
3370	0.994593	1.000000	1.000000	0.956919	0.987887	0.987968
3380	0.994600	1.000000	1.000000	0.956922	0.987887	0.987968
3390	0.994616	1.000000	1.000000	0.956914	0.987887	0.987968
3400	0.994630	1.000000	1.000000	0.956909	0.987887	0.987968
3410	0.994680	1.000000	1.000000	0.956959	0.987887	0.987968
3420	0.994697	1.000000	1.000000	0.956958	0.987887	0.987968
3430	0.994719	1.000000	1.000000	0.956990	0.987887	0.987968
3440	0.994735	1.000000	1.000000	0.956976	0.987887	0.987968
3450	0.994754	1.000000	1.000000	0.956982	0.987887	0.987968
3460	0.994770	1.000000	1.000000	0.956990	0.987887	0.987968
3470	0.994786	1.000000	1.000000	0.956992	0.987887	0.987968
3480	0.994811	1.000000	1.000000	0.957018	0.987887	0.987968
3490	0.994825	1.000000	1.000000	0.957052	0.987887	0.987968
3500	0.994852	1.000000	1.000000	0.957142	0.987887	0.987968
3510	0.994878	1.000000	1.000000	0.957159	0.987887	0.987968
3520	0.994891	1.000000	1.000000	0.957153	0.987887	0.987968
3530	0.994909	1.000000	1.000000	0.957210	0.987887	0.987968
3540	0.994921	1.000000	1.000000	0.957219	0.986541	0.986644
3550	0.994931	1.000000	1.000000	0.957237	0.986541	0.986644
3560	0.994945	1.000000	1.000000	0.957234	0.986541	0.986644
3570	0.994955	1.000000	1.000000	0.957227	0.986541	0.986644
3580	0.994964	1.000000	1.000000	0.957254	0.986541	0.986644
3590	0.994980	1.000000	1.000000	0.957282	0.986541	0.986644
3600	0.995003	1.000000	1.000000	0.957318	0.986541	0.986644
3610	0.995013	1.000000	1.000000	0.957357	0.986541	0.986644
3620	0.995025	1.000000	1.000000	0.957356	0.986541	0.986644
3630	0.995040	1.000000	1.000000	0.957407	0.986541	0.986644
3640	0.995053	1.000000	1.000000	0.957433	0.986541	0.986644
3650	0.995073	1.000000	1.000000	0.957477	0.986541	0.986644
3660	0.995096	1.000000	1.000000	0.957473	0.986541	0.986644
3670	0.995111	1.000000	1.000000	0.957497	0.986541	0.986644
3680	0.995121	1.000000	1.000000	0.957503	0.986541	0.986644
3690	0.995131	1.000000	1.000000	0.957521	0.986541	0.986644
3700	0.995144	1.000000	1.000000	0.957565	0.986541	0.986644
3710	0.995157	1.000000	1.000000	0.957589	0.986541	0.986644
3720	0.995182	1.000000	1.000000	0.957626	0.986541	0.986644
3730	0.995194	1.000000	1.000000	0.957623	0.986541	0.986644
3740	0.995200	1.000000	1.000000	0.957632	0.986541	0.986644
3750	0.995205	1.000000	1.000000	0.957631	0.986541	0.986644
3760	0.995211	1.000000	1.000000	0.957621	0.986541	0.986644
3770	0.995216	1.000000	1.000000	0.957611	0.986541	0.986644
3780	0.995221	1.000000	1.000000	0.957601	0.986541	0.986644
3790	0.995226	1.000000	1.000000	0.957603	0.986541	0.986644
3800	0.995231	1.000000	1.000000	0.957585	0.986541	0.986644
3810	0.995236	1.000000	1.000000	0.957596	0.987887	0.987968
3820	0.995241	1.000000	1.000000	0.957612	0.987887	0.987968
3830	0.995246	1.000000	1.000000	0.957638	0.987887	0.987968
3840	0.995252	1.000000	1.000000	0.957677	0.987887	0.987968
3850	0.995258	1.000000	1.000000	0.957665	0.987887	0.987968
3860	0.995262	1.000000	1.000000	0.957640	0.987887	0.987968
3870	0.995266	1.000000	1.000000	0.957633	0.986541	0.986644
3880	0.995270	1.000000	1.000000	0.957639	0.986541	0.986644
3890	0.995274	1.000000	1.000000	0.957625	0.986541	0.986644
3900	0.995279	1.000000	1.000000	0.957621	0.986541	0.986644
3910	0.995286	1.000000	1.000000	0.957614	0.986541	0.986644
3920	0.995302	1.000000	1.000000	0.957807	0.986541	0.986644
3930	0.995314	1.000000	1.000000	0.958073	0.987887	0.988033
3940	0.995331	1.000000	1.000000	0.958117	0.987887	0.988033
3950	0.995348	1.000000	1.000000	0.958213	0.987887	0.988033
3960	0.995382	1.000000	1.000000	0.958280	0.987887	0.988033
3970	0.995413	1.000000	1.000000	0.958315	0.987887	0.988033
3980	0.995439	1.000000	1.000000	0.958336	0.987887	0.988033
3990	0.995454	1.000000	1.000000	0.958344	0.987887	0.988033
4000	0.995471	1.000000	1.000000	0.958366	0.987887	0.988033
