10	0.764727	1.000000	1.000000	0.704364	0.962963	0.964811
20	0.871696	1.000000	1.000000	0.792755	0.962963	0.964811
30	0.912398	1.000000	1.000000	0.817896	0.962963	0.964811
40	0.934756	1.000000	1.000000	0.831469	0.962963	0.964811
50	0.948185	1.000000	1.000000	0.837222	0.962963	0.964811
60	0.957175	1.000000	1.000000	0.841717	0.962963	0.964811
70	0.963205	1.000000	1.000000	0.841178	0.962963	0.964811
80	0.968132	1.000000	1.000000	0.842874	0.962963	0.964811
90	0.971741	1.000000	1.000000	0.841940	0.962963	0.964811
100	0.974647	1.000000	1.000000	0.843619	0.962963	0.964811
