10	0.758749	1.000000	1.000000	0.619924	0.894737	0.898551
20	0.863061	1.000000	1.000000	0.685941	0.894737	0.898551
30	0.909367	1.000000	1.000000	0.711151	0.894737	0.898551
40	0.932212	1.000000	1.000000	0.719967	0.894737	0.898551
50	0.945768	1.000000	1.000000	0.730024	0.894737	0.898551
60	0.954105	1.000000	1.000000	0.737798	0.894737	0.898551
70	0.961006	1.000000	1.000000	0.741166	0.894737	0.898551
80	0.966282	1.000000	1.000000	0.741000	0.894737	0.898551
90	0.970133	1.000000	1.000000	0.741278	0.894737	0.898551
100	0.973193	1.000000	1.000000	0.738786	0.894737	0.898551
