10	0.757594	1.000000	1.000000	0.692728	1.000000	1.000000
20	0.868516	1.000000	1.000000	0.783800	0.944444	0.952381
30	0.910065	1.000000	1.000000	0.838917	1.000000	1.000000
40	0.933986	1.000000	1.000000	0.866033	1.000000	1.000000
50	0.946683	1.000000	1.000000	0.886205	1.000000	1.000000
60	0.956098	1.000000	1.000000	0.897062	1.000000	1.000000
70	0.962367	1.000000	1.000000	0.908080	1.000000	1.000000
80	0.967303	1.000000	1.000000	0.916208	1.000000	1.000000
90	0.971038	1.000000	1.000000	0.920657	1.000000	1.000000
100	0.973942	1.000000	1.000000	0.926408	1.000000	1.000000
