10	0.753481	1.000000	1.000000	0.678971	0.952381	0.956904
20	0.865412	1.000000	1.000000	0.776833	0.904762	0.909892
30	0.910780	1.000000	1.000000	0.820391	0.904762	0.909892
40	0.933113	1.000000	1.000000	0.841463	0.904762	0.909892
50	0.946746	1.000000	1.000000	0.859243	0.952381	0.951168
60	0.955543	1.000000	1.000000	0.866870	0.904762	0.909892
70	0.962045	1.000000	1.000000	0.875222	0.904762	0.909892
80	0.966738	1.000000	1.000000	0.880013	0.952381	0.951168
90	0.970389	1.000000	1.000000	0.883638	0.952381	0.951168
100	0.973469	1.000000	1.000000	0.888178	0.952381	0.951168
